7.037813217614700534e+02 1.223370183075412010e+00 1.249686745812955690e+00 1.241625064727901684e+00
7.037814175028915997e+02 1.229840900543591520e+00 1.249319406519822984e+00 1.241463781522513576e+00
7.037815132443131461e+02 1.245736088214394632e+00 1.248947671357722333e+00 1.241297387957465137e+00
7.037816089857348061e+02 1.234956541558847265e+00 1.248571495282197352e+00 1.241125823215700530e+00
7.037817047271563524e+02 1.256262390340312507e+00 1.248190832774168868e+00 1.240949025747239309e+00
7.037818004685778988e+02 1.242845494611502621e+00 1.247805637833567793e+00 1.240766933261130189e+00
7.037818962099994451e+02 1.231371693290427505e+00 1.247415863977475281e+00 1.240579482719480264e+00
7.037819919514209914e+02 1.235368180928985815e+00 1.247021464236080401e+00 1.240386610330528994e+00
7.037820876928426514e+02 1.248776093626547068e+00 1.246622391148655584e+00 1.240188251541742614e+00
7.037821834342641978e+02 1.236844880995669804e+00 1.246218596761962560e+00 1.239984341034164661e+00
7.037822791756857441e+02 1.216532214384726140e+00 1.245810032623970720e+00 1.239774812714475871e+00
7.037823749171072905e+02 1.238734485796490370e+00 1.245396649782374299e+00 1.239559599709485926e+00
7.037824706585288368e+02 1.239986387828116987e+00 1.244978398780810736e+00 1.239338634359548053e+00
7.037825663999504968e+02 1.243417585257536206e+00 1.244555229655120776e+00 1.239111848212027134e+00
7.037826621413720432e+02 1.237830614597751344e+00 1.244127091932202278e+00 1.238879172016236874e+00
7.037827578827935895e+02 1.244903332428351828e+00 1.243693934623922193e+00 1.238640535715786362e+00
7.037828536242151358e+02 1.242468709223294443e+00 1.243255706226128021e+00 1.238395868443743719e+00
7.037829493656366822e+02 1.234327689469399747e+00 1.242812354715253642e+00 1.238145098516595821e+00
7.037830451070583422e+02 1.250021029689477148e+00 1.242363827544989086e+00 1.237888153428309490e+00
7.037831408484798885e+02 1.229921551642847222e+00 1.241910071645724312e+00 1.237624959846089334e+00
7.037832365899014349e+02 1.228752784338910331e+00 1.241451033418778049e+00 1.237355443603241678e+00
7.037833323313229812e+02 1.240622064623739584e+00 1.240986658736063175e+00 1.237079529695261693e+00
7.037834280727445275e+02 1.251028862167772759e+00 1.240516892937222559e+00 1.236797142274600247e+00
7.037835238141661875e+02 1.236982036558465614e+00 1.240041680826865278e+00 1.236508204645586195e+00
7.037836195555877339e+02 1.226754395396614239e+00 1.239560966674770448e+00 1.236212639261295987e+00
7.037837152970092802e+02 1.252315700269894583e+00 1.239074694210593464e+00 1.235910367717215408e+00
7.037838110384308266e+02 1.235093450995728759e+00 1.238582806624363819e+00 1.235601310748569492e+00
7.037839067798523729e+02 1.250440555342292592e+00 1.238085246564336828e+00 1.235285388226212255e+00
7.037840025212739192e+02 1.230842171006511165e+00 1.237581956135584749e+00 1.234962519153127491e+00
7.037840982626955793e+02 1.242542159954466152e+00 1.237072876898156482e+00 1.234632621660832541e+00
7.037841940041171256e+02 1.254189545893288571e+00 1.236557949868470230e+00 1.234295613008057568e+00
7.037842897455386719e+02 1.253269779659957228e+00 1.236037115514852402e+00 1.233951409575829938e+00
7.037843854869602183e+02 1.231471734156316611e+00 1.235510313759329959e+00 1.233599926866812080e+00
7.037844812283817646e+02 1.228312447840747446e+00 1.234977483976634316e+00 1.233241079503055726e+00
7.037845769698034246e+02 1.209381721535531806e+00 1.234438564993397325e+00 1.232874781224093219e+00
7.037846727112249710e+02 1.217899659313088190e+00 1.233893495090802928e+00 1.232500944887615857e+00
7.037847684526465173e+02 1.232088203013603556e+00 1.233342212001093507e+00 1.232119482466223159e+00
7.037848641940680636e+02 1.256354676514730873e+00 1.232784652910733802e+00 1.231730305048960972e+00
7.037849599354896100e+02 1.235140837012880910e+00 1.232220754460673806e+00 1.231333322841166256e+00
7.037850556769112700e+02 1.209928880587159972e+00 1.231650452746859692e+00 1.230928445164753748e+00
7.037851514183328163e+02 1.213314137851026153e+00 1.231073683324454882e+00 1.230515580461437608e+00
7.037852471597543627e+02 1.219042909121158091e+00 1.230490381205602501e+00 1.230094636291683141e+00
7.037853429011759090e+02 1.248724899352255280e+00 1.229900480864293044e+00 1.229665519339023572e+00
7.037854386425974553e+02 1.246959185114818514e+00 1.229303916238210226e+00 1.229228135412591127e+00
7.037855343840191154e+02 1.229425136311480760e+00 1.228700620730898585e+00 1.228782389450208123e+00
7.037856301254406617e+02 1.241888788534352139e+00 1.228090527217913008e+00 1.228328185524805827e+00
7.037857258668622080e+02 1.218337204276099150e+00 1.227473568046194563e+00 1.227865426846216357e+00
7.037858216082837544e+02 1.227705964552414653e+00 1.226849675041026488e+00 1.227394015768972890e+00
7.037859173497053007e+02 1.214322650196344666e+00 1.226218779509853363e+00 1.226913853798225373e+00
7.037860130911269607e+02 1.213555737759067110e+00 1.225580812246510609e+00 1.226424841596376325e+00
7.037861088325485071e+02 1.225609242080619721e+00 1.224935703539727250e+00 1.225926878993460090e+00
7.037862045739700534e+02 1.214741075957285421e+00 1.224283383174541218e+00 1.225419864992552510e+00
7.037863003153915997e+02 1.227618762077402836e+00 1.223623780441795539e+00 1.224903697781874357e+00
7.037863960568131461e+02 1.231638048902489624e+00 1.222956824144397547e+00 1.224378274744932105e+00
7.037864917982348061e+02 1.238118804579176224e+00 1.222282442604083252e+00 1.223843492471567318e+00
7.037865875396563524e+02 1.227627085631576076e+00 1.221600563672781137e+00 1.223299246773204452e+00
7.037866832810778988e+02 1.210162246272498576e+00 1.220911114736561887e+00 1.222745432692791789e+00
7.037867790224994451e+02 1.232000063790649635e+00 1.220214022728214776e+00 1.222181944522177321e+00
7.037868747639209914e+02 1.232348030273680006e+00 1.219509214136489161e+00 1.221608675817465572e+00
7.037869705053426514e+02 1.228177850035219842e+00 1.218796615015955931e+00 1.221025519415493754e+00
7.037870662467641978e+02 1.207349199650228799e+00 1.218076151001820318e+00 1.220432367455020595e+00
7.037871619881857441e+02 1.226790812865456548e+00 1.217347747316994688e+00 1.219829111392265020e+00
7.037872577296072905e+02 1.209529662944996087e+00 1.216611328788383517e+00 1.219215642024687352e+00
7.037873534710288368e+02 1.216371789957216398e+00 1.215866819859739767e+00 1.218591849512715930e+00
7.037874492124504968e+02 1.221038459879760341e+00 1.215114144605281110e+00 1.217957623402835310e+00
7.037875449538720432e+02 1.224494828849885808e+00 1.214353226748638326e+00 1.217312852655957123e+00
7.037876406952935895e+02 1.217028680386194939e+00 1.213583989673738373e+00 1.216657425669793291e+00
7.037877364367151358e+02 1.200382521372941103e+00 1.212806356445522038e+00 1.215991230310360161e+00
7.037878321781366822e+02 1.200261946343601949e+00 1.212020249827157947e+00 1.215314153941398967e+00
7.037879279195583422e+02 1.212078765204846587e+00 1.211225592298174059e+00 1.214626083455450312e+00
7.037880236609798885e+02 1.197518232715279130e+00 1.210422306078335675e+00 1.213926905310824145e+00
7.037881194024014349e+02 1.217566282488321106e+00 1.209610313143129945e+00 1.213216505562242142e+00
7.037882151438229812e+02 1.209184571452949442e+00 1.208789535249761737e+00 1.212494769901555136e+00
7.037883108852445275e+02 1.208590973269859870e+00 1.207959893959575037e+00 1.211761583696383759e+00
7.037884066266661875e+02 1.207036509420013282e+00 1.207121310661573910e+00 1.211016832030738177e+00
7.037885023680877339e+02 1.215387244504617437e+00 1.206273706602144280e+00 1.210260399752201232e+00
7.037885981095092802e+02 1.218205676394378711e+00 1.205417002906052026e+00 1.209492171512456915e+00
7.037886938509308266e+02 1.210595118761904398e+00 1.204551120608679859e+00 1.208712031818919730e+00
7.037887895923523729e+02 1.210071507718746497e+00 1.203675980684625779e+00 1.207919865084307709e+00
7.037888853337739192e+02 1.202926761450026971e+00 1.202791504078674523e+00 1.207115555679518559e+00
7.037889810751955793e+02 1.187196492791998237e+00 1.201897611737117844e+00 1.206298987988026816e+00
7.037890768166171256e+02 1.198452833485476265e+00 1.200994224645866471e+00 1.205470046467733036e+00
7.037891725580386719e+02 1.207562569349270420e+00 1.200081263859452685e+00 1.204628615705761074e+00
7.037892682994602183e+02 1.203274822235354868e+00 1.199158650542197613e+00 1.203774580485678758e+00
7.037893640408817646e+02 1.204219613943933176e+00 1.198226306005698572e+00 1.202907825852720380e+00
7.037894597823034246e+02 1.214571851784966405e+00 1.197284151747914249e+00 1.202028237181822945e+00
7.037895555237249710e+02 1.210194112001727440e+00 1.196332109499572693e+00 1.201135700253907368e+00
7.037896512651465173e+02 1.178110791629925602e+00 1.195370101261144624e+00 1.200230101324779586e+00
7.037897470065680636e+02 1.204133430123051296e+00 1.194398049352821012e+00 1.199311327207626787e+00
7.037898427479896100e+02 1.201114271343500572e+00 1.193415876460779401e+00 1.198379265353573420e+00
7.037899384894112700e+02 1.191392829652661023e+00 1.192423505685317409e+00 1.197433803935488594e+00
7.037900342308328163e+02 1.202752140510838119e+00 1.191420860596877906e+00 1.196474831940862016e+00
7.037901299722543627e+02 1.180544048705506777e+00 1.190407865282325339e+00 1.195502239256966970e+00
7.037902257136759090e+02 1.201457601216434190e+00 1.189384444405096497e+00 1.194515916770847008e+00
7.037903214550974553e+02 1.195123794460869249e+00 1.188350523261638481e+00 1.193515756467416145e+00
7.037904171965191154e+02 1.202176984424413453e+00 1.187306027839994060e+00 1.192501651531262308e+00
7.037905129379406617e+02 1.196747641646879634e+00 1.186250884886891122e+00 1.191473496458379744e+00
7.037906086793622080e+02 1.183493765306639967e+00 1.185185021964759944e+00 1.190431187159822324e+00
7.037907044207837544e+02 1.187460620737886385e+00 1.184108367523546201e+00 1.189374621081443983e+00
7.037908001622053007e+02 1.190062112942694483e+00 1.183020850968811821e+00 1.188303697321804187e+00
7.037908959036269607e+02 1.204831145162246209e+00 1.181922402732289212e+00 1.187218316754208081e+00
7.037909916450485071e+02 1.202828754909061493e+00 1.180812954351573074e+00 1.186118382159550011e+00
7.037910873864700534e+02 1.185289009495644086e+00 1.179692438539416299e+00 1.185003798350663384e+00
7.037911831278915997e+02 1.192190764828319427e+00 1.178560789268777720e+00 1.183874472314039972e+00
7.037912788693131461e+02 1.162498850530141903e+00 1.177417941854158601e+00 1.182730313349707796e+00
7.037913746107348061e+02 1.185305059469965228e+00 1.176263833035711137e+00 1.181571233215658046e+00
7.037914703521563524e+02 1.181828100703292916e+00 1.175098401073137344e+00 1.180397146283918008e+00
7.037915660935778988e+02 1.175846854189089408e+00 1.173921585828850978e+00 1.179207969687639856e+00
7.037916618349994451e+02 1.179131526238348382e+00 1.172733328867876290e+00 1.178003623486814311e+00
7.037917575764209914e+02 1.163829586168760644e+00 1.171533573554025764e+00 1.176784030832061401e+00
7.037918533178426514e+02 1.146534763729481377e+00 1.170322265149163821e+00 1.175549118133315529e+00
7.037919490592641978e+02 1.165209563091466061e+00 1.169099350922923053e+00 1.174298815240921279e+00
7.037920448006857441e+02 1.172531582321582944e+00 1.167864780251313794e+00 1.173033055617150211e+00
7.037921405421072905e+02 1.147975445271444128e+00 1.166618504733061945e+00 1.171751776527511613e+00
7.037922362835288368e+02 1.186002719957693019e+00 1.165360478302189140e+00 1.170454919229944712e+00
7.037923320249504968e+02 1.162569052733171793e+00 1.164090657343980206e+00 1.169142429169114372e+00
7.037924277663720432e+02 1.178346275027974066e+00 1.162809000822039307e+00 1.167814256183768995e+00
7.037925235077935895e+02 1.141165578650882528e+00 1.161515470393834404e+00 1.166470354703748269e+00
7.037926192492151358e+02 1.177170089410165765e+00 1.160210030544936100e+00 1.165110683967817362e+00
7.037927149906366822e+02 1.155598705849442132e+00 1.158892648719418883e+00 1.163735208238995789e+00
7.037928107320583422e+02 1.177785517037434282e+00 1.157563295453905239e+00 1.162343897025018391e+00
7.037929064734798885e+02 1.158591892081388908e+00 1.156221944523292411e+00 1.160936725312302853e+00
7.037930022149014349e+02 1.149745764354647370e+00 1.154868573074485649e+00 1.159513673788569177e+00
7.037930979563229812e+02 1.159555366112567709e+00 1.153503161779746877e+00 1.158074729087091193e+00
7.037931936977445275e+02 1.153332615044766696e+00 1.152125694986051219e+00 1.156619884027798140e+00
7.037932894391661875e+02 1.172580255667613036e+00 1.150736160868252922e+00 1.155149137863263453e+00
7.037933851805877339e+02 1.142378447704638367e+00 1.149334551594452192e+00 1.153662496538368387e+00
7.037934809220092802e+02 1.159566711418030138e+00 1.147920863478786746e+00 1.152159972937291554e+00
7.037935766634308266e+02 1.146759827786657304e+00 1.146495097154661025e+00 1.150641587152630096e+00
7.037936724048523729e+02 1.154012285513567493e+00 1.145057257743705037e+00 1.149107366750370174e+00
7.037937681462739192e+02 1.134236948374898635e+00 1.143607355030330730e+00 1.147557347040989439e+00
7.037938638876955793e+02 1.155123524629412035e+00 1.142145403638492152e+00 1.145991571352910077e+00
7.037939596291171256e+02 1.159552086579860086e+00 1.140671423221081060e+00 1.144410091319302714e+00
7.037940553705386719e+02 1.134474939942006433e+00 1.139185438635850200e+00 1.142812967150090842e+00
7.037941511119602183e+02 1.158979380957914529e+00 1.137687480142561158e+00 1.141200267926104628e+00
7.037942468533817646e+02 1.153908368906391146e+00 1.136177583595305407e+00 1.139572071887283045e+00
7.037943425948034246e+02 1.121620376239079730e+00 1.134655790638517514e+00 1.137928466723798993e+00
7.037944383362249710e+02 1.120046839307885289e+00 1.133122148915771676e+00 1.136269549879702634e+00
7.037945340776465173e+02 1.141874424263272791e+00 1.131576712264132922e+00 1.134595428839423992e+00
7.037946298190680636e+02 1.124831738055597885e+00 1.130019540930134569e+00 1.132906221435818761e+00
7.037947255604896100e+02 1.142895582079310968e+00 1.128450701780203458e+00 1.131202056150141688e+00
7.037948213019112700e+02 1.138943853625115299e+00 1.126870268514363893e+00 1.129483072413161704e+00
7.037949170433328163e+02 1.140474573183453355e+00 1.125278321892583033e+00 1.127749420917318446e+00
7.037950127847543627e+02 1.140045681808580236e+00 1.123674949945431489e+00 1.126001263908794403e+00
7.037951085261759090e+02 1.123419312586315666e+00 1.122060248206451449e+00 1.124238775499828202e+00
7.037952042675974553e+02 1.134951999699920444e+00 1.120434319937945178e+00 1.122462141970169913e+00
7.037953000090191154e+02 1.127773422267039694e+00 1.118797276359281723e+00 1.120671562067196980e+00
7.037953957504406617e+02 1.123189816636065652e+00 1.117149236887352792e+00 1.118867247314865310e+00
7.037954914918622080e+02 1.138443529239169472e+00 1.115490329359753341e+00 1.117049422298939332e+00
7.037955872332837544e+02 1.106704484550799394e+00 1.113820690279351489e+00 1.115218324970375985e+00
7.037956829747053007e+02 1.107803705503293878e+00 1.112140465050849070e+00 1.113374206934326871e+00
7.037957787161269607e+02 1.119806411061441853e+00 1.110449808218700429e+00 1.111517333734564073e+00
7.037958744575485071e+02 1.105123237385228885e+00 1.108748883716216715e+00 1.109647985143717097e+00
7.037959701989700534e+02 1.087290537425607884e+00 1.107037865095405804e+00 1.107766455425439389e+00
7.037960659403915997e+02 1.101372615706847080e+00 1.105316935777362897e+00 1.105873053611793333e+00
7.037961616818131461e+02 1.111376315326492392e+00 1.103586289292770140e+00 1.103968103761978625e+00
7.037962574232348061e+02 1.111809065848261113e+00 1.101846129522076279e+00 1.102051945212456863e+00
7.037963531646563524e+02 1.107141092032314145e+00 1.100096670945375887e+00 1.100124932829052105e+00
7.037964489060778988e+02 1.096107151453509676e+00 1.098338138870531777e+00 1.098187437225940144e+00
7.037965446474994451e+02 1.091802285979160736e+00 1.096570769680425661e+00 1.096239844996083290e+00
7.037966403889209914e+02 1.075486841127070825e+00 1.094794811067890006e+00 1.094282558918033166e+00
7.037967361303426514e+02 1.084599392291187181e+00 1.093010522268075713e+00 1.092315998149382406e+00
7.037968318717641978e+02 1.077439045602106571e+00 1.091218174298402177e+00 1.090340598417610218e+00
7.037969276131857441e+02 1.091703658202062277e+00 1.089418050173730945e+00 1.088356812172216248e+00
7.037970233546072905e+02 1.097676664601559660e+00 1.087610445138569304e+00 1.086365108743784891e+00
7.037971190960288368e+02 1.108326389084621555e+00 1.085795666883939692e+00 1.084365974473903815e+00
7.037972148374504968e+02 1.101554716411281998e+00 1.083974035758814125e+00 1.082359912826441395e+00
7.037973105788720432e+02 1.087659881975318266e+00 1.082145884986345008e+00 1.080347444491064124e+00
7.037974063202935895e+02 1.077915240114834861e+00 1.080311560851747288e+00 1.078329107442131951e+00
7.037975020617151358e+02 1.070492233168087504e+00 1.078471422904386801e+00 1.076305456999500088e+00
7.037975978031366822e+02 1.079202152038274187e+00 1.076625844140930210e+00 1.074277065854400526e+00
7.037976935445583422e+02 1.076113189645179880e+00 1.074775211179554324e+00 1.072244524071161997e+00
7.037977892859798885e+02 1.073634228343181007e+00 1.072919924435490779e+00 1.070208439075767348e+00
7.037978850274014349e+02 1.054496242008275519e+00 1.071060398264119806e+00 1.068169435593956385e+00
7.037979807688229812e+02 1.059500757171418561e+00 1.069197061114754099e+00 1.066128155586062443e+00
7.037980765102445275e+02 1.066874988886001852e+00 1.067330355661319397e+00 1.064085258141353352e+00
7.037981722516661875e+02 1.057094685915773491e+00 1.065460738920025019e+00 1.062041419342881543e+00
7.037982679930877339e+02 1.059682511689864493e+00 1.063588682364287497e+00 1.059997332114019031e+00
7.037983637345092802e+02 1.051894281002696996e+00 1.061714672002694204e+00 1.057953706009302719e+00
7.037984594759308266e+02 1.040758765075181280e+00 1.059839208463515758e+00 1.055911266997228815e+00
7.037985552173523729e+02 1.067574515310377059e+00 1.057962807051545884e+00 1.053870757197722829e+00
7.037986509587739192e+02 1.060632267557050756e+00 1.056085997789660391e+00 1.051832934588039947e+00
7.037987467001955793e+02 1.056589427270366643e+00 1.054209325439708911e+00 1.049798572671506003e+00
7.037988424416171256e+02 1.055970163201253698e+00 1.052333349515175653e+00 1.047768460122902479e+00
7.037989381830386719e+02 1.042531465907638788e+00 1.050458644251232476e+00 1.045743400373658760e+00
7.037990339244602183e+02 1.043361709124019487e+00 1.048585798575818240e+00 1.043724211184635875e+00
7.037991296658817646e+02 1.034165020461548901e+00 1.046715416047380609e+00 1.041711724169808617e+00
7.037992254073034246e+02 1.047024979156241598e+00 1.044848114769502789e+00 1.039706784282610208e+00
7.037993211487249710e+02 1.052562062894652151e+00 1.042984527292568186e+00 1.037710249276531327e+00
7.037994168901465173e+02 1.045846014193719142e+00 1.041125300468309423e+00 1.035722989104120639e+00
7.037995126315680636e+02 1.039636433467186816e+00 1.039271095300704717e+00 1.033745885301953882e+00
7.037996083729896100e+02 1.035397793055212068e+00 1.037422586759096044e+00 1.031779830325892489e+00
7.037997041144112700e+02 1.043306572953581757e+00 1.035580463563819276e+00 1.029825726848799361e+00
7.037997998558328163e+02 1.022932235741112805e+00 1.033745427954445129e+00 1.027884487032522332e+00
7.037998955972543627e+02 1.034101704301773283e+00 1.031918195407063976e+00 1.025957031739790803e+00
7.037999913386759090e+02 1.027654776283981164e+00 1.030099494343662547e+00 1.024044289733003987e+00
7.038000870800974553e+02 1.040325422707689018e+00 1.028290065800069542e+00 1.022147196825742510e+00
7.038001828215191154e+02 1.001220920230210698e+00 1.026490663062872288e+00 1.020266694999567125e+00
7.038002785629406617e+02 1.020730871912763460e+00 1.024702051285340421e+00 1.018403731498094489e+00
7.038003743043622080e+02 1.026032878506651924e+00 1.022925007049835022e+00 1.016559257866010535e+00
7.038004700457837544e+02 1.009287260160844912e+00 1.021160317919005411e+00 1.014734228978929398e+00
7.038005657872053007e+02 1.025046799721099688e+00 1.019408781943338838e+00 1.012929602031940268e+00
7.038006615286269607e+02 1.002783396042450370e+00 1.017671207135557587e+00 1.011146335499711446e+00
7.038007572700485071e+02 1.003473340404151815e+00 1.015948410921886591e+00 1.009385388080222823e+00
7.038008530114700534e+02 1.010861991248959590e+00 1.014241219539154581e+00 1.007647717592252024e+00
7.038009487528915997e+02 1.005370866934590657e+00 1.012550467418998235e+00 1.005934279870905668e+00
7.038010444943131461e+02 9.885648919599101525e-01 1.010876996528248251e+00 1.004246027631452209e+00
7.038011402357348061e+02 9.979531604764086961e-01 1.009221655676144191e+00 1.002583909314466171e+00
7.038012359771563524e+02 9.951688554481226134e-01 1.007585299798353207e+00 1.000948867924265517e+00
7.038013317185778988e+02 1.009626824748013796e+00 1.005968789188758539e+00 9.993418398335705000e-01
7.038014274599994451e+02 9.929048777134332759e-01 1.004372988718859050e+00 9.977637535964229976e-01
7.038015232014209914e+02 9.984442037478531429e-01 1.002798767015875558e+00 9.962155287423541949e-01
7.038016189428426514e+02 1.004442961134958789e+00 1.001246995610328483e+00 9.946980745646866184e-01
7.038017146842641978e+02 9.950984731938655736e-01 9.997185480630002008e-01 9.932122889145698075e-01
7.038018104256857441e+02 9.924901125900320586e-01 9.982142990447173680e-01 9.917590569767477104e-01
7.038019061671072905e+02 9.973797080120070380e-01 9.967351234069457000e-01 9.903392500660948006e-01
7.038020019085288368e+02 9.987210637134257274e-01 9.952818952167573618e-01 9.889537244208488342e-01
7.038020976499504968e+02 9.998437821052145180e-01 9.938554867669951998e-01 9.876033200049477712e-01
7.038021933913720432e+02 9.845012689237309100e-01 9.924567675714069948e-01 9.862888593303132945e-01
7.038022891327935895e+02 9.895386699783762507e-01 9.910866033210693482e-01 9.850111462782830118e-01
7.038023848742151358e+02 9.797587570981679539e-01 9.897458548377611187e-01 9.837709649554213787e-01
7.038024806156366822e+02 9.878582456581227467e-01 9.884353770007039408e-01 9.825690785626977064e-01
7.038025763570583422e+02 9.796674174305302074e-01 9.871560176574181167e-01 9.814062282895078537e-01
7.038026720984798885e+02 9.889473498731234935e-01 9.859086165281669700e-01 9.802831322422004279e-01
7.038027678399014349e+02 9.617947325764618638e-01 9.846940040835535646e-01 9.792004843895538713e-01
7.038028635813229812e+02 9.699065081029024649e-01 9.835130004280128180e-01 9.781589535558098403e-01
7.038029593227445275e+02 9.742832123926192800e-01 9.823664141687868945e-01 9.771591824433328854e-01
7.038030550641661875e+02 9.670279925222627915e-01 9.812550412808305200e-01 9.762017866949844747e-01
7.038031508055877339e+02 9.621840791969052953e-01 9.801796639765919528e-01 9.752873540042374945e-01
7.038032465470092802e+02 9.840540077921952067e-01 9.791410495637009603e-01 9.744164432587025804e-01
7.038033422884308266e+02 9.793101108648929465e-01 9.781399493197585615e-01 9.735895837422714472e-01
7.038034380298523729e+02 9.589087953006918408e-01 9.771770973671826122e-01 9.728072743810267653e-01
7.038035337712739192e+02 9.742528906582673676e-01 9.762532095590120695e-01 9.720699830420176379e-01
7.038036295126955793e+02 9.612621685358050394e-01 9.753689823762574651e-01 9.713781458849529704e-01
7.038037252541171256e+02 9.658536646660649261e-01 9.745250918459691380e-01 9.707321667734835069e-01
7.038038209955386719e+02 9.569331176930645499e-01 9.737221924673806761e-01 9.701324167355382944e-01
7.038039167369602183e+02 9.746859670637689765e-01 9.729609161701239239e-01 9.695792334906254695e-01
7.038040124783817646e+02 9.498646414156238782e-01 9.722418712916284234e-01 9.690729210329100951e-01
7.038041082198034246e+02 9.666893488065992912e-01 9.715656415822842007e-01 9.686137492756696776e-01
7.038042039612249710e+02 9.616974034259218040e-01 9.709327852449346485e-01 9.682019537603049342e-01
7.038042997026465173e+02 9.443561430830841319e-01 9.703438339996620643e-01 9.678377354225264906e-01
7.038043954440680636e+02 9.586890004816964739e-01 9.697992921927409693e-01 9.675212604270707617e-01
7.038044911854896100e+02 9.674057843140763113e-01 9.692996359403273088e-01 9.672526600628623683e-01
7.038045869269112700e+02 9.584929108591671021e-01 9.688453123139443290e-01 9.670320307017856720e-01
7.038046826683328163e+02 9.701442797847230626e-01 9.684367385726151412e-01 9.668594338217653128e-01
7.038047784097543627e+02 9.658009820343517182e-01 9.680743014361251619e-01 9.667348960899588839e-01
7.038048741511759090e+02 9.617835876425009367e-01 9.677583564125126214e-01 9.666584095106928176e-01
7.038049698925974553e+02 9.596784125706434576e-01 9.674892271737389748e-01 9.666299316332539471e-01
7.038050656340191154e+02 9.541230465406190797e-01 9.672672049846691156e-01 9.666493858202613865e-01
7.038051613754406617e+02 9.704191553433780815e-01 9.670925481881321728e-01 9.667166615748719050e-01
7.038052571168622080e+02 9.487512004458719117e-01 9.669654817439492511e-01 9.668316149259225112e-01
7.038053528582837544e+02 9.574135996312905794e-01 9.668861968287141284e-01 9.669940688689788733e-01
7.038054485997053007e+02 9.676725777678276685e-01 9.668548504935713384e-01 9.672038138617682357e-01
7.038055443411269607e+02 9.626552138164137240e-01 9.668715653828721113e-01 9.674606083724145433e-01
7.038056400825485071e+02 9.524221737741396243e-01 9.669364295141239518e-01 9.677641794764966221e-01
7.038057358239700534e+02 9.666248110748237865e-01 9.670494961204122442e-01 9.681142235054706058e-01
7.038058315653915997e+02 9.725290618477100413e-01 9.672107835554282218e-01 9.685104067380654325e-01
7.038059273068131461e+02 9.703849991255517615e-01 9.674202752615711498e-01 9.689523661366815643e-01
7.038060230482348061e+02 9.677963370442288493e-01 9.676779198015661443e-01 9.694397101251714943e-01
7.038061187896563524e+02 9.743924125199889819e-01 9.679836309515263970e-01 9.699720194021084207e-01
7.038062145310778988e+02 9.737690134211638426e-01 9.683372878598721645e-01 9.705488477956928373e-01
7.038063102724994451e+02 9.675546503369707452e-01 9.687387352654603934e-01 9.711697231459902602e-01
7.038064060139209914e+02 9.586547127130528034e-01 9.691877837786222472e-01 9.718341482202712545e-01
7.038065017553426514e+02 9.839890792390033614e-01 9.696842102230749383e-01 9.725416016561393429e-01
7.038065974967641978e+02 9.787463197810625237e-01 9.702277580341782670e-01 9.732915389250229588e-01
7.038066932381857441e+02 9.843522244862361603e-01 9.708181377211957397e-01 9.740833933259067656e-01
7.038067889796072905e+02 9.714405505285973463e-01 9.714550273802430302e-01 9.749165769896549483e-01
7.038068847210288368e+02 9.906429246046334347e-01 9.721380732649265166e-01 9.757904819035659871e-01
7.038069804624504968e+02 9.753255370408022706e-01 9.728668904102760751e-01 9.767044809495177837e-01
7.038070762038720432e+02 9.725116899873027521e-01 9.736410633032028805e-01 9.776579289471318823e-01
7.038071719452935895e+02 9.613539152291351586e-01 9.744601466104261256e-01 9.786501637156241884e-01
7.038072676867151358e+02 9.838058144924558546e-01 9.753236659442454659e-01 9.796805071299572454e-01
7.038073634281366822e+02 9.861741675943139773e-01 9.762311186765691984e-01 9.807482661848366812e-01
7.038074591695583422e+02 9.930564563826469460e-01 9.771819747947160240e-01 9.818527340589272567e-01
7.038075549109798885e+02 9.823253377205887205e-01 9.781756777902997912e-01 9.829931911699263392e-01
7.038076506524014349e+02 9.775416705878487988e-01 9.792116455955225396e-01 9.841689062379007646e-01
7.038077463938229812e+02 9.813332370174250308e-01 9.802892715414749381e-01 9.853791373283642407e-01
7.038078421352445275e+02 9.799336133290169615e-01 9.814079253523818602e-01 9.866231328924747190e-01
7.038079378766661875e+02 9.805658637845618975e-01 9.825669541675899898e-01 9.879001327960172940e-01
7.038080336180877339e+02 9.756340189898421444e-01 9.837656835810919542e-01 9.892093693273084076e-01
7.038081293595092802e+02 9.841385775079105613e-01 9.850034187163699828e-01 9.905500682049942496e-01
7.038082251009308266e+02 9.948028354657215688e-01 9.862794453060381716e-01 9.919214495536607945e-01
7.038083208423523729e+02 1.006321288727925145e+00 9.875930307938256547e-01 9.933227288682622280e-01
7.038084165837739192e+02 1.002730522425502979e+00 9.889434254477657005e-01 9.947531179568244175e-01
7.038085123251955793e+02 9.981075174470829259e-01 9.903298634846693371e-01 9.962118258632630674e-01
7.038086080666171256e+02 9.996263139370931139e-01 9.917515641930162440e-01 9.976980597585685118e-01
7.038087038080386719e+02 1.008304917373098686e+00 9.932077330762121292e-01 9.992110258252532295e-01
7.038087995494602183e+02 1.008835789770128111e+00 9.946975629804927221e-01 1.000749930099361862e+00
7.038088952908817646e+02 1.011723144761700555e+00 9.962202352293374474e-01 1.002313979295005542e+00
7.038089910323034246e+02 1.014362629277824279e+00 9.977749207538276766e-01 1.003902381602171490e+00
7.038090867737249710e+02 1.018854343406753182e+00 9.993607812068592278e-01 1.005514347447432177e+00
7.038091825151465173e+02 1.013568159760294352e+00 1.000976970086539408e+00 1.007149090245313072e+00
7.038092782565680636e+02 9.906981752882272341e-01 1.002622633829483467e+00 1.008805827102097652e+00
7.038093739979896100e+02 1.017073812887049566e+00 1.004296912899353744e+00 1.010483779499893764e+00
7.038094697394112700e+02 9.884633665376091338e-01 1.005998942859542611e+00 1.012182173951427178e+00
7.038095654808328163e+02 1.007534227226551948e+00 1.007727855417608787e+00 1.013900242615085379e+00
7.038096612222543627e+02 1.006283354223355353e+00 1.009482779469969671e+00 1.015637223900415220e+00
7.038097569636759090e+02 1.005717726988007765e+00 1.011262842104642568e+00 1.017392363023700508e+00
7.038098527050974553e+02 1.026760484097669845e+00 1.013067169590627481e+00 1.019164912543880863e+00
7.038099484465191154e+02 1.006770079966338827e+00 1.014894888342523505e+00 1.020954132869015929e+00
7.038100441879406617e+02 1.027645515258473807e+00 1.016745125847924536e+00 1.022759292722731361e+00
7.038101399293622080e+02 1.016578058953018449e+00 1.018617011588943910e+00 1.024579669602832199e+00
7.038102356707837544e+02 1.034409736486606501e+00 1.020509677913326252e+00 1.026414550189935992e+00
7.038103314122053007e+02 1.015218494864570387e+00 1.022422260886630685e+00 1.028263230738343248e+00
7.038104271536269607e+02 1.053863927854715055e+00 1.024353901113933762e+00 1.030125017439113222e+00
7.038105228950485071e+02 1.022200607799442107e+00 1.026303744518649363e+00 1.031999226744665377e+00
7.038106186364700534e+02 1.038091319538348545e+00 1.028270943112289393e+00 1.033885185688661057e+00
7.038107143778915997e+02 1.040457834197813680e+00 1.030254655708765510e+00 1.035782232157539395e+00
7.038108101193131461e+02 1.044727425416306810e+00 1.032254048617192277e+00 1.037689715147463110e+00
7.038109058607348061e+02 1.033817043295446547e+00 1.034268296301566359e+00 1.039606994996380873e+00
7.038110016021563524e+02 1.049957494764617083e+00 1.036296581995045596e+00 1.041533443580423546e+00
7.038110973435778988e+02 1.037590683015844784e+00 1.038338098304664836e+00 1.043468444509527249e+00
7.038111930849994451e+02 1.056002923908332392e+00 1.040392047758658789e+00 1.045411393277486445e+00
7.038112888264209914e+02 1.037833001865311022e+00 1.042457643332348693e+00 1.047361697401315572e+00
7.038113845678426514e+02 1.042995637631116690e+00 1.044534108940933237e+00 1.049318776539382991e+00
7.038114803092641978e+02 1.066144976225807506e+00 1.046620679887038552e+00 1.051282062577403087e+00
7.038115760506857441e+02 1.041446361967298895e+00 1.048716603300398065e+00 1.053250999717965986e+00
7.038116717921072905e+02 1.072407904874885798e+00 1.050821138520782405e+00 1.055225044527906109e+00
7.038117675335288368e+02 1.024159957882916139e+00 1.052933557461628311e+00 1.057203665979158158e+00
7.038118632749504968e+02 1.050967817617141531e+00 1.055053144942688093e+00 1.059186345472318491e+00
7.038119590163720432e+02 1.079322565298680869e+00 1.057179198979655066e+00 1.061172576831894698e+00
7.038120547577935895e+02 1.068900454475362638e+00 1.059311031069211761e+00 1.063161866309353165e+00
7.038121504992151358e+02 1.060128972927957935e+00 1.061447966419882594e+00 1.065153732547670318e+00
7.038122462406366822e+02 1.063060635209592153e+00 1.063589344167179318e+00 1.067147706543449592e+00
7.038123419820583422e+02 1.094425084573677154e+00 1.065734517561307992e+00 1.069143331595635571e+00
7.038124377234798885e+02 1.082357034146703256e+00 1.067882854115483005e+00 1.071140163229695297e+00
7.038125334649014349e+02 1.086045629501778631e+00 1.070033735753925797e+00 1.073137769133560848e+00
7.038126292063229812e+02 1.082039737094617315e+00 1.072186558909488552e+00 1.075135729058657175e+00
7.038127249477445275e+02 1.089416516059756201e+00 1.074340734609992243e+00 1.077133634722262867e+00
7.038128206891661875e+02 1.093264963657602618e+00 1.076495688541491802e+00 1.079131089700055668e+00
7.038129164305877339e+02 1.086658982428437836e+00 1.078650861076570155e+00 1.081127709297645456e+00
7.038130121720092802e+02 1.097307959374612008e+00 1.080805707306998098e+00 1.083123120437330611e+00
7.038131079134308266e+02 1.091862870375800876e+00 1.082959697030507762e+00 1.085116961513271416e+00
7.038132036548523729e+02 1.103290339176582036e+00 1.085112314731004224e+00 1.087108882251277109e+00
7.038132993962739192e+02 1.099422893487594033e+00 1.087263059537808330e+00 1.089098543559565924e+00
7.038133951376955793e+02 1.075896251042141039e+00 1.089411445169961690e+00 1.091085617375801897e+00
7.038134908791171256e+02 1.087577524336565737e+00 1.091556999851229337e+00 1.093069786496816187e+00
7.038135866205386719e+02 1.092071492585786174e+00 1.093699266234966938e+00 1.095050744426928180e+00
7.038136823619602183e+02 1.100785509419055952e+00 1.095837801288739977e+00 1.097028195198181288e+00
7.038137781033817646e+02 1.112224296355099673e+00 1.097972176177854031e+00 1.099001853198396939e+00
7.038138738448034246e+02 1.113270615628222382e+00 1.100101976135891224e+00 1.100971442995684058e+00
7.038139695862249710e+02 1.104623632865674443e+00 1.102226800310488475e+00 1.102936699148190369e+00
7.038140653276465173e+02 1.104191264658271443e+00 1.104346261623128544e+00 1.104897366034598649e+00
7.038141610690680636e+02 1.099197588631855682e+00 1.106459986593169242e+00 1.106853197659004140e+00
7.038142568104896100e+02 1.124948627403599799e+00 1.108567615164864240e+00 1.108803957465646750e+00
7.038143525519112700e+02 1.085700526663258891e+00 1.110668800525448807e+00 1.110749418152144452e+00
7.038144482933328163e+02 1.113811145504098210e+00 1.112763208902620926e+00 1.112689361470065919e+00
7.038145440347543627e+02 1.109745989193936522e+00 1.114850519379550375e+00 1.114623578047813091e+00
7.038146397761759090e+02 1.114476443540065365e+00 1.116930423678211381e+00 1.116551867189923941e+00
7.038147355175974553e+02 1.132470804777795603e+00 1.119002625949167440e+00 1.118474036687761020e+00
7.038148312590191154e+02 1.129075778380609130e+00 1.121066842555914711e+00 1.120389902630260837e+00
7.038149270004406617e+02 1.106251947252522516e+00 1.123122801842223017e+00 1.122299289203689598e+00
7.038150227418622080e+02 1.129109161453249799e+00 1.125170243919815238e+00 1.124202028514749596e+00
7.038151184832837544e+02 1.133590308182962803e+00 1.127208920427944960e+00 1.126097960391773567e+00
7.038152142247053007e+02 1.122777300103578124e+00 1.129238594302200083e+00 1.127986932198361769e+00
7.038153099661269607e+02 1.133872326321646140e+00 1.131259039540733147e+00 1.129868798648226758e+00
7.038154057075485071e+02 1.146481197302982702e+00 1.133270040956496638e+00 1.131743421610322597e+00
7.038155014489700534e+02 1.150097248041412668e+00 1.135271393951917229e+00 1.133610669937926696e+00
7.038155971903915997e+02 1.139525166966375069e+00 1.137262904268475872e+00 1.135470419277139431e+00
7.038156929318131461e+02 1.141758390416810043e+00 1.139244387747630816e+00 1.137322551888491295e+00
7.038157886732348061e+02 1.127752748288054718e+00 1.141215670091409118e+00 1.139166956470548886e+00
7.038158844146563524e+02 1.154385964053501468e+00 1.143176586611420742e+00 1.141003527974763454e+00
7.038159801560778988e+02 1.134183995894691988e+00 1.145126982001746008e+00 1.142832167444497005e+00
7.038160758974994451e+02 1.147485543879005254e+00 1.147066710089198249e+00 1.144652781834528454e+00
7.038161716389209914e+02 1.113287198217912888e+00 1.148995633596431976e+00 1.146465283844000371e+00
7.038162673803426514e+02 1.140120394802389692e+00 1.150913623906380634e+00 1.148269591751874596e+00
7.038163631217641978e+02 1.154193054349476277e+00 1.152820560817011453e+00 1.150065629244316323e+00
7.038164588631857441e+02 1.143777785461425944e+00 1.154716332320773642e+00 1.151853325266193329e+00
7.038165546046072905e+02 1.143261468318639285e+00 1.156600834363426644e+00 1.153632613853889710e+00
7.038166503460288368e+02 1.156829966715727576e+00 1.158473970616664905e+00 1.155403433981643690e+00
7.038167460874504968e+02 1.173798413666181872e+00 1.160335652253237093e+00 1.157165729410665644e+00
7.038168418288720432e+02 1.160382055981094673e+00 1.162185797713806812e+00 1.158919448530676410e+00
7.038169375702935895e+02 1.165942515051262562e+00 1.164024332498833081e+00 1.160664544225262107e+00
7.038170333117151358e+02 1.166353270275003462e+00 1.165851188941408711e+00 1.162400973719208475e+00
7.038171290531366822e+02 1.154615459850261816e+00 1.167666305994401021e+00 1.164128698439244269e+00
7.038172247945583422e+02 1.159165699683448514e+00 1.169469629020838175e+00 1.165847683877666796e+00
7.038173205359798885e+02 1.172825964092245599e+00 1.171261109577067305e+00 1.167557899448723013e+00
7.038174162774014349e+02 1.161500821110045711e+00 1.173040705220852464e+00 1.169259318368333744e+00
7.038175120188229812e+02 1.181630753543287282e+00 1.174808379301675698e+00 1.170951917516335650e+00
7.038176077602445275e+02 1.159029790122021231e+00 1.176564100765468801e+00 1.172635677311880675e+00
7.038177035016661875e+02 1.157531630371986697e+00 1.178307843963022350e+00 1.174310581591681224e+00
7.038177992430877339e+02 1.192941500255639609e+00 1.180039588451879951e+00 1.175976617481236053e+00
7.038178949845092802e+02 1.172832662069760667e+00 1.181759318822781069e+00 1.177633775288808193e+00
7.038179907259308266e+02 1.187703291177354181e+00 1.183467024509272658e+00 1.179282048382369164e+00
7.038180864673523729e+02 1.161917638857498991e+00 1.185162699611613801e+00 1.180921433079330285e+00
7.038181822087739192e+02 1.187696716043024514e+00 1.186846342722528647e+00 1.182551928537088237e+00
7.038182779501955793e+02 1.191931563366718017e+00 1.188517956758881944e+00 1.184173536648261749e+00
7.038183736916171256e+02 1.199313673006703107e+00 1.190177548787390682e+00 1.185786261929062224e+00
7.038184694330386719e+02 1.189013222453764618e+00 1.191825129874105826e+00 1.187390111429614148e+00
7.038185651744602183e+02 1.175900155567041638e+00 1.193460714917964127e+00 1.188985094627679651e+00
7.038186609158817646e+02 1.181010445891008898e+00 1.195084322498187523e+00 1.190571223334665252e+00
7.038187566573034246e+02 1.196465347350508690e+00 1.196695974725488609e+00 1.192148511604153027e+00
7.038188523987249710e+02 1.196577318459442374e+00 1.198295697087592648e+00 1.193716975633644095e+00
7.038189481401465173e+02 1.208155168047859052e+00 1.199883518317710562e+00 1.195276633687528678e+00
7.038190438815680636e+02 1.193611581327976401e+00 1.201459470247654870e+00 1.196827506003791175e+00
7.038191396229896100e+02 1.185510996331072375e+00 1.203023587674304951e+00 1.198369614712521791e+00
7.038192353644112700e+02 1.203949193892810188e+00 1.204575908229700065e+00 1.199902983756750086e+00
7.038193311058328163e+02 1.178344793038187621e+00 1.206116472245605253e+00 1.201427638806530362e+00
7.038194268472543627e+02 1.191802682203440211e+00 1.207645322640118701e+00 1.202943607193521336e+00
7.038195225886759090e+02 1.199047732922453813e+00 1.209162504789397907e+00 1.204450917829596346e+00
7.038196183300974553e+02 1.210173586509300625e+00 1.210668066412145416e+00 1.205949601136778515e+00
7.038197140715191154e+02 1.232300907989143379e+00 1.212162057457465414e+00 1.207439688979278447e+00
7.038198098129406617e+02 1.211509104352422206e+00 1.213644529987283116e+00 1.208921214588809079e+00
7.038199055543622080e+02 1.185044542009033863e+00 1.215115538079831747e+00 1.210394212509658507e+00
7.038200012957837544e+02 1.224093534136650563e+00 1.216575137718672428e+00 1.211858718528079359e+00
7.038200970372053007e+02 1.220343266011567840e+00 1.218023386693832810e+00 1.213314769612523047e+00
7.038201927786269607e+02 1.196698293389600432e+00 1.219460344506025029e+00 1.214762403855745188e+00
7.038202885200485071e+02 1.200907348978563771e+00 1.220886072265455535e+00 1.216201660410220597e+00
7.038203842614700534e+02 1.222261855826436650e+00 1.222300632610721527e+00 1.217632579442585294e+00
7.038204800028915997e+02 1.239263157387933578e+00 1.223704089613604440e+00 1.219055202072678590e+00
7.038205757443131461e+02 1.213915822706438163e+00 1.225096508695326492e+00 1.220469570322952002e+00
7.038206714857348061e+02 1.223383023384535084e+00 1.226477956545572789e+00 1.221875727069535733e+00
7.038207672271563524e+02 1.226539645974989545e+00 1.227848501036115092e+00 1.223273715986642474e+00
7.038208629685778988e+02 1.214859799065351131e+00 1.229208211153540065e+00 1.224663581509287447e+00
7.038209587099994451e+02 1.215354636552300693e+00 1.230557156918219430e+00 1.226045368780892098e+00
7.038210544514209914e+02 1.230590873718059308e+00 1.231895409314086143e+00 1.227419123610796303e+00
7.038211501928426514e+02 1.240801557345464934e+00 1.233223040220864819e+00 1.228784892433222087e+00
7.038212459342641978e+02 1.239160626137633558e+00 1.234540122340899826e+00 1.230142722259609300e+00
7.038213416756857441e+02 1.231045159454460691e+00 1.235846729144136624e+00 1.231492660648586090e+00
7.038214374171072905e+02 1.255114711437179231e+00 1.237142934799667193e+00 1.232834755661106341e+00
7.038215331585288368e+02 1.221819467642995205e+00 1.238428814117451982e+00 1.234169055825057537e+00
7.038216288999504968e+02 1.222891036335894466e+00 1.239704442492188141e+00 1.235495610101129627e+00
7.038217246413720432e+02 1.247198953315518999e+00 1.240969895841777637e+00 1.236814467842101140e+00
7.038218203827935895e+02 1.258929885106558011e+00 1.242225250563032235e+00 1.238125678769108173e+00
7.038219161242151358e+02 1.240358459824591142e+00 1.243470583474257651e+00 1.239429292933362792e+00
7.038220118656366822e+02 1.231741814669454094e+00 1.244705971767414043e+00 1.240725360686930845e+00
7.038221076070583422e+02 1.234559470813399118e+00 1.245931492962133458e+00 1.242013932654599140e+00
7.038222033484798885e+02 1.247934678920188611e+00 1.247147224854349146e+00 1.243295059699208727e+00
7.038222990899014349e+02 1.238858867770367356e+00 1.248353245481284457e+00 1.244568792903356647e+00
7.038223948313229812e+02 1.254720815628471486e+00 1.249549633073640198e+00 1.245835183536828428e+00
7.038224905727445275e+02 1.266467261004325495e+00 1.250736466016790560e+00 1.247094283032710305e+00
7.038225863141661875e+02 1.257475667907181238e+00 1.251913822813568000e+00 1.248346142964424699e+00
7.038226820555877339e+02 1.246913073732715871e+00 1.253081782041685743e+00 1.249590815016304646e+00
7.038227777970092802e+02 1.245143190163713331e+00 1.254240422326690751e+00 1.250828350969943381e+00
7.038228735384308266e+02 1.240724749471952659e+00 1.255389822302438008e+00 1.252058802676566884e+00
7.038229692798523729e+02 1.256446867770157461e+00 1.256530060580034691e+00 1.253282222037722438e+00
7.038230650212739192e+02 1.270377230001340507e+00 1.257661215716803671e+00 1.254498660985311487e+00
7.038231607626955793e+02 1.247759445042096793e+00 1.258783366187943731e+00 1.255708171463876255e+00
7.038232565041171256e+02 1.273429576725479739e+00 1.259896590352878931e+00 1.256910805406502574e+00
7.038233522455386719e+02 1.241536753227159950e+00 1.261000966436199855e+00 1.258106614725842176e+00
7.038234479869602183e+02 1.249027388160772745e+00 1.262096572496527402e+00 1.259295651291505669e+00
7.038235437283817646e+02 1.249260076725148938e+00 1.263183486403244071e+00 1.260477966915365622e+00
7.038236394698034246e+02 1.244319429847511538e+00 1.264261785814339900e+00 1.261653613337506030e+00
7.038237352112249710e+02 1.277180659635188675e+00 1.265331548148987295e+00 1.262822642205871260e+00
7.038238309526465173e+02 1.256813755681255307e+00 1.266392850573999196e+00 1.263985105070523973e+00
7.038239266940680636e+02 1.260947559338266410e+00 1.267445769978528647e+00 1.265141053364555734e+00
7.038240224354896100e+02 1.266602761554236345e+00 1.268490382956189322e+00 1.266290538392603748e+00
7.038241181769112700e+02 1.265175440985188748e+00 1.269526765788105083e+00 1.267433611319904729e+00
7.038242139183328163e+02 1.271418261310795605e+00 1.270554994420759254e+00 1.268570323155145285e+00
7.038243096597543627e+02 1.269308521093895026e+00 1.271575144457056661e+00 1.269700724747424792e+00
7.038244054011759090e+02 1.289827411279725888e+00 1.272587291135947041e+00 1.270824866770169814e+00
7.038245011425974553e+02 1.264321945170570949e+00 1.273591509319063508e+00 1.271942799712359129e+00
7.038245968840191154e+02 1.280264246579548182e+00 1.274587873478125744e+00 1.273054573870199713e+00
7.038246926254406617e+02 1.271255174722873971e+00 1.275576457677224829e+00 1.274160239332693845e+00
7.038247883668622080e+02 1.288751071992582098e+00 1.276557335567693352e+00 1.275259845980857509e+00
7.038248841082837544e+02 1.275283257847947382e+00 1.277530580371865954e+00 1.276353443474183447e+00
7.038249798497053007e+02 1.289378279039004482e+00 1.278496264873471455e+00 1.277441081244140353e+00
7.038250755911269607e+02 1.283075479430285881e+00 1.279454461408654486e+00 1.278522808488049778e+00
7.038251713325485071e+02 1.281122383776587714e+00 1.280405241851968690e+00 1.279598674156949611e+00
7.038252670739700534e+02 1.272844787139171707e+00 1.281348677614370768e+00 1.280668726956684988e+00
7.038253628153915997e+02 1.274499891194020185e+00 1.282284839630431161e+00 1.281733015336517401e+00
7.038254585568131461e+02 1.273778274825192680e+00 1.283213798351829027e+00 1.282791587484531481e+00
7.038255542982348061e+02 1.255136875167574884e+00 1.284135623741353482e+00 1.283844491323342218e+00
7.038256500396563524e+02 1.285533972797344493e+00 1.285050385261979011e+00 1.284891774499902661e+00
7.038257457810778988e+02 1.284715599595292579e+00 1.285958151877401923e+00 1.285933484388122272e+00
7.038258415224994451e+02 1.284814672552211601e+00 1.286858992042108296e+00 1.286969668079292362e+00
7.038259372639209914e+02 1.273971360309168022e+00 1.287752973697411374e+00 1.288000372379071168e+00
7.038260330053426514e+02 1.289282745765306881e+00 1.288640164267890187e+00 1.289025643804715404e+00
7.038261287467641978e+02 1.280903052368625339e+00 1.289520630653016031e+00 1.290045528576515999e+00
7.038262244881857441e+02 1.284130010178259784e+00 1.290394439229723300e+00 1.291060072621662780e+00
7.038263202296072905e+02 1.288404682049588024e+00 1.291261655844839540e+00 1.292069321566193363e+00
7.038264159710288368e+02 1.288193510895233374e+00 1.292122345813184525e+00 1.293073320733280074e+00
7.038265117124504968e+02 1.282975338851983782e+00 1.292976573915989302e+00 1.294072115141719825e+00
7.038266074538720432e+02 1.298308008809875513e+00 1.293824404394610106e+00 1.295065749498731211e+00
7.038267031952935895e+02 1.277913934163413812e+00 1.294665900954720117e+00 1.296054268204826165e+00
7.038267989367151358e+02 1.294098284369341378e+00 1.295501126760669752e+00 1.297037715347026943e+00
7.038268946781366822e+02 1.313415553507637057e+00 1.296330144435244858e+00 1.298016134698225077e+00
7.038269904195583422e+02 1.305369561721458460e+00 1.297153016059676034e+00 1.298989569716698433e+00
7.038270861609798885e+02 1.289375417820645575e+00 1.297969803169057190e+00 1.299958063540048947e+00
7.038271819024014349e+02 1.316478576097099618e+00 1.298780566757797850e+00 1.300921658990868313e+00
7.038272776438229812e+02 1.298244195040687998e+00 1.299585367275557291e+00 1.301880398571014119e+00
7.038273733852445275e+02 1.299984440765241445e+00 1.300384264628323239e+00 1.302834324461840776e+00
7.038274691266661875e+02 1.307760376183089379e+00 1.301177318179679521e+00 1.303783478524553896e+00
7.038275648680877339e+02 1.302897504157515263e+00 1.301964586747605290e+00 1.304727902295088615e+00
7.038276606095092802e+02 1.317309219256538100e+00 1.302746128610895449e+00 1.305667636990402336e+00
7.038277563509308266e+02 1.290161395236752995e+00 1.303522001506361772e+00 1.306602723503627717e+00
7.038278520923523729e+02 1.306489505386828842e+00 1.304292262630945443e+00 1.307533202405006589e+00
7.038279478337739192e+02 1.324836834150059817e+00 1.305056968643071080e+00 1.308459113941818241e+00
7.038280435751955793e+02 1.287758678973776716e+00 1.305816175665073020e+00 1.309380498039527163e+00
7.038281393166171256e+02 1.319431210262954624e+00 1.306569939281289949e+00 1.310297394297580187e+00
7.038282350580386719e+02 1.299977082442615561e+00 1.307318314545327320e+00 1.311209841996256120e+00
7.038283307994602183e+02 1.324242997859643056e+00 1.308061355978445750e+00 1.312117880092673827e+00
7.038284265408817646e+02 1.301963400215388811e+00 1.308799117572611026e+00 1.313021547222382068e+00
7.038285222823034246e+02 1.328756783100061067e+00 1.309531652793638257e+00 1.313920881701015508e+00
7.038286180237249710e+02 1.312675046420177294e+00 1.310259014580125170e+00 1.314815921520711806e+00
7.038287137651465173e+02 1.323312160684193550e+00 1.310981255351195029e+00 1.315706704357293422e+00
7.038288095065680636e+02 1.313551640171637391e+00 1.311698427005649759e+00 1.316593267566848358e+00
7.038289052479896100e+02 1.330971184570898691e+00 1.312410580925589043e+00 1.317475648187738768e+00
7.038290009894112700e+02 1.331409929957494631e+00 1.313117767980090944e+00 1.318353882942658872e+00
7.038290967308328163e+02 1.331703699477318370e+00 1.313820038524798894e+00 1.319228008235556082e+00
7.038291924722543627e+02 1.311549095090446704e+00 1.314517442409990799e+00 1.320098060159048625e+00
7.038292882136759090e+02 1.325439513782532108e+00 1.315210028980321466e+00 1.320964074491470353e+00
7.038293839550974553e+02 1.330257958345983038e+00 1.315897847078858485e+00 1.321826086699208203e+00
7.038294796965191154e+02 1.346731221080759822e+00 1.316580945051149865e+00 1.322684131939062757e+00
7.038295754379406617e+02 1.318862580003793417e+00 1.317259370745316183e+00 1.323538245055582596e+00
7.038296711793622080e+02 1.293631552910129656e+00 1.317933171520308644e+00 1.324388460588631578e+00
7.038297669207837544e+02 1.330588447589008183e+00 1.318602394246110032e+00 1.325234812770819781e+00
7.038298626622053007e+02 1.328376244653919791e+00 1.319267085308055254e+00 1.326077335530077228e+00
7.038299584036269607e+02 1.326643853727243805e+00 1.319927290611164539e+00 1.326916062492248471e+00
7.038300541450485071e+02 1.311534888123280673e+00 1.320583055580616172e+00 1.327751026978754467e+00
7.038301498864700534e+02 1.326951048967472069e+00 1.321234425170092930e+00 1.328582262014253113e+00
