7.037760617614700323e+02 1.264444741886563861e+00 1.256295879539351068e+00 1.253111139797028928e+00
7.037761575028915786e+02 1.255508052111583117e+00 1.255842149764779370e+00 1.252741339010861710e+00
7.037762532443131249e+02 1.235372146477082378e+00 1.255384066637167173e+00 1.252366856456041511e+00
7.037763489857347849e+02 1.238017634239515496e+00 1.254921587029145247e+00 1.251987642603616058e+00
7.037764447271563313e+02 1.240772341800359557e+00 1.254454667381311506e+00 1.251603647395241214e+00
7.037765404685778776e+02 1.232793103610865026e+00 1.253983263696109907e+00 1.251214820236582259e+00
7.037766362099994240e+02 1.264163769406425164e+00 1.253507331537250469e+00 1.250821109995275515e+00
7.037767319514209703e+02 1.267312838344861747e+00 1.253026826026453211e+00 1.250422464996714833e+00
7.037768276928426303e+02 1.238927547728567724e+00 1.252541701840228283e+00 1.250018833019875375e+00
7.037769234342641766e+02 1.207180392392657842e+00 1.252051913209612621e+00 1.249610161295625410e+00
7.037770191756857230e+02 1.248287761033357368e+00 1.251557413914217376e+00 1.249196396500318551e+00
7.037771149171072693e+02 1.252550687828263953e+00 1.251058157282108674e+00 1.248777484754269640e+00
7.037772106585288157e+02 1.248486995856572968e+00 1.250554096186903941e+00 1.248353371617934693e+00
7.037773063999504757e+02 1.262996551198419581e+00 1.250045183044922847e+00 1.247924002088160789e+00
7.037774021413720220e+02 1.225106881618555299e+00 1.249531369815462645e+00 1.247489320597104046e+00
7.037774978827935684e+02 1.249091493797314767e+00 1.249012607995129365e+00 1.247049271006160032e+00
7.037775936242151147e+02 1.251848290162805855e+00 1.248488848618310998e+00 1.246603796605110670e+00
7.037776893656366610e+02 1.256905579103231529e+00 1.247960042254750102e+00 1.246152840108864179e+00
7.037777851070583210e+02 1.225750641869174373e+00 1.247426139007202117e+00 1.245696343654296046e+00
7.037778808484798674e+02 1.253238505474227660e+00 1.246887088512398156e+00 1.245234248799958809e+00
7.037779765899014137e+02 1.241491790659249972e+00 1.246342839935792313e+00 1.244766496520521626e+00
7.037780723313229601e+02 1.236238633756635341e+00 1.245793341972786461e+00 1.244293027206789137e+00
7.037781680727445064e+02 1.252857924004427081e+00 1.245238542846937468e+00 1.243813780663197699e+00
7.037782638141661664e+02 1.224043721988646860e+00 1.244678390308282978e+00 1.243328696105450160e+00
7.037783595555877127e+02 1.248730295577846983e+00 1.244112831635165506e+00 1.242837712161242614e+00
7.037784552970092591e+02 1.237253415815387836e+00 1.243541813629567283e+00 1.242340766865424273e+00
7.037785510384308054e+02 1.225841916843493751e+00 1.242965282619272749e+00 1.241837797661127452e+00
7.037786467798523518e+02 1.233439588241329377e+00 1.242383184456897771e+00 1.241328741398258773e+00
7.037787425212738981e+02 1.249138486978565776e+00 1.241795464519782399e+00 1.240813534332794621e+00
7.037788382626955581e+02 1.240663472633515063e+00 1.241202067709377355e+00 1.240292112125709778e+00
7.037789340041171045e+02 1.240466345170862850e+00 1.240602938454384185e+00 1.239764409845275361e+00
7.037790297455386508e+02 1.247503353734940701e+00 1.239998020707065329e+00 1.239230361963432170e+00
7.037791254869601971e+02 1.240564929837730812e+00 1.239387257946830356e+00 1.238689902358638628e+00
7.037792212283817435e+02 1.217059618448979252e+00 1.238770593180559709e+00 1.238142964315938066e+00
7.037793169698034035e+02 1.239852153211206121e+00 1.238147968943141164e+00 1.237589480527297781e+00
7.037794127112249498e+02 1.228940063462450993e+00 1.237519327301985994e+00 1.237029383095576307e+00
7.037795084526464962e+02 1.218040841183626988e+00 1.236884609854428163e+00 1.236462603532265003e+00
7.037796041940680425e+02 1.226945064886713288e+00 1.236243757732801596e+00 1.235889072762150320e+00
7.037796999354895888e+02 1.240509963375810765e+00 1.235596711606141929e+00 1.235308721125088605e+00
7.037797956769112488e+02 1.239178533493457302e+00 1.234943411682161374e+00 1.234721478378129067e+00
7.037798914183327952e+02 1.224398642892817302e+00 1.234283797713454200e+00 1.234127273701548511e+00
7.037799871597543415e+02 1.214181821799040106e+00 1.233617808996280818e+00 1.233526035698344181e+00
7.037800829011758879e+02 1.230319325064482605e+00 1.232945384377466924e+00 1.232917692401138909e+00
7.037801786425974342e+02 1.219213595175402398e+00 1.232266462257817219e+00 1.232302171276089986e+00
7.037802743840190942e+02 1.236392561436558069e+00 1.231580980595871955e+00 1.231679399227235683e+00
7.037803701254406405e+02 1.219856246998830551e+00 1.230888876916161889e+00 1.231049302605070617e+00
7.037804658668621869e+02 1.252876561214057771e+00 1.230190088309738750e+00 1.230411807208249719e+00
7.037805616082837332e+02 1.227114188355283630e+00 1.229484551443286167e+00 1.229766838293239628e+00
7.037806573497052796e+02 1.224278339918045244e+00 1.228772202564633265e+00 1.229114320580864339e+00
7.037807530911269396e+02 1.218685323013700916e+00 1.228052977508701238e+00 1.228454178263405971e+00
7.037808488325484859e+02 1.215614270127864938e+00 1.227326811708235432e+00 1.227786335016265662e+00
7.037809445739700323e+02 1.239169055802902042e+00 1.226593640196506296e+00 1.227110714002433101e+00
7.037810403153915786e+02 1.216884977819608471e+00 1.225853397619085294e+00 1.226427237885469257e+00
7.037811360568131249e+02 1.219144722951528426e+00 1.225106018241922889e+00 1.225735828839288555e+00
7.037812317982347849e+02 1.228800784081018227e+00 1.224351435959959211e+00 1.225036408558627610e+00
7.037813275396563313e+02 1.228968556044887306e+00 1.223589584310835754e+00 1.224328898274440691e+00
7.037814232810778776e+02 1.254974450656255458e+00 1.222820396480262195e+00 1.223613218761779642e+00
7.037815190224994240e+02 1.234845308955761833e+00 1.222043805316991527e+00 1.222889290356795389e+00
7.037816147639209703e+02 1.221211415639207987e+00 1.221259743344001114e+00 1.222157032970457413e+00
7.037817105053426303e+02 1.229258343087796357e+00 1.220468142770323672e+00 1.221416366103106554e+00
7.037818062467641766e+02 1.204569251810546193e+00 1.219668935508319674e+00 1.220667208864342212e+00
7.037819019881857230e+02 1.215785618118328415e+00 1.218862053182295568e+00 1.219909479985064049e+00
7.037819977296072693e+02 1.214065576365157773e+00 1.218047427147290085e+00 1.219143097839292977e+00
7.037820934710288157e+02 1.221818276573201301e+00 1.217224988503990302e+00 1.218367980462636169e+00
7.037821892124504757e+02 1.191413627525583996e+00 1.216394668114425537e+00 1.217584045571762363e+00
7.037822849538720220e+02 1.212020825767952559e+00 1.215556396623477253e+00 1.216791210589650563e+00
7.037823806952935684e+02 1.211009675601730784e+00 1.214710104471416363e+00 1.215989392662665036e+00
7.037824764367151147e+02 1.207083162994669889e+00 1.213855721917222352e+00 1.215178508688116166e+00
7.037825721781366610e+02 1.214923372941983937e+00 1.212993179057951343e+00 1.214358475338408017e+00
7.037826679195583210e+02 1.219694830941726149e+00 1.212122405849039408e+00 1.213529209086394056e+00
7.037827636609798674e+02 1.229966170894857269e+00 1.211243332130821582e+00 1.212690626236986757e+00
7.037828594024014137e+02 1.193042071561652095e+00 1.210355887645768513e+00 1.211842642950266224e+00
7.037829551438229601e+02 1.212200468993631874e+00 1.209460002067151096e+00 1.210985175275833603e+00
7.037830508852445064e+02 1.232065169332984267e+00 1.208555605023690305e+00 1.210118139183706809e+00
7.037831466266661664e+02 1.208566805523827892e+00 1.207642626125317920e+00 1.209241450596651335e+00
7.037832423680877127e+02 1.205402130133136129e+00 1.206720994995593710e+00 1.208355025429282303e+00
7.037833381095092591e+02 1.212062408948651138e+00 1.205790641294517629e+00 1.207458779618346245e+00
7.037834338509308054e+02 1.218200290707692313e+00 1.204851494753472974e+00 1.206552629165053681e+00
7.037835295923523518e+02 1.207628150875148298e+00 1.203903485206094581e+00 1.205636490173926489e+00
7.037836253337738981e+02 1.213838421163868420e+00 1.202946542621597725e+00 1.204710278894443487e+00
7.037837210751955581e+02 1.218239619600655521e+00 1.201980597138372353e+00 1.203773911763377447e+00
7.037838168166171045e+02 1.193594226925422941e+00 1.201005579104794663e+00 1.202827305454581497e+00
7.037839125580386508e+02 1.197995227018272546e+00 1.200021419110069543e+00 1.201870376919569772e+00
7.037840082994601971e+02 1.213334597787290248e+00 1.199028048028086157e+00 1.200903043441191365e+00
7.037841040408817435e+02 1.221106843862365787e+00 1.198025397057157937e+00 1.199925222683803305e+00
7.037841997823034035e+02 1.197286657631410733e+00 1.197013397761349074e+00 1.198936832745475911e+00
7.037842955237249498e+02 1.188381330985843309e+00 1.195991982119525510e+00 1.197937792218249031e+00
7.037843912651464962e+02 1.218701691315762448e+00 1.194961082564125254e+00 1.196928020238862134e+00
7.037844870065680425e+02 1.206637096003117637e+00 1.193920632033737883e+00 1.195907436553504288e+00
7.037845827479895888e+02 1.185263462060749617e+00 1.192870564021536683e+00 1.194875961579060508e+00
7.037846784894112488e+02 1.178388452340535686e+00 1.191810812625554439e+00 1.193833516466701328e+00
7.037847742308327952e+02 1.206348245608707348e+00 1.190741312607214386e+00 1.192780023174162318e+00
7.037848699722543415e+02 1.195274753658352562e+00 1.189661999439284301e+00 1.191715404528178146e+00
7.037849657136758879e+02 1.200975658837930782e+00 1.188572809368458216e+00 1.190639584301898646e+00
7.037850614550974342e+02 1.182659096463766879e+00 1.187473679473787236e+00 1.189552487288810134e+00
7.037851571965190942e+02 1.174101531010306898e+00 1.186364547727211116e+00 1.188454039379329474e+00
7.037852529379406405e+02 1.201095877945073109e+00 1.185245353062924778e+00 1.187344167646750659e+00
7.037853486793621869e+02 1.208257386814651557e+00 1.184116035435845760e+00 1.186222800423016643e+00
7.037854444207837332e+02 1.191396109687411276e+00 1.182976535895586379e+00 1.185089867390471507e+00
7.037855401622052796e+02 1.188646439860226778e+00 1.181826796656256784e+00 1.183945299670127849e+00
7.037856359036269396e+02 1.196779475402095283e+00 1.180666761168656098e+00 1.182789029912933776e+00
7.037857316450484859e+02 1.155921361089949917e+00 1.179496374201881803e+00 1.181620992401078540e+00
7.037858273864700323e+02 1.205429982751629492e+00 1.178315581913729204e+00 1.180441123138770809e+00
7.037859231278915786e+02 1.168903122023960961e+00 1.177124331937482671e+00 1.179249359960016674e+00
7.037860188693131249e+02 1.172518561034498363e+00 1.175922573464528220e+00 1.178045642632901346e+00
7.037861146107347849e+02 1.168569670801806515e+00 1.174710257329639074e+00 1.176829912967196412e+00
7.037862103521563313e+02 1.188853618574875037e+00 1.173487336106279422e+00 1.175602114932686515e+00
7.037863060935778776e+02 1.183219980516197145e+00 1.172253764190364977e+00 1.174362194766575884e+00
7.037864018349994240e+02 1.164246883662115151e+00 1.171009497901320140e+00 1.173110101098917557e+00
7.037864975764209703e+02 1.169390378805839292e+00 1.169754495578930964e+00 1.171845785074494994e+00
7.037865933178426303e+02 1.179075850227018663e+00 1.168488717683146216e+00 1.170569200478333682e+00
7.037866890592641766e+02 1.162208024074712132e+00 1.167212126904498604e+00 1.169280303872567872e+00
7.037867848006857230e+02 1.185487790657834495e+00 1.165924688262608644e+00 1.167979054721955734e+00
7.037868805421072693e+02 1.169554332711526756e+00 1.164626369222892865e+00 1.166665415538393091e+00
7.037869762835288157e+02 1.177683186736438792e+00 1.163317139809010081e+00 1.165339352021780073e+00
7.037870720249504757e+02 1.156654407968522147e+00 1.161996972718505772e+00 1.164000833204742014e+00
7.037871677663720220e+02 1.163846194267537992e+00 1.160665843449641077e+00 1.162649831609305018e+00
7.037872635077935684e+02 1.164485006623943830e+00 1.159323730415898757e+00 1.161286323391674591e+00
7.037873592492151147e+02 1.144653618125412109e+00 1.157970615079558785e+00 1.159910288506939002e+00
7.037874549906366610e+02 1.164166178043671174e+00 1.156606482080902332e+00 1.158521710869910182e+00
7.037875507320583210e+02 1.187448051924656633e+00 1.155231319370814136e+00 1.157120578519959864e+00
7.037876464734798674e+02 1.160879577186696432e+00 1.153845118355075972e+00 1.155706883798286677e+00
7.037877422149014137e+02 1.164771263932411038e+00 1.152447874025859686e+00 1.154280623512629278e+00
7.037878379563229601e+02 1.148147136693061787e+00 1.151039585113087016e+00 1.152841799122696465e+00
7.037879336977445064e+02 1.146857513767013836e+00 1.149620254231228600e+00 1.151390416921383331e+00
7.037880294391661664e+02 1.154692855220258219e+00 1.148189888029609307e+00 1.149926488219968013e+00
7.037881251805877127e+02 1.152690003175643296e+00 1.146748497354827423e+00 1.148450029546056461e+00
7.037882209220092591e+02 1.163000323952614101e+00 1.145296097399773894e+00 1.146961062828139033e+00
7.037883166634308054e+02 1.145456517823906228e+00 1.143832707873223775e+00 1.145459615601469805e+00
7.037884124048523518e+02 1.151414801113332276e+00 1.142358353164542262e+00 1.143945721209183253e+00
7.037885081462738981e+02 1.131861454762559838e+00 1.140873062513652947e+00 1.142419419008976256e+00
7.037886038876955581e+02 1.119068634732611311e+00 1.139376870182771784e+00 1.140880754581720113e+00
7.037886996291171045e+02 1.136007306558766583e+00 1.137869815640559779e+00 1.139329779952893862e+00
7.037887953705386508e+02 1.151269346041280839e+00 1.136351943731970016e+00 1.137766553799305136e+00
7.037888911119601971e+02 1.144897978674982664e+00 1.134823304869277960e+00 1.136191141677516114e+00
7.037889868533817435e+02 1.147548189340482194e+00 1.133283955217614825e+00 1.134603616246479652e+00
7.037890825948034035e+02 1.139769620863186894e+00 1.131733956883728354e+00 1.133004057493265604e+00
7.037891783362249498e+02 1.142760905627018708e+00 1.130173378117182770e+00 1.131392552971323351e+00
7.037892740776464962e+02 1.133090857218189029e+00 1.128602293496280939e+00 1.129769198022577470e+00
7.037893698190680425e+02 1.131191009208453835e+00 1.127020784135406073e+00 1.128134096021153221e+00
7.037894655604895888e+02 1.130330591981012489e+00 1.125428937886102654e+00 1.126487358610063216e+00
7.037895613019112488e+02 1.126686032081688049e+00 1.123826849540877415e+00 1.124829105940021279e+00
7.037896570433327952e+02 1.116859797202962135e+00 1.122214621049183458e+00 1.123159466920083505e+00
7.037897527847543415e+02 1.126248178891462892e+00 1.120592361716872709e+00 1.121478579450282620e+00
7.037898485261758879e+02 1.119726530173720702e+00 1.118960188426993296e+00 1.119786590675343918e+00
7.037899442675974342e+02 1.144132491011232267e+00 1.117318225853246805e+00 1.118083657229679284e+00
7.037900400090190942e+02 1.117079520541180093e+00 1.115666606675325800e+00 1.116369945483068005e+00
7.037901357504406405e+02 1.133813824295842210e+00 1.114005471805816772e+00 1.114645631796953529e+00
7.037902314918621869e+02 1.112698898872342745e+00 1.112334970598981787e+00 1.112910902760417597e+00
7.037903272332837332e+02 1.090505895716465723e+00 1.110655261080402578e+00 1.111165955446134834e+00
7.037904229747052796e+02 1.102151487859805323e+00 1.108966510167818775e+00 1.109410997655396525e+00
7.037905187161269396e+02 1.104998768754661853e+00 1.107268893892606298e+00 1.107646248161835434e+00
7.037906144575484859e+02 1.109781000192440192e+00 1.105562597631746025e+00 1.105871936963950697e+00
7.037907101989700323e+02 1.097255980082657123e+00 1.103847816319689645e+00 1.104088305514471680e+00
7.037908059403915786e+02 1.114161252020964943e+00 1.102124754680097851e+00 1.102295606967954145e+00
7.037909016818131249e+02 1.095371206486183580e+00 1.100393627446868194e+00 1.100494106414649842e+00
7.037909974232347849e+02 1.104973682190829587e+00 1.098654659584067161e+00 1.098684081110478550e+00
7.037910931646563313e+02 1.103409116365515752e+00 1.096908086514752467e+00 1.096865820713325723e+00
7.037911889060778776e+02 1.102566299385561832e+00 1.095154154327255824e+00 1.095039627492770729e+00
7.037912846474994240e+02 1.097821197920436864e+00 1.093393119999767293e+00 1.093205816555589793e+00
7.037913803889209703e+02 1.070612729799860441e+00 1.091625251611783698e+00 1.091364716054132433e+00
7.037914761303426303e+02 1.079216500239396748e+00 1.089850828552192175e+00 1.089516667387550708e+00
7.037915718717641766e+02 1.105200535904384385e+00 1.088070141734042151e+00 1.087662025406189947e+00
7.037916676131857230e+02 1.086030240809309433e+00 1.086283493783841703e+00 1.085801158585451454e+00
7.037917633546072693e+02 1.098854668703135973e+00 1.084491199246941262e+00 1.083934449212239581e+00
7.037918590960288157e+02 1.077371723149851190e+00 1.082693584776817097e+00 1.082062293550299037e+00
7.037919548374504757e+02 1.096101528844261042e+00 1.080890989318122219e+00 1.080185101994536767e+00
7.037920505788720220e+02 1.070165762006280330e+00 1.079083764293603087e+00 1.078303299224686818e+00
7.037921463202935684e+02 1.081822653740877493e+00 1.077272273762100108e+00 1.076417324323997393e+00
7.037922420617151147e+02 1.094969167042363578e+00 1.075456894589745138e+00 1.074527630906652487e+00
7.037923378031366610e+02 1.069741208439959346e+00 1.073638016601553558e+00 1.072634687219601979e+00
7.037924335445583210e+02 1.059613485230223029e+00 1.071816042723342299e+00 1.070738976229004491e+00
7.037925292859798674e+02 1.059246304492468260e+00 1.069991389124067993e+00 1.068840995701644259e+00
7.037926250274014137e+02 1.075060148762505996e+00 1.068164485325355129e+00 1.066941258246617119e+00
7.037927207688229601e+02 1.052101902706562786e+00 1.066335774320681828e+00 1.065040291361360136e+00
7.037928165102445064e+02 1.066154060440342111e+00 1.064505712670984483e+00 1.063138637447331059e+00
7.037929122516661664e+02 1.061678396630299615e+00 1.062674770586641060e+00 1.061236853805618274e+00
7.037930079930877127e+02 1.077500565686995371e+00 1.060843432005887488e+00 1.059335512622844311e+00
7.037931037345092591e+02 1.070996044873042008e+00 1.059012194636198556e+00 1.057435200912536510e+00
7.037931994759308054e+02 1.076639690238383906e+00 1.057181570001251902e+00 1.055536520456198168e+00
7.037932952173523518e+02 1.051004074230135865e+00 1.055352083459998758e+00 1.053640087709283746e+00
7.037933909587738981e+02 1.038449690129456426e+00 1.053524274210004386e+00 1.051746533684707163e+00
7.037934867001955581e+02 1.033272249907424056e+00 1.051698695269841055e+00 1.049856503808503483e+00
7.037935824416171045e+02 1.013185263696886107e+00 1.049875913452650522e+00 1.047970657760225688e+00
7.037936781830386508e+02 1.039956988239704838e+00 1.048056509297490058e+00 1.046089669263580380e+00
7.037937739244601971e+02 1.024514332422953089e+00 1.046241077000943154e+00 1.044214225871390456e+00
7.037938696658817435e+02 1.046659743737648807e+00 1.044430224315607170e+00 1.042345028710426114e+00
7.037939654073034035e+02 1.050655305210933310e+00 1.042624572425472795e+00 1.040482792196651740e+00
7.037940611487249498e+02 1.055169302725556424e+00 1.040824755808043900e+00 1.038628243731205103e+00
7.037941568901464962e+02 1.050683786703479283e+00 1.039031422050228137e+00 1.036782123343331197e+00
7.037942526315680425e+02 1.038503660167666931e+00 1.037245231660093081e+00 1.034945183323924711e+00
7.037943483729895888e+02 1.037192349653258239e+00 1.035466857841532917e+00 1.033118187815979194e+00
7.037944441144112488e+02 1.033723766483045647e+00 1.033696986241898541e+00 1.031301912372631469e+00
7.037945398558327952e+02 1.029906454408107130e+00 1.031936314682327049e+00 1.029497143493133482e+00
7.037946355972543415e+02 1.012057923536101800e+00 1.030185552838614793e+00 1.027704678104133906e+00
7.037947313386758879e+02 1.026840364951910445e+00 1.028445421914052416e+00 1.025925323029202918e+00
7.037948270800974342e+02 1.017000817239785526e+00 1.026716654272110230e+00 1.024159894414088168e+00
7.037949228215190942e+02 1.049949361353140764e+00 1.024999993039058088e+00 1.022409217118573910e+00
7.037950185629406405e+02 1.017491054570499376e+00 1.023296191686174694e+00 1.020674124085288126e+00
7.037951143043621869e+02 1.012366658420614796e+00 1.021606013560611981e+00 1.018955455654484643e+00
7.037952100457837332e+02 1.021140530542234748e+00 1.019930231405380416e+00 1.017254058866666089e+00
7.037953057872052796e+02 1.019290281694746669e+00 1.018269626837593700e+00 1.015570786722201913e+00
7.037954015286269396e+02 1.008456718991207035e+00 1.016624989795137157e+00 1.013906497408996410e+00
7.037954972700484859e+02 1.006973186819693167e+00 1.014997117961311091e+00 1.012262053508544923e+00
7.037955930114700323e+02 1.026362747960537725e+00 1.013386816138224455e+00 1.010638321151540842e+00
7.037956887528915786e+02 9.908936248516982959e-01 1.011794895608099987e+00 1.009036169163421537e+00
7.037957844943131249e+02 1.018046586121873931e+00 1.010222173453357186e+00 1.007456468171143094e+00
7.037958802357347849e+02 1.008325080674073337e+00 1.008669471845704324e+00 1.005900089682374432e+00
7.037959759771563313e+02 9.877901755879587853e-01 1.007137617313706324e+00 1.004367905147396822e+00
7.037960717185778776e+02 9.989705697535382622e-01 1.005627439961751524e+00 1.002860784977429365e+00
7.037961674599994240e+02 9.807803847274615405e-01 1.004139772677934195e+00 1.001379597557851220e+00
7.037962632014209703e+02 9.927311940786291977e-01 1.002675450303883498e+00 9.999252082301496314e-01
7.037963589428426303e+02 9.932427800949789054e-01 1.001235308776826649e+00 9.984984782538144366e-01
7.037964546842641766e+02 9.737665492462383998e-01 9.998201842532170591e-01 9.971002637582939698e-01
7.037965504256857230e+02 9.734578138647559387e-01 9.984309121894658912e-01 9.957314146616729200e-01
7.037966461671072693e+02 1.016719814299912539e+00 9.970683264152055969e-01 9.943927735920676803e-01
7.037967419085288157e+02 9.856148437083555036e-01 9.957332581747230238e-01 9.930851747884685832e-01
7.037968376499504757e+02 9.810629846530157794e-01 9.944265351468190017e-01 9.918094429920850663e-01
7.037969333913720220e+02 9.799008980105188282e-01 9.931489804522176668e-01 9.905663923379282032e-01
7.037970291327935684e+02 1.001295695130010044e+00 9.919014116270438164e-01 9.893568252265192431e-01
7.037971248742151147e+02 9.695068822988597290e-01 9.906846395952585427e-01 9.881815312086281722e-01
7.037972206156366610e+02 1.008522783718568183e+00 9.894994676186257276e-01 9.870412858629066255e-01
7.037973163570583210e+02 9.771435420384795290e-01 9.883466902343193139e-01 9.859368496770385404e-01
7.037974120984798674e+02 9.782898698372031188e-01 9.872270921889010342e-01 9.848689669414698589e-01
7.037975078399014137e+02 9.643330925686565136e-01 9.861414473505073497e-01 9.838383646390044257e-01
7.037976035813229601e+02 9.825451137372024357e-01 9.850905176290016829e-01 9.828457513593945594e-01
7.037976993227445064e+02 9.823679990024283271e-01 9.840750518859135987e-01 9.818918162220681145e-01
7.037977950641661664e+02 9.829048904058480529e-01 9.830957848438661717e-01 9.809772278168168436e-01
7.037978908055877127e+02 9.804739057042187733e-01 9.821534360036103806e-01 9.801026331704753014e-01
7.037979865470092591e+02 9.888391576418867901e-01 9.812487085540149145e-01 9.792686567263435560e-01
7.037980822884308054e+02 9.779655146780097397e-01 9.803822883010205880e-01 9.784758993609830036e-01
7.037981780298523518e+02 9.564297058223457659e-01 9.795548426007907317e-01 9.777249374248444536e-01
7.037982737712738981e+02 9.768094020066158123e-01 9.787670193069567537e-01 9.770163218161602714e-01
7.037983695126955581e+02 9.742441403023699431e-01 9.780194457327604507e-01 9.763505770889843172e-01
7.037984652541171045e+02 9.598106373865985530e-01 9.773127276361995852e-01 9.757282006027107046e-01
7.037985609955386508e+02 9.492443480005036127e-01 9.766474482178473249e-01 9.751496617039299153e-01
7.037986567369601971e+02 9.829909865086429166e-01 9.760241671519727102e-01 9.746154009589393930e-01
7.037987524783817435e+02 9.833920017644333100e-01 9.754434196403651836e-01 9.741258294273025253e-01
7.037988482198034035e+02 9.738295611602229007e-01 9.749057154964856364e-01 9.736813279830657253e-01
7.037989439612249498e+02 9.656725037966970016e-01 9.744115382655211821e-01 9.732822466880007850e-01
7.037990397026464962e+02 9.720701234596881291e-01 9.739613443736042653e-01 9.729289042110691454e-01
7.037991354440680425e+02 9.729644832060730941e-01 9.735555623215920162e-01 9.726215873064929518e-01
7.037992311854895888e+02 9.602348601671024664e-01 9.731945919162567904e-01 9.723605503440361231e-01
7.037993269269112488e+02 9.762739254440861991e-01 9.728788035449138505e-01 9.721460148960295866e-01
7.037994226683327952e+02 9.862605576714281730e-01 9.726085374973181263e-01 9.719781693833060565e-01
7.037995184097543415e+02 9.797445432786240360e-01 9.723841033315483440e-01 9.718571687774782975e-01
7.037996141511758879e+02 9.608610772285153256e-01 9.722057792934767351e-01 9.717831343655765064e-01
7.037997098925974342e+02 9.667425711275703382e-01 9.720738117860053817e-01 9.717561535738052925e-01
7.037998056340190942e+02 9.633308635947482879e-01 9.719884148921454914e-01 9.717762798526364820e-01
7.037999013754406405e+02 9.726191987705786746e-01 9.719497699536657764e-01 9.718435326230083771e-01
7.037999971168621869e+02 9.733129862589260384e-01 9.719580252053845459e-01 9.719578972842446429e-01
7.038000928582837332e+02 9.701659843540934025e-01 9.720132954684108650e-01 9.721193252831132892e-01
7.038001885997052796e+02 9.723057232715520692e-01 9.721156619017696787e-01 9.723277342439390347e-01
7.038002843411269396e+02 9.763020192171949496e-01 9.722651718142323318e-01 9.725830081595628895e-01
7.038003800825484859e+02 9.790734711642591348e-01 9.724618385357508554e-01 9.728849976405052891e-01
7.038004758239700323e+02 9.512702554925616116e-01 9.727056413517973787e-01 9.732335202261080953e-01
7.038005715653915786e+02 9.721318808955803359e-01 9.729965254973547140e-01 9.736283607504984117e-01
7.038006673068131249e+02 9.868848473671567589e-01 9.733344022131728002e-01 9.740692717664941602e-01
7.038007630482347849e+02 9.628868351922383884e-01 9.737191488637030323e-01 9.745559740248871394e-01
7.038008587896563313e+02 9.673968519571927160e-01 9.741506091136861167e-01 9.750881570041675106e-01
7.038009545310778776e+02 9.712091018011330679e-01 9.746285931698546179e-01 9.756654794976941103e-01
7.038010502724994240e+02 9.769985549305951755e-01 9.751528780778845329e-01 9.762875702448076121e-01
7.038011460139209703e+02 9.833149138627036434e-01 9.757232080803777130e-01 9.769540286123220563e-01
7.038012417553426303e+02 9.712229928825859560e-01 9.763392950328833031e-01 9.776644253216819624e-01
7.038013374967641766e+02 9.868824440034044132e-01 9.770008188725727294e-01 9.784183032148270343e-01
7.038014332381857230e+02 9.809297115212067819e-01 9.777074281491895391e-01 9.792151780690956375e-01
7.038015289796072693e+02 9.957685799592019826e-01 9.784587406019739086e-01 9.800545394417398137e-01
7.038016247210288157e+02 1.003419632618558044e+00 9.792543437915653959e-01 9.809358515539470247e-01
7.038017204624504757e+02 9.988519119166557880e-01 9.800937957816411306e-01 9.818585542078239747e-01
7.038018162038720220e+02 9.820923113729702614e-01 9.809766258627761193e-01 9.828220637277221838e-01
7.038019119452935684e+02 9.663290095121009893e-01 9.819023353313373059e-01 9.838257739396574220e-01
7.038020076867151147e+02 1.008679794214728087e+00 9.828703983010848022e-01 9.848690571640609237e-01
7.038021034281366610e+02 9.936136132049523395e-01 9.838802625597976581e-01 9.859512652353150663e-01
7.038021991695583210e+02 9.954440548413954204e-01 9.849313504637199346e-01 9.870717305400762420e-01
7.038022949109798674e+02 9.878827931950847629e-01 9.860230598605180807e-01 9.882297670645153742e-01
7.038023906524014137e+02 1.000066150523758690e+00 9.871547650568311960e-01 9.894246714676987464e-01
7.038024863938229601e+02 9.783855523592247527e-01 9.883258178026304019e-01 9.906557241516634749e-01
7.038025821352445064e+02 9.846093939379859661e-01 9.895355483081031966e-01 9.919221903452536404e-01
7.038026778766661664e+02 1.004076149819906894e+00 9.907832662842805949e-01 9.932233211926453365e-01
7.038027736180877127e+02 1.000348223646457146e+00 9.920682619967117200e-01 9.945583548358375436e-01
7.038028693595092591e+02 9.899918440274969589e-01 9.933898073515886606e-01 9.959265175117697488e-01
7.038029651009308054e+02 9.970554024214921540e-01 9.947471569817433190e-01 9.973270246306261688e-01
7.038030608423523518e+02 1.000051183113862541e+00 9.961395493517176680e-01 9.987590818559453076e-01
7.038031565837738981e+02 1.007124525263734860e+00 9.975662078702031144e-01 1.000221886174977870e+00
7.038032523251955581e+02 9.941293879495881614e-01 9.990263420102087899e-01 1.001714626960343413e+00
7.038033480666171045e+02 9.890884884993302872e-01 1.000519148423667737e+00 1.003236487010106481e+00
7.038034438080386508e+02 1.008465483714687361e+00 1.002043812073840634e+00 1.004786643590898310e+00
7.038035395494601971e+02 1.007690618791201809e+00 1.003599507348152731e+00 1.006364269446678783e+00
7.038036352908817435e+02 9.984737790275954872e-01 1.005185399174777228e+00 1.007968533797809041e+00
7.038037310323034035e+02 1.016526014743438955e+00 1.006800644132051836e+00 1.009598603320106092e+00
7.038038267737249498e+02 1.023025792457917804e+00 1.008444391538448670e+00 1.011253643092369536e+00
7.038039225151464962e+02 1.006341350425367986e+00 1.010115784549623363e+00 1.012932817540012520e+00
7.038040182565680425e+02 1.015631075068144762e+00 1.011813961221965874e+00 1.014635291334739842e+00
7.038041139979895888e+02 1.013248762600561736e+00 1.013538055569234153e+00 1.016360230278000598e+00
7.038042097394112488e+02 1.019095983233339942e+00 1.015287198600926200e+00 1.018106802157647151e+00
7.038043054808327952e+02 1.009737439717097285e+00 1.017060519329902046e+00 1.019874177566238993e+00
7.038044012222543415e+02 1.022949346328577036e+00 1.018857145778739648e+00 1.021661530711305277e+00
7.038044969636758879e+02 1.021592570797092758e+00 1.020676205941652759e+00 1.023468040175337768e+00
7.038045927050974342e+02 1.017988714619452395e+00 1.022516828731561134e+00 1.025292889655924133e+00
7.038046884465190942e+02 1.036872385354441262e+00 1.024378144900764287e+00 1.027135268675321234e+00
7.038047841879406405e+02 1.020704095949422019e+00 1.026259287922724583e+00 1.028994373247936966e+00
7.038048799293621869e+02 1.040879710707010020e+00 1.028159394867066201e+00 1.030869406538300392e+00
7.038049756707837332e+02 1.040166210669428493e+00 1.030077607222595448e+00 1.032759579465550193e+00
7.038050714122052796e+02 1.020437084581420573e+00 1.032013071700575324e+00 1.034664111287112442e+00
7.038051671536269396e+02 1.038532836402982884e+00 1.033964941006625393e+00 1.036582230150749240e+00
7.038052628950484859e+02 1.028701084318588199e+00 1.035932374568893977e+00 1.038513173603544892e+00
7.038053586364700323e+02 1.028535627683236031e+00 1.037914539256804103e+00 1.040456189092188621e+00
7.038054543778915786e+02 1.028552213927657055e+00 1.039910610043642603e+00 1.042410534409250022e+00
7.038055501193131249e+02 1.076017148093149300e+00 1.041919770647430132e+00 1.044375478119882183e+00
7.038056458607347849e+02 1.046660989927280516e+00 1.043941214138443430e+00 1.046350299958061170e+00
7.038057416021563313e+02 1.048726996329074845e+00 1.045974143501208431e+00 1.048334291180982092e+00
7.038058373435778776e+02 1.060406435185276219e+00 1.048017772187029628e+00 1.050326754917338956e+00
7.038059330849994240e+02 1.030564937977657580e+00 1.050071324609175072e+00 1.052327006463138037e+00
7.038060288264209703e+02 1.053151500631064774e+00 1.052134036616904300e+00 1.054334373560818383e+00
7.038061245678426303e+02 1.061974871102710383e+00 1.054205155936720040e+00 1.056348196650680027e+00
7.038062203092641766e+02 1.059101158604759396e+00 1.056283942568838397e+00 1.058367829083305400e+00
7.038063160506857230e+02 1.050995207796667330e+00 1.058369669176240535e+00 1.060392637329593990e+00
7.038064117921072693e+02 1.067354280156911361e+00 1.060461621417629230e+00 1.062422001141350991e+00
7.038065075335288157e+02 1.064494346497862454e+00 1.062559098261732560e+00 1.064455313699085526e+00
7.038066032749504757e+02 1.049367786914778167e+00 1.064661412271351804e+00 1.066491981735912420e+00
7.038066990163720220e+02 1.057736006650297211e+00 1.066767889845306128e+00 1.068531425626275677e+00
7.038067947577935684e+02 1.066239856863994140e+00 1.068877871456456852e+00 1.070573079476629719e+00
7.038068904992151147e+02 1.068937170948733861e+00 1.070990711836667941e+00 1.072616391170570616e+00
7.038069862406366610e+02 1.078227059660251674e+00 1.073105780146933252e+00 1.074660822405564264e+00
7.038070819820583210e+02 1.075663603542316160e+00 1.075222460121067813e+00 1.076705848710066693e+00
7.038071777234798674e+02 1.104996918777392034e+00 1.077340150171239630e+00 1.078750959429775946e+00
7.038072734649014137e+02 1.094759607988452954e+00 1.079458263493940029e+00 1.080795657720304614e+00
7.038073692063229601e+02 1.062715855554826394e+00 1.081576228127035577e+00 1.082839460498595141e+00
7.038074649477445064e+02 1.090219814115064745e+00 1.083693486996526234e+00 1.084881898390363864e+00
7.038075606891661664e+02 1.091690329393321779e+00 1.085809497941379265e+00 1.086922515662290589e+00
7.038076564305877127e+02 1.081742450778438114e+00 1.087923733704828644e+00 1.088960870127698710e+00
7.038077521720092591e+02 1.089746107684429255e+00 1.090035681930766831e+00 1.090996533062903673e+00
7.038078479134308054e+02 1.088719336857774556e+00 1.092144845115931462e+00 1.093029089086593464e+00
7.038079436548523518e+02 1.090839781531661279e+00 1.094250740556524049e+00 1.095058136039398278e+00
7.038080393962738981e+02 1.088344137550677493e+00 1.096352900275126219e+00 1.097083284849902141e+00
7.038081351376955581e+02 1.094356816473771588e+00 1.098450870933839640e+00 1.099104159392685132e+00
7.038082308791171045e+02 1.115228883689295625e+00 1.100544213719651276e+00 1.101120396324768214e+00
7.038083266205386508e+02 1.090796824178594360e+00 1.102632504240276923e+00 1.103131644937168199e+00
7.038084223619601971e+02 1.107882384156339217e+00 1.104715332381557058e+00 1.105137566974286001e+00
7.038085181033817435e+02 1.088858072170737268e+00 1.106792302164673281e+00 1.107137836457821489e+00
7.038086138448034035e+02 1.115475690587585111e+00 1.108863031591533321e+00 1.109132139503844483e+00
7.038087095862249498e+02 1.112303077454345868e+00 1.110927152466927303e+00 1.111120174121863258e+00
7.038088053276464962e+02 1.114008586500666365e+00 1.112984310235143770e+00 1.113101650032024992e+00
7.038089010690680425e+02 1.121993725716684320e+00 1.115034163782660404e+00 1.115076288453676456e+00
7.038089968104895888e+02 1.113074706997990271e+00 1.117076385244592185e+00 1.117043821901401612e+00
7.038090925519112488e+02 1.116826457255117200e+00 1.119110659803286056e+00 1.119003993977180311e+00
7.038091882933327952e+02 1.113715867780472601e+00 1.121136685467783778e+00 1.120956559147624043e+00
7.038092840347543415e+02 1.130005912991651540e+00 1.123154172871064116e+00 1.122901282541681089e+00
7.038093797761758879e+02 1.132850181126922706e+00 1.125162845037425585e+00 1.124837939722734603e+00
7.038094755175974342e+02 1.120481848005229653e+00 1.127162437156921548e+00 1.126766316470489970e+00
7.038095712590190942e+02 1.143217639431779231e+00 1.129152696355319563e+00 1.128686208561372695e+00
7.038096670004406405e+02 1.147568033937037102e+00 1.131133381448444331e+00 1.130597421536523983e+00
7.038097627418621869e+02 1.132689310629485746e+00 1.133104262716898791e+00 1.132499770491951052e+00
7.038098584832837332e+02 1.147104943946137379e+00 1.135065121654447617e+00 1.134393079845608332e+00
7.038099542247052796e+02 1.141945146357099761e+00 1.137015750726057206e+00 1.136277183115968148e+00
7.038100499661269396e+02 1.145515530762354350e+00 1.138955953124189291e+00 1.138151922700941121e+00
7.038101457075484859e+02 1.119820250793893912e+00 1.140885542512382944e+00 1.140017149646390449e+00
7.038102414489700323e+02 1.140855290702864178e+00 1.142804342791104322e+00 1.141872723437896697e+00
7.038103371903915786e+02 1.121965289472860228e+00 1.144712187840202677e+00 1.143718511771515622e+00
7.038104329318131249e+02 1.147686997692692668e+00 1.146608921272961545e+00 1.145554390337197859e+00
7.038105286732347849e+02 1.156035730138344597e+00 1.148494396190505196e+00 1.147380242603881717e+00
7.038106244146563313e+02 1.165068593248322459e+00 1.150368474925814066e+00 1.149195959595729510e+00
7.038107201560778776e+02 1.148271236163504128e+00 1.152231028811224522e+00 1.151001439692183048e+00
7.038108158974994240e+02 1.151663689298913829e+00 1.154081937924949841e+00 1.152796588408671496e+00
7.038109116389209703e+02 1.143372717351017309e+00 1.155921090850520638e+00 1.154581318190679218e+00
7.038110073803426303e+02 1.152736578129986977e+00 1.157748384438114897e+00 1.156355548210403761e+00
7.038111031217641766e+02 1.178587378752426584e+00 1.159563723557281323e+00 1.158119204155688919e+00
7.038111988631857230e+02 1.135974183707237906e+00 1.161367020873795397e+00 1.159872218042942826e+00
7.038112946046072693e+02 1.158976563903335144e+00 1.163158196607455563e+00 1.161614528012002490e+00
7.038113903460288157e+02 1.159711723588019217e+00 1.164937178303608434e+00 1.163346078134690265e+00
7.038114860874504757e+02 1.175415522563005410e+00 1.166703900607604094e+00 1.165066818226517364e+00
7.038115818288720220e+02 1.148148352533740146e+00 1.168458305031977007e+00 1.166776703651488001e+00
7.038116775702935684e+02 1.164868687683845438e+00 1.170200339747911711e+00 1.168475695150696492e+00
7.038117733117151147e+02 1.162397658861084260e+00 1.171929959359179874e+00 1.170163758653901098e+00
7.038118690531366610e+02 1.158413626690462106e+00 1.173647124690161858e+00 1.171840865104811558e+00
7.038119647945583210e+02 1.180843619845880932e+00 1.175351802577448312e+00 1.173506990289811647e+00
7.038120605359798674e+02 1.171634976539950967e+00 1.177043965655116597e+00 1.175162114660354140e+00
7.038121562774014137e+02 1.174828527671418765e+00 1.178723592164071521e+00 1.176806223178696875e+00
7.038122520188229601e+02 1.196243034480155343e+00 1.180390665745037371e+00 1.178439305147429339e+00
7.038123477602445064e+02 1.181305200929543942e+00 1.182045175245655111e+00 1.180061354052501343e+00
7.038124435016661664e+02 1.197497908012805201e+00 1.183687114531501106e+00 1.181672367409776880e+00
7.038125392430877127e+02 1.208412365595445959e+00 1.185316482291419504e+00 1.183272346605633185e+00
7.038126349845092591e+02 1.171181396922860829e+00 1.186933281866404233e+00 1.184861296760265414e+00
7.038127307259308054e+02 1.195743485596898026e+00 1.188537521063060876e+00 1.186439226575424222e+00
7.038128264673523518e+02 1.173204678435413317e+00 1.190129211980931689e+00 1.188006148195287048e+00
7.038129222087738981e+02 1.192268525692738557e+00 1.191708370841962683e+00 1.189562077068946788e+00
7.038130179501955581e+02 1.198686264260707679e+00 1.193275017825918605e+00 1.191107031818232631e+00
7.038131136916171045e+02 1.204481960385385797e+00 1.194829176900602974e+00 1.192641034099849229e+00
7.038132094330386508e+02 1.196803521917629398e+00 1.196370875674730216e+00 1.194164108489291998e+00
7.038133051744601971e+02 1.211591265834501607e+00 1.197900145236222569e+00 1.195676282349806163e+00
7.038134009158817435e+02 1.185919151302410768e+00 1.199417020003851420e+00 1.197177585713898651e+00
7.038134966573034035e+02 1.191922243818887006e+00 1.200921537582767318e+00 1.198668051168097159e+00
7.038135923987249498e+02 1.195758909854594654e+00 1.202413738615069949e+00 1.200147713732147681e+00
7.038136881401464962e+02 1.197594996570789716e+00 1.203893666652132488e+00 1.201616610759132397e+00
7.038137838815680425e+02 1.199494132875532859e+00 1.205361368012907164e+00 1.203074781821050321e+00
7.038138796229895888e+02 1.213924027633471958e+00 1.206816891654999058e+00 1.204522268606395663e+00
7.038139753644112488e+02 1.199156562774933654e+00 1.208260289049416958e+00 1.205959114820737366e+00
7.038140711058327952e+02 1.210954850722719911e+00 1.209691614050482311e+00 1.207385366081807687e+00
7.038141668472543415e+02 1.229448542834403746e+00 1.211110922786518884e+00 1.208801069834607222e+00
7.038142625886758879e+02 1.212281809448131797e+00 1.212518273536984159e+00 1.210206275252350583e+00
7.038143583300974342e+02 1.199592989204014026e+00 1.213913726621725919e+00 1.211601033148816509e+00
7.038144540715190942e+02 1.195863920874571162e+00 1.215297344293630566e+00 1.212985395893423135e+00
7.038145498129406405e+02 1.198984806850451168e+00 1.216669190626485930e+00 1.214359417320846291e+00
7.038146455543621869e+02 1.230073994648905433e+00 1.218029331422609607e+00 1.215723152659746731e+00
7.038147412957837332e+02 1.227908185834805987e+00 1.219377834107314484e+00 1.217076658447677318e+00
7.038148370372052796e+02 1.243931296208975912e+00 1.220714767634827780e+00 1.218419992456793111e+00
7.038149327786269396e+02 1.216135133301468940e+00 1.222040202397274733e+00 1.219753213622003951e+00
7.038150285200484859e+02 1.243923187092806026e+00 1.223354210128898334e+00 1.221076381963681845e+00
7.038151242614700323e+02 1.200394232390071148e+00 1.224656863829020059e+00 1.222389558528583553e+00
7.038152200028915786e+02 1.237993167782327486e+00 1.225948237672193519e+00 1.223692805317269539e+00
7.038153157443131249e+02 1.219485455027121690e+00 1.227228406929131488e+00 1.224986185221739632e+00
7.038154114857347849e+02 1.227917360607100550e+00 1.228497447890365191e+00 1.226269761965223637e+00
7.038155072271563313e+02 1.190340002720690071e+00 1.229755437785131855e+00 1.227543600036535842e+00
7.038156029685778776e+02 1.230258296376028015e+00 1.231002454718000516e+00 1.228807764641780542e+00
7.038156987099994240e+02 1.229130815015996525e+00 1.232238577593025797e+00 1.230062321642855006e+00
7.038157944514209703e+02 1.257293046978154472e+00 1.233463886048002722e+00 1.231307337505604282e+00
7.038158901928426303e+02 1.223474323427017563e+00 1.234678460391123833e+00 1.232542879249855838e+00
7.038159859342641766e+02 1.240057893976060699e+00 1.235882381532859453e+00 1.233769014394034746e+00
7.038160816756857230e+02 1.239602453372307789e+00 1.237075730934601880e+00 1.234985810916287008e+00
7.038161774171072693e+02 1.222498547312255601e+00 1.238258590545157301e+00 1.236193337202718512e+00
7.038162731585288157e+02 1.232203746343252027e+00 1.239431042746696132e+00 1.237391662004727388e+00
7.038163688999504757e+02 1.251062739403333124e+00 1.240593170302793258e+00 1.238580854397972164e+00
7.038164646413720220e+02 1.248269585159096362e+00 1.241745056301684969e+00 1.239760983735941569e+00
7.038165603827935684e+02 1.241809921197040589e+00 1.242886784115358134e+00 1.240932119619231999e+00
7.038166561242151147e+02 1.270646690186191030e+00 1.244018437346811723e+00 1.242094331852248823e+00
7.038167518656366610e+02 1.248359375978500330e+00 1.245140099786160581e+00 1.243247690408493256e+00
7.038168476070583210e+02 1.252231984603942028e+00 1.246251855368533779e+00 1.244392265397244346e+00
7.038169433484798674e+02 1.260275623747819651e+00 1.247353788127205432e+00 1.245528127024880138e+00
7.038170390899014137e+02 1.238574084014008703e+00 1.248445982161673351e+00 1.246655345571156204e+00
7.038171348313229601e+02 1.217322672520068982e+00 1.249528521594222452e+00 1.247773991353213541e+00
7.038172305727445064e+02 1.242234095602858357e+00 1.250601490534763771e+00 1.248884134697690218e+00
7.038173263141661664e+02 1.263701161872184064e+00 1.251664973047202256e+00 1.249985845914020066e+00
7.038174220555877127e+02 1.262351703310099049e+00 1.252719053111053915e+00 1.251079195262423394e+00
7.038175177970092591e+02 1.255301083225392578e+00 1.253763814597183002e+00 1.252164252936134092e+00
7.038176135384308054e+02 1.267604634728143553e+00 1.254799341232348597e+00 1.253241089031677857e+00
7.038177092798523518e+02 1.260187757919438045e+00 1.255825716571488337e+00 1.254309773526799621e+00
7.038178050212738981e+02 1.261514361744891621e+00 1.256843023970090734e+00 1.255370376258144738e+00
7.038179007626955581e+02 1.257744369929092443e+00 1.257851346559071493e+00 1.256422966901210581e+00
7.038179965041171045e+02 1.259169776899375703e+00 1.258850767214953814e+00 1.257467614945058099e+00
7.038180922455386508e+02 1.244160063507477876e+00 1.259841368543231033e+00 1.258504389680474400e+00
7.038181879869601971e+02 1.268048731540296403e+00 1.260823232850935449e+00 1.259533360176553485e+00
7.038182837283817435e+02 1.285252532427582084e+00 1.261796442126353224e+00 1.260554595264440136e+00
7.038183794698034035e+02 1.231811556516857253e+00 1.262761078019781547e+00 1.261568163521883168e+00
7.038184752112249498e+02 1.274675952605521134e+00 1.263717221819640635e+00 1.262574133252623909e+00
7.038185709526464962e+02 1.272685699360929235e+00 1.264664954441058198e+00 1.263572572478614431e+00
7.038186666940680425e+02 1.257019601806855125e+00 1.265604356403985609e+00 1.264563548920975666e+00
7.038187624354895888e+02 1.258532199658582984e+00 1.266535507818009387e+00 1.265547129987737884e+00
7.038188581769112488e+02 1.265845355102258818e+00 1.267458488368027769e+00 1.266523382762253735e+00
7.038189539183327952e+02 1.283438022880962981e+00 1.268373377295354265e+00 1.267492373986526477e+00
7.038190496597543415e+02 1.255978205481196763e+00 1.269280253390624003e+00 1.268454170056800390e+00
7.038191454011758879e+02 1.278331363633285811e+00 1.270179194976559733e+00 1.269408837008198621e+00
7.038192411425974342e+02 1.290089046615764623e+00 1.271070279897024147e+00 1.270356440505797435e+00
7.038193368840190942e+02 1.291288788006607735e+00 1.271953585506782947e+00 1.271297045836253359e+00
7.038194326254406405e+02 1.267199381235714961e+00 1.272829188656773525e+00 1.272230717894443641e+00
7.038195283668621869e+02 1.291533976703396869e+00 1.273697165690558908e+00 1.273157521181822016e+00
7.038196241082837332e+02 1.284409087031557872e+00 1.274557592430969555e+00 1.274077519794140967e+00
7.038197198497052796e+02 1.282108529254590401e+00 1.275410544172653760e+00 1.274990777415288656e+00
7.038198155911269396e+02 1.292422682428495007e+00 1.276256095675206703e+00 1.275897357311575719e+00
7.038199113325484859e+02 1.291265450915346946e+00 1.277094321151895473e+00 1.276797322321135741e+00
7.038200070739700323e+02 1.291353554276869708e+00 1.277925294268998035e+00 1.277690734854537213e+00
7.038201028153915786e+02 1.271470033807145406e+00 1.278749088135648915e+00 1.278577656885075964e+00
7.038201985568131249e+02 1.273670170752682296e+00 1.279565775299254859e+00 1.279458149944881384e+00
7.038202942982347849e+02 1.290044454519198913e+00 1.280375427741374583e+00 1.280332275121389918e+00
7.038203900396563313e+02 1.305014666474682450e+00 1.281178116869290839e+00 1.281200093049032596e+00
7.038204857810778776e+02 1.286739603625567385e+00 1.281973913517667540e+00 1.282061663911673532e+00
7.038205815224994240e+02 1.319655482036515837e+00 1.282762887941031993e+00 1.282917047435022884e+00
7.038206772639209703e+02 1.297052110672796799e+00 1.283545109811513596e+00 1.283766302884599808e+00
7.038207730053426303e+02 1.294656150310877996e+00 1.284320648216946470e+00 1.284609489063986754e+00
7.038208687467641766e+02 1.307051477923372174e+00 1.285089571654780105e+00 1.285446664308404818e+00
7.038209644881857230e+02 1.282080264349753751e+00 1.285851948035567238e+00 1.286277886488604416e+00
7.038210602296072693e+02 1.305226731316244226e+00 1.286607844677602364e+00 1.287103213005029723e+00
7.038211559710288157e+02 1.290667306748604748e+00 1.287357328306525162e+00 1.287922700787280661e+00
7.038212517124504757e+02 1.284674360674454396e+00 1.288100465055205701e+00 1.288736406293803372e+00
7.038213474538720220e+02 1.279602042472162804e+00 1.288837320459549129e+00 1.289544385507017443e+00
7.038214431952935684e+02 1.315074521216702097e+00 1.289567959463420399e+00 1.290346693938345890e+00
7.038215389367151147e+02 1.297083270938444333e+00 1.290292446415027827e+00 1.291143386623810896e+00
7.038216346781366610e+02 1.300470136006512289e+00 1.291010845067998902e+00 1.291934518124698839e+00
7.038217304195583210e+02 1.291231643839953147e+00 1.291723218582685018e+00 1.292720142528396288e+00
7.038218261609798674e+02 1.308399512246805063e+00 1.292429629523492274e+00 1.293500313444784000e+00
7.038219219024014137e+02 1.287482238023077041e+00 1.293130139864899775e+00 1.294275084012141308e+00
7.038220176438229601e+02 1.288026996138130320e+00 1.293824810989245622e+00 1.295044506893910041e+00
7.038221133852445064e+02 1.300066847161189365e+00 1.294513703688962680e+00 1.295808634280305904e+00
7.038222091266661664e+02 1.279195050124001698e+00 1.295196878168983989e+00 1.296567517890065080e+00
7.038223048680877127e+02 1.286661948044213855e+00 1.295874394045286815e+00 1.297321208967854300e+00
7.038224006095092591e+02 1.274931972325737961e+00 1.296546310351737397e+00 1.298069758290841369e+00
7.038224963509308054e+02 1.284651442071754301e+00 1.297212685538986277e+00 1.298813216166393891e+00
7.038225920923523518e+02 1.270197154321548005e+00 1.297873577477594242e+00 1.299551632434434945e+00
7.038226878337738981e+02 1.306037106188355335e+00 1.298529043460504129e+00 1.300285056469021816e+00
7.038227835751955581e+02 1.291299623850349354e+00 1.299179140206427441e+00 1.301013537180917501e+00
7.038228793166171045e+02 1.297087359961750508e+00 1.299823923859521058e+00 1.301737123015961339e+00
7.038229750580386508e+02 1.294053041771252799e+00 1.300463449996910326e+00 1.302455861962199979e+00
7.038230707994601971e+02 1.283576093924598593e+00 1.301097773628606458e+00 1.303169801548464291e+00
7.038231665408817435e+02 1.281401489966645935e+00 1.301726949201418959e+00 1.303878988847386289e+00
7.038232622823034035e+02 1.294279549098881876e+00 1.302351030602930226e+00 1.304583470478474005e+00
7.038233580237249498e+02 1.277189810574695050e+00 1.302970071161885013e+00 1.305283292607102963e+00
7.038234537651464962e+02 1.308616038360117528e+00 1.303584123656079674e+00 1.305978500951952226e+00
7.038235495065680425e+02 1.309102379094209123e+00 1.304193240312921942e+00 1.306669140784147753e+00
7.038236452479895888e+02 1.306688796094519045e+00 1.304797472813794101e+00 1.307355256930675225e+00
7.038237409894112488e+02 1.292089293517568516e+00 1.305396872298456357e+00 1.308036893777827725e+00
7.038238367308327952e+02 1.277908921642218587e+00 1.305991489365976310e+00 1.308714095270679501e+00
7.038239324722543415e+02 1.312218199819270570e+00 1.306581374082835145e+00 1.309386904920715411e+00
7.038240282136758879e+02 1.298992720781976473e+00 1.307166575983974788e+00 1.310055365805411265e+00
7.038241239550974342e+02 1.295126366424000919e+00 1.307747144077471946e+00 1.310719520571929753e+00
7.038242196965190942e+02 1.270750210281080150e+00 1.308323126849229467e+00 1.311379411440830145e+00
7.038243154379406405e+02 1.307112761412835944e+00 1.308894572264306388e+00 1.312035080205917970e+00
7.038244111793621869e+02 1.312125935095319829e+00 1.309461527775127587e+00 1.312686568241964169e+00
7.038245069207837332e+02 1.327757774090412068e+00 1.310024040322885774e+00 1.313333916504626053e+00
7.038246026622052796e+02 1.302711009603255921e+00 1.310582156342412485e+00 1.313977165534330860e+00
7.038246984036269396e+02 1.312659200928060654e+00 1.311135921767045520e+00 1.314616355460158426e+00
7.038247941450484859e+02 1.291603614894437868e+00 1.311685382030249425e+00 1.315251525999970417e+00
7.038248898864700323e+02 1.297789295651556651e+00 1.312230582073829144e+00 1.315882716468151914e+00
