7.037737517614699527e+02 1.234998486366094994e+00 1.248470941254271604e+00
7.037738475028914991e+02 1.237515584975589000e+00 1.248028410594023585e+00
7.037739432443130454e+02 1.238842974740397951e+00 1.247581668050046666e+00
7.037740389857347054e+02 1.245390980498109590e+00 1.247130671239287114e+00
7.037741347271562518e+02 1.256882478625663824e+00 1.246675377341951219e+00
7.037742304685777981e+02 1.260309394231253988e+00 1.246215743095108852e+00
7.037743262099993444e+02 1.232285291250568626e+00 1.245751724791699599e+00
7.037744219514208908e+02 1.211354821089074774e+00 1.245283278276913208e+00
7.037745176928425508e+02 1.239257052981660001e+00 1.244810358944598017e+00
7.037746134342640971e+02 1.240484995306436744e+00 1.244332921736537534e+00
7.037747091756856435e+02 1.224299626230056282e+00 1.243850921136175236e+00
7.037748049171071898e+02 1.233362198203976412e+00 1.243364311168011715e+00
7.037749006585287361e+02 1.232918879424054870e+00 1.242873045394276010e+00
7.037749963999503962e+02 1.251643938511344922e+00 1.242377076911639788e+00
7.037750921413719425e+02 1.234186146765924752e+00 1.241876358350965326e+00
7.037751878827934888e+02 1.243208416683727613e+00 1.241370841871249020e+00
7.037752836242150352e+02 1.228743542619146645e+00 1.240860479159536123e+00
7.037753793656365815e+02 1.240615047291137030e+00 1.240345221427999967e+00
7.037754751070582415e+02 1.222993314980111101e+00 1.239825019411090690e+00
7.037755708484797879e+02 1.251796372155904669e+00 1.239299823365889619e+00
7.037756665899013342e+02 1.240517181421106674e+00 1.238769583066399171e+00
7.037757623313228805e+02 1.236707846074804218e+00 1.238234247804125054e+00
7.037758580727444269e+02 1.232938451921189005e+00 1.237693766385711047e+00
7.037759538141660869e+02 1.231436867895320697e+00 1.237148087130671703e+00
7.037760495555876332e+02 1.248197951649171022e+00 1.236597157872521002e+00
7.037761452970091796e+02 1.223622271418873586e+00 1.236040925953567182e+00
7.037762410384307259e+02 1.235298076080865171e+00 1.235479338226339596e+00
7.037763367798522722e+02 1.204297023697012081e+00 1.234912341051956908e+00
7.037764325212738186e+02 1.234877100004150519e+00 1.234339880299313519e+00
7.037765282626954786e+02 1.214673928576702311e+00 1.233761901343765954e+00
7.037766240041170249e+02 1.222945247404109592e+00 1.233178349069455670e+00
7.037767197455385713e+02 1.210014112532149966e+00 1.232589167864963864e+00
7.037768154869601176e+02 1.210266327037438527e+00 1.231994301626045063e+00
7.037769112283816639e+02 1.229732150706360772e+00 1.231393693755156393e+00
7.037770069698033240e+02 1.242358060290909227e+00 1.230787287161190013e+00
7.037771027112248703e+02 1.224102779425984222e+00 1.230175024263059136e+00
7.037771984526464166e+02 1.226787925286089154e+00 1.229556846986336716e+00
7.037772941940679630e+02 1.219035661759481304e+00 1.228932696767360611e+00
7.037773899354895093e+02 1.177889364068730682e+00 1.228302514554028946e+00
7.037774856769111693e+02 1.230521488773440808e+00 1.227666240806853937e+00
7.037775814183327157e+02 1.218431028451028908e+00 1.227023815504107995e+00
7.037776771597542620e+02 1.227044678280686751e+00 1.226375178139735622e+00
7.037777729011758083e+02 1.209454228149112076e+00 1.225720267729149215e+00
7.037778686425973547e+02 1.227598023414948614e+00 1.225059022811608056e+00
7.037779643840190147e+02 1.214354853818721214e+00 1.224391381452925698e+00
7.037780601254405610e+02 1.240404750914771759e+00 1.223717281252529210e+00
7.037781558668621074e+02 1.211452027118289587e+00 1.223036659342988441e+00
7.037782516082836537e+02 1.219366841126319212e+00 1.222349452397879954e+00
7.037783473497052000e+02 1.195465684872378143e+00 1.221655596636130658e+00
7.037784430911268601e+02 1.233581213971170820e+00 1.220955027826770012e+00
7.037785388325484064e+02 1.213750886545228891e+00 1.220247681298320286e+00
7.037786345739699527e+02 1.232147658028944104e+00 1.219533491940354208e+00
7.037787303153914991e+02 1.225759895177841674e+00 1.218812394213869998e+00
7.037788260568130454e+02 1.207479382573081184e+00 1.218084322158049737e+00
7.037789217982347054e+02 1.232832119471584997e+00 1.217349209397521115e+00
7.037790175396562518e+02 1.228536643222419622e+00 1.216606989154568330e+00
7.037791132810777981e+02 1.224642246247338973e+00 1.215857594253202612e+00
7.037792090224993444e+02 1.216595529815314380e+00 1.215100957132571491e+00
7.037793047639208908e+02 1.215645654998083414e+00 1.214337009856659488e+00
7.037794005053425508e+02 1.237565907595813863e+00 1.213565684124605859e+00
7.037794962467640971e+02 1.209282411083696385e+00 1.212786911286306779e+00
7.037795919881856435e+02 1.210230700129663273e+00 1.212000622349571621e+00
7.037796877296071898e+02 1.196117304090277944e+00 1.211206747997173983e+00
7.037797834710287361e+02 1.213047427260807165e+00 1.210405218600112187e+00
7.037798792124503962e+02 1.213375233865491731e+00 1.209595964231619636e+00
7.037799749538719425e+02 1.221173803098617006e+00 1.208778914686825523e+00
7.037800706952934888e+02 1.240026401220111651e+00 1.207953999493660779e+00
7.037801664367150352e+02 1.206280829089696249e+00 1.207121147934259842e+00
7.037802621781365815e+02 1.226737671562023735e+00 1.206280289062495514e+00
7.037803579195582415e+02 1.208895778513329855e+00 1.205431351722420663e+00
7.037804536609797879e+02 1.206345602850975807e+00 1.204574264572757958e+00
7.037805494024013342e+02 1.209510640831872097e+00 1.203708956102326200e+00
7.037806451438228805e+02 1.218826440903907793e+00 1.202835354656603961e+00
7.037807408852444269e+02 1.214718537689868372e+00 1.201953388460369920e+00
7.037808366266660869e+02 1.197879207229763487e+00 1.201062985641422332e+00
7.037809323680876332e+02 1.213477642957075719e+00 1.200164074260778868e+00
7.037810281095091796e+02 1.168265983062727775e+00 1.199256582333511068e+00
7.037811238509307259e+02 1.183262216022457514e+00 1.198340437861401320e+00
7.037812195923522722e+02 1.173070996574758773e+00 1.197415568861628365e+00
7.037813153337738186e+02 1.188679151734797657e+00 1.196481903397849322e+00
7.037814110751954786e+02 1.203366189490673310e+00 1.195539369611543723e+00
7.037815068166170249e+02 1.202895986474464829e+00 1.194587895760401697e+00
7.037816025580385713e+02 1.188167557652141548e+00 1.193627410246987042e+00
7.037816982994601176e+02 1.209378055026747889e+00 1.192657841660107465e+00
7.037817940408816639e+02 1.191626472738732678e+00 1.191679118812175586e+00
7.037818897823033240e+02 1.219392821745855393e+00 1.190691170778128027e+00
7.037819855237248703e+02 1.198034232709648039e+00 1.189693926941897129e+00
7.037820812651464166e+02 1.180950532269817277e+00 1.188687317032861790e+00
7.037821770065679630e+02 1.190750245185311362e+00 1.187671271175793741e+00
7.037822727479895093e+02 1.198027008218997214e+00 1.186645719936778809e+00
7.037823684894111693e+02 1.190651876527120123e+00 1.185610594370953841e+00
7.037824642308327157e+02 1.179085477051191377e+00 1.184565826078338935e+00
7.037825599722542620e+02 1.183738000813148172e+00 1.183511347249356582e+00
7.037826557136758083e+02 1.172418619091154079e+00 1.182447090724679573e+00
7.037827514550973547e+02 1.187915828349400460e+00 1.181372990051051008e+00
7.037828471965190147e+02 1.167607028011382830e+00 1.180288979539195537e+00
7.037829429379405610e+02 1.208897125421244167e+00 1.179194994330408308e+00
7.037830386793621074e+02 1.185991540691266444e+00 1.178090970452532860e+00
7.037831344207836537e+02 1.170623731427269165e+00 1.176976844891140850e+00
7.037832301622052000e+02 1.190681715012029240e+00 1.175852555656694776e+00
7.037833259036268601e+02 1.200886402472737480e+00 1.174718041854094341e+00
7.037834216450484064e+02 1.188104267217001242e+00 1.173573243761499629e+00
7.037835173864699527e+02 1.160823415901329536e+00 1.172418102898255210e+00
7.037836131278914991e+02 1.172067809288185103e+00 1.171252562108914930e+00
7.037837088693130454e+02 1.192592076071886442e+00 1.170076565643256572e+00
7.037838046107347054e+02 1.186617124438068771e+00 1.168890059238992807e+00
7.037839003521562518e+02 1.138970078844309120e+00 1.167692990214372006e+00
7.037839960935777981e+02 1.182417525905248956e+00 1.166485307549570916e+00
7.037840918349993444e+02 1.174870886009481197e+00 1.165266961985119032e+00
7.037841875764208908e+02 1.191307449431241450e+00 1.164037906116307752e+00
7.037842833178425508e+02 1.160445226156812337e+00 1.162798094490598455e+00
7.037843790592640971e+02 1.169454389879968748e+00 1.161547483715546170e+00
7.037844748006856435e+02 1.175012109695827478e+00 1.160286032555177371e+00
7.037845705421071898e+02 1.171024931054885476e+00 1.159013702044329186e+00
7.037846662835287361e+02 1.163726222706366720e+00 1.157730455598948272e+00
7.037847620249503962e+02 1.171140599767630741e+00 1.156436259129674182e+00
7.037848577663719425e+02 1.174209246336437307e+00 1.155131081166536289e+00
7.037849535077934888e+02 1.164385825661145901e+00 1.153814892971732231e+00
7.037850492492150352e+02 1.173419104868650642e+00 1.152487668671273058e+00
7.037851449906365815e+02 1.159170250963785564e+00 1.151149385382517432e+00
7.037852407320582415e+02 1.142314278616622492e+00 1.149800023345226130e+00
7.037853364734797879e+02 1.147711470859215321e+00 1.148439566064290096e+00
7.037854322149013342e+02 1.142097094196272922e+00 1.147068000440090607e+00
7.037855279563228805e+02 1.136469557358207982e+00 1.145685316918582330e+00
7.037856236977444269e+02 1.148810132459013644e+00 1.144291509637115345e+00
7.037857194391660869e+02 1.148822908678027277e+00 1.142886576573939550e+00
7.037858151805876332e+02 1.139633482673959808e+00 1.141470519709847586e+00
7.037859109220091796e+02 1.122748760829423542e+00 1.140043345176914524e+00
7.037860066634307259e+02 1.160205198932998893e+00 1.138605063427705399e+00
7.037861024048522722e+02 1.140705500676296502e+00 1.137155689399964142e+00
7.037861981462738186e+02 1.122408747837675635e+00 1.135695242686760364e+00
7.037862938876954786e+02 1.140481721781077207e+00 1.134223747708669183e+00
7.037863896291170249e+02 1.122998418984685998e+00 1.132741233898472588e+00
7.037864853705385713e+02 1.160605797731996125e+00 1.131247735872112248e+00
7.037865811119601176e+02 1.129446753812901161e+00 1.129743293620809608e+00
7.037866768533816639e+02 1.127238630436783184e+00 1.128227952698122927e+00
7.037867725948033240e+02 1.135421503615684502e+00 1.126701764410533713e+00
7.037868683362248703e+02 1.120135142799495220e+00 1.125164786020652841e+00
7.037869640776464166e+02 1.114095489961745011e+00 1.123617080935751078e+00
7.037870598190679630e+02 1.114625302021260200e+00 1.122058718917783526e+00
7.037871555604895093e+02 1.112662163272731153e+00 1.120489776287642014e+00
7.037872513019111693e+02 1.157578584298253999e+00 1.118910336132505012e+00
7.037873470433327157e+02 1.107238714156951742e+00 1.117320488525618272e+00
7.037874427847542620e+02 1.135703688281419543e+00 1.115720330730216370e+00
7.037875385261758083e+02 1.116608270070318820e+00 1.114109967424931069e+00
7.037876342675973547e+02 1.121449776664257270e+00 1.112489510922423763e+00
7.037877300090190147e+02 1.108427413894243596e+00 1.110859081390338066e+00
7.037878257504405610e+02 1.120742774143218101e+00 1.109218807084145553e+00
7.037879214918621074e+02 1.123778798288547209e+00 1.107568824562591203e+00
7.037880172332836537e+02 1.110912189738791023e+00 1.105909278924226191e+00
7.037881129747052000e+02 1.105760832555004347e+00 1.104240324035760779e+00
7.037882087161268601e+02 1.121182175646671997e+00 1.102562122761552521e+00
7.037883044575484064e+02 1.117270585833870955e+00 1.100874847203987539e+00
7.037884001989699527e+02 1.081523268138206317e+00 1.099178678924519259e+00
7.037884959403914991e+02 1.106581602887168003e+00 1.097473809184878135e+00
7.037885916818130454e+02 1.091971199368995338e+00 1.095760439178236068e+00
7.037886874232347054e+02 1.094761734974864398e+00 1.094038780259822818e+00
7.037887831646562518e+02 1.084150395532045064e+00 1.092309054186892281e+00
7.037888789060777981e+02 1.091875249393599923e+00 1.090571493336918163e+00
7.037889746474993444e+02 1.090830623064874105e+00 1.088826340944452964e+00
7.037890703889208908e+02 1.098508578589747930e+00 1.087073851325535134e+00
7.037891661303425508e+02 1.086734988861796980e+00 1.085314290099293366e+00
7.037892618717640971e+02 1.070559817219098653e+00 1.083547934416736469e+00
7.037893576131856435e+02 1.091110227123811560e+00 1.081775073164812584e+00
7.037894533546071898e+02 1.086929913061807085e+00 1.079996007186947882e+00
7.037895490960287361e+02 1.087030682802602843e+00 1.078211049488146500e+00
7.037896448374503962e+02 1.097538928992232155e+00 1.076420525434404585e+00
7.037897405788719425e+02 1.068815998996751393e+00 1.074624772956478180e+00
7.037898363202934888e+02 1.070921172882639327e+00 1.072824142725405272e+00
7.037899320617150352e+02 1.061552359949018864e+00 1.071018998341614958e+00
7.037900278031365815e+02 1.070899940251527793e+00 1.069209716505004959e+00
7.037901235445582415e+02 1.067647074568592647e+00 1.067396687175834913e+00
7.037902192859797879e+02 1.066352791529675770e+00 1.065580313736453011e+00
7.037903150274013342e+02 1.061666132030667731e+00 1.063761013120759324e+00
7.037904107688228805e+02 1.074671734304732285e+00 1.061939215953646043e+00
7.037905065102444269e+02 1.059038455951260671e+00 1.060115366667285564e+00
7.037906022516660869e+02 1.068010029030631802e+00 1.058289923604153193e+00
7.037906979930876332e+02 1.045618772469991686e+00 1.056463359116768697e+00
7.037907937345091796e+02 1.046834256083265968e+00 1.054636159630742087e+00
7.037908894759307259e+02 1.066315993660625683e+00 1.052808825713575036e+00
7.037909852173522722e+02 1.042587040274828736e+00 1.050981872115793081e+00
7.037910809587738186e+02 1.040608538750833922e+00 1.049155827796479645e+00
7.037911767001954786e+02 1.061304802574739137e+00 1.047331235927955628e+00
7.037912724416170249e+02 1.041735731317068092e+00 1.045508653891655815e+00
7.037913681830385713e+02 1.021659418894722116e+00 1.043688653231777064e+00
7.037914639244601176e+02 1.025562089267933130e+00 1.041871819609091698e+00
7.037915596658816639e+02 1.041210149351701197e+00 1.040058752721491730e+00
7.037916554073033240e+02 1.030263657548139866e+00 1.038250066201206856e+00
7.037917511487248703e+02 1.040770909302015435e+00 1.036446387498486166e+00
7.037918468901464166e+02 1.037118945136676462e+00 1.034648357718658707e+00
7.037919426315679630e+02 1.022554866419915776e+00 1.032856631454650564e+00
7.037920383729895093e+02 1.029048662720483343e+00 1.031071876581883817e+00
7.037921341144111693e+02 1.040262333835699993e+00 1.029294774025535597e+00
7.037922298558327157e+02 1.027391207151714170e+00 1.027526017509864387e+00
7.037923255972542620e+02 1.015653456368123875e+00 1.025766313257229445e+00
7.037924213386758083e+02 1.006718811940112257e+00 1.024016379678310829e+00
7.037925170800973547e+02 1.018052593518634197e+00 1.022276947021207194e+00
7.037926128215190147e+02 1.013335137942374953e+00 1.020548756989442252e+00
7.037927085629405610e+02 1.014552964844181338e+00 1.018832562338522818e+00
7.037928043043621074e+02 1.005373114681911373e+00 1.017129126419825447e+00
7.037929000457836537e+02 9.832791798045367182e-01 1.015439222712458234e+00
7.037929957872052000e+02 1.021887135223008780e+00 1.013763634311955153e+00
7.037930915286268601e+02 1.023418007923251771e+00 1.012103153385936372e+00
7.037931872700484064e+02 1.028460139256849093e+00 1.010458580606320211e+00
7.037932830114699527e+02 9.906229940578326065e-01 1.008830724528478218e+00
7.037933787528914991e+02 9.974892229157066303e-01 1.007220400956817974e+00
7.037934744943130454e+02 1.003688476168365762e+00 1.005628432267289485e+00
7.037935702357347054e+02 9.879366771116678825e-01 1.004055646697076254e+00
7.037936659771562518e+02 9.959276413147877260e-01 1.002502877610998322e+00
7.037937617185777981e+02 1.001508815296370258e+00 1.000970962717131263e+00
7.037938574599993444e+02 9.988453868558152537e-01 9.994607432695828964e-01
7.037939532014208908e+02 1.011405184017543757e+00 9.979730632310631622e-01
7.037940489428425508e+02 1.008228340509286891e+00 9.965087684055987660e-01
7.037941446842640971e+02 1.007813345187021925e+00 9.950687055508549150e-01
7.037942404256856435e+02 9.779651394813393406e-01 9.936537214451319766e-01
7.037943361671071898e+02 9.956815990617247092e-01 9.922646619450427030e-01
7.037944319085287361e+02 1.008757395302521287e+00 9.909023710090572035e-01
7.037945276499503962e+02 9.851440411277264664e-01 9.895676896973248926e-01
7.037946233913719425e+02 9.931738301515534717e-01 9.882614551570737538e-01
7.037947191327934888e+02 9.873588584017291003e-01 9.869844995716380298e-01
7.037948148742150352e+02 9.752034325911074220e-01 9.857376491066895952e-01
7.037949106156365815e+02 9.677739184537548223e-01 9.845217228318073888e-01
7.037950063570582415e+02 9.722983582598139218e-01 9.833375316276979916e-01
7.037951020984797879e+02 9.821786318179442921e-01 9.821858770880601552e-01
7.037951978399013342e+02 9.485908794131802102e-01 9.810675503974480849e-01
7.037952935813228805e+02 9.738203812097210310e-01 9.799833312157144594e-01
7.037953893227444269e+02 9.815667792553949278e-01 9.789339865504053106e-01
7.037954850641660869e+02 9.734433988099365775e-01 9.779202696270862250e-01
7.037955808055876332e+02 9.783981631648090982e-01 9.769429187660526592e-01
7.037956765470091796e+02 9.898120832986110340e-01 9.760026562502803760e-01
7.037957722884307259e+02 9.701597294748506295e-01 9.751001872115819813e-01
7.037958680298522722e+02 9.726541062281728323e-01 9.742361985197330876e-01
7.037959637712738186e+02 9.569330403170431820e-01 9.734113576848630878e-01
7.037960595126954786e+02 9.759191450007906887e-01 9.726263117739893937e-01
7.037961552541170249e+02 9.560825733811213478e-01 9.718816863502341974e-01
7.037962509955385713e+02 9.647754160370011212e-01 9.711780844238995236e-01
7.037963467369601176e+02 9.638882077557978656e-01 9.705160854370955548e-01
7.037964424783816639e+02 9.553117749179473872e-01 9.698962442708389808e-01
7.037965382198033240e+02 9.608472322676968602e-01 9.693190902826496202e-01
7.037966339612248703e+02 9.587928387067243818e-01 9.687851263806459556e-01
7.037967297026464166e+02 9.690037383522361880e-01 9.682948281268805024e-01
7.037968254440679630e+02 9.640268850340992790e-01 9.678486428864424562e-01
7.037969211854895093e+02 9.548844267995555413e-01 9.674469890146538686e-01
7.037970169269111693e+02 9.725798278256497786e-01 9.670902550888084148e-01
7.037971126683327157e+02 9.596477279854046527e-01 9.667787991887012433e-01
7.037972084097542620e+02 9.668056640742662688e-01 9.665129482221233026e-01
7.037973041511758083e+02 9.798760318537873548e-01 9.662929973060507827e-01
7.037973998925973547e+02 9.557474838276737161e-01 9.661192091991475106e-01
7.037974956340190147e+02 9.615660319927069599e-01 9.659918137900559421e-01
7.037975913754405610e+02 9.549448772900420712e-01 9.659110076435907244e-01
7.037976871168621074e+02 9.790524253619707906e-01 9.658769536043043669e-01
7.037977828582836537e+02 9.682882569934486705e-01 9.658897804618449268e-01
7.037978785997052000e+02 9.733907177242280273e-01 9.659495826769126658e-01
7.037979743411268601e+02 9.794702477519744432e-01 9.660564201699781695e-01
7.037980700825484064e+02 9.615909215704937507e-01 9.662103181725076873e-01
7.037981658239699527e+02 9.541149091313413377e-01 9.664112671433077173e-01
7.037982615653914991e+02 9.871959956972148342e-01 9.666592227478079113e-01
7.037983573068130454e+02 9.521965458970692575e-01 9.669541059021820040e-01
7.037984530482347054e+02 9.687686512185422760e-01 9.672958028820050069e-01
7.037985487896562518e+02 9.543317145677366886e-01 9.676841654926886527e-01
7.037986445310777981e+02 9.685409863191534185e-01 9.681190113073976367e-01
7.037987402724993444e+02 9.634356897742493153e-01 9.686001239635806392e-01
7.037988360139208908e+02 9.667461273648864095e-01 9.691272535231149066e-01
7.037989317553425508e+02 9.673403399030452432e-01 9.697001168932689597e-01
7.037990274967640971e+02 9.830490909425498858e-01 9.703183983033183413e-01
7.037991232381856435e+02 9.874244122537255697e-01 9.709817498455781681e-01
7.037992189796071898e+02 9.624981931760111520e-01 9.716897920655075405e-01
7.037993147210287361e+02 9.668584649384940333e-01 9.724421146090180823e-01
7.037994104624503962e+02 9.691225073860351147e-01 9.732382769219033447e-01
7.037995062038719425e+02 9.586610128591719349e-01 9.740778089940029805e-01
7.037996019452934888e+02 9.684604115420938353e-01 9.749602121600301485e-01
7.037996976867150352e+02 9.807970417199386448e-01 9.758849599356177462e-01
7.037997934281365815e+02 9.800755443507592757e-01 9.768514988999953408e-01
7.037998891695582415e+02 9.709052280944979740e-01 9.778592496181931493e-01
7.037999849109797879e+02 1.001234074500947591e+00 9.789076075935710941e-01
7.038000806524013342e+02 9.663811752239821473e-01 9.799959442658230380e-01
7.038001763938228805e+02 9.826917114198843173e-01 9.811236080275332894e-01
7.038002721352444269e+02 9.893111056127955605e-01 9.822899252740718845e-01
7.038003678766660869e+02 9.781561618032258432e-01 9.834942014781271613e-01
7.038004636180876332e+02 9.678525096411266793e-01 9.847357222782797681e-01
7.038005593595091796e+02 9.730472444688154088e-01 9.860137546000722342e-01
7.038006551009307259e+02 1.000138364822822146e+00 9.873275477778715725e-01
7.038007508423522722e+02 9.840481728495859004e-01 9.886763346957779808e-01
7.038008465837738186e+02 1.012449102966621828e+00 9.900593329360380945e-01
7.038009423251954786e+02 9.875903886421044664e-01 9.914757459350547197e-01
7.038010380666170249e+02 9.919600901619520794e-01 9.929247641338698749e-01
7.038011338080385713e+02 1.009672452740020487e+00 9.944055661455534212e-01
7.038012295494601176e+02 9.784751582231295819e-01 9.959173199030377788e-01
7.038013252908816639e+02 1.002226678188733455e+00 9.974591838097980334e-01
7.038014210323033240e+02 1.008716886692512027e+00 9.990303078826080485e-01
7.038015167737248703e+02 9.981398163491617126e-01 1.000629834874226853e+00
7.038016125151464166e+02 1.011257482565048216e+00 1.002256901401666012e+00
7.038017082565679630e+02 1.020500071343850568e+00 1.003910639040393793e+00
7.038018039979895093e+02 1.012905349640135455e+00 1.005590175410193021e+00
7.038018997394111693e+02 1.001587365831651200e+00 1.007294635241503311e+00
7.038019954808327157e+02 1.021463034271151260e+00 1.009023141409960633e+00
7.038020912222542620e+02 1.006759370435327927e+00 1.010774815967749429e+00
7.038021869636758083e+02 1.009077640120815245e+00 1.012548781129615882e+00
7.038022827050973547e+02 9.969855236503666340e-01 1.014344160242285797e+00
7.038023784465190147e+02 1.034567137940693105e+00 1.016160078725965699e+00
7.038024741879405610e+02 1.022971869958133162e+00 1.017995664975685166e+00
7.038025699293621074e+02 1.010492498904613345e+00 1.019850051253753165e+00
7.038026656707836537e+02 1.015737714378087242e+00 1.021722374529200783e+00
7.038027614122052000e+02 1.032162687849359273e+00 1.023611777295641456e+00
7.038028571536268601e+02 1.022986936743564446e+00 1.025517408356181992e+00
7.038029528950484064e+02 1.017895763773053019e+00 1.027438423563328040e+00
7.038030486364699527e+02 1.027644591144047714e+00 1.029373986547373887e+00
7.038031443778914991e+02 1.025014127522992924e+00 1.031323269387674380e+00
7.038032401193130454e+02 1.030431259020853085e+00 1.033285453260436748e+00
7.038033358607347054e+02 1.028560556687120764e+00 1.035259729051723143e+00
7.038034316021562518e+02 1.044233588022286607e+00 1.037245297923789389e+00
7.038035273435777981e+02 1.061513747476902303e+00 1.039241371870046837e+00
7.038036230849993444e+02 1.042795852294825298e+00 1.041247174211920479e+00
7.038037188264208908e+02 1.024106647190216490e+00 1.043261940073009875e+00
7.038038145678425508e+02 1.044527696236654979e+00 1.045284916819268162e+00
7.038039103092640971e+02 1.062659361895392118e+00 1.047315364453535125e+00
7.038040060506856435e+02 1.043971310083451787e+00 1.049352556000988868e+00
7.038041017921071898e+02 1.055454155621707413e+00 1.051395777838046275e+00
7.038041975335287361e+02 1.062484407422712662e+00 1.053444330001355400e+00
7.038042932749503962e+02 1.068640639955494187e+00 1.055497526465631219e+00
7.038043890163719425e+02 1.049657148518651439e+00 1.057554695378833065e+00
7.038044847577934888e+02 1.059427439592949938e+00 1.059615179292067388e+00
7.038045804992150352e+02 1.056613737736104675e+00 1.061678335336289969e+00
7.038046762406365815e+02 1.068154967373335262e+00 1.063743535383236294e+00
7.038047719820582415e+02 1.081218244924271765e+00 1.065810166179324225e+00
7.038048677234797879e+02 1.045142857653768242e+00 1.067877629441165821e+00
7.038049634649013342e+02 1.075252498156468839e+00 1.069945341950456097e+00
7.038050592063228805e+02 1.059999625822158897e+00 1.072012735600127220e+00
7.038051549477444269e+02 1.082622565951382398e+00 1.074079257429556344e+00
7.038052506891660869e+02 1.070800715714255835e+00 1.076144369637555442e+00
7.038053464305876332e+02 1.078165213328587502e+00 1.078207549561873480e+00
7.038054421720091796e+02 1.092224462535941631e+00 1.080268289663003811e+00
7.038055379134307259e+02 1.076612196304900460e+00 1.082326097464235026e+00
7.038056336548522722e+02 1.086182488979325900e+00 1.084380495485737450e+00
7.038057293962738186e+02 1.103884522187011719e+00 1.086431021158946075e+00
7.038058251376954786e+02 1.085495638465951318e+00 1.088477226727103009e+00
7.038059208791170249e+02 1.079303155319043528e+00 1.090518679118345213e+00
7.038060166205385713e+02 1.092708826789381860e+00 1.092554959828727190e+00
7.038061123619601176e+02 1.109641643155294899e+00 1.094585664767506294e+00
7.038062081033816639e+02 1.075548096688245803e+00 1.096610404102066338e+00
7.038063038448033240e+02 1.106304704130090411e+00 1.098628802091172529e+00
7.038063995862248703e+02 1.092296417905162853e+00 1.100640496895495479e+00
7.038064953276464166e+02 1.090996667324000802e+00 1.102645140402180868e+00
7.038065910690679630e+02 1.085070666545899121e+00 1.104642398016354221e+00
7.038066868104895093e+02 1.106450114046857891e+00 1.106631948456324066e+00
7.038067825519111693e+02 1.096028616180361848e+00 1.108613483541206035e+00
7.038068782933327157e+02 1.112994668344694071e+00 1.110586707960022679e+00
7.038069740347542620e+02 1.105194846891551341e+00 1.112551339058253097e+00
7.038070697761758083e+02 1.108990364614570012e+00 1.114507106595474140e+00
7.038071655175973547e+02 1.095785099181328270e+00 1.116453752510064401e+00
7.038072612590190147e+02 1.115639227295005975e+00 1.118391030679772635e+00
7.038073570004405610e+02 1.138854489205016529e+00 1.120318706667325026e+00
7.038074527418621074e+02 1.125208579035825496e+00 1.122236557486137487e+00
7.038075484832836537e+02 1.108998598922566137e+00 1.124144371340667137e+00
7.038076442247052000e+02 1.137121912117445399e+00 1.126041947376471120e+00
7.038077399661268601e+02 1.104861023947007803e+00 1.127929095428868989e+00
7.038078357075484064e+02 1.145978805749782614e+00 1.129805635759579374e+00
7.038079314489699527e+02 1.134087144160951466e+00 1.131671398815341512e+00
7.038080271903914991e+02 1.131136732296609049e+00 1.133526224964139351e+00
7.038081229318130454e+02 1.116812554399024382e+00 1.135369964243055918e+00
7.038082186732347054e+02 1.145723105924125962e+00 1.137202476106834448e+00
7.038083144146562518e+02 1.133518852564586732e+00 1.139023629166706630e+00
7.038084101560777981e+02 1.157960144439905248e+00 1.140833300952424745e+00
7.038085058974993444e+02 1.152369430565391761e+00 1.142631377654267810e+00
7.038086016389208908e+02 1.153298295682048336e+00 1.144417753877993160e+00
7.038086973803425508e+02 1.166087583203890388e+00 1.146192332401988700e+00
7.038087931217640971e+02 1.182779826642800902e+00 1.147955023926454654e+00
7.038088888631856435e+02 1.120588858823751144e+00 1.149705746846388710e+00
7.038089846046071898e+02 1.150872571283115819e+00 1.151444427006446336e+00
7.038090803460287361e+02 1.174727605012085840e+00 1.153170997469494141e+00
7.038091760874503962e+02 1.144949555512459805e+00 1.154885398288386433e+00
7.038092718288719425e+02 1.170210643248315252e+00 1.156587576271034923e+00
7.038093675702934888e+02 1.167020242518077122e+00 1.158277484769420829e+00
7.038094633117150352e+02 1.154179859910524852e+00 1.159955083451938762e+00
7.038095590531365815e+02 1.169134426394226267e+00 1.161620338089762283e+00
7.038096547945582415e+02 1.176171117671602095e+00 1.163273220347027959e+00
7.038097505359797879e+02 1.171730877605097643e+00 1.164913707565221390e+00
7.038098462774013342e+02 1.172924939579190085e+00 1.166541782571227870e+00
7.038099420188228805e+02 1.170588092148195258e+00 1.168157433469857009e+00
7.038100377602444269e+02 1.175719219262820747e+00 1.169760653450362176e+00
7.038101335016660869e+02 1.169495037377541680e+00 1.171351440597065308e+00
7.038102292430876332e+02 1.200218947835846928e+00 1.172929797694779452e+00
7.038103249845091796e+02 1.178289184604364159e+00 1.174495732057345920e+00
7.038104207259307259e+02 1.189353585849912465e+00 1.176049255341510502e+00
7.038105164673522722e+02 1.135175760163150471e+00 1.177590383374519156e+00
7.038106122087738186e+02 1.165910512264871413e+00 1.179119135984055156e+00
7.038107079501954786e+02 1.152056333845624669e+00 1.180635536834201638e+00
7.038108036916170249e+02 1.190080368343345629e+00 1.182139613256630417e+00
7.038108994330385713e+02 1.184482247753236184e+00 1.183631396103968614e+00
7.038109951744601176e+02 1.174078290932726754e+00 1.185110919589299483e+00
7.038110909158816639e+02 1.169825308123416008e+00 1.186578221138807621e+00
7.038111866573033240e+02 1.186863402055365890e+00 1.188033341248415420e+00
7.038112823987248703e+02 1.224410883604931222e+00 1.189476323335841634e+00
7.038113781401464166e+02 1.196257247080590780e+00 1.190907213613906501e+00
7.038114738815679630e+02 1.181312861360710453e+00 1.192326060950490207e+00
7.038115696229895093e+02 1.187024946510896628e+00 1.193732916741026440e+00
7.038116653644111693e+02 1.200792325229838919e+00 1.195127834784746046e+00
7.038117611058327157e+02 1.195766186178577550e+00 1.196510871156420519e+00
7.038118568472542620e+02 1.194216432743186340e+00 1.197882084098366828e+00
7.038119525886758083e+02 1.202239054822473285e+00 1.199241533899514156e+00
7.038120483300973547e+02 1.212327530082605520e+00 1.200589282786354905e+00
7.038121440715190147e+02 1.202609538307393144e+00 1.201925394817320969e+00
7.038122398129405610e+02 1.199615836813622272e+00 1.203249935772696011e+00
7.038123355543621074e+02 1.217366987343049933e+00 1.204562973063751485e+00
7.038124312957836537e+02 1.211482551028462806e+00 1.205864575629314484e+00
7.038125270372052000e+02 1.188691696999353731e+00 1.207154813843521746e+00
7.038126227786268601e+02 1.214638438577700930e+00 1.208433759426664089e+00
7.038127185200484064e+02 1.228502938226578634e+00 1.209701485351547756e+00
7.038128142614699527e+02 1.219104262694598928e+00 1.210958065768059422e+00
7.038129100028914991e+02 1.219940183725630733e+00 1.212203575915483444e+00
7.038130057443130454e+02 1.226615338749603712e+00 1.213438092045317163e+00
7.038131014857347054e+02 1.222971039282318539e+00 1.214661691346822447e+00
7.038131972271562518e+02 1.233634243926610585e+00 1.215874451868072637e+00
7.038132929685777981e+02 1.210331419409935050e+00 1.217076452454194824e+00
7.038133887099993444e+02 1.221683283884736237e+00 1.218267772673672145e+00
7.038134844514208908e+02 1.244934685308034528e+00 1.219448492754468205e+00
7.038135801928425508e+02 1.234852786356066545e+00 1.220618693522544707e+00
7.038136759342640971e+02 1.263310627499200978e+00 1.221778456335853802e+00
7.038137716756856435e+02 1.236818710210766392e+00 1.222927863034548590e+00
7.038138674171071898e+02 1.229668813367872371e+00 1.224066995879558917e+00
7.038139631585287361e+02 1.231917025562812684e+00 1.225195937500338061e+00
7.038140588999503962e+02 1.241101763225907151e+00 1.226314770844684432e+00
7.038141546413719425e+02 1.240735324790106286e+00 1.227423579124016229e+00
7.038142503827934888e+02 1.238686911434832005e+00 1.228522445773943428e+00
7.038143461242150352e+02 1.255746153421231970e+00 1.229611454403499726e+00
7.038144418656365815e+02 1.233212999589231584e+00 1.230690688752942297e+00
7.038145376070582415e+02 1.237221076160757383e+00 1.231760232653316800e+00
7.038146333484797879e+02 1.232449023452745651e+00 1.232820169981485581e+00
7.038147290899013342e+02 1.258979459252235644e+00 1.233870584629569001e+00
7.038148248313228805e+02 1.250996837503676851e+00 1.234911560463355817e+00
7.038149205727444269e+02 1.230163259183750135e+00 1.235943181288704062e+00
7.038150163141660869e+02 1.239219159811399074e+00 1.236965530819446490e+00
7.038151120555876332e+02 1.248566771864905611e+00 1.237978692640762546e+00
7.038152077970091796e+02 1.240372432135958602e+00 1.238982750186152559e+00
7.038153035384307259e+02 1.243028387667602264e+00 1.239977786703680751e+00
7.038153992798522722e+02 1.247611475904423006e+00 1.240963885229684482e+00
7.038154950212738186e+02 1.242399576531607375e+00 1.241941128562587648e+00
7.038155907626954786e+02 1.272948966497482015e+00 1.242909599239148566e+00
7.038156865041170249e+02 1.243830061079556071e+00 1.243869379506209905e+00
7.038157822455385713e+02 1.254395876984419900e+00 1.244820551305137801e+00
7.038158779869601176e+02 1.248010793504944926e+00 1.245763196245905702e+00
7.038159737283816639e+02 1.271044017952735139e+00 1.246697395588058921e+00
7.038160694698033240e+02 1.275301786660686165e+00 1.247623230222696167e+00
7.038161652112248703e+02 1.242664574958062040e+00 1.248540780650005733e+00
7.038162609526464166e+02 1.237913933514997344e+00 1.249450126968783659e+00
7.038163566940679630e+02 1.246809351950360689e+00 1.250351348855918809e+00
7.038164524354895093e+02 1.258763832099697000e+00 1.251244525552310138e+00
7.038165481769111693e+02 1.264456805841422726e+00 1.252129735849629055e+00
7.038166439183327157e+02 1.250420175814733748e+00 1.253007058072696411e+00
7.038167396597542620e+02 1.241408425700316842e+00 1.253876570073195085e+00
7.038168354011758083e+02 1.247120868914175507e+00 1.254738349213654347e+00
7.038169311425973547e+02 1.256221981045681613e+00 1.255592472357478950e+00
7.038170268840190147e+02 1.257233858389613435e+00 1.256439015859657671e+00
7.038171226254405610e+02 1.235334161957498011e+00 1.257278055553169294e+00
7.038172183668621074e+02 1.266935518976934683e+00 1.258109666746114907e+00
7.038173141082836537e+02 1.249319971640800997e+00 1.258933924209446387e+00
7.038174098497052000e+02 1.269440809115303770e+00 1.259750902170361009e+00
7.038175055911268601e+02 1.240946730949325838e+00 1.260560674306252293e+00
7.038176013325484064e+02 1.236767546241064331e+00 1.261363313734442437e+00
7.038176970739699527e+02 1.236019801806690355e+00 1.262158893012082395e+00
7.038177928153914991e+02 1.256068258757198075e+00 1.262947484126958786e+00
7.038178885568130454e+02 1.260889867069242998e+00 1.263729158493636984e+00
7.038179842982347054e+02 1.246244982317951777e+00 1.264503986950042069e+00
7.038180800396562518e+02 1.246236918105458447e+00 1.265272039749924859e+00
7.038181757810777981e+02 1.248582935930565130e+00 1.266033386564968888e+00
7.038182715224993444e+02 1.252259094733944700e+00 1.266788096478121739e+00
7.038183672639208908e+02 1.264337447935742542e+00 1.267536237981949032e+00
7.038184630053425508e+02 1.250343474158402746e+00 1.268277878977340789e+00
7.038185587467640971e+02 1.258571915216031734e+00 1.269013086768196352e+00
7.038186544881856435e+02 1.258603524337214230e+00 1.269741928065276193e+00
7.038187502296071898e+02 1.257332106971051022e+00 1.270464468981578721e+00
7.038188459710287361e+02 1.271733253870878100e+00 1.271180775032465737e+00
7.038189417124503962e+02 1.265058381451385827e+00 1.271890911136050573e+00
7.038190374538719425e+02 1.253157313410980134e+00 1.272594941609688890e+00
7.038191331952934888e+02 1.250286567273126259e+00 1.273292930175172311e+00
7.038192289367150352e+02 1.281956969951362879e+00 1.273984939955759010e+00
7.038193246781365815e+02 1.287098726704619223e+00 1.274671033477688953e+00
7.038194204195582415e+02 1.277058262953728374e+00 1.275351272671904068e+00
7.038195161609797879e+02 1.274354531346359787e+00 1.276025718871972581e+00
7.038196119024013342e+02 1.246075750374656455e+00 1.276694432820310476e+00
7.038197076438228805e+02 1.263986528132112097e+00 1.277357474666524828e+00
7.038198033852444269e+02 1.262183449709637362e+00 1.278014903970011718e+00
7.038198991266660869e+02 1.254804565872643884e+00 1.278666779702703593e+00
7.038199948680876332e+02 1.272247311755486887e+00 1.279313160248133796e+00
7.038200906095091796e+02 1.288087578476230011e+00 1.279954103408408539e+00
7.038201863509307259e+02 1.260173182053632379e+00 1.280589666403593396e+00
7.038202820923522722e+02 1.258591565452334304e+00 1.281219905875131237e+00
7.038203778337738186e+02 1.257370728888610012e+00 1.281844877888628442e+00
7.038204735751954786e+02 1.269773483709600415e+00 1.282464637937508201e+00
7.038205693166170249e+02 1.286218956288594395e+00 1.283079240943123311e+00
7.038206650580385713e+02 1.270520140049185231e+00 1.283688741262341892e+00
7.038207607994601176e+02 1.285148718396449175e+00 1.284293192687879337e+00
7.038208565408816639e+02 1.279085802281586748e+00 1.284892648452428565e+00
7.038209522823033240e+02 1.282178807158481648e+00 1.285487161232848674e+00
7.038210480237248703e+02 1.297754062106877493e+00 1.286076783150931657e+00
7.038211437651464166e+02 1.279780552884463685e+00 1.286661565781304528e+00
7.038212395065679630e+02 1.289231330271839671e+00 1.287241560152349473e+00
7.038213352479895093e+02 1.264663365895408287e+00 1.287816816750734894e+00
7.038214309894111693e+02 1.291846502172306010e+00 1.288387385525986861e+00
7.038215267308327157e+02 1.274086235626027408e+00 1.288953315891740337e+00
7.038216224722542620e+02 1.289607074500398021e+00 1.289514656733822040e+00
7.038217182136758083e+02 1.301862111395108546e+00 1.290071456411606476e+00
7.038218139550973547e+02 1.291592487420053281e+00 1.290623762762818760e+00
7.038219096965190147e+02 1.301071324911642346e+00 1.291171623108347655e+00
7.038220054379405610e+02 1.290401142595784645e+00 1.291715084253859391e+00
7.038221011793621074e+02 1.267874798564129657e+00 1.292254192497943155e+00
7.038221969207836537e+02 1.312080197790495895e+00 1.292788993633785966e+00
7.038222926622052000e+02 1.315200202930764561e+00 1.293319532954129825e+00
7.038223884036268601e+02 1.313894149826107860e+00 1.293845855256233079e+00
7.038224841450484064e+02 1.293865157644759289e+00 1.294368004843728270e+00
7.038225798864699527e+02 1.316146596545652026e+00 1.294886025534751406e+00
