7.037783917614699476e+02 1.266176874564238553e+00 1.261406632147888507e+00 1.256257742234343278e+00
7.037784875028914939e+02 1.249203414031585080e+00 1.261009558674045072e+00 1.255992128149512777e+00
7.037785832443130403e+02 1.242896319635318436e+00 1.260608070344582776e+00 1.255721636588434720e+00
7.037786789857347003e+02 1.258971542470280980e+00 1.260202121918135632e+00 1.255446212496777791e+00
7.037787747271562466e+02 1.260821863026719392e+00 1.259791667674908133e+00 1.255165800183509095e+00
7.037788704685777930e+02 1.232695743891730533e+00 1.259376661410011922e+00 1.254880343313233393e+00
7.037789662099993393e+02 1.279024962891386785e+00 1.258957056431652788e+00 1.254589784901831484e+00
7.037790619514208856e+02 1.270629230259792131e+00 1.258532805556961787e+00 1.254294067310521843e+00
7.037791576928425457e+02 1.248080471425574434e+00 1.258103861107841004e+00 1.253993132239937802e+00
7.037792534342640920e+02 1.247618642143644374e+00 1.257670174909414129e+00 1.253686920726054810e+00
7.037793491756856383e+02 1.240267263362121009e+00 1.257231698283436172e+00 1.253375373132607828e+00
7.037794449171071847e+02 1.242320090043885994e+00 1.256788382046849284e+00 1.253058429147138497e+00
7.037795406585287310e+02 1.231743002809167598e+00 1.256340176507866779e+00 1.252736027775347205e+00
7.037796363999503910e+02 1.281680548752525128e+00 1.255887031462091796e+00 1.252408107335486243e+00
7.037797321413719374e+02 1.265317510029711379e+00 1.255428896191411070e+00 1.252074605454801759e+00
7.037798278827934837e+02 1.258524068376092986e+00 1.254965719457581175e+00 1.251735459062172984e+00
7.037799236242150300e+02 1.262186727345150805e+00 1.254497449501276618e+00 1.251390604384744032e+00
7.037800193656365764e+02 1.258763487187541275e+00 1.254024034038549118e+00 1.251039976942733167e+00
7.037801151070582364e+02 1.250144179617528328e+00 1.253545420257344389e+00 1.250683511544322002e+00
7.037802108484797827e+02 1.247543927755721649e+00 1.253061554816980117e+00 1.250321142282804443e+00
7.037803065899013291e+02 1.240504844595307299e+00 1.252572383842037729e+00 1.249952802529636031e+00
7.037804023313228754e+02 1.268466111399288776e+00 1.252077852922053758e+00 1.249578424931858445e+00
7.037804980727444217e+02 1.218195966347237924e+00 1.251577907108501586e+00 1.249197941407577561e+00
7.037805938141660818e+02 1.243005898122042874e+00 1.251072490911866009e+00 1.248811283141571638e+00
7.037806895555876281e+02 1.251045372663019961e+00 1.250561548301868386e+00 1.248418380583383502e+00
7.037807852970091744e+02 1.228603382270067934e+00 1.250045022701829156e+00 1.248019163441010493e+00
7.037808810384307208e+02 1.246551215611345409e+00 1.249522856989183417e+00 1.247613560679381006e+00
7.037809767798522671e+02 1.235133851225399981e+00 1.248994993493167005e+00 1.247201500516762707e+00
7.037810725212738134e+02 1.230443398774909713e+00 1.248461373993273060e+00 1.246782910421856849e+00
7.037811682626954735e+02 1.246834170961695687e+00 1.247921939717246742e+00 1.246357717110626595e+00
7.037812640041170198e+02 1.239026578827387537e+00 1.247376631342483666e+00 1.245925846545915538e+00
7.037813597455385661e+02 1.222043898279392637e+00 1.246825388991217975e+00 1.245487223932285170e+00
7.037814554869601125e+02 1.241004943281944550e+00 1.246268152232320459e+00 1.245041773716173861e+00
7.037815512283816588e+02 1.234513979426831831e+00 1.245704860080126819e+00 1.244589419583848722e+00
7.037816469698033188e+02 1.268123829347589160e+00 1.245135450993456461e+00 1.244130084459622365e+00
7.037817427112248652e+02 1.254794728074823951e+00 1.244559862878266809e+00 1.243663690507147424e+00
7.037818384526464115e+02 1.236863205459014070e+00 1.243978033083797952e+00 1.243190159125595606e+00
7.037819341940679578e+02 1.240227955531781445e+00 1.243389898405738325e+00 1.242709410951655657e+00
7.037820299354895042e+02 1.249092297653093597e+00 1.242795395086304655e+00 1.242221365859201843e+00
7.037821256769111642e+02 1.241919199642328664e+00 1.242194458814569469e+00 1.241725942959320816e+00
7.037822214183327105e+02 1.245080768385668168e+00 1.241587024730679945e+00 1.241223060603717787e+00
7.037823171597542569e+02 1.245051170430480081e+00 1.240973027423254438e+00 1.240712636382682588e+00
7.037824129011758032e+02 1.253136204627098849e+00 1.240352400934245924e+00 1.240194587129396453e+00
7.037825086425973495e+02 1.235207653005295558e+00 1.239725078760601784e+00 1.239668828921804522e+00
7.037826043840190096e+02 1.226303327041346813e+00 1.239090993856246214e+00 1.239135277084948861e+00
7.037827001254405559e+02 1.247017410902189649e+00 1.238450078638223761e+00 1.238593846197023840e+00
7.037827958668621022e+02 1.248110772959796666e+00 1.237802264985707890e+00 1.238044450089648363e+00
7.037828916082836486e+02 1.215334182861861567e+00 1.237147484246952089e+00 1.237487001855055890e+00
7.037829873497051949e+02 1.229368571433541613e+00 1.236485667242925190e+00 1.236921413850748053e+00
7.037830830911268549e+02 1.220258699126541391e+00 1.235816744271352130e+00 1.236347597704732459e+00
7.037831788325484013e+02 1.245014743884854669e+00 1.235140645115218483e+00 1.235765464324856344e+00
7.037832745739699476e+02 1.217645128102971652e+00 1.234457299043817180e+00 1.235174923902019994e+00
7.037833703153914939e+02 1.258530185400374757e+00 1.233766634822247354e+00 1.234575885920922600e+00
7.037834660568130403e+02 1.244378629350602505e+00 1.233068580717491702e+00 1.233968259168185311e+00
7.037835617982347003e+02 1.221867801113992069e+00 1.232363064505003880e+00 1.233351951741204600e+00
7.037836575396562466e+02 1.236092576951941524e+00 1.231650013480079631e+00 1.232726871061515128e+00
7.037837532810777930e+02 1.231507083755172260e+00 1.230929354461447911e+00 1.232092923881685564e+00
7.037838490224993393e+02 1.220327687270267303e+00 1.230201013803861709e+00 1.231450016300425387e+00
7.037839447639208856e+02 1.223274223289316120e+00 1.229464917407172342e+00 1.230798053774983192e+00
7.037840405053425457e+02 1.225178462481251618e+00 1.228720990726026141e+00 1.230136941134458706e+00
7.037841362467640920e+02 1.211349519087423499e+00 1.227969158784704806e+00 1.229466582598069735e+00
7.037842319881856383e+02 1.220001894027942457e+00 1.227209346183856020e+00 1.228786881786615215e+00
7.037843277296071847e+02 1.240666818610481004e+00 1.226441477116815282e+00 1.228097741742872895e+00
7.037844234710287310e+02 1.220812791007453990e+00 1.225665475382319070e+00 1.227399064949229901e+00
7.037845192124503910e+02 1.240739331430209091e+00 1.224881264397980507e+00 1.226690753346429075e+00
7.037846149538719374e+02 1.216189065024939842e+00 1.224088767219296825e+00 1.225972708357769170e+00
7.037847106952934837e+02 1.250252306157121795e+00 1.223287906550217130e+00 1.225244830906159876e+00
7.037848064367150300e+02 1.196287542417045158e+00 1.222478604763935994e+00 1.224507021440899956e+00
7.037849021781365764e+02 1.218922177012466301e+00 1.221660783919996440e+00 1.223759179961643850e+00
7.037849979195582364e+02 1.201220673507172432e+00 1.220834365782323960e+00 1.223001206043721423e+00
7.037850936609797827e+02 1.210578836077697007e+00 1.219999271843207111e+00 1.222232998869455578e+00
7.037851894024013291e+02 1.240446720971053018e+00 1.219155423338513788e+00 1.221454457251998527e+00
7.037852851438228754e+02 1.224291067194040128e+00 1.218302741273812329e+00 1.220665479669744480e+00
7.037853808852444217e+02 1.248736108617245932e+00 1.217441146446738509e+00 1.219865964297902394e+00
7.037854766266660818e+02 1.231742805102808314e+00 1.216570559470477431e+00 1.219055809041696303e+00
7.037855723680876281e+02 1.244196310930496097e+00 1.215690900803650942e+00 1.218234911576157709e+00
7.037856681095091744e+02 1.230718019267980745e+00 1.214802090771115672e+00 1.217403169378104888e+00
7.037857638509307208e+02 1.236391231789093048e+00 1.213904049596396417e+00 1.216560479769615677e+00
7.037858595923522671e+02 1.220391492441020409e+00 1.212996697430310133e+00 1.215706739958656746e+00
7.037859553337738134e+02 1.207704410773720038e+00 1.212079954382017544e+00 1.214841847082680726e+00
7.037860510751954735e+02 1.215322372936481488e+00 1.211153740550406255e+00 1.213965698253259617e+00
7.037861468166170198e+02 1.216349693238384599e+00 1.210217976062481826e+00 1.213078190608084084e+00
7.037862425580385661e+02 1.216286762924686737e+00 1.209272581102281086e+00 1.212179221354766856e+00
7.037863382994601125e+02 1.227458444930522363e+00 1.208317475952363607e+00 1.211268687827321555e+00
7.037864340408816588e+02 1.200978303019090143e+00 1.207352581031457150e+00 1.210346487539822657e+00
7.037865297823033188e+02 1.200355372973746615e+00 1.206377816933722702e+00 1.209412518242415135e+00
7.037866255237248652e+02 1.209737354183904934e+00 1.205393104475568133e+00 1.208466677985400972e+00
7.037867212651464115e+02 1.239785597483513468e+00 1.204398364732672588e+00 1.207508865174801382e+00
7.037868170065679578e+02 1.198780675580710442e+00 1.203393519090425468e+00 1.206538978641664039e+00
7.037869127479895042e+02 1.209870612335094853e+00 1.202378489290503838e+00 1.205556917708579867e+00
7.037870084894111642e+02 1.214643158781476773e+00 1.201353197479346768e+00 1.204562582258934533e+00
7.037871042308327105e+02 1.218165320082211123e+00 1.200317566264755609e+00 1.203555872814987326e+00
7.037871999722542569e+02 1.204497387983839651e+00 1.199271518762394795e+00 1.202536690607106440e+00
7.037872957136758032e+02 1.179514894977873762e+00 1.198214978656597651e+00 1.201504937657860150e+00
7.037873914550973495e+02 1.197673302908253135e+00 1.197147870257309510e+00 1.200460516863372629e+00
7.037874871965190096e+02 1.205171838589010447e+00 1.196070118559223960e+00 1.199403332077817685e+00
7.037875829379405559e+02 1.198030449654419849e+00 1.194981649309667882e+00 1.198333288207526826e+00
7.037876786793621022e+02 1.202797012189189774e+00 1.193882389066071026e+00 1.197250291295922864e+00
7.037877744207836486e+02 1.189373487876699054e+00 1.192772265268679854e+00 1.196154248624476946e+00
7.037878701622051949e+02 1.195089517074892083e+00 1.191651206309416677e+00 1.195045068810976607e+00
7.037879659036268549e+02 1.210593922446720594e+00 1.190519141603252118e+00 1.193922661911348104e+00
7.037880616450484013e+02 1.186841345643555590e+00 1.189376001668975835e+00 1.192786939531909285e+00
7.037881573864699476e+02 1.181086154125968957e+00 1.188221718199234944e+00 1.191637814932090533e+00
7.037882531278914939e+02 1.182847402429181738e+00 1.187056224146793459e+00 1.190475203144374161e+00
7.037883488693130403e+02 1.191966581776561451e+00 1.185879453806950590e+00 1.189299021091578812e+00
7.037884446107347003e+02 1.196979813556149352e+00 1.184691342902803646e+00 1.188109187708112247e+00
7.037885403521562466e+02 1.173203726186048401e+00 1.183491828680580671e+00 1.186905624072460697e+00
7.037886360935777930e+02 1.180050875808802857e+00 1.182280849993913252e+00 1.185688253529758818e+00
7.037887318349993393e+02 1.178904169434031646e+00 1.181058347405334885e+00 1.184457001832772471e+00
7.037888275764208856e+02 1.177435053517035035e+00 1.179824263283939301e+00 1.183211797280219857e+00
7.037889233178425457e+02 1.171084341540879148e+00 1.178578541906222688e+00 1.181952570859441609e+00
7.037890190592640920e+02 1.173967893263213824e+00 1.177321129567671543e+00 1.180679256401087951e+00
7.037891148006856383e+02 1.185446931811606097e+00 1.176051974682936541e+00 1.179391790723425482e+00
7.037892105421071847e+02 1.180341798048146540e+00 1.174771027904248033e+00 1.178090113796220972e+00
7.037893062835287310e+02 1.172996107176122349e+00 1.173478242235970415e+00 1.176774168901884687e+00
7.037894020249503910e+02 1.177594019942858283e+00 1.172173573152661463e+00 1.175443902801267315e+00
7.037894977663719374e+02 1.187253240984425862e+00 1.170856978728537667e+00 1.174099265912194046e+00
7.037895935077934837e+02 1.185270691600726289e+00 1.169528419755132775e+00 1.172740212477035859e+00
7.037896892492150300e+02 1.158827973466947103e+00 1.168187859878193180e+00 1.171366700750954726e+00
7.037897849906365764e+02 1.174363217337884180e+00 1.166835265730651328e+00 1.169978693187200269e+00
7.037898807320582364e+02 1.165567940368518185e+00 1.165470607069376774e+00 1.168576156627253670e+00
7.037899764734797827e+02 1.179467350023797545e+00 1.164093856923954506e+00 1.167159062504293354e+00
7.037900722149013291e+02 1.162219939143105618e+00 1.162704991733195303e+00 1.165727387034970031e+00
7.037901679563228754e+02 1.150539441606224234e+00 1.161303991501825283e+00 1.164281111432797111e+00
7.037902636977444217e+02 1.151991931918376899e+00 1.159890839953118258e+00 1.162820222118216229e+00
7.037903594391660818e+02 1.153176231023147702e+00 1.158465524685503567e+00 1.161344710933515767e+00
7.037904551805876281e+02 1.140049346204744962e+00 1.157028037341736981e+00 1.159854575371464858e+00
7.037905509220091744e+02 1.136616142153767051e+00 1.155578373765240086e+00 1.158349818791300612e+00
7.037906466634307208e+02 1.155276559420798987e+00 1.154116534177468623e+00 1.156830450657061249e+00
7.037907424048522671e+02 1.156974375818344170e+00 1.152642523350973836e+00 1.155296486771961284e+00
7.037908381462738134e+02 1.169951908952338915e+00 1.151156350788278271e+00 1.153747949519213556e+00
7.037909338876954735e+02 1.127606688482008845e+00 1.149658030903095485e+00 1.152184868105597060e+00
7.037910296291170198e+02 1.147019133917026812e+00 1.148147583214584877e+00 1.150607278818837731e+00
7.037911253705385661e+02 1.157734685408700948e+00 1.146625032527895494e+00 1.149015225270798135e+00
7.037912211119601125e+02 1.135954078618723662e+00 1.145090409136556797e+00 1.147408758663455153e+00
7.037913168533816588e+02 1.145862294231854595e+00 1.143543749020022426e+00 1.145787938049720012e+00
7.037914125948033188e+02 1.142094767201872640e+00 1.141985094045112614e+00 1.144152830598072823e+00
7.037915083362248652e+02 1.138091524025217627e+00 1.140414492180653161e+00 1.142503511870659461e+00
7.037916040776464115e+02 1.149571088467666646e+00 1.138831997697447695e+00 1.140840066085470283e+00
7.037916998190679578e+02 1.128377610873614989e+00 1.137237671390513460e+00 1.139162586401199384e+00
7.037917955604895042e+02 1.142835289420490064e+00 1.135631580795765982e+00 1.137471175195450934e+00
7.037918913019111642e+02 1.161034474930248139e+00 1.134013800410190287e+00 1.135765944345594303e+00
7.037919870433327105e+02 1.125261646387433201e+00 1.132384411925088097e+00 1.134047015522216428e+00
7.037920827847542569e+02 1.149820534356591706e+00 1.130743504443418868e+00 1.132314520464437146e+00
7.037921785261758032e+02 1.131925732851170485e+00 1.129091174719500934e+00 1.130568601277225582e+00
7.037922742675973495e+02 1.145315294878630041e+00 1.127427527392132145e+00 1.128809410720021722e+00
7.037923700090190096e+02 1.137058216731195337e+00 1.125752675220441201e+00 1.127037112496252380e+00
7.037924657504405559e+02 1.114363800659666337e+00 1.124066739332323817e+00 1.125251881553960942e+00
7.037925614918621022e+02 1.139905161601477035e+00 1.122369849455373325e+00 1.123453904365485867e+00
7.037926572332836486e+02 1.125870527875129978e+00 1.120662144169849439e+00 1.121643379227784232e+00
7.037927529747051949e+02 1.115716810204177456e+00 1.118943771153627420e+00 1.119820516551366385e+00
7.037928487161268549e+02 1.113392009644004865e+00 1.117214887428698233e+00 1.117985539147693830e+00
7.037929444575484013e+02 1.140956636073491293e+00 1.115475659619280746e+00 1.116138682525478654e+00
7.037930401989699476e+02 1.102114116542175282e+00 1.113726264190404436e+00 1.114280195162552278e+00
7.037931359403914939e+02 1.107914510602908686e+00 1.111966887707674267e+00 1.112410338796242737e+00
7.037932316818130403e+02 1.117353964635617203e+00 1.110197727087096631e+00 1.110529388698949793e+00
7.037933274232347003e+02 1.115909756655569796e+00 1.108418989844742963e+00 1.108637633948998724e+00
7.037934231646562466e+02 1.122296932497732547e+00 1.106630894356495975e+00 1.106735377707383394e+00
7.037935189060777930e+02 1.080486751723928718e+00 1.104833670095722198e+00 1.104822937465894661e+00
7.037936146474993393e+02 1.101772627105203073e+00 1.103027557890656762e+00 1.102900645310780137e+00
7.037937103889208856e+02 1.107372440324688734e+00 1.101212810169349243e+00 1.100968848167436454e+00
7.037938061303425457e+02 1.100992561159575223e+00 1.099389691202145469e+00 1.099027908036423806e+00
7.037939018717640920e+02 1.097915931659089850e+00 1.097558477352051476e+00 1.097078202231529298e+00
7.037939976131856383e+02 1.102851781442003132e+00 1.095719457299927813e+00 1.095120123584367278e+00
7.037940933546071847e+02 1.096391815122228497e+00 1.093872932287201172e+00 1.093154080660665217e+00
7.037941890960287310e+02 1.100853546910700143e+00 1.092019216343027566e+00 1.091180497952732864e+00
7.037942848374503910e+02 1.087385091035470985e+00 1.090158636506014078e+00 1.089199816058564529e+00
7.037943805788719374e+02 1.099149790362349943e+00 1.088291533050923965e+00 1.087212491858394081e+00
7.037944763202934837e+02 1.084559874863314954e+00 1.086418259686505294e+00 1.085218998652361710e+00
7.037945720617150300e+02 1.093547838305352071e+00 1.084539183767896375e+00 1.083219826305277911e+00
7.037946678031365764e+02 1.080610248356659531e+00 1.082654686489724405e+00 1.081215481362153064e+00
7.037947635445582364e+02 1.072017075992654167e+00 1.080765163070110946e+00 1.079206487145111915e+00
7.037948592859797827e+02 1.077679772395087276e+00 1.078871022936035429e+00 1.077193383842569130e+00
7.037949550274013291e+02 1.081691347199188469e+00 1.076972689875556499e+00 1.075176728553763894e+00
7.037950507688228754e+02 1.068936977358480922e+00 1.075070602200902670e+00 1.073157095335249833e+00
7.037951465102444217e+02 1.070375089701275817e+00 1.073165212887914777e+00 1.071135075212455989e+00
7.037952422516660818e+02 1.082474182840914345e+00 1.071256989702113582e+00 1.069111276167107771e+00
7.037953379930876281e+02 1.073143169954201115e+00 1.069346415321839050e+00 1.067086323111436474e+00
7.037954337345091744e+02 1.082090064609147140e+00 1.067433987423521913e+00 1.065060857812030415e+00
7.037955294759307208e+02 1.062209067123638606e+00 1.065520218773449823e+00 1.063035538810315428e+00
7.037956252173522671e+02 1.055299560883788512e+00 1.063605637291078043e+00 1.061011041302548419e+00
7.037957209587738134e+02 1.070410981746956258e+00 1.061690786096495920e+00 1.058988056992714366e+00
7.037958167001954735e+02 1.067688507030918110e+00 1.059776223536518236e+00 1.056967293912512318e+00
7.037959124416170198e+02 1.057399590672138512e+00 1.057862523202045102e+00 1.054949476221848537e+00
7.037960081830385661e+02 1.063870239051686983e+00 1.055950273901594905e+00 1.052935343952922986e+00
7.037961039244601125e+02 1.043043299900999532e+00 1.054040079635472971e+00 1.050925652745014149e+00
7.037961996658816588e+02 1.043479565749746429e+00 1.052132559535484235e+00 1.048921173533128304e+00
7.037962954073033188e+02 1.045697309275024578e+00 1.050228347780579385e+00 1.046922692201770921e+00
7.037963911487248652e+02 1.051747470721778210e+00 1.048328093498739566e+00 1.044931009214958628e+00
7.037964868901464115e+02 1.037133935417692499e+00 1.046432460620234206e+00 1.042946939186245148e+00
7.037965826315679578e+02 1.071219134522028327e+00 1.044542127726526548e+00 1.040971310435673258e+00
7.037966783729895042e+02 1.030439580448452297e+00 1.042657787859980756e+00 1.039004964497545203e+00
7.037967741144111642e+02 1.019966042476740942e+00 1.040780148304830455e+00 1.037048755590570304e+00
7.037968698558327105e+02 1.028351475084740452e+00 1.038909930349641852e+00 1.035103550061622801e+00
7.037969655972542569e+02 1.036899290735186607e+00 1.037047868997033273e+00 1.033170225768105022e+00
7.037970613386758032e+02 1.028762484829444324e+00 1.035194712664463612e+00 1.031249671445290783e+00
7.037971570800973495e+02 1.027191178851976527e+00 1.033351222841897288e+00 1.029342786023800249e+00
7.037972528215190096e+02 1.012845219708887745e+00 1.031518173716899245e+00 1.027450477909071846e+00
7.037973485629405559e+02 1.023741321655575298e+00 1.029696351777341423e+00 1.025573664234222360e+00
7.037974443043621022e+02 1.028024987119453115e+00 1.027886555358555443e+00 1.023713270053020041e+00
7.037975400457836486e+02 1.023166158564313921e+00 1.026089594177994169e+00 1.021870227518453245e+00
7.037976357872051949e+02 1.014757740923166063e+00 1.024306288824312405e+00 1.020045475013797720e+00
7.037977315286268549e+02 1.011053633733703050e+00 1.022537470211550614e+00 1.018239956248377709e+00
7.037978272700484013e+02 1.009937328512511945e+00 1.020783979008567099e+00 1.016454619329526965e+00
7.037979230114699476e+02 1.016729100097734317e+00 1.019046665012133035e+00 1.014690415779738064e+00
7.037980187528914939e+02 1.020893619278354647e+00 1.017326386505652991e+00 1.012948299543125152e+00
7.037981144943130403e+02 1.007838440164829041e+00 1.015624009572031694e+00 1.011229225950353250e+00
7.037982102357347003e+02 9.960105614780059291e-01 1.013940407371521468e+00 1.009534150654496809e+00
7.037983059771562466e+02 1.011789683882440061e+00 1.012276459394672035e+00 1.007864028549357416e+00
7.037984017185777930e+02 1.009059275232779163e+00 1.010633050660868282e+00 1.006219812641952149e+00
7.037984974599993393e+02 1.023352893718366463e+00 1.009011070902974705e+00 1.004602452921401934e+00
7.037985932014208856e+02 1.007942629546086266e+00 1.007411413708703130e+00 1.003012895196063958e+00
7.037986889428425457e+02 9.882754101968274085e-01 1.005834975629670947e+00 1.001452079911455906e+00
7.037987846842640920e+02 9.826120940042020191e-01 1.004282655268248003e+00 9.999209409603776466e-01
7.037988804256856383e+02 9.939118221576185297e-01 1.002755352315233495e+00 9.984204044600234473e-01
7.037989761671071847e+02 1.000209433482743382e+00 1.001253966577003496e+00 9.969513875357862709e-01
7.037990719085287310e+02 1.003553777042362816e+00 9.997793969653129276e-01 9.955147970866037310e-01
7.037991676499503910e+02 9.983328879576354176e-01 9.983325404608127673e-01 9.941115285442423399e-01
7.037992633913719374e+02 9.939127356521882950e-01 9.969142910602492025e-01 9.927424646375093698e-01
7.037993591327934837e+02 9.926708662740104661e-01 9.955255386834046538e-01 9.914084741395277067e-01
7.037994548742150300e+02 9.946959521474535437e-01 9.941671680760362229e-01 9.901104106345112177e-01
7.037995506156365764e+02 9.707105517017328156e-01 9.928400576849697456e-01 9.888491112821149454e-01
7.037996463570582364e+02 9.705642204497662018e-01 9.915450785163625325e-01 9.876253955912339677e-01
7.037997420984797827e+02 9.964702769573026142e-01 9.902830929868238208e-01 9.864400642134576458e-01
7.037998378399013291e+02 9.746316599156290561e-01 9.890549537468226182e-01 9.852938977377847518e-01
7.037999335813228754e+02 9.652271153786199376e-01 9.878615025096603164e-01 9.841876555189732478e-01
7.038000293227444217e+02 9.818475485684577952e-01 9.867035688654623993e-01 9.831220745209130474e-01
7.038001250641660818e+02 9.758553395598497104e-01 9.855819690909185526e-01 9.820978681859339199e-01
7.038002208055876281e+02 9.871217623386845386e-01 9.844975049639380638e-01 9.811157253390259125e-01
7.038003165470091744e+02 9.837566488238725926e-01 9.834509625662588572e-01 9.801763091120700988e-01
7.038004122884307208e+02 9.912730420770391460e-01 9.824431111036313613e-01 9.792802559155574516e-01
7.038005080298522671e+02 9.651633914196373620e-01 9.814747017265450513e-01 9.784281744425128435e-01
7.038006037712738134e+02 9.781938934070618652e-01 9.805464663626710653e-01 9.776206447150045387e-01
7.038006995126954735e+02 9.725444628669840386e-01 9.796591165617907215e-01 9.768582171740139986e-01
7.038007952541170198e+02 9.692130341062945575e-01 9.788133423626057539e-01 9.761414118207578650e-01
7.038008909955385661e+02 9.664889054496774712e-01 9.780098111689409235e-01 9.754707173986499891e-01
7.038009867369601125e+02 9.720314322040569666e-01 9.772491666596124782e-01 9.748465906365115785e-01
7.038010824783816588e+02 9.642646522827027500e-01 9.765320277192163223e-01 9.742694555416440139e-01
7.038011782198033188e+02 9.643947211467863712e-01 9.758589873986485141e-01 9.737397027498747581e-01
7.038012739612248652e+02 9.754320605690831592e-01 9.752306119120945915e-01 9.732576889372882567e-01
7.038013697026464115e+02 9.745717563703272246e-01 9.746474396616968683e-01 9.728237362861474891e-01
7.038014654440679578e+02 9.735443304494388883e-01 9.741099803088929532e-01 9.724381320191844980e-01
7.038015611854895042e+02 9.558179766646079933e-01 9.736187138832247401e-01 9.721011279940704464e-01
7.038016569269111642e+02 9.765878209374523333e-01 9.731740899358455321e-01 9.718129403628220642e-01
7.038017526683327105e+02 9.689627666414727392e-01 9.727765267426666806e-01 9.715737492983737011e-01
7.038018484097542569e+02 9.624100088191418489e-01 9.724264105519616619e-01 9.713836987840631654e-01
7.038019441511758032e+02 9.797814505483416481e-01 9.721240948894361855e-01 9.712428964733829106e-01
7.038020398925973495e+02 9.787916626824685329e-01 9.718698999150116036e-01 9.711514136149826948e-01
7.038021356340190096e+02 9.733635475933100079e-01 9.716641118365287877e-01 9.711092850451295000e-01
7.038022313754405559e+02 9.755329549160678404e-01 9.715069823831365969e-01 9.711165092472381355e-01
7.038023271168621022e+02 9.644874000677761128e-01 9.713987283366275483e-01 9.711730484774616645e-01
7.038024228582836486e+02 9.653586736058346052e-01 9.713395311272030597e-01 9.712788289566982591e-01
7.038025185997051949e+02 9.802322105230450999e-01 9.713295364912470919e-01 9.714337411272543354e-01
7.038026143411268549e+02 9.645934080994715831e-01 9.713688541939486942e-01 9.716376399737808311e-01
7.038027100825484013e+02 9.924046002823888601e-01 9.714575578170655534e-01 9.718903454055396463e-01
7.038028058239699476e+02 9.779637073075904130e-01 9.715956846134191638e-01 9.721916427022937457e-01
7.038029015653914939e+02 9.715703492046384726e-01 9.717832354277080587e-01 9.725412830172943668e-01
7.038029973068130403e+02 9.712998313487748447e-01 9.720201746844798762e-01 9.729389839389847028e-01
7.038030930482347003e+02 9.760815493746451965e-01 9.723064304435293792e-01 9.733844301086072015e-01
7.038031887896562466e+02 9.670598815443383067e-01 9.726418945204108324e-01 9.738772738884294844e-01
7.038032845310777930e+02 9.696065889089789946e-01 9.730264226769114178e-01 9.744171360863259634e-01
7.038033802724993393e+02 9.700761276904215080e-01 9.734598348740555185e-01 9.750036067236371728e-01
7.038034760139208856e+02 9.752645584868437911e-01 9.739419155917461435e-01 9.756362458514926672e-01
7.038035717553425457e+02 9.727900135599120146e-01 9.744724142127001443e-01 9.763145844106414506e-01
7.038036674967640920e+02 9.765634571848246237e-01 9.750510454658152248e-01 9.770381251275322976e-01
7.038037632381856383e+02 9.698821516784711383e-01 9.756774899370657117e-01 9.778063434559530753e-01
7.038038589796071847e+02 9.769190103514320267e-01 9.763513946336392912e-01 9.786186885451486628e-01
7.038039547210287310e+02 9.756334735262777169e-01 9.770723736087379985e-01 9.794745842433333349e-01
7.038040504624503910e+02 9.720838214329083904e-01 9.778400086422596171e-01 9.803734301298994147e-01
7.038041462038719374e+02 9.904902243957719454e-01 9.786538499701548099e-01 9.813146025674965856e-01
7.038042419452934837e+02 9.788658643004488624e-01 9.795134170738789559e-01 9.822974557870107759e-01
7.038043376867150300e+02 9.945217480516387321e-01 9.804181995091844071e-01 9.833213229809900646e-01
7.038044334281365764e+02 9.710437867547463409e-01 9.813676577851215832e-01 9.843855174182953860e-01
7.038045291695582364e+02 9.881172572813776700e-01 9.823612242863164479e-01 9.854893335719534520e-01
7.038046249109797827e+02 9.828922856119149953e-01 9.833983042293422683e-01 9.866320482502484168e-01
7.038047206524013291e+02 9.907930517082109700e-01 9.844782766680340025e-01 9.878129217478617274e-01
7.038048163938228754e+02 9.978765881074724842e-01 9.856004955211045138e-01 9.890311989879138066e-01
7.038049121352444217e+02 9.882233656404231237e-01 9.867642906365079458e-01 9.902861106716032147e-01
7.038050078766660818e+02 1.001295304611547587e+00 9.879689688838799722e-01 9.915768744264557011e-01
7.038051036180876281e+02 1.009152897793829107e+00 9.892138152643328297e-01 9.929026959425026888e-01
7.038051993595091744e+02 9.838057420311501211e-01 9.904980940559776625e-01 9.942627701169025611e-01
7.038052951009307208e+02 9.970199503991856727e-01 9.918210499633471899e-01 9.956562821738618174e-01
7.038053908423522671e+02 9.846600566619556627e-01 9.931819092888528600e-01 9.970824087803681346e-01
7.038054865837738134e+02 9.870360980243890747e-01 9.945798811146134843e-01 9.985403191463666506e-01
7.038055823251954735e+02 1.010771638112961446e+00 9.960141584946368143e-01 1.000029176110531770e+00
7.038056780666170198e+02 9.866700827389138784e-01 9.974839196439548861e-01 1.001548137198946087e+00
7.038057738080385661e+02 1.001060381757682638e+00 9.989883291473328208e-01 1.003096355681403429e+00
7.038058695494601125e+02 9.851163338645753109e-01 1.000526539150517147e+00 1.004672981588213165e+00
7.038059652908816588e+02 1.018474284013530351e+00 1.002097690556581933e+00 1.006277162712317041e+00
7.038060610323033188e+02 1.018834895020380049e+00 1.003700914216363760e+00 1.007908045586621837e+00
7.038061567737248652e+02 1.016694541340184221e+00 1.005335332100476542e+00 1.009564776425269095e+00
7.038062525151464115e+02 1.014451134585050429e+00 1.007000058478965121e+00 1.011246502056722063e+00
7.038063482565679578e+02 1.020574749200839904e+00 1.008694201068045304e+00 1.012952370808839264e+00
7.038064439979895042e+02 1.020517444035672794e+00 1.010416862170037344e+00 1.014681533373934963e+00
7.038065397394111642e+02 1.037156918669634775e+00 1.012167139795011606e+00 1.016433143643508119e+00
7.038066354808327105e+02 1.026291379870813092e+00 1.013944128751391505e+00 1.018206359501313552e+00
7.038067312222542569e+02 1.030816497455795844e+00 1.015746921734808517e+00 1.020000343605436344e+00
7.038068269636758032e+02 1.023724041113789340e+00 1.017574610371804633e+00 1.021814264117283155e+00
7.038069227050973495e+02 1.040695306520736496e+00 1.019426286247786972e+00 1.023647295408257385e+00
7.038070184465190096e+02 1.012354413154871624e+00 1.021301041907518137e+00 1.025498618733641010e+00
7.038071141879405559e+02 1.035985508030808244e+00 1.023197971815374752e+00 1.027367422862357493e+00
7.038072099293621022e+02 1.013960104596934864e+00 1.025116173307569323e+00 1.029252904695598936e+00
7.038073056707836486e+02 1.023133485250190322e+00 1.027054747490672160e+00 1.031154269830378167e+00
7.038074014122051949e+02 1.041208694013982416e+00 1.029012800118763282e+00 1.033070733101076444e+00
7.038074971536268549e+02 1.028118015817734321e+00 1.030989442437414860e+00 1.035001519088341704e+00
7.038075928950484013e+02 1.031841946051768932e+00 1.032983791981854749e+00 1.036945862584049527e+00
7.038076886364699476e+02 1.037242134715394837e+00 1.034994973363985826e+00 1.038903009047120740e+00
7.038077843778914939e+02 1.041962398019781855e+00 1.037022119000837961e+00 1.040872215004789547e+00
7.038078801193130403e+02 1.029375230880509529e+00 1.039064369819261202e+00 1.042852748434177412e+00
7.038079758607347003e+02 1.052646832589749559e+00 1.041120875925042544e+00 1.044843889113389324e+00
7.038080716021562466e+02 1.049864499811657081e+00 1.043190797223976896e+00 1.046844928930823038e+00
7.038081673435777930e+02 1.029997107118160171e+00 1.045273304031557382e+00 1.048855172188864593e+00
7.038082630849993393e+02 1.032975036681722747e+00 1.047367577622536849e+00 1.050873935855384911e+00
7.038083588264208856e+02 1.056590155028051425e+00 1.049472810757142271e+00 1.052900549799239194e+00
7.038084545678425457e+02 1.056668487258242806e+00 1.051588208172125727e+00 1.054934356998800560e+00
7.038085503092640920e+02 1.056405957396705730e+00 1.053712987024358894e+00 1.056974713712205860e+00
7.038086460506856383e+02 1.064721841647919387e+00 1.055846377325135199e+00 1.059020989646399791e+00
7.038087417921071847e+02 1.077394380712738409e+00 1.057987622315461396e+00 1.061072568077535250e+00
7.038088375335287310e+02 1.069844785518885733e+00 1.060135978820586189e+00 1.063128845959823598e+00
7.038089332749503910e+02 1.062318370988940996e+00 1.062290717571942489e+00 1.065189234011694186e+00
7.038090290163719374e+02 1.067830218529448594e+00 1.064451123484352113e+00 1.067253156767896449e+00
7.038091247577934837e+02 1.067633183939705965e+00 1.066616495927670050e+00 1.069320052635162499e+00
7.038092204992150300e+02 1.068571168199925481e+00 1.068786148942498349e+00 1.071389373903403053e+00
7.038093162406365764e+02 1.078726845535337153e+00 1.070959411439199593e+00 1.073460586750049073e+00
7.038094119820582364e+02 1.074884051749622982e+00 1.073135627368343670e+00 1.075533171226227269e+00
7.038095077234797827e+02 1.072164266787546172e+00 1.075314155850560338e+00 1.077606621213353710e+00
7.038096034649013291e+02 1.084395954164135478e+00 1.077494371305516063e+00 1.079680444387960403e+00
7.038096992063228754e+02 1.070420532802437652e+00 1.079675663529305218e+00 1.081754162146414178e+00
7.038097949477444217e+02 1.074766016917933165e+00 1.081857437759994101e+00 1.083827309527319427e+00
7.038098906891660818e+02 1.119964296632361300e+00 1.084039114719420382e+00 1.085899435120146306e+00
7.038099864305876281e+02 1.076938083348590203e+00 1.086220130619288904e+00 1.087970100948644436e+00
7.038100821720091744e+02 1.108935007014017593e+00 1.088399937171445231e+00 1.090038882366754835e+00
7.038101779134307208e+02 1.078310718447705208e+00 1.090578001551523624e+00 1.092105367918624559e+00
7.038102736548522671e+02 1.104511661815557044e+00 1.092753806355854618e+00 1.094169159200416130e+00
7.038103693962738134e+02 1.084795629753291912e+00 1.094926849537086078e+00 1.096229870709915843e+00
7.038104651376954735e+02 1.095253594338322367e+00 1.097096644324693671e+00 1.098287129689582198e+00
7.038105608791170198e+02 1.111335376285492282e+00 1.099262719115917442e+00 1.100340575949104727e+00
7.038106566205385661e+02 1.106499993846316254e+00 1.101424617376739912e+00 1.102389861704810459e+00
7.038107523619601125e+02 1.104613859122754560e+00 1.103581897502339926e+00 1.104434651387726118e+00
7.038108481033816588e+02 1.108752591146364930e+00 1.105734132676621684e+00 1.106474621457600671e+00
7.038109438448033188e+02 1.125220527877877963e+00 1.107880910718828105e+00 1.108509460211270170e+00
7.038110395862248652e+02 1.113762477351103675e+00 1.110021833905436184e+00 1.110538867573908961e+00
7.038111353276464115e+02 1.112325920361688647e+00 1.112156518806443950e+00 1.112562554909992896e+00
7.038112310690679578e+02 1.118296911489572887e+00 1.114284596085916679e+00 1.114580244806183229e+00
7.038113268104895042e+02 1.118936146841152279e+00 1.116405710305890864e+00 1.116591670862929098e+00
7.038114225519111642e+02 1.126998321344323761e+00 1.118519519721633770e+00 1.118596577483157661e+00
7.038115182933327105e+02 1.116284396413217195e+00 1.120625696056556153e+00 1.120594719646679449e+00
7.038116140347542569e+02 1.133779353557970770e+00 1.122723924295166320e+00 1.122585862706460658e+00
7.038117097761758032e+02 1.126251023055580003e+00 1.124813902444582014e+00 1.124569782159582365e+00
7.038118055175973495e+02 1.117268231464848105e+00 1.126895341302987186e+00 1.126546263429017536e+00
7.038119012590190096e+02 1.127139477988247540e+00 1.128967964223074327e+00 1.128515101644664176e+00
7.038119970004405559e+02 1.131536009117307895e+00 1.131031506858894531e+00 1.130476101412361212e+00
7.038120927418621022e+02 1.123391472013780090e+00 1.133085716933615261e+00 1.132429076606289220e+00
7.038121884832836486e+02 1.120619841725646770e+00 1.135130353979560081e+00 1.134373850138315820e+00
7.038122842247051949e+02 1.148507799769722615e+00 1.137165189088028772e+00 1.136310253739684972e+00
7.038123799661268549e+02 1.141595866842264995e+00 1.139190004657048449e+00 1.138238127743573358e+00
7.038124757075484013e+02 1.136762156522489242e+00 1.141204594125619920e+00 1.140157320857404510e+00
7.038125714489699476e+02 1.131572585152468502e+00 1.143208761730984513e+00 1.142067689959488375e+00
7.038126671903914939e+02 1.143557133450558760e+00 1.145202322241269055e+00 1.143969099874424522e+00
7.038127629318130403e+02 1.162488823874175070e+00 1.147185100700039317e+00 1.145861423161847581e+00
7.038128586732347003e+02 1.152818117928031905e+00 1.149156932171047973e+00 1.147744539907193939e+00
7.038129544146562466e+02 1.137463389470614095e+00 1.151117661471943610e+00 1.149618337503558685e+00
7.038130501560777930e+02 1.145145105649982398e+00 1.153067142932386213e+00 1.151482710458332503e+00
7.038131458974993393e+02 1.165732687273504542e+00 1.155005240130071664e+00 1.153337560180043742e+00
7.038132416389208856e+02 1.139647681560291392e+00 1.156931825640128197e+00 1.155182794779113120e+00
7.038133373803425457e+02 1.158689680284671342e+00 1.158846780786366493e+00 1.157018328871382007e+00
7.038134331217640920e+02 1.144241706396537328e+00 1.160749995383382638e+00 1.158844083373710587e+00
7.038135288631856383e+02 1.153583515513142643e+00 1.162641367503831180e+00 1.160659985324414389e+00
7.038136246046071847e+02 1.152146521530896139e+00 1.164520803225622902e+00 1.162465967685035517e+00
7.038137203460287310e+02 1.156151216566331463e+00 1.166388216393390964e+00 1.164261969156243248e+00
7.038138160874503910e+02 1.168862455672736944e+00 1.168243528382950869e+00 1.166047933996959829e+00
7.038139118288719374e+02 1.161183327785833663e+00 1.170086667858007523e+00 1.167823811836233849e+00
7.038140075702934837e+02 1.177636313077797592e+00 1.171917570552281740e+00 1.169589557509711053e+00
7.038141033117150300e+02 1.168164147881244341e+00 1.173736179033138871e+00 1.171345130878314933e+00
7.038141990531365764e+02 1.158640789778990765e+00 1.175542442479916572e+00 1.173090496661015614e+00
7.038142947945582364e+02 1.176584808538545079e+00 1.177336316465951160e+00 1.174825624271015778e+00
7.038143905359797827e+02 1.162107076121595250e+00 1.179117762733850938e+00 1.176550487645159349e+00
7.038144862774013291e+02 1.175456582246065862e+00 1.180886748996017754e+00 1.178265065097449771e+00
7.038145820188228754e+02 1.190376903634771999e+00 1.182643248717892837e+00 1.179969339155472197e+00
7.038146777602444217e+02 1.194764042663460701e+00 1.184387240915966144e+00 1.181663296410657926e+00
7.038147735016660818e+02 1.192315013452371897e+00 1.186118709959849138e+00 1.183346927371985657e+00
7.038148692430876281e+02 1.195966782045319698e+00 1.187837645368274853e+00 1.185020226313205916e+00
7.038149649845091744e+02 1.178086804722972225e+00 1.189544041629859716e+00 1.186683191143526939e+00
7.038150607259307208e+02 1.188589632110000682e+00 1.191237898007532214e+00 1.188335823261761348e+00
7.038151564673522671e+02 1.184798060289475652e+00 1.192919218357511468e+00 1.189978127423919618e+00
7.038152522087738134e+02 1.173819202677488738e+00 1.194588010950481616e+00 1.191610111612207090e+00
7.038153479501954735e+02 1.189421205451216323e+00 1.196244288298979885e+00 1.193231786909315639e+00
7.038154436916170198e+02 1.223493140748025398e+00 1.197888066979213351e+00 1.194843167366443248e+00
7.038155394330385661e+02 1.175306093665590135e+00 1.199519367476761245e+00 1.196444269893860879e+00
7.038156351744601125e+02 1.197904844320558881e+00 1.201138214016797212e+00 1.198035114135464818e+00
7.038157309158816588e+02 1.206381268459566947e+00 1.202744634408351443e+00 1.199615722356200509e+00
7.038158266573033188e+02 1.222021904400222736e+00 1.204338659892624896e+00 1.201186119332575464e+00
7.038159223987248652e+02 1.189829283759784806e+00 1.205920324985976011e+00 1.202746332236996896e+00
7.038160181401464115e+02 1.215492985929626624e+00 1.207489667345885920e+00 1.204296390543819095e+00
7.038161138815679578e+02 1.195495836120552990e+00 1.209046727622004491e+00 1.205836325919749319e+00
7.038162096229895042e+02 1.222275624750144285e+00 1.210591549320657379e+00 1.207366172126580040e+00
7.038163053644111642e+02 1.203843455354058678e+00 1.212124178673185115e+00 1.208885964926760259e+00
7.038164011058327105e+02 1.184181201597933830e+00 1.213644664499075931e+00 1.210395741982832840e+00
7.038164968472542569e+02 1.216470500548781919e+00 1.215153058091088534e+00 1.211895542777720935e+00
7.038165925886758032e+02 1.217965716367195084e+00 1.216649413085913567e+00 1.213385408519709330e+00
7.038166883300973495e+02 1.205501420160840942e+00 1.218133785347644604e+00 1.214865382059175047e+00
7.038167840715190096e+02 1.228907173781542239e+00 1.219606232854788086e+00 1.216335507807890792e+00
7.038168798129405559e+02 1.225398099184383138e+00 1.221066815582110721e+00 1.217795831652211502e+00
7.038169755543621022e+02 1.225297951867081014e+00 1.222515595403452782e+00 1.219246400886239368e+00
7.038170712957836486e+02 1.209101712729614198e+00 1.223952635980467329e+00 1.220687264130000393e+00
7.038171670372051949e+02 1.207941611531707204e+00 1.225378002663481958e+00 1.222118471258792471e+00
7.038172627786268549e+02 1.237392993859540713e+00 1.226791762395563312e+00 1.223540073334829392e+00
7.038173585200484013e+02 1.240873679080428227e+00 1.228193983611430617e+00 1.224952122532774634e+00
7.038174542614699476e+02 1.212101383630770357e+00 1.229584736156290159e+00 1.226354672084403408e+00
7.038175500028914939e+02 1.229600411895131362e+00 1.230964091190948739e+00 1.227747776208572228e+00
7.038176457443130403e+02 1.245010212448005582e+00 1.232332121108350886e+00 1.229131490051798448e+00
7.038177414857347003e+02 1.227903544067087127e+00 1.233688899452972665e+00 1.230505869630860616e+00
7.038178372271562466e+02 1.233517527561936777e+00 1.235034500835050508e+00 1.231870971769302603e+00
7.038179329685777930e+02 1.243539954900124034e+00 1.236369000863704271e+00 1.233226854052233978e+00
7.038180287099993393e+02 1.233155288433494423e+00 1.237692476066670544e+00 1.234573574766730797e+00
7.038181244514208856e+02 1.219912508133970563e+00 1.239005003820768502e+00 1.235911192852307439e+00
7.038182201928425457e+02 1.214678747817797833e+00 1.240306662284881734e+00 1.237239767853149264e+00
7.038183159342640920e+02 1.245541475139039012e+00 1.241597530327756882e+00 1.238559359864264797e+00
7.038184116756856383e+02 1.253658545468829821e+00 1.242877687473704196e+00 1.239870029495136361e+00
7.038185074171071847e+02 1.243128501937212027e+00 1.244147213835221644e+00 1.241171837819271762e+00
7.038186031585287310e+02 1.243919406754418144e+00 1.245406190055691642e+00 1.242464846333303008e+00
7.038186988999503910e+02 1.243931387866456406e+00 1.246654697254267141e+00 1.243749116917612918e+00
7.038187946413719374e+02 1.244038099535468289e+00 1.247892816965562313e+00 1.245024711790904570e+00
7.038188903827934837e+02 1.250920254334506154e+00 1.249120631096292566e+00 1.246291693481509144e+00
7.038189861242150300e+02 1.250775165342846940e+00 1.250338221869151223e+00 1.247550124784897907e+00
7.038190818656365764e+02 1.239169746631503033e+00 1.251545671776135515e+00 1.248800068730250734e+00
7.038191776070582364e+02 1.229757170764484764e+00 1.252743063533752199e+00 1.250041588548333582e+00
7.038192733484797827e+02 1.219892483805836925e+00 1.253930480033029760e+00 1.251274747633360329e+00
7.038193690899013291e+02 1.274048234534348678e+00 1.255108004305578673e+00 1.252499609520876023e+00
7.038194648313228754e+02 1.266647443244092619e+00 1.256275719477203623e+00 1.253716237852139814e+00
7.038195605727444217e+02 1.239155494488080045e+00 1.257433708730374855e+00 1.254924696347114788e+00
7.038196563141660818e+02 1.265936904744536129e+00 1.258582055268298028e+00 1.256125048778569786e+00
7.038197520555876281e+02 1.264733522261685783e+00 1.259720842273819530e+00 1.257317358940215124e+00
7.038198477970091744e+02 1.250086533753195672e+00 1.260850152883510322e+00 1.258501690630184244e+00
7.038199435384307208e+02 1.268331451057252313e+00 1.261970070149639245e+00 1.259678107621320597e+00
7.038200392798522671e+02 1.241987835120800687e+00 1.263080677010444575e+00 1.260846673639645310e+00
7.038201350212738134e+02 1.274544376102500376e+00 1.264182056260461318e+00 1.262007452342391645e+00
7.038202307626954735e+02 1.275761448415221322e+00 1.265274290523521250e+00 1.263160507298379365e+00
7.038203265041170198e+02 1.254764210515923573e+00 1.266357462220612407e+00 1.264305901962490042e+00
7.038204222455385661e+02 1.285373003518829549e+00 1.267431653551984061e+00 1.265443699664733135e+00
7.038205179869601125e+02 1.252346630952692275e+00 1.268496946467519093e+00 1.266573963586492546e+00
7.038206137283816588e+02 1.257055790524009842e+00 1.269553422644804197e+00 1.267696756744473685e+00
7.038207094698033188e+02 1.246459095373283255e+00 1.270601163468298767e+00 1.268812141975422136e+00
7.038208052112248652e+02 1.288897801300804336e+00 1.271640250003420292e+00 1.269920181915022983e+00
7.038209009526464115e+02 1.271403734679109387e+00 1.272670762984138504e+00 1.271020938990798266e+00
7.038209966940679578e+02 1.273695123376542115e+00 1.273692782789163314e+00 1.272114475402495781e+00
7.038210924354895042e+02 1.276867736049916102e+00 1.274706389425375175e+00 1.273200853109818897e+00
7.038211881769111642e+02 1.270425131611683467e+00 1.275711662512164279e+00 1.274280133820801408e+00
7.038212839183327105e+02 1.286880930294280301e+00 1.276708681260751765e+00 1.275352378974444534e+00
7.038213796597542569e+02 1.280232818027181807e+00 1.277697524466340440e+00 1.276417649736807824e+00
7.038214754011758032e+02 1.257099486829037049e+00 1.278678270489185698e+00 1.277476006984890944e+00
7.038215711425973495e+02 1.300856663596156260e+00 1.279650997242488764e+00 1.278527511297535169e+00
7.038216668840190096e+02 1.279101218033396714e+00 1.280615782181034445e+00 1.279572222946849358e+00
7.038217626254405559e+02 1.277829192225940824e+00 1.281572702284895726e+00 1.280610201883999544e+00
7.038218583668621022e+02 1.270093510844424456e+00 1.282521834055327048e+00 1.281641507737929730e+00
7.038219541082836486e+02 1.272346070441831456e+00 1.283463253499912193e+00 1.282666199802189544e+00
7.038220498497051949e+02 1.283002152982242405e+00 1.284397036124144131e+00 1.283684337028463185e+00
7.038221455911268549e+02 1.293785564930169274e+00 1.285323256923615931e+00 1.284695978020538476e+00
7.038222413325484013e+02 1.284133983283345382e+00 1.286241990371362665e+00 1.285701181022734341e+00
7.038223370739699476e+02 1.309260605967958568e+00 1.287153310416806473e+00 1.286700003920780766e+00
7.038224328153914939e+02 1.295119753965807252e+00 1.288057290474283523e+00 1.287692504231101154e+00
7.038225285568130403e+02 1.295831505617292878e+00 1.288954003417650762e+00 1.288678739096523085e+00
7.038226242982347003e+02 1.293896408101829154e+00 1.289843521575381402e+00 1.289658765282340802e+00
7.038227200396562466e+02 1.295052539431071681e+00 1.290725916720915745e+00 1.290632639166947149e+00
7.038228157810777930e+02 1.302105267358363516e+00 1.291601260074063839e+00 1.291600416744458579e+00
7.038229115224993393e+02 1.292352347681027469e+00 1.292469622292317544e+00 1.292562153616050757e+00
7.038230072639208856e+02 1.303936891723780800e+00 1.293331073467917758e+00 1.293517904987453004e+00
7.038231030053425457e+02 1.326311473533786200e+00 1.294185683125309350e+00 1.294467725666730740e+00
7.038231987467640920e+02 1.287094216995867013e+00 1.295033520213959566e+00 1.295411670056745290e+00
7.038232944881856383e+02 1.314459098164002082e+00 1.295874653111719566e+00 1.296349792159182002e+00
7.038233902296071847e+02 1.321417804920385963e+00 1.296709149618414436e+00 1.297282145567582923e+00
7.038234859710287310e+02 1.277489586529684251e+00 1.297537076954892399e+00 1.298208783466300309e+00
7.038235817124503910e+02 1.316646862242763172e+00 1.298358501762379769e+00 1.299129758629672837e+00
7.038236774538719374e+02 1.316005087369221727e+00 1.299173490097307537e+00 1.300045123415997095e+00
7.038237731952934837e+02 1.311801923250298874e+00 1.299982107436208567e+00 1.300954929772668356e+00
7.038238689367150300e+02 1.320489356099347589e+00 1.300784418671162346e+00 1.301859229230612147e+00
7.038239646781365764e+02 1.335058303607781216e+00 1.301580488110423595e+00 1.302758072904413256e+00
7.038240604195582364e+02 1.294387851259988231e+00 1.302370379479283580e+00 1.303651511492619264e+00
7.038241561609797827e+02 1.307454802405654926e+00 1.303154155916525170e+00 1.304539595272952379e+00
7.038242519024013291e+02 1.319958608534787192e+00 1.303931879980502639e+00 1.305422374108317074e+00
7.038243476438228754e+02 1.290690302887816499e+00 1.304703613646081450e+00 1.306299897442379621e+00
7.038244433852444217e+02 1.299442913020439905e+00 1.305469418306504314e+00 1.307172214300635238e+00
7.038245391266660818e+02 1.321296271734349048e+00 1.306229354775443552e+00 1.308039373291614460e+00
7.038246348680876281e+02 1.313799527365289377e+00 1.306983483284754444e+00 1.308901422603103493e+00
7.038247306095091744e+02 1.320935519256985824e+00 1.307731863491448543e+00 1.309758410008816654e+00
7.038248263509307208e+02 1.329833058024743719e+00 1.308474554475822726e+00 1.310610382864909162e+00
7.038249220923522671e+02 1.284297183583438251e+00 1.309211614744293151e+00 1.311457388111789246e+00
7.038250178337738134e+02 1.312670239825123319e+00 1.309943102231490908e+00 1.312299472275032075e+00
7.038251135751954735e+02 1.299550142275631259e+00 1.310669074303376869e+00 1.313136681467409916e+00
7.038252093166170198e+02 1.314691605653608431e+00 1.311389587756212505e+00 1.313969061386082604e+00
7.038253050580385661e+02 1.339183036649548519e+00 1.312104698824284155e+00 1.314796657319841744e+00
7.038254007994601125e+02 1.307200408212845666e+00 1.312814463179139635e+00 1.315619514146509683e+00
7.038254965408816588e+02 1.301300112788010166e+00 1.313518935933270626e+00 1.316437676335431739e+00
7.038255922823033188e+02 1.324746450756700833e+00 1.314218171643880773e+00 1.317251187950023494e+00
7.038256880237248652e+02 1.316634622802150156e+00 1.314912224312623223e+00 1.318060092645596315e+00
7.038257837651464115e+02 1.318823289855924230e+00 1.315601147393741899e+00 1.318864433676924852e+00
7.038258795065679578e+02 1.298083505957140060e+00 1.316284993794007097e+00 1.319664253896228656e+00
7.038259752479895042e+02 1.316353140411858025e+00 1.316963815876902366e+00 1.320459595756077409e+00
7.038260709894111642e+02 1.315281647736472381e+00 1.317637665466864449e+00 1.321250501312332792e+00
7.038261667308327105e+02 1.336404101920187770e+00 1.318306593849615016e+00 1.322037012222477825e+00
7.038262624722542569e+02 1.313429510104210163e+00 1.318970651780563053e+00 1.322819169753396418e+00
7.038263582136758032e+02 1.317695616224199284e+00 1.319629889485270935e+00 1.323597014779817060e+00
7.038264539550973495e+02 1.311057599458084644e+00 1.320284356663998349e+00 1.324370587787524034e+00
7.038265496965190096e+02 1.318054368639113294e+00 1.320934102496270857e+00 1.325139928876586159e+00
7.038266454379405559e+02 1.312706272315862455e+00 1.321579175641657278e+00 1.325905077760082929e+00
7.038267411793621022e+02 1.292621934031533693e+00 1.322219624248307746e+00 1.326666073772006627e+00
7.038268369207836486e+02 1.300929407045014585e+00 1.322855495953818128e+00 1.327422955866066845e+00
7.038269326622051949e+02 1.329566781873040782e+00 1.323486837890007095e+00 1.328175762619118627e+00
7.038270284036268549e+02 1.310303650252155672e+00 1.324113696687694963e+00 1.328924532234591505e+00
7.038271241450484013e+02 1.311797592584176719e+00 1.324736118477809477e+00 1.329669302541523379e+00
7.038272198864699476e+02 1.319968657328450146e+00 1.325354148899956952e+00 1.330410111002511497e+00
