7.049320840000000317e+02 3.699984084231523578e-04 3.705249997513550579e-04
7.049323964999999816e+02 4.173287986106033335e-04 3.703195287378908485e-04
7.049327090000000453e+02 3.754419581188322237e-04 3.700781909891213582e-04
7.049330214999999953e+02 3.659261421927462719e-04 3.697996991442719641e-04
7.049333340000000589e+02 3.845451917535646583e-04 3.694827126690321565e-04
7.049336465000000089e+02 4.025798188095785395e-04 3.691258355258342162e-04
7.049339590000000726e+02 3.980138012589609945e-04 3.687276137491126305e-04
7.049342715000000226e+02 4.179347413648856193e-04 3.682865329277791133e-04
7.049345840000000862e+02 3.904903351439277027e-04 3.678010155896788104e-04
7.049348965000000362e+02 3.602304165984816352e-04 3.672694184920980006e-04
7.049352089999999862e+02 3.594779522395538380e-04 3.666900298134094733e-04
7.049355215000000499e+02 3.361526008604712851e-04 3.660610662507040778e-04
7.049358339999999998e+02 4.109343647312319308e-04 3.653806700236418765e-04
7.049361465000000635e+02 3.459909046985263931e-04 3.646469057843562027e-04
7.049364590000000135e+02 4.005380832489001570e-04 3.638577574431984770e-04
7.049367715000000771e+02 3.807734310305105406e-04 3.630111249076839117e-04
7.049370840000000271e+02 3.914672551632532088e-04 3.621048207499333229e-04
7.049373964999999771e+02 3.194298369266168028e-04 3.611365668023755623e-04
7.049377090000000408e+02 3.178194749224599750e-04 3.601039906998312716e-04
7.049380214999999907e+02 3.480654652420948447e-04 3.590046223787732543e-04
7.049383340000000544e+02 3.456136894632367597e-04 3.578358905456733153e-04
7.049386465000000044e+02 3.484178381429322365e-04 3.565951191438446622e-04
7.049389590000000680e+02 3.019249110979897147e-04 3.552795238297361637e-04
7.049392715000000180e+02 3.980888876683628605e-04 3.538862085002048735e-04
7.049395840000000817e+02 3.739661286322191786e-04 3.524121618892663422e-04
7.049398965000000317e+02 3.703386063860989981e-04 3.508542542884295046e-04
7.049402089999999816e+02 3.504290234567986528e-04 3.492092344203566174e-04
7.049405215000000453e+02 3.199509123629206168e-04 3.474737265316208876e-04
7.049408339999999953e+02 3.466154485802117003e-04 3.456442277614007086e-04
7.049411465000000589e+02 3.260454428376794627e-04 3.437171058500675916e-04
7.049414590000000089e+02 3.181195547236363372e-04 3.416885972860271006e-04
7.049417715000000726e+02 3.636138378031300296e-04 3.395548059643010443e-04
7.049420840000000226e+02 3.075423938618291144e-04 3.373117024874142914e-04
7.049423965000000862e+02 3.396457854304855343e-04 3.349551242085056302e-04
7.049427090000000362e+02 3.309919499846830301e-04 3.324807761824220072e-04
7.049430214999999862e+02 2.556143338706547380e-04 3.298842331597557319e-04
7.049433340000000499e+02 3.375122268555584169e-04 3.271609428260533999e-04
7.049436464999999998e+02 3.400381878584895329e-04 3.243062304838705500e-04
7.049439590000000635e+02 3.386163581310204160e-04 3.213153053977692167e-04
7.049442715000000135e+02 3.175092637265369182e-04 3.181832690874011643e-04
7.049445840000000771e+02 3.079299903573311627e-04 3.149051258267294962e-04
7.049448965000000271e+02 2.501474209906399612e-04 3.114757957080872787e-04
7.049452089999999771e+02 2.941768665720936480e-04 3.078901305954874490e-04
7.049455215000000408e+02 2.529301944069550041e-04 3.041429333935857056e-04
7.049458339999999907e+02 2.772678981905623858e-04 3.002289810590876864e-04
7.049461465000000544e+02 2.434899360094522640e-04 2.961430518179619361e-04
7.049464590000000044e+02 3.159099033036435415e-04 2.918799571437553551e-04
7.049467715000000680e+02 2.388185997534725421e-04 2.874345790141490586e-04
7.049470840000000180e+02 3.018093647116403878e-04 2.828019130945989596e-04
7.049473965000000817e+02 2.914553859638298328e-04 2.779771184369256840e-04
7.049477090000000317e+02 2.414094034287919113e-04 2.729555744129781927e-04
7.049480214999999816e+02 2.118368896859995642e-04 2.677329455221982065e-04
7.049483340000000453e+02 2.770415097425763884e-04 2.623052548175923773e-04
7.049486464999999953e+02 2.300557170946437077e-04 2.566689666316486831e-04
7.049489590000000589e+02 2.241398443327851015e-04 2.508210792529371965e-04
7.049492715000000089e+02 1.954770762205563952e-04 2.447592282254893348e-04
7.049495840000000726e+02 2.238516771006540912e-04 2.384818007451664586e-04
7.049498965000000226e+02 2.605233309580580773e-04 2.319880616361260554e-04
7.049502090000000862e+02 1.813110709268935623e-04 2.252782910809850332e-04
7.049505215000000362e+02 2.539737065992294339e-04 2.183539341947410566e-04
7.049508339999999862e+02 2.389579960466026013e-04 2.112177620939251915e-04
7.049511465000000499e+02 2.169330448380844356e-04 2.038740438783861336e-04
7.049514589999999998e+02 1.689491650193211225e-04 1.963287284120052818e-04
7.049517715000000635e+02 1.663977162380843441e-04 1.885896342446772515e-04
7.049520840000000135e+02 1.831480491636491468e-04 1.806666454838594046e-04
7.049523965000000771e+02 1.849641676805387517e-04 1.725719105467630413e-04
7.049527090000000271e+02 1.846557679000518815e-04 1.643200400876251399e-04
7.049530214999999771e+02 1.309661468171085391e-04 1.559282993276299586e-04
7.049533340000000408e+02 1.719866012805977432e-04 1.474167892338675359e-04
7.049536464999999907e+02 1.433588964658031261e-04 1.388086099268460386e-04
7.049539590000000544e+02 1.735223976622826702e-04 1.301299987462623019e-04
7.049542715000000044e+02 1.213326410065464634e-04 1.214104346465249803e-04
7.049545840000000680e+02 1.275881851959904186e-04 1.126826996978000958e-04
7.049548965000000180e+02 8.574893028184983742e-05 1.039828881759403549e-04
7.049552090000000817e+02 1.305027334492618878e-04 9.535035335569861043e-05
7.049555215000000317e+02 9.911387899721934235e-05 8.682758257786118354e-05
7.049558339999999816e+02 6.830802275206712747e-05 7.845999173226557975e-05
7.049561465000000453e+02 7.827757300674465597e-05 7.029563184761801302e-05
7.049564589999999953e+02 8.771521034255534070e-05 6.238480240362218867e-05
7.049567715000000589e+02 9.515239886576464900e-05 5.477956871414391219e-05
7.049570840000000089e+02 7.144825247862567758e-05 4.753318423267378803e-05
7.049573965000000726e+02 4.772911313852876131e-05 4.069942246696757536e-05
7.049577090000000226e+02 3.038675323454934548e-05 3.433182781401855339e-05
7.049580215000000862e+02 3.143517674906312555e-05 2.848289914087507262e-05
7.049583340000000362e+02 2.964038348191399991e-05 2.320322474867711520e-05
7.049586464999999862e+02 2.222279492421084924e-05 1.854059149327840061e-05
7.049589590000000499e+02 2.602978630938778735e-05 1.453909453905534857e-05
7.049592714999999998e+02 2.892119237762626985e-05 1.123827665607665358e-05
7.049595840000000635e+02 1.619085278957143809e-05 8.672327144053865536e-06
7.049598965000000135e+02 8.747037335602511344e-06 6.869370076074854114e-06
7.049602090000000771e+02 7.110186957127735251e-06 5.850869355991876504e-06
7.049605215000000271e+02 2.752437786658536522e-06 5.631174340921489750e-06
7.049608339999999771e+02 7.635582359609314275e-06 6.217224412764386664e-06
7.049611465000000408e+02 4.937041709879741033e-06 7.608424399501302012e-06
7.049614589999999907e+02 3.539667606084432438e-06 9.796695422900965507e-06
7.049617715000000544e+02 1.272597322114513312e-05 1.276669819013492101e-05
7.049620840000000044e+02 1.609018327936726558e-05 1.649621837363094147e-05
7.049623965000000680e+02 1.506980424614009381e-05 2.095669715986469612e-05
7.049627090000000180e+02 1.769147391479598732e-05 2.611388453914305444e-05
7.049630215000000817e+02 1.840413232643204383e-05 3.192858900409573070e-05
7.049633340000000317e+02 1.830719508236028587e-05 3.835749488690763670e-05
7.049636464999999816e+02 3.061441217278757464e-05 4.535401799878945001e-05
7.049639590000000453e+02 3.942603393678220213e-05 5.286917101783463033e-05
7.049642714999999953e+02 4.875528029234784744e-05 6.085241237436129482e-05
7.049645840000000589e+02 5.822834226659616733e-05 6.925245569646321011e-05
7.049648965000000089e+02 5.945928098864359526e-05 7.801802079884945652e-05
7.049652090000000726e+02 7.211601639144444773e-05 8.709851177290566838e-05
7.049655215000000226e+02 9.392996691362631560e-05 9.644461203676939632e-05
7.049658340000000862e+02 9.475061868727889763e-05 1.060087906986068826e-04
7.049661465000000362e+02 1.218120505733506342e-04 1.157457182739745293e-04
7.049664589999999862e+02 9.817341728715834248e-05 1.256125933581069139e-04
7.049667715000000499e+02 1.031199285687044989e-04 1.355693843886618128e-04
7.049670839999999998e+02 1.475625710257604027e-04 1.455789928291126723e-04
7.049673965000000635e+02 1.719371864201153918e-04 1.556073455534957460e-04
7.049677090000000135e+02 1.384618952021806552e-04 1.656234249571626358e-04
7.049680215000000771e+02 1.672267604502157383e-04 1.755992458958268907e-04
7.049683340000000271e+02 1.703871701199716920e-04 1.855097882894002153e-04
7.049686464999999771e+02 2.249978607273094141e-04 1.953328940992462388e-04
7.049689590000000408e+02 1.782675446626614006e-04 2.050491365925571246e-04
7.049692714999999907e+02 2.082829932769019268e-04 2.146416691883639089e-04
7.049695840000000544e+02 2.016924011397899568e-04 2.240960603408226879e-04
7.049698965000000044e+02 2.375608235889051592e-04 2.334001199226092861e-04
7.049702090000000680e+02 2.558545034732215761e-04 2.425437219045477625e-04
7.049705215000000180e+02 2.544563683563120507e-04 2.515186270874473985e-04
7.049708340000000817e+02 3.020118806479055976e-04 2.603183090995135054e-04
7.049711465000000317e+02 2.566323135154043034e-04 2.689377859721688762e-04
7.049714589999999816e+02 2.834689777092258534e-04 2.773734592102739482e-04
7.049717715000000453e+02 3.039485811820631525e-04 2.856229615683815296e-04
7.049720839999999953e+02 2.871724883042337797e-04 2.936850144180313486e-04
7.049723965000000589e+02 3.571761480370333800e-04 3.015592952197025428e-04
7.049727090000000089e+02 3.080345291633485548e-04 3.092463152135784920e-04
7.049730215000000726e+02 2.693263770708546998e-04 3.167473073718178123e-04
7.049733340000000226e+02 2.988761663242006173e-04 3.240641242901986770e-04
7.049736465000000862e+02 3.857037862849550499e-04 3.311991457415840146e-04
7.049739590000000362e+02 3.593571484627540078e-04 3.381551953388554194e-04
7.049742714999999862e+02 3.442663223710308844e-04 3.449354658591178191e-04
7.049745840000000499e+02 3.592060782888743418e-04 3.515434525922452621e-04
7.049748964999999998e+02 3.836660257134986681e-04 3.579828941513350207e-04
7.049752090000000635e+02 3.774002420633051761e-04 3.642577201747155906e-04
7.049755215000000135e+02 3.821488102254363994e-04 3.703720052773152574e-04
7.049758340000000771e+02 3.588252680155243866e-04 3.763299287595551655e-04
7.049761465000000271e+02 3.868967510029123818e-04 3.821357394618854681e-04
7.049764589999999771e+02 3.521506502014052167e-04 3.877937253252949348e-04
7.049767715000000408e+02 4.022554249682434467e-04 3.933081871264269662e-04
7.049770839999999907e+02 4.511428451068151741e-04 3.986834159681698392e-04
7.049773965000000544e+02 4.167093718241935297e-04 4.039236741366569131e-04
7.049777090000000044e+02 4.325334497064603576e-04 4.090331789015192484e-04
7.049780215000000680e+02 4.355915175836655808e-04 4.140160889788325636e-04
7.049783340000000180e+02 4.315992868760566139e-04 4.188764932860763123e-04
7.049786465000000817e+02 5.149651774602436978e-04 4.236184017686667387e-04
7.049789590000000317e+02 3.799961032082905046e-04 4.282457379878341496e-04
7.049792714999999816e+02 4.734482930797125283e-04 4.327623332984620731e-04
7.049795840000000453e+02 4.560310316715569497e-04 4.371719223704373315e-04
7.049798964999999953e+02 4.323662397421741926e-04 4.414781398910370990e-04
7.049802090000000589e+02 5.091184800121695796e-04 4.456845183025826668e-04
7.049805215000000089e+02 5.154208296870213925e-04 4.497944863932155229e-04
7.049808340000000726e+02 4.929673309764074935e-04 4.538113686629358275e-04
7.049811465000000226e+02 4.524235296486150341e-04 4.577383853043678528e-04
7.049814590000000862e+02 4.159294430388083799e-04 4.615786527478740135e-04
7.049817715000000362e+02 4.485226187052831592e-04 4.653351846378867831e-04
7.049820839999999862e+02 4.109847906125814595e-04 4.690108932091883727e-04
7.049823965000000499e+02 5.100515359023190210e-04 4.726085909614702015e-04
7.049827089999999998e+02 4.774947823005094936e-04 4.761309925891434838e-04
7.049830215000000635e+02 5.417221259809044346e-04 4.795807171285257375e-04
7.049833340000000135e+02 4.889573114441773472e-04 4.829602902465859860e-04
7.049836465000000771e+02 4.487500003917605559e-04 4.862721466732030382e-04
7.049839590000000271e+02 4.473398437252323607e-04 4.895186327042547495e-04
7.049842714999999771e+02 5.020884056424055513e-04 4.927020087858406802e-04
7.049845840000000408e+02 4.955629353768201172e-04 4.958244521252005207e-04
7.049848964999999907e+02 4.205239314213168227e-04 4.988880593206103387e-04
7.049852090000000544e+02 4.883063979885810934e-04 5.018948490037983788e-04
7.049855215000000044e+02 5.342177604108526911e-04 5.048467644523360522e-04
7.049858340000000680e+02 5.212891451971788000e-04 5.077456761943385712e-04
7.049861465000000180e+02 5.604223599115134430e-04 5.105933845603684079e-04
7.049864590000000817e+02 5.233470264634755781e-04 5.133916222086365878e-04
7.049867715000000317e+02 5.244646052090090865e-04 5.161420565830166255e-04
7.049870839999999816e+02 5.212356054517767057e-04 5.188462923306915537e-04
7.049873965000000453e+02 5.551192847046602062e-04 5.215058736494727681e-04
7.049877089999999953e+02 4.978126423094575035e-04 5.241222865722011031e-04
7.049880215000000589e+02 5.570834661220952326e-04 5.266969611951619838e-04
7.049883340000000089e+02 5.045145035713461497e-04 5.292312738250166048e-04
7.049886465000000726e+02 4.874728050699770709e-04 5.317265490727562808e-04
7.049889590000000226e+02 5.334690549499196801e-04 5.341840618642782878e-04
7.049892715000000862e+02 5.507120603686214196e-04 5.366050393971284662e-04
7.049895840000000362e+02 5.562300043032625046e-04 5.389906630147683463e-04
7.049898964999999862e+02 5.295814484861085993e-04 5.413420700268628842e-04
7.049902090000000499e+02 5.328956601553789564e-04 5.436603554543350831e-04
7.049905214999999998e+02 5.066498923776355115e-04 5.459465737095117082e-04
7.049908340000000635e+02 5.450244233714710918e-04 5.482017402208619328e-04
7.049911465000000135e+02 6.189071252880013569e-04 5.504268329829661507e-04
7.049914590000000771e+02 5.753927668911729435e-04 5.526227940590848790e-04
7.049917715000000271e+02 4.707985287897990855e-04 5.547905310117633073e-04
7.049920839999999771e+02 5.536664434299710946e-04 5.569309182883701173e-04
7.049923965000000408e+02 5.678641215650041124e-04 5.590447985432059211e-04
7.049927089999999907e+02 5.290895898898303985e-04 5.611329839062358842e-04
7.049930215000000544e+02 5.444168003096196140e-04 5.631962572077144026e-04
7.049933340000000044e+02 5.767622172914376420e-04 5.652353731414578144e-04
7.049936465000000680e+02 5.477762538956529098e-04 5.672510593920928679e-04
7.049939590000000180e+02 5.191516038249641271e-04 5.692440177040363706e-04
7.049942715000000817e+02 5.608473267088814711e-04 5.712149249177028753e-04
