7.170406000000000404e+02 2.347767447145505146e-04 2.354334695129525041e-04
7.170409124999999904e+02 2.474223720213061394e-04 2.353552070091007237e-04
7.170412250000000540e+02 2.598806937816632349e-04 2.352670241711240552e-04
7.170415375000000040e+02 2.268846470820052794e-04 2.351685460521822126e-04
7.170418500000000677e+02 2.450413194465433150e-04 2.350593804689054861e-04
7.170421625000000176e+02 2.377660675255644450e-04 2.349391170814029849e-04
7.170424750000000813e+02 2.282541493937978699e-04 2.348073264177803277e-04
7.170427875000000313e+02 2.455044321088630270e-04 2.346635588409363082e-04
7.170431000000000950e+02 2.369476508966064090e-04 2.345073434524970566e-04
7.170434125000000449e+02 2.265072376296116039e-04 2.343381869314552918e-04
7.170437249999999949e+02 2.056872683394549563e-04 2.341555723016771012e-04
7.170440375000000586e+02 2.559394776900184043e-04 2.339589576251278349e-04
7.170443500000000085e+02 2.313911429207992808e-04 2.337477746155991725e-04
7.170446625000000722e+02 2.413603813318703026e-04 2.335214271670378150e-04
7.170449750000000222e+02 2.612079265200631536e-04 2.332792897929899254e-04
7.170452875000000859e+02 2.290020011121067858e-04 2.330207059690755586e-04
7.170456000000000358e+02 2.113569602412493896e-04 2.327449863751248412e-04
7.170459124999999858e+02 2.467408971788731444e-04 2.324514070279167703e-04
7.170462250000000495e+02 2.569559352803944818e-04 2.321392073000796302e-04
7.170465374999999995e+02 2.386293356645560683e-04 2.318075878173379617e-04
7.170468500000000631e+02 1.945054428190878034e-04 2.314557082254237945e-04
7.170471625000000131e+02 2.291370831862589593e-04 2.310826848218873973e-04
7.170474750000000768e+02 2.415424998659369176e-04 2.306875880409744301e-04
7.170477875000000267e+02 2.140529390886233277e-04 2.302694397872956248e-04
7.170481000000000904e+02 2.391750042443300931e-04 2.298272106052693558e-04
7.170484125000000404e+02 2.215725131661563094e-04 2.293598166800210245e-04
7.170487249999999904e+02 2.318175020341867306e-04 2.288661166559228643e-04
7.170490375000000540e+02 2.441967384857941271e-04 2.283449082673805577e-04
7.170493500000000040e+02 2.157685701508631519e-04 2.277949247711916116e-04
7.170496625000000677e+02 2.088202049911076351e-04 2.272148311691019387e-04
7.170499750000000176e+02 2.502878101423534549e-04 2.266032202164587010e-04
7.170502875000000813e+02 2.282923739658497715e-04 2.259586082020803403e-04
7.170506000000000313e+02 2.244519792679804766e-04 2.252794304980961513e-04
7.170509125000000950e+02 2.311395853092709373e-04 2.245640368655037731e-04
7.170512250000000449e+02 2.022768318819526318e-04 2.238106865170794450e-04
7.170515374999999949e+02 2.045883565391720606e-04 2.230175429257801490e-04
7.170518500000000586e+02 2.234161788496445841e-04 2.221826683828345879e-04
7.170521625000000085e+02 2.069089270591583404e-04 2.213040183039693910e-04
7.170524750000000722e+02 2.222257073382828023e-04 2.203794352845704987e-04
7.170527875000000222e+02 2.146924746809078315e-04 2.194066429202526868e-04
7.170531000000000859e+02 1.951937878209495899e-04 2.183832393969323445e-04
7.170534125000000358e+02 2.246988160610089249e-04 2.173066908820214967e-04
7.170537249999999858e+02 1.952115091290389346e-04 2.161743247349381795e-04
7.170540375000000495e+02 2.131830431119426811e-04 2.149833225851445484e-04
7.170543499999999995e+02 2.142107162775756606e-04 2.137307133260006999e-04
7.170546625000000631e+02 1.976408968819026062e-04 2.124133660859367663e-04
7.170549750000000131e+02 2.367133993885011886e-04 2.110279832723861715e-04
7.170552875000000768e+02 2.308405236809734826e-04 2.095710937799092970e-04
7.170556000000000267e+02 2.138943066808528953e-04 2.080390465091578038e-04
7.170559125000000904e+02 2.187512103823166228e-04 2.064280043423188590e-04
7.170562250000000404e+02 2.085384553871977601e-04 2.047339387900433362e-04
7.170565374999999904e+02 2.067962439003619602e-04 2.029526255334711629e-04
7.170568500000000540e+02 2.304904481716389848e-04 2.010796411667320699e-04
7.170571625000000040e+02 1.852419184396471405e-04 1.991103614852117009e-04
7.170574750000000677e+02 1.565552798050160789e-04 1.970399617313619287e-04
7.170577875000000176e+02 1.921642842282802739e-04 1.948634193152927279e-04
7.170581000000000813e+02 1.856533437172271312e-04 1.925755195800196934e-04
7.170584125000000313e+02 1.685450953695725703e-04 1.901708653341179227e-04
7.170587250000000950e+02 1.986939916880067541e-04 1.876438909461951624e-04
7.170590375000000449e+02 1.743895451624850336e-04 1.849888819845955446e-04
7.170593499999999949e+02 1.739014589918368484e-04 1.822000014851611529e-04
7.170596625000000586e+02 1.579614476360968647e-04 1.792713241481639296e-04
7.170599750000000085e+02 1.799590636218483658e-04 1.761968799191813734e-04
7.170602875000000722e+02 1.746601881500650113e-04 1.729707086007622606e-04
7.170606000000000222e+02 1.697490266587033385e-04 1.695869273846696535e-04
7.170609125000000859e+02 1.492348774241685470e-04 1.660398133357964586e-04
7.170612250000000358e+02 1.416778440378331613e-04 1.623239031246757360e-04
7.170615374999999858e+02 1.641314572560033565e-04 1.584341123975012400e-04
7.170618500000000495e+02 1.506945105669158034e-04 1.543658773628585291e-04
7.170621624999999995e+02 1.583154971387527084e-04 1.501153211786483558e-04
7.170624750000000631e+02 1.458827519781398692e-04 1.456794476544213566e-04
7.170627875000000131e+02 1.242613097227749557e-04 1.410563646206438443e-04
7.170631000000000768e+02 1.399001813953370502e-04 1.362455388018924058e-04
7.170634125000000267e+02 1.390097322424841189e-04 1.312480834279446888e-04
7.170637250000000904e+02 1.348010119526353188e-04 1.260670786603452977e-04
7.170640375000000404e+02 1.169364856197041238e-04 1.207079235442334744e-04
7.170643499999999904e+02 1.165581973610248934e-04 1.151787161007069177e-04
7.170646625000000540e+02 1.123250952744689845e-04 1.094906557218184743e-04
7.170649750000000040e+02 1.073513559580514690e-04 1.036584587949108515e-04
7.170652875000000677e+02 9.299229009651005312e-05 9.770077468797025671e-05
7.170656000000000176e+02 9.912430113499062269e-05 9.164058496006112638e-05
7.170659125000000813e+02 9.171476450131690352e-05 8.550556380759261532e-05
7.170662250000000313e+02 7.306655502999610612e-05 7.932837304772514012e-05
7.170665375000000950e+02 7.884166418522678226e-05 7.314686027708171571e-05
7.170668500000000449e+02 6.986375922612427609e-05 6.700412537230475266e-05
7.170671624999999949e+02 6.850564243243608808e-05 6.094841839707385668e-05
7.170674750000000586e+02 6.821384091297558378e-05 5.503283264530575594e-05
7.170677875000000085e+02 4.721927889995690430e-05 4.931476038366846063e-05
7.170681000000000722e+02 4.424121223364660361e-05 4.385508690747493612e-05
7.170684125000000222e+02 4.515635600431128232e-05 3.871711125527102992e-05
7.170687250000000859e+02 3.614666866151853197e-05 3.396519906422573986e-05
7.170690375000000358e+02 2.456237864381828487e-05 2.966319433138635110e-05
7.170693499999999858e+02 2.980742629020827325e-05 2.587264029185486121e-05
7.170696625000000495e+02 2.244373259378556028e-05 2.265088341336908711e-05
7.170699749999999995e+02 1.825273042257682032e-05 2.004915532221762285e-05
7.170702875000000631e+02 1.763006459224053816e-05 1.811074238908185431e-05
7.170706000000000131e+02 3.306646107902805126e-05 1.686935872938579673e-05
7.170709125000000768e+02 1.841367528502407396e-05 1.634783334310346500e-05
7.170712250000000267e+02 1.528640450249186473e-05 1.655720554942512432e-05
7.170715375000000904e+02 1.156133612797408369e-05 1.749629560781631820e-05
7.170718500000000404e+02 1.264428377626059712e-05 1.915178234485844213e-05
7.170721624999999904e+02 1.893454330566761825e-05 2.149878072061957860e-05
7.170724750000000540e+02 2.310328574301029653e-05 2.450187432528351032e-05
7.170727875000000040e+02 2.249451788276148073e-05 2.811652536008162322e-05
7.170731000000000677e+02 3.936790787945228503e-05 3.229076133044149748e-05
7.170734125000000176e+02 3.184553636578538839e-05 3.696702544360545444e-05
7.170737250000000813e+02 3.928999750060510143e-05 4.208407707172759994e-05
7.170740375000000313e+02 4.631377841414142840e-05 4.757883805700223738e-05
7.170743500000000950e+02 4.546578456609068277e-05 5.338809799821099105e-05
7.170746625000000449e+02 4.818147362765803318e-05 5.945001350526278030e-05
7.170749749999999949e+02 6.758056716334249537e-05 6.570536009787760476e-05
7.170752875000000586e+02 7.084432586626452917e-05 7.209851782852432270e-05
7.170756000000000085e+02 8.543883980547406780e-05 7.857819128649280889e-05
7.170759125000000722e+02 8.957422649321118290e-05 8.509787999092672790e-05
7.170762250000000222e+02 9.298395000573706870e-05 9.161612587649612803e-05
7.170765375000000859e+02 9.108161734241524278e-05 9.809657111087551431e-05
7.170768500000000358e+02 1.043600190263147952e-04 1.045078619529226461e-04
7.170771624999999858e+02 9.151621930893072561e-05 1.108234341408808032e-04
7.170774750000000495e+02 1.257319159921021210e-04 1.170212126647200387e-04
7.170777874999999995e+02 1.184232733597541588e-04 1.230832550159958560e-04
7.170781000000000631e+02 1.237507952058291899e-04 1.289953624881782482e-04
7.170784125000000131e+02 1.216140431145096615e-04 1.347466793480996258e-04
7.170787250000000768e+02 1.409724353455348001e-04 1.403292953544691714e-04
7.170790375000000267e+02 1.474746845615770797e-04 1.457378629307467198e-04
7.170793500000000904e+02 1.470491648867924871e-04 1.509692369608461925e-04
7.170796625000000404e+02 1.526516926288083785e-04 1.560221421670296589e-04
7.170799749999999904e+02 1.606244114343253289e-04 1.608968708591799882e-04
7.170802875000000540e+02 1.626656359891294858e-04 1.655950119687166970e-04
7.170806000000000040e+02 1.713168002355609191e-04 1.701192110451293048e-04
7.170809125000000677e+02 1.943273755802060125e-04 1.744729599694455483e-04
7.170812250000000176e+02 1.937845828496093559e-04 1.786604144757597849e-04
7.170815375000000813e+02 1.849899374113601652e-04 1.826862373031557690e-04
7.170818500000000313e+02 1.910143191188411183e-04 1.865554645234725900e-04
7.170821625000000950e+02 1.802420172657761568e-04 1.902733926509604916e-04
7.170824750000000449e+02 2.002913617611518885e-04 1.938454841013813486e-04
7.170827874999999949e+02 2.113333167253239912e-04 1.972772887803846576e-04
7.170831000000000586e+02 2.029991896915795682e-04 2.005743796635987310e-04
7.170834125000000085e+02 2.019219491323741831e-04 2.037423004630782477e-04
7.170837250000000722e+02 2.220870758115437728e-04 2.067865236613121568e-04
7.170840375000000222e+02 1.889662949295798288e-04 2.097124173433882017e-04
7.170843500000000859e+02 2.309335197275715328e-04 2.125252195042915359e-04
7.170846625000000358e+02 2.037154697822686792e-04 2.152300186072168798e-04
7.170849749999999858e+02 2.214450802315800788e-04 2.178317393935983858e-04
7.170852875000000495e+02 2.211727103904478312e-04 2.203351330273959263e-04
7.170855999999999995e+02 2.231546184253997147e-04 2.227447708200236756e-04
7.170859125000000631e+02 2.398305214484829301e-04 2.250650408911959342e-04
7.170862250000000131e+02 2.309192773242152170e-04 2.273001471888837981e-04
7.170865375000000768e+02 2.538122932603470113e-04 2.294541104265083531e-04
7.170868500000000267e+02 2.231380906330361548e-04 2.315307705156102193e-04
7.170871625000000904e+02 2.054742289268472375e-04 2.335337901893555057e-04
7.170874750000000404e+02 2.487423219088126330e-04 2.354666595159846153e-04
7.170877874999999904e+02 2.425922559604858498e-04 2.373327010968816241e-04
7.170881000000000540e+02 2.464984338337974424e-04 2.391350757416318995e-04
7.170884125000000040e+02 2.806238277147030656e-04 2.408767884728642858e-04
7.170887250000000677e+02 2.726225054121487979e-04 2.425606947403121630e-04
7.170890375000000176e+02 2.491118997776321157e-04 2.441895067256455638e-04
7.170893500000000813e+02 2.505158926782311761e-04 2.457657996754099316e-04
7.170896625000000313e+02 2.769730869934649144e-04 2.472920181770825367e-04
7.170899750000000950e+02 2.556849558091215204e-04 2.487704823459478427e-04
7.170902875000000449e+02 2.429652688312016731e-04 2.502033938648196682e-04
7.170905999999999949e+02 2.505968201248893979e-04 2.515928418639696218e-04
7.170909125000000586e+02 2.509209886002647643e-04 2.529408086055389727e-04
7.170912250000000085e+02 2.583825122488845661e-04 2.542491749627598407e-04
7.170915375000000722e+02 2.710392285747318330e-04 2.555197256883609156e-04
7.170918500000000222e+02 2.380067934233163845e-04 2.567541544543187892e-04
7.170921625000000859e+02 2.578924760908602202e-04 2.579540686753017910e-04
7.170924750000000358e+02 2.789488015693559748e-04 2.591209941013786341e-04
7.170927874999999858e+02 2.184836097350764770e-04 2.602563791965240036e-04
7.170931000000000495e+02 2.868377132390388120e-04 2.613615992960269686e-04
7.170934124999999995e+02 2.686594376179620813e-04 2.624379605529803851e-04
7.170937250000000631e+02 2.342665305513669553e-04 2.634867036840685389e-04
7.170940375000000131e+02 2.641250635399598431e-04 2.645090075119518468e-04
7.170943500000000768e+02 2.456200147551326047e-04 2.655059923239961131e-04
7.170946625000000267e+02 2.749993798949572354e-04 2.664787230430480745e-04
7.170949750000000904e+02 2.596122282798993719e-04 2.674282122302385390e-04
7.170952875000000404e+02 2.530928019902495014e-04 2.683554229162956944e-04
7.170955999999999904e+02 2.504569744781713625e-04 2.692612712804197004e-04
7.170959125000000540e+02 2.665471788847707736e-04 2.701466291758459972e-04
7.170962250000000040e+02 2.528230871295594827e-04 2.710123265134776593e-04
7.170965375000000677e+02 2.806240614284697754e-04 2.718591535141179219e-04
7.170968500000000176e+02 3.027606809780391032e-04 2.726878628286271496e-04
7.170971625000000813e+02 2.318987499697501152e-04 2.734991715427237836e-04
7.170974750000000313e+02 2.715234930000932456e-04 2.742937630632514721e-04
7.170977875000000950e+02 2.565924212051361847e-04 2.750722889019580324e-04
7.170981000000000449e+02 2.728448054457411958e-04 2.758353703534281460e-04
7.170984124999999949e+02 2.910638300148152215e-04 2.765836000819542383e-04
7.170987250000000586e+02 2.914898480494055753e-04 2.773175436156652472e-04
7.170990375000000085e+02 2.647956230312996351e-04 2.780377407560982467e-04
7.170993500000000722e+02 2.822291868259085824e-04 2.787447069106855735e-04
7.170996625000000222e+02 2.789625042502953851e-04 2.794389343462369535e-04
7.170999750000000859e+02 3.011457267723840862e-04 2.801208933759312511e-04
7.171002875000000358e+02 2.744108986194201375e-04 2.807910334757400994e-04
7.171005999999999858e+02 2.657472422894911388e-04 2.814497843420497186e-04
7.171009125000000495e+02 2.903996175058698925e-04 2.820975568878922248e-04
7.171012249999999995e+02 2.710800119201846607e-04 2.827347441838444107e-04
7.171015375000000631e+02 2.734888809580916943e-04 2.833617223491182238e-04
7.171018500000000131e+02 2.899833203861099541e-04 2.839788513900928096e-04
7.171021625000000768e+02 2.503157774763102518e-04 2.845864759963537445e-04
7.171024750000000267e+02 3.064943543187112897e-04 2.851849262896538791e-04
7.171027875000000904e+02 3.077891574381866639e-04 2.857745185355353972e-04
