7.048324949999999944e+02 3.860049938130446210e-04 3.645325303108172717e-04
7.048328074999999444e+02 3.536408694963002726e-04 3.643786293204686211e-04
7.048331200000000081e+02 3.259716209755552513e-04 3.641926330326556447e-04
7.048334324999999581e+02 4.259626134309436808e-04 3.639733550110711788e-04
7.048337450000000217e+02 3.495287537996911694e-04 3.637195576203992148e-04
7.048340574999999717e+02 3.628889207060594199e-04 3.634299496175334449e-04
7.048343700000000354e+02 4.073002710604402407e-04 3.631031836296077044e-04
7.048346824999999853e+02 3.312674805711348595e-04 3.627378535180343188e-04
7.048349950000000490e+02 3.169324596025345454e-04 3.623324916215500961e-04
7.048353074999999990e+02 3.817497315753196042e-04 3.618855658786906894e-04
7.048356199999999490e+02 3.580477084850582276e-04 3.613954768225114116e-04
7.048359325000000126e+02 3.871479323290299090e-04 3.608605544482675282e-04
7.048362449999999626e+02 4.065045996359112606e-04 3.602790549507415186e-04
7.048365575000000263e+02 3.773705124168996836e-04 3.596491573272639808e-04
7.048368699999999762e+02 3.642327124735662879e-04 3.589689598507303471e-04
7.048371825000000399e+02 4.318825763297220880e-04 3.582364764060551256e-04
7.048374949999999899e+02 3.025441094639821720e-04 3.574496326986070739e-04
7.048378074999999399e+02 3.797603447190515719e-04 3.566062623295492310e-04
7.048381200000000035e+02 3.567274286791091253e-04 3.557041027485677190e-04
7.048384324999999535e+02 3.542401450343058236e-04 3.547407910879110888e-04
7.048387450000000172e+02 3.595901186240061981e-04 3.537138598822881690e-04
7.048390574999999671e+02 3.912976058987217972e-04 3.526207326942422415e-04
7.048393700000000308e+02 3.555915239073240901e-04 3.514587196482119209e-04
7.048396824999999808e+02 3.076210467610804148e-04 3.502250129031122964e-04
7.048399950000000445e+02 3.349385500313798282e-04 3.489166820728371800e-04
7.048403074999999944e+02 3.491259792620917063e-04 3.475306696353926833e-04
7.048406199999999444e+02 3.281545995805846064e-04 3.460637863497818627e-04
7.048409325000000081e+02 3.629868601917175352e-04 3.445127067317458225e-04
7.048412449999999581e+02 3.513411518055271020e-04 3.428739646317864988e-04
7.048415575000000217e+02 2.939815642854132259e-04 3.411439489654881905e-04
7.048418699999999717e+02 3.303792261930300206e-04 3.393188996774947411e-04
7.048421825000000354e+02 3.362941618617705172e-04 3.373949039990126663e-04
7.048424949999999853e+02 2.962332454281502636e-04 3.353678931110144952e-04
7.048428075000000490e+02 3.538140214354438986e-04 3.332336392992586585e-04
7.048431199999999990e+02 3.251202833257077615e-04 3.309877537485022875e-04
7.048434324999999490e+02 3.193138793127492381e-04 3.286256850979900356e-04
7.048437450000000126e+02 2.782672620589227500e-04 3.261427189442987567e-04
7.048440574999999626e+02 2.818149596072929016e-04 3.235339784775824673e-04
7.048443700000000263e+02 3.197384149881805590e-04 3.207944264624225644e-04
7.048446824999999762e+02 3.337465598491231146e-04 3.179188688399180759e-04
7.048449950000000399e+02 3.091321781682244713e-04 3.149019602102659803e-04
7.048453074999999899e+02 2.822710286890043599e-04 3.117382115561397288e-04
7.048456199999999399e+02 2.930909753512811597e-04 3.084220005464921957e-04
7.048459325000000035e+02 3.400809226434921891e-04 3.049475848669497041e-04
7.048462449999999535e+02 3.199592560749373819e-04 3.013091190387257468e-04
7.048465575000000172e+02 3.032468166272769394e-04 2.975006752394647870e-04
7.048468699999999671e+02 2.736698135126797312e-04 2.935162687457386213e-04
7.048471825000000308e+02 2.725470218557709818e-04 2.893498886057632421e-04
7.048474949999999808e+02 2.492974625031111626e-04 2.849955343015961491e-04
7.048478075000000445e+02 2.527690550119716679e-04 2.804472591351844140e-04
7.048481199999999944e+02 2.455461859481605932e-04 2.756992212326849130e-04
7.048484324999999444e+02 2.758635498518888446e-04 2.707457430257138972e-04
7.048487450000000081e+02 2.519310576464277220e-04 2.655813802123493201e-04
7.048490574999999581e+02 2.897416399067225434e-04 2.602010011903057186e-04
7.048493700000000217e+02 2.539852980975049342e-04 2.545998779772017844e-04
7.048496824999999717e+02 2.322545906993444078e-04 2.487737897079052274e-04
7.048499950000000354e+02 2.419421884500973056e-04 2.427191396654075671e-04
7.048503074999999853e+02 2.178318419443201251e-04 2.364330868640492967e-04
7.048506200000000490e+02 2.646590017240736713e-04 2.299136929562776109e-04
7.048509324999999990e+02 2.084735087315608732e-04 2.231600851946794882e-04
7.048512449999999490e+02 2.207253128753345391e-04 2.161726357847044142e-04
7.048515575000000126e+02 1.643300777846284227e-04 2.089531577439999403e-04
7.048518699999999626e+02 2.023128629455189808e-04 2.015051168482277517e-04
7.048521825000000263e+02 1.795673548465657294e-04 1.938338586551742514e-04
7.048524949999999762e+02 1.729540650845301974e-04 1.859468489740041190e-04
7.048528075000000399e+02 1.633957195723569305e-04 1.778539251238723986e-04
7.048531199999999899e+02 1.670431472019497056e-04 1.695675544709547978e-04
7.048534324999999399e+02 1.659687375112345450e-04 1.611030953703269572e-04
7.048537450000000035e+02 1.530803278903426626e-04 1.524790544712280804e-04
7.048540574999999535e+02 1.473327573709482018e-04 1.437173327977519144e-04
7.048543700000000172e+02 1.156354817830546809e-04 1.348434514926502017e-04
7.048546824999999671e+02 1.124344800991977980e-04 1.258867466984166879e-04
7.048549950000000308e+02 1.531306095262125085e-04 1.168805214301059131e-04
7.048553074999999808e+02 1.172688016298675508e-04 1.078621412551593621e-04
7.048556200000000445e+02 1.095902562757676015e-04 9.887305948956769109e-05
7.048559324999999944e+02 8.651985604304744540e-05 8.995875743323117487e-05
7.048562449999999444e+02 1.107030065571468344e-04 8.116858524523933472e-05
7.048565575000000081e+02 6.629583702194843053e-05 7.255549037975873069e-05
7.048568699999999581e+02 7.032619178954511898e-05 6.417562253236383551e-05
7.048571825000000217e+02 8.186561886563381812e-05 5.608780731832894176e-05
7.048574949999999717e+02 5.796906962255641134e-05 4.835288545086252723e-05
7.048578075000000354e+02 6.215657736336884453e-05 4.103291958375314207e-05
7.048581199999999853e+02 3.334786239375556009e-05 3.419027770675206072e-05
7.048584325000000490e+02 4.194639535690275511e-05 2.788660901805862003e-05
7.048587449999999990e+02 2.941691519947674076e-05 2.218173585689359371e-05
7.048590574999999490e+02 1.598113953678626133e-05 1.713249233598486185e-05
7.048593700000000126e+02 1.845457164264740224e-05 1.279154679479042359e-05
7.048596824999999626e+02 2.074333144515232757e-05 9.206249936682630555e-06
7.048599950000000263e+02 9.534419447382707762e-06 6.417553263357303645e-06
7.048603074999999762e+02 1.346052467062741429e-05 4.459042625103422654e-06
7.048606200000000399e+02 1.735229884149141146e-05 3.356128946493031738e-06
7.048609324999999899e+02 1.461753932376741253e-05 3.125432700745028795e-06
7.048612449999999399e+02 1.167386851304492469e-05 3.774390472173935651e-06
7.048615575000000035e+02 7.212693394017043108e-06 5.301101706669012876e-06
7.048618699999999535e+02 1.967197734607108010e-05 7.694422093650219723e-06
7.048621825000000172e+02 1.498503503269073389e-05 1.093429796410627669e-05
7.048624949999999671e+02 7.508319487336671702e-06 1.499232446086089190e-05
7.048628075000000308e+02 1.087273204341425288e-05 1.983250006248764012e-05
7.048631199999999808e+02 1.749934114359849078e-05 2.541214185665133400e-05
7.048634325000000445e+02 2.535381756717554263e-05 3.168292052246548954e-05
7.048637449999999944e+02 3.713453928158388738e-05 3.859197118626140651e-05
7.048640574999999444e+02 3.380413056397073751e-05 4.608303652509834070e-05
7.048643700000000081e+02 3.915252247976463344e-05 5.409760097144321724e-05
7.048646824999999581e+02 4.738805534799707408e-05 6.257597957107565183e-05
7.048649950000000217e+02 4.264145739526847096e-05 7.145833114945927323e-05
7.048653074999999717e+02 7.022020760678797748e-05 8.068557226121992839e-05
7.048656200000000354e+02 6.015193990921911371e-05 9.020017575614189633e-05
7.048659324999999853e+02 8.912795497858551092e-05 9.994684453433582392e-05
7.048662450000000490e+02 1.011460704231564119e-04 1.098730575657260269e-04
7.048665574999999990e+02 9.645171198194264295e-05 1.199294904085709400e-04
7.048668699999999490e+02 1.170298418426029321e-04 1.300703169926612933e-04
7.048671825000000126e+02 1.262897239932635847e-04 1.402534024392474408e-04
7.048674949999999626e+02 1.663524727814480876e-04 1.504403989572919290e-04
7.048678075000000263e+02 1.479108135282948717e-04 1.605967580462504642e-04
7.048681199999999762e+02 1.425483303241890812e-04 1.706916724829769339e-04
7.048684325000000399e+02 1.780657176799103024e-04 1.806979615072364684e-04
7.048687449999999899e+02 1.799831116950815569e-04 1.905919116315619793e-04
7.048690574999999399e+02 1.781349803988073704e-04 2.003530846420375035e-04
7.048693700000000035e+02 2.464753985999115012e-04 2.099641028579994455e-04
7.048696824999999535e+02 2.190724806066925243e-04 2.194104204614422083e-04
7.048699950000000172e+02 2.239479007530252575e-04 2.286800883094054825e-04
7.048703074999999671e+02 1.996958984323897414e-04 2.377635181847364057e-04
7.048706200000000308e+02 2.599997661624659515e-04 2.466532513947449173e-04
7.048709324999999808e+02 2.617752558719165434e-04 2.553437353004642859e-04
7.048712450000000445e+02 2.470658388903188983e-04 2.638311105987917508e-04
7.048715574999999944e+02 2.839499987832014099e-04 2.721130111383814379e-04
7.048718699999999444e+02 2.956497916836376338e-04 2.801883775566567912e-04
7.048721825000000081e+02 3.088971194622804344e-04 2.880572852810703429e-04
7.048724949999999581e+02 3.245493796049506489e-04 2.957207870966825029e-04
7.048728075000000217e+02 2.994918508954813900e-04 3.031807701252162645e-04
7.048731199999999717e+02 3.396432678313845532e-04 3.104398267000076854e-04
7.048734325000000354e+02 3.972954350363169579e-04 3.175011385874464587e-04
7.048737449999999853e+02 3.054843944126032899e-04 3.243683737028654280e-04
7.048740575000000490e+02 3.473008668083721350e-04 3.310455945598310824e-04
7.048743699999999990e+02 3.108783877692575140e-04 3.375371774836293057e-04
7.048746824999999490e+02 3.490584562112253905e-04 3.438477417686293652e-04
7.048749950000000126e+02 3.411103948049912628e-04 3.499820878314259813e-04
7.048753074999999626e+02 3.686219535109874724e-04 3.559451435282134923e-04
7.048756200000000263e+02 3.775642623481234150e-04 3.617419178400851898e-04
7.048759324999999762e+02 3.893832042619356352e-04 3.673774611028704615e-04
7.048762450000000399e+02 3.575199300536341948e-04 3.728568311328326647e-04
7.048765574999999899e+02 4.169961773832812305e-04 3.781850645200597713e-04
7.048768699999999399e+02 4.250722608553918918e-04 3.833671525481438394e-04
7.048771825000000035e+02 3.949858219134565521e-04 3.884080211385166899e-04
7.048774949999999535e+02 4.043305684920489541e-04 3.933125143422584995e-04
7.048778075000000172e+02 3.949722758571672944e-04 3.980853809475936277e-04
7.048781199999999671e+02 4.115197031565153286e-04 4.027312637558403330e-04
7.048784325000000308e+02 4.434994608527169130e-04 4.072546912219133803e-04
7.048787449999999808e+02 4.442973639933423761e-04 4.116600710844391152e-04
7.048790575000000445e+02 4.640242024431744756e-04 4.159516857566144870e-04
7.048793699999999944e+02 4.244236666766660736e-04 4.201336891751055445e-04
7.048796824999999444e+02 4.292922961621817562e-04 4.242101049366793605e-04
7.048799950000000081e+02 4.197082593320984123e-04 4.281848254894755684e-04
7.048803074999999581e+02 4.191030613926180286e-04 4.320616122261939176e-04
7.048806200000000217e+02 4.431061249315836016e-04 4.358440963448644424e-04
7.048809324999999717e+02 4.238700757181677577e-04 4.395357803129244768e-04
7.048812450000000354e+02 4.321317347171053924e-04 4.431400398664151982e-04
7.048815574999999853e+02 4.246188559219449526e-04 4.466601264034011833e-04
7.048818700000000490e+02 3.666229857412300571e-04 4.500991697310130729e-04
7.048821824999999990e+02 4.432388834690358711e-04 4.534601810521550784e-04
7.048824949999999490e+02 4.927653462581723515e-04 4.567460561699651167e-04
7.048828075000000126e+02 4.752421843596014929e-04 4.599595788254512386e-04
7.048831199999999626e+02 4.774243141664202025e-04 4.631034241365681258e-04
7.048834325000000263e+02 4.622713235242307812e-04 4.661801621116416685e-04
7.048837449999999762e+02 4.635378041679350729e-04 4.691922611762259945e-04
7.048840575000000399e+02 5.241954268488533330e-04 4.721420917218225677e-04
7.048843699999999899e+02 4.688485542681240814e-04 4.750319296181581131e-04
7.048846824999999399e+02 5.232841512867630104e-04 4.778639597045217192e-04
7.048849950000000035e+02 5.008307148236291768e-04 4.806402792177323830e-04
7.048853074999999535e+02 4.981589874718399301e-04 4.833629011556892798e-04
7.048856200000000172e+02 4.944369298913176003e-04 4.860337575762664489e-04
7.048859324999999671e+02 5.478400569841368776e-04 4.886547027989640319e-04
7.048862450000000308e+02 4.998905771413977286e-04 4.912275165341104107e-04
7.048865574999999808e+02 5.133945893720316721e-04 4.937539069042037399e-04
7.048868700000000445e+02 5.157572422213205178e-04 4.962355133849391964e-04
7.048871824999999944e+02 5.263682713618538173e-04 4.986739096340887974e-04
7.048874949999999444e+02 5.011586269640479815e-04 5.010706062358660307e-04
7.048878075000000081e+02 4.761479832007498264e-04 5.034270533377817585e-04
7.048881199999999581e+02 5.081815773029486286e-04 5.057446431899089139e-04
7.048884325000000217e+02 4.697573340015959750e-04 5.080247125958015260e-04
7.048887449999999717e+02 4.541625083707198488e-04 5.102685452553699626e-04
7.048890575000000354e+02 5.281779435994387196e-04 5.124773740276557504e-04
7.048893699999999853e+02 5.479488909617896220e-04 5.146523830890697895e-04
7.048896825000000490e+02 4.969039065201965102e-04 5.167947100155731357e-04
7.048899949999999990e+02 5.016868723885383559e-04 5.189054477655851956e-04
7.048903074999999490e+02 4.991314652067549429e-04 5.209856465908300994e-04
7.048906200000000126e+02 5.468074605188024111e-04 5.230363158581481740e-04
7.048909324999999626e+02 5.128736607198075949e-04 5.250584257931126958e-04
7.048912450000000263e+02 4.973426786791503235e-04 5.270529091554290767e-04
7.048915574999999762e+02 5.048946015232855895e-04 5.290206628304454243e-04
7.048918700000000399e+02 4.686042550632284198e-04 5.309625493623246770e-04
7.048921824999999899e+02 5.222722093335890403e-04 5.328793984084019639e-04
7.048924949999999399e+02 5.109932752121277774e-04 5.347720081396582000e-04
7.048928075000000035e+02 5.189525369794052104e-04 5.366411465721311960e-04
7.048931199999999535e+02 5.352248701896942249e-04 5.384875528391404971e-04
7.048934325000000172e+02 5.583782518054897616e-04 5.403119384134188281e-04
7.048937449999999671e+02 5.906834818758615289e-04 5.421149882647412080e-04
7.048940575000000308e+02 5.190910293708539012e-04 5.438973619762208075e-04
7.048943699999999808e+02 5.212992303692735949e-04 5.456596948003091798e-04
7.048946825000000445e+02 5.121717691639414817e-04 5.474025986777110312e-04
