7.049031059999999798e+02 3.505805315050535323e-04 3.735709202481125651e-04
7.049034184999999297e+02 3.580646456044636128e-04 3.734247459442750121e-04
7.049037309999999934e+02 3.788545856039715392e-04 3.732431845255924962e-04
7.049040434999999434e+02 3.963691527179716094e-04 3.730249482450629945e-04
7.049043560000000070e+02 3.567662390600830416e-04 3.727686951335274466e-04
7.049046684999999570e+02 3.876356756406231993e-04 3.724730265502853091e-04
7.049049810000000207e+02 4.109760711311003759e-04 3.721364846277335219e-04
7.049052934999999707e+02 3.958472664119819457e-04 3.717575496105494123e-04
7.049056060000000343e+02 3.443564692107767126e-04 3.713346370838059769e-04
7.049059184999999843e+02 4.300222068260436611e-04 3.708660950921968897e-04
7.049062309999999343e+02 3.739090356106300190e-04 3.703502011448820308e-04
7.049065434999999979e+02 3.606655750349440628e-04 3.697851591088659727e-04
7.049068559999999479e+02 3.861198925002205730e-04 3.691690959898879967e-04
7.049071685000000116e+02 3.897425655786229941e-04 3.685000585993034278e-04
7.049074809999999616e+02 3.956187481229340780e-04 3.677760101144546810e-04
7.049077935000000252e+02 3.512873730103805445e-04 3.669948265287951571e-04
7.049081059999999752e+02 3.579802378094814014e-04 3.661542930043520006e-04
7.049084184999999252e+02 3.878474708563482438e-04 3.652521001249524292e-04
7.049087309999999889e+02 3.321912743189286477e-04 3.642858400655337912e-04
7.049090434999999388e+02 4.094461530085411632e-04 3.632530026862361211e-04
7.049093560000000025e+02 3.609733108826759405e-04 3.621509715609736476e-04
7.049096684999999525e+02 3.716434079639639948e-04 3.609770199667155740e-04
7.049099810000000161e+02 3.064282569831467047e-04 3.597283068425052030e-04
7.049102934999999661e+02 3.476081281166778668e-04 3.584018727561928360e-04
7.049106060000000298e+02 3.054702047032912247e-04 3.569946358953219852e-04
7.049109184999999798e+02 4.060695807616918887e-04 3.555033881326165020e-04
7.049112309999999297e+02 3.458576669952709510e-04 3.539247911936807024e-04
7.049115434999999934e+02 4.035450774867672735e-04 3.522553729892440315e-04
7.049118559999999434e+02 3.396633406187126282e-04 3.504915241663117843e-04
7.049121685000000070e+02 3.276718983753226203e-04 3.486294949398824664e-04
7.049124809999999570e+02 3.218515240158052542e-04 3.466653923007483257e-04
7.049127935000000207e+02 3.127466090611676335e-04 3.445951776717688479e-04
7.049131059999999707e+02 3.253522487507765938e-04 3.424146651411372417e-04
7.049134185000000343e+02 3.072399731740104020e-04 3.401195203727617545e-04
7.049137309999999843e+02 3.441276860320592384e-04 3.377052603591741546e-04
7.049140434999999343e+02 3.140949445923670578e-04 3.351672541542307401e-04
7.049143559999999979e+02 3.414467735420879924e-04 3.325007247903737193e-04
7.049146684999999479e+02 3.070207911431079733e-04 3.297007525833373824e-04
7.049149810000000116e+02 3.372450483368036496e-04 3.267622800518469738e-04
7.049152934999999616e+02 3.136883509038811027e-04 3.236801187469963577e-04
7.049156060000000252e+02 3.392625288601125552e-04 3.204489582633607303e-04
7.049159184999999752e+02 3.326401308090062999e-04 3.170633778073399613e-04
7.049162309999999252e+02 2.821029953985773695e-04 3.135178606698679760e-04
7.049165434999999889e+02 3.025206531430359906e-04 3.098068120572003816e-04
7.049168559999999388e+02 3.137023590298801661e-04 3.059245807410793105e-04
7.049171685000000025e+02 2.968125613493457268e-04 3.018654850336244949e-04
7.049174809999999525e+02 2.790769714635446541e-04 2.976238436925635728e-04
7.049177935000000161e+02 2.429073518147619988e-04 2.931940123348438518e-04
7.049181059999999661e+02 2.708133167658728201e-04 2.885704260789323733e-04
7.049184185000000298e+02 2.494340305625699283e-04 2.837476490881861327e-04
7.049187309999999798e+02 2.632127286302790234e-04 2.787204318332802766e-04
7.049190434999999297e+02 2.949847453024509198e-04 2.734837768255876721e-04
7.049193559999999934e+02 2.684953929066704660e-04 2.680330136947849302e-04
7.049196684999999434e+02 2.868680792783095219e-04 2.623638844376351034e-04
7.049199810000000070e+02 2.592176198450946937e-04 2.564726396504842117e-04
7.049202934999999570e+02 2.194411081583086864e-04 2.503561465958553819e-04
7.049206060000000207e+02 2.254180601882826507e-04 2.440120097695349201e-04
7.049209184999999707e+02 2.630737888425527552e-04 2.374387046561480467e-04
7.049212310000000343e+02 2.397529667172815335e-04 2.306357250580499799e-04
7.049215434999999843e+02 2.074352269004630267e-04 2.236037443014798312e-04
7.049218559999999343e+02 1.924567930959631182e-04 2.163447901762983495e-04
7.049221684999999979e+02 1.948155481492978272e-04 2.088624332145006565e-04
7.049224809999999479e+02 1.885116882963892154e-04 2.011619873474950978e-04
7.049227935000000116e+02 2.024955807508494474e-04 1.932507213867900198e-04
7.049231059999999616e+02 1.680952699391579904e-04 1.851380791684604447e-04
7.049234185000000252e+02 1.822095106846269546e-04 1.768359052244705199e-04
7.049237309999999752e+02 1.604198118379441705e-04 1.683586720865389995e-04
7.049240434999999252e+02 1.294994754826027145e-04 1.597237041030871024e-04
7.049243559999999889e+02 1.380156377524092992e-04 1.509513916882118927e-04
7.049246684999999388e+02 1.520019487235857187e-04 1.420653886395747349e-04
7.049249810000000025e+02 1.398766017740268636e-04 1.330927839749778644e-04
7.049252934999999525e+02 1.287415241154691572e-04 1.240642387302683385e-04
7.049256060000000161e+02 1.349241128082870691e-04 1.150140770042093583e-04
7.049259184999999661e+02 1.056309837586428559e-04 1.059803200087517278e-04
7.049262310000000298e+02 1.058354064197200681e-04 9.700465130245074132e-05
7.049265434999999798e+02 9.922655704506914455e-05 8.813230170693878596e-05
7.049268559999999297e+02 6.533275718731824770e-05 7.941184292206194574e-05
7.049271684999999934e+02 7.471734960240931478e-05 7.089488048694789430e-05
7.049274809999999434e+02 7.575803055438413882e-05 6.263563888323148750e-05
7.049277935000000070e+02 7.027711750270959363e-05 5.469043471365855701e-05
7.049281059999999570e+02 6.002650036288469516e-05 4.711703798710855187e-05
7.049284185000000207e+02 6.213634125461133667e-05 3.997392614350983581e-05
7.049287309999999707e+02 4.709285149189136886e-05 3.331944101779296078e-05
7.049290435000000343e+02 5.234780670159562522e-05 2.721086449646546384e-05
7.049293559999999843e+02 3.441546364788421365e-05 2.170343453366870649e-05
7.049296684999999343e+02 2.702965951642437436e-05 1.684932837616650656e-05
7.049299809999999979e+02 1.096130481115254234e-05 1.269664446864555226e-05
7.049302934999999479e+02 2.257005193899868747e-05 9.288417610495178862e-06
7.049306060000000116e+02 2.083073420262936969e-05 6.661703443826361947e-06
7.049309184999999616e+02 1.426471584812168801e-05 4.846767892118973307e-06
7.049312310000000252e+02 8.263244889602545809e-06 3.866414455787448810e-06
7.049315434999999752e+02 1.432174406193892595e-05 3.735477586903353723e-06
7.049318559999999252e+02 6.555058388500440159e-06 4.460503677232346646e-06
7.049321684999999889e+02 5.879918224832370233e-06 6.039633113865469362e-06
7.049324809999999388e+02 1.275553081478507023e-05 8.462687790823692380e-06
7.049327935000000025e+02 1.292781203691897247e-05 1.171145917208665670e-05
7.049331059999999525e+02 1.277114325873475323e-05 1.576018304719246994e-05
7.049334185000000161e+02 1.859905007872464082e-05 2.057617927345330844e-05
7.049337309999999661e+02 9.921718344263606674e-06 2.612062838474770975e-05
7.049340435000000298e+02 2.887350900766576530e-05 3.234945259315858014e-05
7.049343559999999798e+02 2.136846569616837122e-05 3.921426625828043242e-05
7.049346684999999297e+02 3.433340162416849070e-05 4.666336074747941167e-05
7.049349809999999934e+02 4.135698245559849841e-05 5.464269013073704559e-05
7.049352934999999434e+02 4.246485914388124663e-05 6.309682744898132919e-05
7.049356060000000070e+02 6.383009915913649918e-05 7.196986573107817657e-05
7.049359184999999570e+02 7.120314077429704775e-05 8.120624300190743634e-05
7.049362310000000207e+02 9.473704281693112359e-05 9.075147620182340204e-05
7.049365434999999707e+02 9.481415863878573259e-05 1.005527941918944138e-04
7.049368560000000343e+02 9.953415029530481972e-05 1.105596653128800342e-04
7.049371684999999843e+02 1.034813449980193637e-04 1.207242192325103244e-04
7.049374809999999343e+02 1.358160334316331963e-04 1.310015667752713298e-04
7.049377934999999979e+02 1.217289299818295116e-04 1.413500241572641274e-04
7.049381059999999479e+02 1.348416428399727056e-04 1.517312502914278300e-04
7.049384185000000116e+02 1.352219680900844541e-04 1.621103071917866071e-04
7.049387309999999616e+02 1.449812213551130856e-04 1.724556540629315702e-04
7.049390435000000252e+02 1.703421574402074943e-04 1.827390860019264325e-04
7.049393559999999752e+02 1.669387695857849844e-04 1.929356276877045289e-04
7.049396684999999252e+02 1.845666531914810413e-04 2.030233920248319598e-04
7.049399809999999889e+02 2.031459821700187709e-04 2.129834126269832852e-04
7.049402934999999388e+02 2.205117649023659234e-04 2.227994581517723041e-04
7.049406060000000025e+02 2.572425105675833030e-04 2.324578354296769219e-04
7.049409184999999525e+02 2.371730292168289082e-04 2.419471871383100086e-04
7.049412310000000161e+02 2.797044545532883239e-04 2.512582889498771806e-04
7.049415434999999661e+02 2.413434878284786045e-04 2.603838499067075022e-04
7.049418560000000298e+02 2.475347235000195439e-04 2.693183191444226935e-04
7.049421684999999798e+02 2.629050104918722545e-04 2.780577011074237561e-04
7.049424809999999297e+02 3.083311817583574556e-04 2.865993809609885157e-04
7.049427934999999934e+02 2.849116656220261894e-04 2.949419611685955142e-04
7.049431059999999434e+02 2.978970011996212781e-04 3.030851098652437769e-04
7.049434185000000070e+02 3.227610401003850032e-04 3.110294212842077072e-04
7.049437309999999570e+02 3.467359795355720998e-04 3.187762881012928210e-04
7.049440435000000207e+02 3.688347372173002943e-04 3.263277855039823966e-04
7.049443559999999707e+02 3.725813053037667810e-04 3.336865664433812714e-04
7.049446685000000343e+02 3.311543063794848327e-04 3.408557675923249764e-04
7.049449809999999843e+02 4.174975773748620229e-04 3.478389252772908749e-04
7.049452934999999343e+02 3.688026716916179590e-04 3.546399007773901957e-04
7.049456059999999979e+02 3.512624476043331814e-04 3.612628142139109183e-04
7.049459184999999479e+02 3.423288644177802272e-04 3.677119863475800587e-04
7.049462310000000116e+02 3.940449624118253879e-04 3.739918876098547069e-04
7.049465434999999616e+02 4.002444809893859735e-04 3.801070936383121358e-04
7.049468560000000252e+02 4.205876584636114796e-04 3.860622467508410100e-04
7.049471684999999752e+02 3.843381207569526335e-04 3.918620226855855436e-04
7.049474809999999252e+02 3.692993887086112675e-04 3.975111021168065161e-04
7.049477934999999889e+02 4.612243388992585784e-04 4.030141463745807377e-04
7.049481059999999388e+02 4.266779745229664278e-04 4.083757769166582782e-04
7.049484185000000025e+02 4.100233540295066394e-04 4.136005581377127211e-04
7.049487309999999525e+02 3.940871777941010526e-04 4.186929830731818012e-04
7.049490435000000161e+02 4.097084814033441643e-04 4.236574617021348840e-04
7.049493559999999661e+02 4.411899577548682324e-04 4.284983114678904631e-04
7.049496685000000298e+02 4.249692584863888991e-04 4.332197497883438666e-04
7.049499809999999798e+02 4.555209312724092883e-04 4.378258882413179850e-04
7.049502934999999297e+02 4.804255332770843113e-04 4.423207282508811555e-04
7.049506059999999934e+02 5.518781084929937812e-04 4.467081580276710063e-04
7.049509184999999434e+02 4.779620500378515906e-04 4.509919506013710354e-04
7.049512310000000070e+02 4.257495929111008645e-04 4.551757628012447409e-04
7.049515434999999570e+02 4.814077648444884099e-04 4.592631350053545084e-04
7.049518560000000207e+02 4.636182096890662462e-04 4.632574915835111070e-04
7.049521684999999707e+02 5.165441903100026402e-04 4.671621418772481469e-04
7.049524810000000343e+02 4.780863140969565227e-04 4.709802816700267331e-04
7.049527934999999843e+02 5.063655088983826840e-04 4.747149950187934289e-04
7.049531059999999343e+02 4.948080718058054522e-04 4.783692564194327521e-04
7.049534184999999979e+02 5.545867792599273437e-04 4.819459332086991265e-04
7.049537309999999479e+02 5.040291038969329628e-04 4.854477881635051260e-04
7.049540435000000116e+02 4.871147773623701383e-04 4.888774822635023280e-04
7.049543559999999616e+02 4.874871146426319659e-04 4.922375775450716327e-04
7.049546685000000252e+02 4.756242274064741431e-04 4.955305400520375889e-04
7.049549809999999752e+02 4.771395081777933165e-04 4.987587428140753025e-04
7.049552934999999252e+02 4.880065546891295650e-04 5.019244688661272935e-04
7.049556059999999889e+02 4.501061954540327092e-04 5.050299142576228882e-04
7.049559184999999388e+02 4.983103645851865490e-04 5.080771910465702815e-04
7.049562310000000025e+02 5.077048056245025368e-04 5.110683302746944680e-04
7.049565434999999525e+02 5.102395769669040545e-04 5.140052848837276065e-04
7.049568560000000161e+02 5.546160295161121738e-04 5.168899325973372229e-04
7.049571684999999661e+02 5.192164126385783330e-04 5.197240787259319690e-04
7.049574810000000298e+02 5.573277288850559752e-04 5.225094589222771275e-04
7.049577934999999798e+02 5.237500641348499016e-04 5.252477418494529149e-04
7.049581059999999297e+02 4.859240088715830927e-04 5.279405317895467147e-04
7.049584184999999934e+02 4.769912708130981979e-04 5.305893711648185370e-04
7.049587309999999434e+02 5.504653323793054845e-04 5.331957429801597974e-04
7.049590435000000070e+02 4.984383040173185090e-04 5.357610731950889285e-04
7.049593559999999570e+02 5.905141024606224429e-04 5.382867330011134903e-04
7.049596685000000207e+02 5.619871779041295907e-04 5.407740410339929860e-04
7.049599809999999707e+02 5.117820536773183548e-04 5.432242654916484429e-04
7.049602935000000343e+02 5.243987517402254371e-04 5.456386261881259652e-04
7.049606059999999843e+02 5.787528468254202023e-04 5.480182965159339278e-04
7.049609184999999343e+02 5.472632762870702433e-04 5.503644053459808656e-04
7.049612309999999979e+02 5.098633252801295940e-04 5.526780388446534287e-04
7.049615434999999479e+02 5.358365855478786684e-04 5.549602422190059873e-04
7.049618560000000116e+02 5.057283144528492780e-04 5.572120214001701193e-04
7.049621684999999616e+02 5.929581373735276842e-04 5.594343446462224064e-04
7.049624810000000252e+02 5.590490599198585106e-04 5.616281440923519795e-04
7.049627934999999752e+02 5.415823250768395580e-04 5.637943172242777193e-04
7.049631059999999252e+02 5.729667362809218135e-04 5.659337283022065380e-04
7.049634184999999889e+02 5.357989910949655186e-04 5.680472097173917996e-04
7.049637309999999388e+02 5.474852985751470355e-04 5.701355632916900278e-04
7.049640435000000025e+02 5.248169370985403650e-04 5.721995615297154275e-04
7.049643559999999525e+02 6.011552405004293859e-04 5.742399488066496100e-04
7.049646685000000161e+02 5.773715539550873391e-04 5.762574425173099544e-04
7.049649809999999661e+02 5.836621508667401989e-04 5.782527341644738087e-04
7.049652935000000298e+02 5.575437148972741622e-04 5.802264904121977058e-04
