7.169441319999999678e+02 2.163544616987056165e-04 2.009107834389040005e-04
7.169444444999999178e+02 2.070531027147944720e-04 2.007593159645833616e-04
7.169447569999999814e+02 2.207319469453771985e-04 2.005993421699164868e-04
7.169450694999999314e+02 2.077663373072947419e-04 2.004305450472177851e-04
7.169453819999999951e+02 1.730845329338048051e-04 2.002525932368859319e-04
7.169456944999999450e+02 2.189789802939355341e-04 2.000651402753236678e-04
7.169460070000000087e+02 2.016748010042306027e-04 1.998678237979795418e-04
7.169463194999999587e+02 1.937842487537717450e-04 1.996602646968714324e-04
7.169466320000000223e+02 1.966024570982749064e-04 1.994420662275246095e-04
7.169469444999999723e+02 1.667206723075192565e-04 1.992128130645688948e-04
7.169472569999999223e+02 2.260244995991266795e-04 1.989720703004269162e-04
7.169475694999999860e+02 2.002754038943516687e-04 1.987193823855805896e-04
7.169478819999999359e+02 1.678345569918392676e-04 1.984542720060993742e-04
7.169481944999999996e+02 2.078011190083753096e-04 1.981762388935739711e-04
7.169485069999999496e+02 2.062164018219693126e-04 1.978847585657886657e-04
7.169488195000000132e+02 2.225162198840882817e-04 1.975792809908623598e-04
7.169491319999999632e+02 2.132990772755814877e-04 1.972592291736194022e-04
7.169494444999999132e+02 2.153098136800650931e-04 1.969239976562115206e-04
7.169497569999999769e+02 1.938255473257505398e-04 1.965729509307531143e-04
7.169500694999999268e+02 2.072933501263806561e-04 1.962054217578477447e-04
7.169503819999999905e+02 1.811834945503785848e-04 1.958207093842300470e-04
7.169506944999999405e+02 2.017238779854056577e-04 1.954180776572582196e-04
7.169510070000000042e+02 2.093486785506748927e-04 1.949967530263389988e-04
7.169513194999999541e+02 2.044469839425272820e-04 1.945559224298634867e-04
7.169516320000000178e+02 1.550013713982543973e-04 1.940947310569225606e-04
7.169519444999999678e+02 1.736991990989853233e-04 1.936122799825933864e-04
7.169522569999999178e+02 1.880469607109000560e-04 1.931076236656890314e-04
7.169525694999999814e+02 1.790358046140657191e-04 1.925797673069213299e-04
7.169528819999999314e+02 2.063473928477209147e-04 1.920276640600088549e-04
7.169531944999999951e+02 1.810102512577774995e-04 1.914502120878536727e-04
7.169535069999999450e+02 1.926138303733385918e-04 1.908462514633572124e-04
7.169538195000000087e+02 2.071373903533889143e-04 1.902145609037649411e-04
7.169541319999999587e+02 1.548398588957573450e-04 1.895538543411670856e-04
7.169544445000000223e+02 1.651591362171647270e-04 1.888627773189950686e-04
7.169547569999999723e+02 1.787454535601651036e-04 1.881399032200461281e-04
7.169550694999999223e+02 1.897507929941662133e-04 1.873837293184269718e-04
7.169553819999999860e+02 2.118359467882000664e-04 1.865926726633984167e-04
7.169556944999999359e+02 2.100399380460670103e-04 1.857650657973995733e-04
7.169560069999999996e+02 1.708803265065329553e-04 1.848991523127799350e-04
7.169563194999999496e+02 1.576463745365948548e-04 1.839930822663393825e-04
7.169566320000000132e+02 1.947919535384276188e-04 1.830449074587966823e-04
7.169569444999999632e+02 1.953188688268096937e-04 1.820525766116892340e-04
7.169572569999999132e+02 1.793963613728015709e-04 1.810139304610491613e-04
7.169575694999999769e+02 1.608545158532908442e-04 1.799266968143181720e-04
7.169578819999999268e+02 1.832971534288267896e-04 1.787884856158793601e-04
7.169581944999999905e+02 1.760736941703929946e-04 1.775967840775514463e-04
7.169585069999999405e+02 1.785540025073994650e-04 1.763489519596619232e-04
7.169588195000000042e+02 1.830071010230944898e-04 1.750422170826116341e-04
7.169591319999999541e+02 1.609014332497727784e-04 1.736736711962983315e-04
7.169594445000000178e+02 1.685276923002070103e-04 1.722402663306489589e-04
7.169597569999999678e+02 1.715222446450139794e-04 1.707388118089141497e-04
7.169600694999999178e+02 1.599516876644200636e-04 1.691659721082672122e-04
7.169603819999999814e+02 1.523024012286182751e-04 1.675182658193307306e-04
7.169606944999999314e+02 1.658252121586413009e-04 1.657920659844703572e-04
7.169610069999999951e+02 1.680782657384573883e-04 1.639836021451107422e-04
7.169613194999999450e+02 1.581349439506822823e-04 1.620889645108380972e-04
7.169616320000000087e+02 1.590218015959317974e-04 1.601041106969962444e-04
7.169619444999999587e+02 1.690472011197885439e-04 1.580248755965417407e-04
7.169622570000000223e+02 1.451929643607634062e-04 1.558469849970008862e-04
7.169625694999999723e+02 1.615788858737424757e-04 1.535660736970791466e-04
7.169628819999999223e+02 1.362857858578834201e-04 1.511777089395553145e-04
7.169631944999999860e+02 1.528582649943098807e-04 1.486774201376885821e-04
7.169635069999999359e+02 1.467994784228756179e-04 1.460607359723267501e-04
7.169638194999999996e+02 1.230685721112086085e-04 1.433232300653335611e-04
7.169641319999999496e+02 1.207677510989097570e-04 1.404605766014910479e-04
7.169644445000000132e+02 1.495983293762483623e-04 1.374686173462676044e-04
7.169647569999999632e+02 1.368974889302196081e-04 1.343434416837794329e-04
7.169650694999999132e+02 1.405502139212088189e-04 1.310814813258160782e-04
7.169653819999999769e+02 1.442773398128048491e-04 1.276796214517474386e-04
7.169656944999999268e+02 1.245476831603905610e-04 1.241353299932205373e-04
7.169660069999999905e+02 1.236252645532844540e-04 1.204468066781195173e-04
7.169663194999999405e+02 1.108150152351780572e-04 1.166131532815418542e-04
7.169666320000000042e+02 1.218034952005701512e-04 1.126345660935414611e-04
7.169669444999999541e+02 1.058928058440859271e-04 1.085125511339505233e-04
7.169672570000000178e+02 9.010490003590529147e-05 1.042501617508125727e-04
7.169675694999999678e+02 9.993162673989637959e-05 9.985225723110378675e-05
7.169678819999999178e+02 9.141092371098380833e-05 9.532577952201100010e-05
7.169681944999999814e+02 7.928220251804709553e-05 9.068004343091086471e-05
7.169685069999999314e+02 9.178153231670568293e-05 8.592703340995961920e-05
7.169688194999999951e+02 8.258980215383610328e-05 8.108169743281796440e-05
7.169691319999999450e+02 7.831527515667765994e-05 7.616222560875285093e-05
7.169694445000000087e+02 6.770580260913375270e-05 7.119029794857758143e-05
7.169697569999999587e+02 8.028160493690445572e-05 6.619128265708372353e-05
7.169700695000000223e+02 6.363875362619487237e-05 6.119436333489097952e-05
7.169703819999999723e+02 5.963823421551171154e-05 5.623257136311830308e-05
7.169706944999999223e+02 6.248672062171713561e-05 5.134269853164677530e-05
7.169710069999999860e+02 3.620280227723850897e-05 4.656506563113158433e-05
7.169713194999999359e+02 4.324138745133111132e-05 4.194312541684908768e-05
7.169716319999999996e+02 4.596932370228420185e-05 3.752288376523400619e-05
7.169719444999999496e+02 3.753891810226730547e-05 3.335213125671588626e-05
7.169722570000000132e+02 3.440187004380565531e-05 2.947948860812157014e-05
7.169725694999999632e+02 2.913525520361760537e-05 2.595328327334862263e-05
7.169728819999999132e+02 1.961951419805998856e-05 2.282028983242122803e-05
7.169731944999999769e+02 1.373035347931542087e-05 2.012438249046871307e-05
7.169735069999999268e+02 2.097282735575723347e-05 1.790516200663606471e-05
7.169738194999999905e+02 1.469024975066938285e-05 1.619662990093954303e-05
7.169741319999999405e+02 1.643347843313882646e-05 1.502598792932477398e-05
7.169744445000000042e+02 1.694342155900680868e-05 1.441263907400970694e-05
7.169747569999999541e+02 1.073266748606787420e-05 1.436745720377419908e-05
7.169750695000000178e+02 1.193969948036732010e-05 1.489237633055894034e-05
7.169753819999999678e+02 9.094182157361512463e-06 1.598032858948519695e-05
7.169756944999999178e+02 1.928599731361355210e-05 1.761553494491468279e-05
7.169760069999999814e+02 2.376736190006364599e-05 1.977412708110988092e-05
7.169763194999999314e+02 1.765954319301291339e-05 2.242505589872411208e-05
7.169766319999999951e+02 2.342941961582659509e-05 2.553122404352482807e-05
7.169769444999999450e+02 2.909412405363598510e-05 2.905076857579701798e-05
7.169772570000000087e+02 2.661982070682978737e-05 3.293841606263859471e-05
7.169775694999999587e+02 3.749718810463789452e-05 3.714683547399386110e-05
7.169778820000000223e+02 4.372589203882952074e-05 4.162792333587179050e-05
7.169781944999999723e+02 5.361861340170331945e-05 4.633396857779542702e-05
7.169785069999999223e+02 5.119446414725233502e-05 5.121865978665410697e-05
7.169788194999999860e+02 5.206233670129944101e-05 5.623791294904389510e-05
7.169791319999999359e+02 6.186240843509683131e-05 6.135051204712343900e-05
7.169794444999999996e+02 6.335162578119147040e-05 6.651856684761199665e-05
7.169797569999999496e+02 6.890265144029531484e-05 7.170780131830199234e-05
7.169800695000000132e+02 8.958367567840341817e-05 7.688769244191379602e-05
7.169803819999999632e+02 6.694319840928128625e-05 8.203148258750782523e-05
7.169806944999999132e+02 7.869980211296608084e-05 8.711608991610571349e-05
7.169810069999999769e+02 9.238749537897531622e-05 9.212194059606152255e-05
7.169813194999999268e+02 1.004406334311600842e-04 9.703274481002436733e-05
7.169816319999999905e+02 8.908736930220914347e-05 1.018352358923280403e-04
7.169819444999999405e+02 1.192129569745355953e-04 1.065188888537777840e-04
7.169822570000000042e+02 1.059045659296330930e-04 1.110756315635696062e-04
7.169825694999999541e+02 1.049530454855032859e-04 1.154995588099294547e-04
7.169828820000000178e+02 1.288974287851154827e-04 1.197866569220721271e-04
7.169831944999999678e+02 1.165702179378596707e-04 1.239345442400019111e-04
7.169835069999999178e+02 1.270961207963536776e-04 1.279422309174526695e-04
7.169838194999999814e+02 1.407582752236201222e-04 1.318098999235123216e-04
7.169841319999999314e+02 1.314963483720477783e-04 1.355387099784193059e-04
7.169844444999999951e+02 1.350981348325522953e-04 1.391306202685581187e-04
7.169847569999999450e+02 1.578694884748095269e-04 1.425882361055422871e-04
7.169850695000000087e+02 1.436194544314031739e-04 1.459146743443026466e-04
7.169853819999999587e+02 1.615153347240350979e-04 1.491134470291053901e-04
7.169856945000000223e+02 1.683390212048825108e-04 1.521883616823168142e-04
7.169860069999999723e+02 1.662249061375724193e-04 1.551434365293318895e-04
7.169863194999999223e+02 1.419912796371570476e-04 1.579828290531397578e-04
7.169866319999999860e+02 1.462098730613994976e-04 1.607107762782195189e-04
7.169869444999999359e+02 1.602986440904981291e-04 1.633315453253205297e-04
7.169872569999999996e+02 1.844073974558527737e-04 1.658493928932351755e-04
7.169875694999999496e+02 1.897176201872545248e-04 1.682685324163054425e-04
7.169878820000000132e+02 1.594647217125891899e-04 1.705931078266540162e-04
7.169881944999999632e+02 1.849216155230257240e-04 1.728271729144014834e-04
7.169885069999999132e+02 1.818846473695268496e-04 1.749746754523886507e-04
7.169888194999999769e+02 1.844742189214665221e-04 1.770394453107728588e-04
7.169891319999999268e+02 1.613479094397677141e-04 1.790251859165091584e-04
7.169894444999999905e+02 1.798069372252603917e-04 1.809354684991674545e-04
7.169897569999999405e+02 1.965975163309067835e-04 1.827737286189415008e-04
7.169900695000000042e+02 1.720933113625980923e-04 1.845432645835672796e-04
7.169903819999999541e+02 1.857918100417440871e-04 1.862472373780038983e-04
7.169906945000000178e+02 1.794678940862003342e-04 1.878886718283234833e-04
7.169910069999999678e+02 1.725591630516353978e-04 1.894704587259784677e-04
7.169913194999999178e+02 1.865126425409758626e-04 1.909953577189915912e-04
7.169916319999999814e+02 1.706894700255459012e-04 1.924660007767365548e-04
7.169919444999999314e+02 2.253844103214510471e-04 1.938848960865916361e-04
7.169922569999999951e+02 1.789119439931570216e-04 1.952544322645198441e-04
7.169925694999999450e+02 2.028970052313519242e-04 1.965768827653873016e-04
7.169928820000000087e+02 1.886398567440905150e-04 1.978544104261715033e-04
7.169931944999999587e+02 1.974792149725636736e-04 1.990890720587954583e-04
7.169935070000000223e+02 1.986526527231343396e-04 2.002828230537652562e-04
7.169938194999999723e+02 2.161218995159880081e-04 2.014375219364504966e-04
7.169941319999999223e+02 1.929626342332301436e-04 2.025549348559083692e-04
7.169944444999999860e+02 2.114334096755575768e-04 2.036367399687010729e-04
7.169947569999999359e+02 2.226539163552746577e-04 2.046845317023164329e-04
7.169950694999999996e+02 2.397726612672542725e-04 2.056998248869774601e-04
7.169953819999999496e+02 2.188081584474161267e-04 2.066840587357391204e-04
7.169956945000000132e+02 2.036499790748484587e-04 2.076386006777263427e-04
7.169960069999999632e+02 2.146549150826413028e-04 2.085647500286373732e-04
7.169963194999999132e+02 2.080263837740863931e-04 2.094637415079559858e-04
7.169966319999999769e+02 1.986143959085133091e-04 2.103367485941699832e-04
7.169969444999999268e+02 1.980850742628938741e-04 2.111848867233688336e-04
7.169972569999999905e+02 2.439816287803830335e-04 2.120092163369674738e-04
7.169975694999999405e+02 2.099515517912163662e-04 2.128107457744850446e-04
7.169978820000000042e+02 1.946443755290996533e-04 2.135904340253025888e-04
7.169981944999999541e+02 2.320879039977695609e-04 2.143491933346685502e-04
7.169985070000000178e+02 2.048962234600651606e-04 2.150878916785068111e-04
7.169988194999999678e+02 2.265127737604149551e-04 2.158073551033765428e-04
7.169991319999999178e+02 2.397952437839583290e-04 2.165083699457284782e-04
7.169994444999999814e+02 2.026372618228704638e-04 2.171916849292081730e-04
7.169997569999999314e+02 2.130323963809034040e-04 2.178580131484358993e-04
7.170000694999999951e+02 2.161144088117665008e-04 2.185080339470828995e-04
7.170003819999999450e+02 2.031329629298813321e-04 2.191423946895259590e-04
7.170006945000000087e+02 2.211596060728113103e-04 2.197617124388268311e-04
7.170010069999999587e+02 2.258984173559444391e-04 2.203665755385450964e-04
7.170013195000000223e+02 2.194699329721066031e-04 2.209575451106789048e-04
7.170016319999999723e+02 2.410812815534228606e-04 2.215351564672321278e-04
7.170019444999999223e+02 2.144483368954747918e-04 2.220999204467678930e-04
7.170022569999999860e+02 2.342027486342788413e-04 2.226523246748015521e-04
7.170025694999999359e+02 2.256223683397734253e-04 2.231928347544178922e-04
7.170028819999999996e+02 2.238316646992060690e-04 2.237218953929212876e-04
7.170031944999999496e+02 2.146837485814727061e-04 2.242399314632932347e-04
7.170035070000000132e+02 2.187243423011117735e-04 2.247473490100702692e-04
7.170038194999999632e+02 2.357002580993195417e-04 2.252445361968216577e-04
7.170041319999999132e+02 2.369552197687107816e-04 2.257318642042517099e-04
7.170044444999999769e+02 2.101025231255087471e-04 2.262096880772337558e-04
7.170047569999999268e+02 2.203558232068688152e-04 2.266783475255384713e-04
7.170050694999999905e+02 2.391033652414654401e-04 2.271381676825710003e-04
7.170053819999999405e+02 2.103701244898447905e-04 2.275894598203463150e-04
7.170056945000000042e+02 2.014938568074034725e-04 2.280325220283488808e-04
7.170060069999999541e+02 2.239023673018583605e-04 2.284676398531555329e-04
7.170063195000000178e+02 2.258296469607734829e-04 2.288950869061813715e-04
