7.170003729999999678e+02 2.353754937378227776e-04 2.187463574444935418e-04
7.170006854999999177e+02 2.289819563095208386e-04 2.187070086687720584e-04
7.170009979999999814e+02 2.083640260861277234e-04 2.186585866938503954e-04
7.170013104999999314e+02 2.109896411242836219e-04 2.186007454744909220e-04
7.170016229999999950e+02 2.365806318990133273e-04 2.185331228980630944e-04
7.170019354999999450e+02 2.271560807688053588e-04 2.184553399169006111e-04
7.170022480000000087e+02 2.036123248541340863e-04 2.183669996278047698e-04
7.170025604999999587e+02 2.100007980524884140e-04 2.182676862960689545e-04
7.170028730000000223e+02 2.254720640747668941e-04 2.181569643194686812e-04
7.170031854999999723e+02 2.092760361772005515e-04 2.180343771293652053e-04
7.170034979999999223e+02 2.014189724679974879e-04 2.178994460236742070e-04
7.170038104999999860e+02 2.157804809201065784e-04 2.177516689282241690e-04
7.170041229999999359e+02 2.216303215405515128e-04 2.175905190815212106e-04
7.170044354999999996e+02 2.322906116486238802e-04 2.174154436372796270e-04
7.170047479999999496e+02 2.218660876848225984e-04 2.172258621808433293e-04
7.170050605000000132e+02 2.411990393458469126e-04 2.170211651520299585e-04
7.170053729999999632e+02 2.035898291907963257e-04 2.168007121704722099e-04
7.170056854999999132e+02 2.396688761407375526e-04 2.165638302550106228e-04
7.170059979999999769e+02 2.228067969786541136e-04 2.163098119322172657e-04
7.170063104999999268e+02 2.292684219767554868e-04 2.160379132263985332e-04
7.170066229999999905e+02 1.977865404639452787e-04 2.157473515225690754e-04
7.170069354999999405e+02 2.056376446428305406e-04 2.154373032970093244e-04
7.170072480000000041e+02 2.068365140011486740e-04 2.151069017041256834e-04
7.170075604999999541e+02 2.060458542484543327e-04 2.147552340144548541e-04
7.170078730000000178e+02 2.314790651142860443e-04 2.143813388912965689e-04
7.170081854999999678e+02 1.888168646027822890e-04 2.139842035006170632e-04
7.170084979999999177e+02 2.160375865004791017e-04 2.135627604407840585e-04
7.170088104999999814e+02 2.159562430830612792e-04 2.131158844856770231e-04
7.170091229999999314e+02 1.961188846621925771e-04 2.126423891301712835e-04
7.170094354999999950e+02 2.149334098171041315e-04 2.121410229262369457e-04
7.170097479999999450e+02 2.304119920132561812e-04 2.116104656040541335e-04
7.170100605000000087e+02 2.335537029467644955e-04 2.110493239631675087e-04
7.170103729999999587e+02 2.050344089483372865e-04 2.104561275303775130e-04
7.170106855000000223e+02 2.125531149497306247e-04 2.098293239697190797e-04
7.170109979999999723e+02 1.945918205931113998e-04 2.091672742436210966e-04
7.170113104999999223e+02 2.217841622454929632e-04 2.084682475125248363e-04
7.170116229999999860e+02 2.154337915318392679e-04 2.077304157742451295e-04
7.170119354999999359e+02 2.020231429712132784e-04 2.069518482393688588e-04
7.170122479999999996e+02 2.125851349376841801e-04 2.061305054410467164e-04
7.170125604999999496e+02 2.039603756569968208e-04 2.052642330915177993e-04
7.170128730000000132e+02 1.952728824098016102e-04 2.043507556869064766e-04
7.170131854999999632e+02 2.093863028156615609e-04 2.033876698865140942e-04
7.170134979999999132e+02 2.089581861890255966e-04 2.023724376812535513e-04
7.170138104999999769e+02 2.032980427243602679e-04 2.013023793931183398e-04
7.170141229999999268e+02 1.830966724184155412e-04 2.001746665483533074e-04
7.170144354999999905e+02 1.986969510546487678e-04 1.989863146796318346e-04
7.170147479999999405e+02 1.742227951904820919e-04 1.977341761441708649e-04
7.170150605000000041e+02 1.758342362920204392e-04 1.964149330425028588e-04
7.170153729999999541e+02 1.892608643348097936e-04 1.950250903741956323e-04
7.170156855000000178e+02 1.971389443913660754e-04 1.935609695681393542e-04
7.170159979999999678e+02 1.829949023224461348e-04 1.920187025905858253e-04
7.170163104999999177e+02 1.967068258296343825e-04 1.903942268453904065e-04
7.170166229999999814e+02 1.853288079809934296e-04 1.886832811594029249e-04
7.170169354999999314e+02 1.700052479633630412e-04 1.868814031875339662e-04
7.170172479999999950e+02 1.886978672692715751e-04 1.849839286388911812e-04
7.170175604999999450e+02 1.715228548473231524e-04 1.829859928293949066e-04
7.170178730000000087e+02 1.908235565135705906e-04 1.808825351236462620e-04
7.170181854999999587e+02 1.636937428920809878e-04 1.786683069799232973e-04
7.170184980000000223e+02 1.866406755442233324e-04 1.763378843910829526e-04
7.170188104999999723e+02 1.686224232989222264e-04 1.738856857033340721e-04
7.170191229999999223e+02 1.825118861274312263e-04 1.713059959045040335e-04
7.170194354999999860e+02 1.533311141977664635e-04 1.685929986955991345e-04
7.170197479999999359e+02 1.722843373771207397e-04 1.657408178254311782e-04
7.170200604999999996e+02 1.443655472421928902e-04 1.627435693726455722e-04
7.170203729999999496e+02 1.610161738262363279e-04 1.595954269144814197e-04
7.170206855000000132e+02 1.483506933532680570e-04 1.562907016850028632e-04
7.170209979999999632e+02 1.582535024159916403e-04 1.528239401063130924e-04
7.170213104999999132e+02 1.616181270923828248e-04 1.491900411957812424e-04
7.170216229999999769e+02 1.410615806314024655e-04 1.453843965611477460e-04
7.170219354999999268e+02 1.351618177938370866e-04 1.414030557255579177e-04
7.170222479999999905e+02 1.376359755387975220e-04 1.372429194765204061e-04
7.170225604999999405e+02 1.207241548730114472e-04 1.329019637791820519e-04
7.170228730000000041e+02 1.294066511725370215e-04 1.283794962874404498e-04
7.170231854999999541e+02 1.137807419017136050e-04 1.236764468615669278e-04
7.170234980000000178e+02 1.266588206614086270e-04 1.187956923099166870e-04
7.170238104999999678e+02 1.455710173530625558e-04 1.137424141218627339e-04
7.170241229999999177e+02 9.670975197177319180e-05 1.085244857505554810e-04
7.170244354999999814e+02 1.020915814747083310e-04 1.031528833702251177e-04
7.170247479999999314e+02 1.008184552072469468e-04 9.764211056546148802e-05
7.170250604999999950e+02 9.813515423890654000e-05 9.201062331689117935e-05
7.170253729999999450e+02 8.853310757976763201e-05 8.628123702269004526e-05
7.170256855000000087e+02 7.947485252783123978e-05 8.048149206121060209e-05
7.170259979999999587e+02 7.668208397032150896e-05 7.464394930064144199e-05
7.170263105000000223e+02 6.745710916671990894e-05 6.880638198931048131e-05
7.170266229999999723e+02 6.237621517764183195e-05 6.301182681318274917e-05
7.170269354999999223e+02 5.605306484730387777e-05 5.730845489660009841e-05
7.170272479999999860e+02 4.978882233477931689e-05 5.174922462558257470e-05
7.170275604999999359e+02 5.087272418585662385e-05 4.639128291513481796e-05
7.170278729999999996e+02 5.017259740959700484e-05 4.129509101386878803e-05
7.170281854999999496e+02 3.173551734060396358e-05 3.652326558495003076e-05
7.170284980000000132e+02 2.915699572164804092e-05 3.213914523703852643e-05
7.170288104999999632e+02 3.355803391313264374e-05 2.820511635930144812e-05
7.170291229999999132e+02 2.974725109755401603e-05 2.478075770827996586e-05
7.170294354999999769e+02 2.639385471678485257e-05 2.192088838239679094e-05
7.170297479999999268e+02 1.736453360066521844e-05 1.967362484561629461e-05
7.170300604999999905e+02 2.238754639969929751e-05 1.807856621968760734e-05
7.170303729999999405e+02 2.236463451466219826e-05 1.716523003784426824e-05
7.170306855000000041e+02 1.231058023669755049e-05 1.695185107860981973e-05
7.170309979999999541e+02 2.071334216679170584e-05 1.744463379851366599e-05
7.170313105000000178e+02 1.448710797185684156e-05 1.863751594706112804e-05
7.170316229999999678e+02 2.059503597353479131e-05 2.051246097459734352e-05
7.170319354999999177e+02 1.995589272563953062e-05 2.304025472550468961e-05
7.170322479999999814e+02 2.199097666937367281e-05 2.618174296582906937e-05
7.170325604999999314e+02 2.784660709531994248e-05 2.988941528582045299e-05
7.170328729999999950e+02 2.466806298764135966e-05 3.410922115681745665e-05
7.170331854999999450e+02 3.568905593193402124e-05 3.878249674250059005e-05
7.170334980000000087e+02 4.503126796911819800e-05 4.384788612181104154e-05
7.170338104999999587e+02 5.826341547464873854e-05 4.924315543292855465e-05
7.170341230000000223e+02 5.614538904150984171e-05 5.490682028059224281e-05
7.170344354999999723e+02 6.289896689357867725e-05 6.077953164663572742e-05
7.170347479999999223e+02 5.487061218100244570e-05 6.680519071159265814e-05
7.170350604999999860e+02 7.183542559713636938e-05 7.293178542676977561e-05
7.170353729999999359e+02 6.724289675574652799e-05 7.911196012248970018e-05
7.170356854999999996e+02 9.695135607799601463e-05 8.530334289311116878e-05
7.170359979999999496e+02 8.506862909115616789e-05 9.146866393187400956e-05
7.170363105000000132e+02 9.696888201576712865e-05 9.757570221412120162e-05
7.170366229999999632e+02 1.107774950622394803e-04 1.035970983101622750e-04
7.170369354999999132e+02 1.068436180069642954e-04 1.095100691469651178e-04
7.170372479999999769e+02 1.082793239660134917e-04 1.152960565978486157e-04
7.170375604999999268e+02 1.071573173238901775e-04 1.209403371222371400e-04
7.170378729999999905e+02 1.005544789510267201e-04 1.264316146388160629e-04
7.170381854999999405e+02 1.348708954262743480e-04 1.317616138554328895e-04
7.170384980000000041e+02 1.479029535704468013e-04 1.369246869416039882e-04
7.170388104999999541e+02 1.511955746694002196e-04 1.419174424428493696e-04
7.170391230000000178e+02 1.594632746036480763e-04 1.467384022548829303e-04
7.170394354999999678e+02 1.577111150759746773e-04 1.513876897896907858e-04
7.170397479999999177e+02 1.487284430524523813e-04 1.558667506091659157e-04
7.170400604999999814e+02 1.625444880007976298e-04 1.601781052434486370e-04
7.170403729999999314e+02 1.702506404253792502e-04 1.643251329501863110e-04
7.170406854999999950e+02 1.771873816412147611e-04 1.683118844903399463e-04
7.170409979999999450e+02 1.641304938223736608e-04 1.721429215414192846e-04
7.170413105000000087e+02 1.914263527752031399e-04 1.758231802581327751e-04
7.170416229999999587e+02 1.799509158843126016e-04 1.793578563528111969e-04
7.170419355000000223e+02 1.937593626227629797e-04 1.827523092203725346e-04
7.170422479999999723e+02 1.704765278599427395e-04 1.860119826766364927e-04
7.170425604999999223e+02 1.963616475025757667e-04 1.891423401363645756e-04
7.170428729999999860e+02 2.250209563126606628e-04 1.921488121828506543e-04
7.170431854999999359e+02 1.837140357360807306e-04 1.950367547315101386e-04
7.170434979999999996e+02 1.974020580905021943e-04 1.978114161893246693e-04
7.170438104999999496e+02 2.012719564011306733e-04 2.004779121698929895e-04
7.170441230000000132e+02 2.042336467939607375e-04 2.030412065640219328e-04
7.170444354999999632e+02 1.984817074067155344e-04 2.055060978667220173e-04
7.170447479999999132e+02 2.045588750024371805e-04 2.078772098734860780e-04
7.170450604999999769e+02 2.338566958226460891e-04 2.101589859376052965e-04
7.170453729999999268e+02 2.147952160238109738e-04 2.123556861318038073e-04
7.170456854999999905e+02 1.835677393143067277e-04 2.144713867574001541e-04
7.170459979999999405e+02 2.230078358323244695e-04 2.165099817057014413e-04
7.170463105000000041e+02 2.053098043626039033e-04 2.184751852981924101e-04
7.170466229999999541e+02 2.250614905514532508e-04 2.203705362487880291e-04
7.170469355000000178e+02 2.233163391810979092e-04 2.221994024963042352e-04
7.170472479999999678e+02 2.174216011735995938e-04 2.239649866566447854e-04
7.170475604999999177e+02 2.590546469763211398e-04 2.256703319292955451e-04
7.170478729999999814e+02 2.434212329556201932e-04 2.273183282885273384e-04
7.170481854999999314e+02 2.561812848914755557e-04 2.289117188428622875e-04
7.170484979999999950e+02 2.202295193214434958e-04 2.304531062688230708e-04
7.170488104999999450e+02 2.325418675226267418e-04 2.319449592251260199e-04
7.170491230000000087e+02 2.211484254610253831e-04 2.333896187028728676e-04
7.170494354999999587e+02 2.594106774964824295e-04 2.347893042453713056e-04
7.170497480000000223e+02 2.246892686551568534e-04 2.361461200181060884e-04
7.170500604999999723e+02 2.259482983675120519e-04 2.374620606846407139e-04
7.170503729999999223e+02 2.525000502994769976e-04 2.387390170846896394e-04
7.170506854999999860e+02 2.690014614670723403e-04 2.399787816884617472e-04
7.170509979999999359e+02 2.212352530870216008e-04 2.411830538243949309e-04
7.170513104999999996e+02 2.541749132270337851e-04 2.423534446803823623e-04
7.170516229999999496e+02 2.270244236179022720e-04 2.434914820666595977e-04
7.170519355000000132e+02 2.416311921572530724e-04 2.445986149557025763e-04
7.170522479999999632e+02 2.355359749854301602e-04 2.456762177893054809e-04
7.170525604999999132e+02 2.379783386655549816e-04 2.467255945710731960e-04
7.170528729999999769e+02 2.415551807542822157e-04 2.477479827405604088e-04
7.170531854999999268e+02 2.534969389508609917e-04 2.487445568406748231e-04
7.170534979999999905e+02 2.315954262430572287e-04 2.497164319897164381e-04
7.170538104999999405e+02 2.423468096719694990e-04 2.506646671571904385e-04
7.170541230000000041e+02 2.645193837950075540e-04 2.515902682630825329e-04
7.170544354999999541e+02 2.516897065947056879e-04 2.524941910978074715e-04
7.170547480000000178e+02 2.584751151945142815e-04 2.533773440823763575e-04
7.170550604999999678e+02 2.370797833778602050e-04 2.542405908663736562e-04
7.170553729999999177e+02 2.838236182749372116e-04 2.550847527821603774e-04
7.170556854999999814e+02 2.347220850908923739e-04 2.559106111550972680e-04
7.170559979999999314e+02 2.240923875213362095e-04 2.567189094808652568e-04
7.170563104999999950e+02 2.722184114598415823e-04 2.575103554801136266e-04
7.170566229999999450e+02 2.487493602862019546e-04 2.582856230301294113e-04
7.170569355000000087e+02 2.451400265703413870e-04 2.590453539893994360e-04
7.170572479999999587e+02 2.398432616887085722e-04 2.597901599123020734e-04
7.170575605000000223e+02 2.924910763986241641e-04 2.605206236690945916e-04
7.170578729999999723e+02 2.676695622549850849e-04 2.612373009681658552e-04
7.170581854999999223e+02 2.730085923151763841e-04 2.619407217944897401e-04
7.170584979999999860e+02 2.794627458850408130e-04 2.626313917627570954e-04
7.170588104999999359e+02 2.583064633995353003e-04 2.633097933928855517e-04
7.170591229999999996e+02 2.651979572337255552e-04 2.639763873149438651e-04
7.170594354999999496e+02 2.427662705932788489e-04 2.646316134016629402e-04
7.170597480000000132e+02 2.499324619012731623e-04 2.652758918402901324e-04
7.170600604999999632e+02 2.858983161857046591e-04 2.659096241398990431e-04
7.170603729999999132e+02 2.567431026421234026e-04 2.665331940852064610e-04
7.170606854999999769e+02 2.436901264307250400e-04 2.671469686343905313e-04
7.170609979999999268e+02 2.994739619657778924e-04 2.677512987665659492e-04
7.170613104999999905e+02 2.612986713516540966e-04 2.683465202840786597e-04
7.170616229999999405e+02 2.724265300408182399e-04 2.689329545669337908e-04
7.170619355000000041e+02 2.990976912137892352e-04 2.695109092888245601e-04
7.170622479999999541e+02 2.563313325917835369e-04 2.700806790903294502e-04
7.170625605000000178e+02 2.633208678580219305e-04 2.706425462184482676e-04
