7.047435000000000400e+02 4.158757515746593992e-04 3.927193759440883924e-04
7.047438124999999900e+02 3.954295762037521225e-04 3.925883195631008917e-04
7.047441250000000537e+02 3.895710413448788155e-04 3.924226266878870950e-04
7.047444375000000036e+02 4.071058047541267267e-04 3.922210165660879630e-04
7.047447500000000673e+02 4.156282304546712143e-04 3.919821531753552414e-04
7.047450625000000173e+02 3.838517319357830277e-04 3.917046426234336762e-04
7.047453750000000809e+02 4.379575446609030708e-04 3.913870304263397638e-04
7.047456875000000309e+02 3.835929530394060561e-04 3.910277986633692261e-04
7.047460000000000946e+02 3.911020324659131471e-04 3.906253630017957989e-04
7.047463125000000446e+02 4.137173933541970030e-04 3.901780695913161390e-04
7.047466249999999945e+02 3.816800666162634137e-04 3.896841918208963571e-04
7.047469375000000582e+02 3.889046536188798067e-04 3.891419269384825338e-04
7.047472500000000082e+02 4.192586578327078925e-04 3.885493925301400342e-04
7.047475625000000719e+02 3.305817055134127581e-04 3.879046228544950361e-04
7.047478750000000218e+02 3.831394750267949774e-04 3.872055650368204502e-04
7.047481875000000855e+02 3.793416475468380897e-04 3.864500751160954606e-04
7.047485000000000355e+02 3.873789000889260440e-04 3.856359139538699998e-04
7.047488124999999854e+02 4.514333965903119679e-04 3.847607429998684404e-04
7.047491250000000491e+02 4.059680601948296302e-04 3.838221199253466433e-04
7.047494374999999991e+02 3.830620504443948493e-04 3.828174941285806404e-04
7.047497500000000628e+02 3.941819017199620578e-04 3.817442021175442685e-04
7.047500625000000127e+02 3.455954801018775520e-04 3.805994627906468617e-04
7.047503750000000764e+02 3.778757190728356278e-04 3.793803726194114713e-04
7.047506875000000264e+02 3.889551738020275849e-04 3.780839007649011230e-04
7.047510000000000900e+02 4.060573388588593533e-04 3.767068841384630523e-04
7.047513125000000400e+02 3.607249144172550073e-04 3.752460224503335082e-04
7.047516249999999900e+02 3.662572788920542941e-04 3.736978732671425549e-04
7.047519375000000537e+02 3.675688976648467266e-04 3.720588471331612887e-04
7.047522500000000036e+02 3.316582932969136402e-04 3.703252028022806274e-04
7.047525625000000673e+02 4.031241197841870568e-04 3.684930426348204352e-04
7.047528750000000173e+02 3.464844917274883564e-04 3.665583082466270176e-04
7.047531875000000809e+02 3.809436167460865082e-04 3.645167764754327295e-04
7.047535000000000309e+02 3.315951850932191388e-04 3.623640557850696538e-04
7.047538125000000946e+02 3.991083819742400132e-04 3.600955832008042191e-04
7.047541250000000446e+02 3.053858514078450280e-04 3.577066219343251192e-04
7.047544374999999945e+02 3.302182387714880569e-04 3.551922598303828464e-04
7.047547500000000582e+02 3.475362235226127057e-04 3.525474088353909813e-04
7.047550625000000082e+02 3.354454054320525928e-04 3.497668056886500177e-04
7.047553750000000719e+02 3.120855019928027723e-04 3.468450140639386839e-04
7.047556875000000218e+02 3.345133833281875926e-04 3.437764284593107923e-04
7.047560000000000855e+02 3.172398591211989622e-04 3.405552801147834004e-04
7.047563125000000355e+02 3.399033913434347238e-04 3.371756453457588703e-04
7.047566249999999854e+02 2.869039789622711387e-04 3.336314566583605716e-04
7.047569375000000491e+02 3.483258209625424368e-04 3.299165171269818377e-04
7.047572499999999991e+02 2.886814724490207110e-04 3.260245185316144097e-04
7.047575625000000628e+02 3.086377449463588917e-04 3.219490638078724280e-04
7.047578750000000127e+02 3.175208303255743652e-04 3.176836944766780698e-04
7.047581875000000764e+02 2.682076566763823950e-04 3.132219237089654655e-04
7.047585000000000264e+02 3.340702844414956984e-04 3.085572758422925233e-04
7.047588125000000900e+02 2.215522223616600594e-04 3.036833331398456379e-04
7.047591250000000400e+02 2.957356212092085716e-04 2.985937907538801736e-04
7.047594374999999900e+02 3.088860265627772837e-04 2.932825208174352554e-04
7.047597500000000537e+02 2.887591644786955064e-04 2.877436467426250843e-04
7.047600625000000036e+02 2.605232569445015091e-04 2.819716287926052789e-04
7.047603750000000673e+02 2.305491443998186043e-04 2.759613620181908928e-04
7.047606875000000173e+02 2.855279784920183059e-04 2.697082877303106740e-04
7.047610000000000809e+02 2.863201768664593678e-04 2.632085195357976477e-04
7.047613125000000309e+02 2.461421080973174766e-04 2.564589850303782719e-04
7.047616250000000946e+02 2.411204184729909554e-04 2.494575839763087371e-04
7.047619375000000446e+02 1.950293985305916579e-04 2.422033637490432544e-04
7.047622499999999945e+02 2.386649840550670643e-04 2.346967124110463376e-04
7.047625625000000582e+02 2.175720795048659848e-04 2.269395695344126088e-04
7.047628750000000082e+02 1.891592705684939295e-04 2.189356543175979505e-04
7.047631875000000719e+02 2.021156793031353340e-04 2.106907099093780584e-04
7.047635000000000218e+02 1.921366013794260799e-04 2.022127621815556159e-04
7.047638125000000855e+02 1.990136625140938515e-04 1.935123900933139471e-04
7.047641250000000355e+02 1.833586456281172952e-04 1.846030038718610101e-04
7.047644374999999854e+02 1.744896674596372861e-04 1.755011257708331189e-04
7.047647500000000491e+02 1.905863941662068299e-04 1.662266669146101835e-04
7.047650624999999991e+02 1.425825595152150412e-04 1.568031920769920437e-04
7.047653750000000628e+02 1.571880581180831271e-04 1.472581626072407338e-04
7.047656875000000127e+02 1.357633619307072818e-04 1.376231462006485048e-04
7.047660000000000764e+02 1.616781927361123409e-04 1.279339804732059849e-04
7.047663125000000264e+02 1.222971200403092881e-04 1.182308761863065579e-04
7.047666250000000900e+02 1.270657576663329841e-04 1.085584447808652416e-04
7.047669375000000400e+02 1.121808337067553519e-04 9.896563468081365428e-05
7.047672499999999900e+02 8.532339660322436545e-05 8.950556090795412124e-05
7.047675625000000537e+02 8.236444353435724472e-05 8.023521396458862089e-05
7.047678750000000036e+02 7.663730776149134546e-05 7.121503611293397468e-05
7.047681875000000673e+02 6.281960752315440583e-05 6.250835668431472549e-05
7.047685000000000173e+02 7.374213546010024913e-05 5.418068292114329394e-05
7.047688125000000809e+02 6.277668574018168963e-05 4.629884863407465035e-05
7.047691250000000309e+02 6.184612477755416476e-05 3.893003016071143409e-05
7.047694375000000946e+02 4.518342368641851373e-05 3.214064665046390961e-05
7.047697500000000446e+02 3.742664588067413624e-05 2.599516991022297386e-05
7.047700624999999945e+02 3.878418494291670758e-05 2.055487661337229818e-05
7.047703750000000582e+02 2.551289303833342994e-05 1.587658263292470953e-05
7.047706875000000082e+02 2.573536499743315665e-05 1.201140436053459599e-05
7.047710000000000719e+02 1.988851200355566532e-05 9.003594847018015667e-06
7.047713125000000218e+02 2.634024618567387227e-05 6.889502853975086472e-06
7.047716250000000855e+02 1.808060841964016579e-05 5.696699987460586953e-06
7.047719375000000355e+02 1.377754722646986253e-05 5.443315246183899827e-06
7.047722499999999854e+02 1.328298210903693564e-05 6.137607530744346620e-06
7.047725625000000491e+02 9.849606163653522464e-06 7.777795718879855708e-06
7.047728749999999991e+02 7.301479345898980873e-06 1.035215343961462483e-05
7.047731875000000628e+02 8.867877556863946233e-06 1.383936276111113572e-05
7.047735000000000127e+02 1.450917014755032509e-05 1.820910853246289154e-05
7.047738125000000764e+02 1.230143999625647004e-05 2.342288418570331215e-05
7.047741250000000264e+02 1.949574267263028840e-05 2.943497098566240128e-05
7.047744375000000900e+02 3.435201893385540490e-05 3.619354683185212207e-05
7.047747500000000400e+02 3.829186097946751994e-05 4.364187765553515929e-05
7.047750624999999900e+02 4.541046992239943528e-05 5.171954461483175875e-05
7.047753750000000537e+02 3.906349648504215376e-05 6.036366288563283714e-05
7.047756875000000036e+02 5.459399648484966361e-05 6.951005283036209117e-05
7.047760000000000673e+02 7.785351939043913354e-05 7.909433082915026030e-05
7.047763125000000173e+02 6.707691089924990144e-05 8.905289434228275396e-05
7.047766250000000809e+02 7.360822269724947989e-05 9.932378365252803921e-05
7.047769375000000309e+02 8.997715803921438793e-05 1.098474099633194571e-04
7.047772500000000946e+02 1.035238154959422909e-04 1.205671465172833043e-04
7.047775625000000446e+02 1.043503924229596894e-04 1.314297849545737167e-04
7.047778749999999945e+02 1.287275358066751268e-04 1.423858640207648736e-04
7.047781875000000582e+02 1.221587776696936474e-04 1.533898809897068908e-04
7.047785000000000082e+02 1.350083677746207540e-04 1.644003986329417718e-04
7.047788125000000719e+02 1.773309779248375014e-04 1.753800618760345065e-04
7.047791250000000218e+02 1.962330983282014327e-04 1.862955385749248151e-04
7.047794375000000855e+02 1.542815705498498874e-04 1.971173988036599802e-04
7.047797500000000355e+02 1.952636663498187922e-04 2.078199460019103622e-04
7.047800624999999854e+02 2.439864022907228878e-04 2.183810124258454225e-04
7.047803750000000491e+02 2.171263563155852400e-04 2.287817297469565785e-04
7.047806874999999991e+02 2.121202861547332320e-04 2.390062843022073137e-04
7.047810000000000628e+02 2.427338921411763858e-04 2.490416650026856522e-04
7.047813125000000127e+02 2.583020616598513458e-04 2.588774103430262902e-04
7.047816250000000764e+02 2.603896588914954313e-04 2.685053598318376034e-04
7.047819375000000264e+02 2.386058746583745059e-04 2.779194137345439189e-04
7.047822500000000900e+02 3.315768731319333295e-04 2.871153042020000204e-04
7.047825625000000400e+02 2.897526463603625852e-04 2.960903797339947837e-04
7.047828749999999900e+02 2.923797885811185368e-04 3.048434043942678095e-04
7.047831875000000537e+02 2.902017469547877584e-04 3.133743723883106701e-04
7.047835000000000036e+02 3.683232475226682050e-04 3.216843382456438202e-04
7.047838125000000673e+02 3.244236377556407314e-04 3.297752624608569008e-04
7.047841250000000173e+02 3.584553547386307593e-04 3.376498720555210355e-04
7.047844375000000809e+02 3.767272692464318853e-04 3.453115354850059475e-04
7.047847500000000309e+02 3.920740246336815019e-04 3.527641509844477489e-04
7.047850625000000946e+02 3.774359977730323487e-04 3.600120475451142705e-04
7.047853750000000446e+02 3.619780295637465206e-04 3.670598974848668979e-04
7.047856874999999945e+02 3.996869432604767338e-04 3.739126397362982314e-04
7.047860000000000582e+02 3.934243173061072987e-04 3.805754128358168229e-04
7.047863125000000082e+02 3.598884612507510209e-04 3.870534967219219991e-04
7.047866250000000719e+02 4.745475636899749278e-04 3.933522624877789872e-04
7.047869375000000218e+02 4.511770804709401127e-04 3.994771292024535021e-04
7.047872500000000855e+02 4.551042626472400149e-04 4.054335271037431054e-04
7.047875625000000355e+02 4.237598657836380393e-04 4.112268663780859141e-04
7.047878749999999854e+02 3.862839230878369230e-04 4.168625109450021767e-04
7.047881875000000491e+02 4.547675872150625637e-04 4.223457565971803834e-04
7.047884999999999991e+02 4.759488213918987970e-04 4.276818129818029312e-04
7.047888125000000628e+02 4.059230725473632817e-04 4.328757889574114375e-04
7.047891250000000127e+02 4.517776165929063932e-04 4.379326808431561937e-04
7.047894375000000764e+02 4.397167244076171603e-04 4.428573632326662812e-04
7.047897500000000264e+02 4.795791329294163321e-04 4.476545819669940931e-04
7.047900625000000900e+02 5.088995672879077781e-04 4.523289490196354427e-04
7.047903750000000400e+02 4.538301310986302801e-04 4.568849389658849827e-04
7.047906874999999900e+02 5.008144369355064726e-04 4.613268868526075399e-04
7.047910000000000537e+02 4.938589503922485293e-04 4.656589872158594951e-04
7.047913125000000036e+02 4.598784817237631917e-04 4.698852940810659953e-04
7.047916250000000673e+02 4.993155462585134249e-04 4.740097218003112064e-04
7.047919375000000173e+02 4.875094047216171249e-04 4.780360465484602243e-04
7.047922500000000809e+02 5.030387616161038737e-04 4.819679084044150869e-04
7.047925625000000309e+02 5.283220222998344113e-04 4.858088138643916324e-04
7.047928750000000946e+02 5.687495779966840557e-04 4.895621387433591676e-04
7.047931875000000446e+02 5.160516236812562807e-04 4.932311313406650228e-04
7.047934999999999945e+02 5.049469730418219620e-04 4.968189158461915273e-04
7.047938125000000582e+02 4.523243802983298702e-04 5.003284958949506160e-04
7.047941250000000082e+02 4.934150010125255446e-04 5.037627582356014140e-04
7.047944375000000719e+02 5.106945891987566379e-04 5.071244764834245125e-04
7.047947500000000218e+02 4.825557499983558095e-04 5.104163148912769805e-04
7.047950625000000855e+02 5.663724248769635723e-04 5.136408321477663793e-04
7.047953750000000355e+02 4.476617382586881456e-04 5.168004851389418081e-04
7.047956874999999854e+02 5.131938554261561295e-04 5.198976326904149918e-04
7.047960000000000491e+02 5.363307408166013241e-04 5.229345392434931383e-04
7.047963124999999991e+02 4.777963830596090476e-04 5.259133784641152219e-04
7.047966250000000628e+02 5.650634885763673862e-04 5.288362367842610115e-04
7.047969375000000127e+02 5.274316401161907109e-04 5.317051168401048036e-04
7.047972500000000764e+02 5.776372537828785951e-04 5.345219408339513690e-04
7.047975625000000264e+02 5.351042531287896354e-04 5.372885537811012942e-04
7.047978750000000900e+02 5.596318503006795803e-04 5.400067266716990439e-04
7.047981875000000400e+02 5.520943182482126576e-04 5.426781595126052701e-04
7.047984999999999900e+02 5.252935553389620179e-04 5.453044842794438395e-04
7.047988125000000537e+02 5.453645368211826718e-04 5.478872677535336945e-04
7.047991250000000036e+02 5.322410466556539788e-04 5.504280142544542209e-04
7.047994375000000673e+02 5.291319086144223756e-04 5.529281682782720159e-04
7.047997500000000173e+02 5.313725845845088461e-04 5.553891170197297264e-04
7.048000625000000809e+02 5.617255526844178778e-04 5.578121928089195243e-04
7.048003750000000309e+02 6.453755874118867171e-04 5.601986754355484533e-04
7.048006875000000946e+02 6.083971444711525935e-04 5.625497943919191860e-04
7.048010000000000446e+02 5.729157984272186671e-04 5.648667310090636339e-04
7.048013124999999945e+02 5.344716128749823309e-04 5.671506205157842524e-04
7.048016250000000582e+02 5.592975048166401453e-04 5.694025540018837501e-04
7.048019375000000082e+02 5.706790570289202577e-04 5.716235802973822482e-04
7.048022500000000719e+02 6.152242467801219894e-04 5.738147077785939448e-04
7.048025625000000218e+02 5.339737567310563759e-04 5.759769060837596332e-04
7.048028750000000855e+02 5.273053786099681861e-04 5.781111077662215870e-04
7.048031875000000355e+02 5.417747403318694515e-04 5.802182098625564442e-04
7.048034999999999854e+02 6.583925783889478956e-04 5.822990754029874457e-04
7.048038125000000491e+02 5.394989720903772866e-04 5.843545348473201152e-04
7.048041249999999991e+02 5.145136361310676063e-04 5.863853874571761833e-04
7.048044375000000628e+02 5.213878170557842504e-04 5.883924026144646355e-04
7.048047500000000127e+02 5.867276187655924699e-04 5.903763210701708708e-04
7.048050625000000764e+02 6.079446152488054804e-04 5.923378561488820042e-04
7.048053750000000264e+02 5.547578824819364993e-04 5.942776948881339479e-04
7.048056875000000900e+02 5.220608494252089622e-04 5.961964991380490440e-04
