7.170095019999999977e+02 2.314503217224473091e-04 2.193773176910379565e-04
7.170098144999999477e+02 2.206515180276622553e-04 2.193216113708621622e-04
7.170101270000000113e+02 2.353626331212167765e-04 2.192559075261147641e-04
7.170104394999999613e+02 2.199265978648134914e-04 2.191798272229734262e-04
7.170107520000000250e+02 2.244729668665165930e-04 2.190929741048720640e-04
7.170110644999999749e+02 2.118245323947845048e-04 2.189949334654097302e-04
7.170113770000000386e+02 2.234424068131705726e-04 2.188852712659273528e-04
7.170116894999999886e+02 2.176917545850929779e-04 2.187635330953194811e-04
7.170120020000000522e+02 2.039747631795579570e-04 2.186292430672739874e-04
7.170123145000000022e+02 2.371568663985745514e-04 2.184819026523343588e-04
7.170126269999999522e+02 1.962421282635469283e-04 2.183209894393009281e-04
7.170129395000000159e+02 2.209690840926734491e-04 2.181459558227435102e-04
7.170132519999999658e+02 1.990029401524820592e-04 2.179562276116330985e-04
7.170135645000000295e+02 2.112334205663728127e-04 2.177512025534410027e-04
7.170138769999999795e+02 2.236300806229030191e-04 2.175302487702230215e-04
7.170141895000000432e+02 2.245987268724933543e-04 2.172927030990782051e-04
7.170145019999999931e+02 2.197821435560897221e-04 2.170378693336400704e-04
7.170148144999999431e+02 2.029919548243274818e-04 2.167650163580996916e-04
7.170151270000000068e+02 2.254635097668637777e-04 2.164733761694986934e-04
7.170154394999999568e+02 2.255774251632436129e-04 2.161621417809905885e-04
7.170157520000000204e+02 2.425255934740685538e-04 2.158304649979659662e-04
7.170160644999999704e+02 2.003907912342832497e-04 2.154774540626772387e-04
7.170163770000000341e+02 2.064679416080842560e-04 2.151021711564427528e-04
7.170166894999999840e+02 2.319668352526067518e-04 2.147036297557118601e-04
7.170170020000000477e+02 2.134270266038089739e-04 2.142807918301218044e-04
7.170173144999999977e+02 2.249397023939681385e-04 2.138325648790644583e-04
7.170176269999999477e+02 2.228172512869168844e-04 2.133577987943998039e-04
7.170179395000000113e+02 2.033663636964127392e-04 2.128552825451714440e-04
7.170182519999999613e+02 2.407093979720816154e-04 2.123237406753724276e-04
7.170185645000000250e+02 2.065173006184284810e-04 2.117618296053628483e-04
7.170188769999999749e+02 1.939539657541023039e-04 2.111681337348763308e-04
7.170191895000000386e+02 2.295454444412821154e-04 2.105411613354919113e-04
7.170195019999999886e+02 1.970366584259014087e-04 2.098793402340583215e-04
7.170198145000000522e+02 1.918344501783375805e-04 2.091810132764230807e-04
7.170201270000000022e+02 1.879049643111225121e-04 2.084444335768159283e-04
7.170204394999999522e+02 2.041789543979481594e-04 2.076677595457393759e-04
7.170207520000000159e+02 2.253385073708652139e-04 2.068490497056089299e-04
7.170210644999999658e+02 2.280863548819001365e-04 2.059862572986436704e-04
7.170213770000000295e+02 1.962316575373841319e-04 2.050772246947510477e-04
7.170216894999999795e+02 2.120863007105077661e-04 2.041196776236460530e-04
7.170220020000000432e+02 2.005045492013682242e-04 2.031112192445592892e-04
7.170223144999999931e+02 1.929944603416602878e-04 2.020493240953790228e-04
7.170226269999999431e+02 1.760662328017156266e-04 2.009313319515047271e-04
7.170229395000000068e+02 2.198443281627891700e-04 1.997544416560950904e-04
7.170232519999999568e+02 2.128348036404087657e-04 1.985157049855719739e-04
7.170235645000000204e+02 1.777986292655215608e-04 1.972120206295864130e-04
7.170238769999999704e+02 1.844287911358166243e-04 1.958401284007940614e-04
7.170241895000000341e+02 1.772534082937787423e-04 1.943966037886859057e-04
7.170245019999999840e+02 1.947425016518132155e-04 1.928778530295055559e-04
7.170248145000000477e+02 1.725869170666231519e-04 1.912801088667115694e-04
7.170251269999999977e+02 1.823802265305177043e-04 1.895994272488395638e-04
7.170254394999999477e+02 1.934302674663136603e-04 1.878316852240470569e-04
7.170257520000000113e+02 1.904412572315361085e-04 1.859725803757320797e-04
7.170260644999999613e+02 1.976243971321046304e-04 1.840176321872888431e-04
7.170263770000000250e+02 1.849517912704334377e-04 1.819621857939678880e-04
7.170266894999999749e+02 1.788606136969678423e-04 1.798014186880652785e-04
7.170270020000000386e+02 1.610247891616049961e-04 1.775303509988209534e-04
7.170273144999999886e+02 1.652580849263466040e-04 1.751438601219721541e-04
7.170276270000000522e+02 1.797423448223023725e-04 1.726367005451628868e-04
7.170279395000000022e+02 1.518801490644714218e-04 1.700035299006959460e-04
7.170282519999999522e+02 1.553340235150330202e-04 1.672389423700430030e-04
7.170285645000000159e+02 1.698747943309746739e-04 1.643375107707260841e-04
7.170288769999999658e+02 1.338455450439311344e-04 1.612938387919546650e-04
7.170291895000000295e+02 1.509227150511646036e-04 1.581026250111123893e-04
7.170295019999999795e+02 1.574392612195706813e-04 1.547587405286499681e-04
7.170298145000000432e+02 1.554599072196496273e-04 1.512573221504230560e-04
7.170301269999999931e+02 1.345350623599218581e-04 1.475938832446418482e-04
7.170304394999999431e+02 1.506231660578744394e-04 1.437644444066585553e-04
7.170307520000000068e+02 1.231542035519153340e-04 1.397656861440866715e-04
7.170310644999999568e+02 1.349609027274095295e-04 1.355951256625715403e-04
7.170313770000000204e+02 1.472238857756689415e-04 1.312513195981457532e-04
7.170316894999999704e+02 1.157576341709984125e-04 1.267340941802768144e-04
7.170320020000000341e+02 1.158802841069373526e-04 1.220448035700270466e-04
7.170323144999999840e+02 1.077414352626137229e-04 1.171866162609650684e-04
7.170326270000000477e+02 1.038618338227220912e-04 1.121648280098998810e-04
7.170329394999999977e+02 1.073283313973633676e-04 1.069871981302647284e-04
7.170332519999999477e+02 1.035277033198266539e-04 1.016643036555435752e-04
7.170335645000000113e+02 1.072790095543826763e-04 9.620990325871320000e-05
7.170338769999999613e+02 8.963221663075911943e-05 9.064129953488031294e-05
7.170341895000000250e+02 9.388724105246248658e-05 8.497968460005516701e-05
7.170345019999999749e+02 9.056863507111669780e-05 7.925045008883805503e-05
7.170348145000000386e+02 8.771151764587007131e-05 7.348343852807926130e-05
7.170351269999999886e+02 6.871203796028369512e-05 6.771310950618712494e-05
7.170354395000000522e+02 6.674769572401160751e-05 6.197859102980171435e-05
7.170357520000000022e+02 6.253649701980791814e-05 5.632358508600686782e-05
7.170360644999999522e+02 5.438315176579901542e-05 5.079609685935228470e-05
7.170363770000000159e+02 4.463227180723459964e-05 4.544796049583746107e-05
7.170366894999999658e+02 4.026386986524489530e-05 4.033414092207850788e-05
7.170370020000000295e+02 4.377771711372918851e-05 3.551180166056838527e-05
7.170373144999999795e+02 3.129669214307312743e-05 3.103914280515740752e-05
7.170376270000000432e+02 3.154080067914370007e-05 2.697403056598515715e-05
7.170379394999999931e+02 2.829538400443119839e-05 2.337245928436662757e-05
7.170382519999999431e+02 1.439520760382207300e-05 2.028690633003167352e-05
7.170385645000000068e+02 1.628942642014867542e-05 1.776465794605602028e-05
7.170388769999999568e+02 2.336341653185998126e-05 1.584619702623951467e-05
7.170391895000000204e+02 2.077362645382130492e-05 1.456374984759250217e-05
7.170395019999999704e+02 1.382309898005321310e-05 1.394008611488133437e-05
7.170398145000000341e+02 1.894372213839815635e-05 1.398765451189998667e-05
7.170401269999999840e+02 1.558363414943596899e-05 1.470811502622307452e-05
7.170404395000000477e+02 1.618707849637682412e-05 1.609230143490124812e-05
7.170407519999999977e+02 1.385792768800408564e-05 1.812061565876788580e-05
7.170410644999999477e+02 1.154460509962551302e-05 2.076382388889030911e-05
7.170413770000000113e+02 2.537287342270008473e-05 2.398419615166190878e-05
7.170416894999999613e+02 1.682021223718462919e-05 2.773690945834104737e-05
7.170420020000000250e+02 2.099313749855062148e-05 3.197162186998193760e-05
7.170423144999999749e+02 2.579420622705252888e-05 3.663412128355239664e-05
7.170426270000000386e+02 3.602975161079222376e-05 4.166795805473136587e-05
7.170429394999999886e+02 2.647799408392118839e-05 4.701598273691380136e-05
7.170432520000000522e+02 6.767190162869711446e-05 5.262172727917559337e-05
7.170435645000000022e+02 5.320439325907242242e-05 5.843058708789683291e-05
7.170438769999999522e+02 7.156288573315658201e-05 6.439078058299866822e-05
7.170441895000000159e+02 7.955088753635987191e-05 7.045408002039844279e-05
7.170445019999999658e+02 7.610291584369033887e-05 7.657632162926012408e-05
7.170448145000000295e+02 8.365639031298175061e-05 8.271771371627511399e-05
7.170451269999999795e+02 9.029218989190463198e-05 8.884296825409849542e-05
7.170454395000000432e+02 8.581007557498433356e-05 9.492128522115331722e-05
7.170457519999999931e+02 1.096044153856644531e-04 1.009262196971280053e-04
7.170460644999999431e+02 1.116752705984323780e-04 1.068354606544798691e-04
7.170463770000000068e+02 1.236035576862625017e-04 1.126305476384976305e-04
7.170466894999999568e+02 1.048832932067789300e-04 1.182965481525529236e-04
7.170470020000000204e+02 1.130558913038903339e-04 1.238217147551874697e-04
7.170473144999999704e+02 1.482983673919891410e-04 1.291971370014415531e-04
7.170476270000000341e+02 1.193926885646326099e-04 1.344163999235852643e-04
7.170479394999999840e+02 1.353402327194007859e-04 1.394752574619802178e-04
7.170482520000000477e+02 1.226881444664941619e-04 1.443713266935570171e-04
7.170485644999999977e+02 1.526951785947171139e-04 1.491038063731262703e-04
7.170488769999999477e+02 1.488316045872456494e-04 1.536732216694725224e-04
7.170491895000000113e+02 1.508759659606801991e-04 1.580811955363712945e-04
7.170495019999999613e+02 1.536455529233268313e-04 1.623302462400313755e-04
7.170498145000000250e+02 1.690470245626588420e-04 1.664236098721059575e-04
7.170501269999999749e+02 1.808271912294350599e-04 1.703650861746291317e-04
7.170504395000000386e+02 1.836475850458098649e-04 1.741589058274105523e-04
7.170507519999999886e+02 1.770397154111570020e-04 1.778096171317724336e-04
7.170510645000000522e+02 1.887743660499136662e-04 1.813219901006046060e-04
7.170513770000000022e+02 1.872520475850183389e-04 1.847009359300936431e-04
7.170516894999999522e+02 1.893531004723100113e-04 1.879514400183604288e-04
7.170520020000000159e+02 1.836014116230153285e-04 1.910785067563971421e-04
7.170523144999999658e+02 2.081766271364760175e-04 1.940871145138613522e-04
7.170526270000000295e+02 2.203169258200796945e-04 1.969821793947340452e-04
7.170529394999999795e+02 1.782104662500746982e-04 1.997685264547138231e-04
7.170532520000000432e+02 2.037292787554641194e-04 2.024508672821903339e-04
7.170535644999999931e+02 2.342139221926814463e-04 2.050337829161737321e-04
7.170538769999999431e+02 2.027157600244130196e-04 2.075217112678875856e-04
7.170541895000000068e+02 2.126179097291220721e-04 2.099189382721690985e-04
7.170545019999999568e+02 2.294271429396818303e-04 2.122295921345786240e-04
7.170548145000000204e+02 1.903912719364875836e-04 2.144576401297756398e-04
7.170551269999999704e+02 2.208349992307607091e-04 2.166068874590160978e-04
7.170554395000000341e+02 2.271204006622937416e-04 2.186809777930761212e-04
7.170557519999999840e+02 2.595088138362272871e-04 2.206833951368888946e-04
7.170560645000000477e+02 2.534673770046567184e-04 2.226174667567947408e-04
7.170563769999999977e+02 2.134226951761262765e-04 2.244863669082139944e-04
7.170566894999999477e+02 2.326558520038338185e-04 2.262931211879906017e-04
7.170570020000000113e+02 2.437423204945809324e-04 2.280406113287369732e-04
7.170573144999999613e+02 2.477178519239985771e-04 2.297315803069049597e-04
7.170576270000000250e+02 2.421875141779085471e-04 2.313686376589007773e-04
7.170579394999999749e+02 2.334150557904748880e-04 2.329542648988672520e-04
7.170582520000000386e+02 2.337341301538916878e-04 2.344908209836928526e-04
7.170585644999999886e+02 2.346787764008577675e-04 2.359805477473152517e-04
7.170588770000000522e+02 2.030167134531587027e-04 2.374255752761789183e-04
7.170591895000000022e+02 2.516965945864380115e-04 2.388279271715225774e-04
7.170595019999999522e+02 2.319889196545665323e-04 2.401895256874386211e-04
7.170598145000000159e+02 2.534033579667102827e-04 2.415121967103744851e-04
7.170601269999999658e+02 2.404685631249556309e-04 2.427976745705898978e-04
7.170604395000000295e+02 2.500327726267175085e-04 2.440476066796501778e-04
7.170607519999999795e+02 2.605797015599416373e-04 2.452635579756746835e-04
7.170610645000000432e+02 2.416392284874153572e-04 2.464470151874496666e-04
7.170613769999999931e+02 2.325366136871047796e-04 2.475993909020136516e-04
7.170616894999999431e+02 2.545498079217440647e-04 2.487220274506586029e-04
7.170620020000000068e+02 2.455568581697947393e-04 2.498162006051432094e-04
7.170623144999999568e+02 2.608872905901608321e-04 2.508831230926796343e-04
7.170626270000000204e+02 2.390854603047150176e-04 2.519239479383256338e-04
7.170629394999999704e+02 2.402775736754611698e-04 2.529397716306097080e-04
7.170632520000000341e+02 2.523136401531515111e-04 2.539316371284906912e-04
7.170635644999999840e+02 2.614692935288046830e-04 2.549005367039465465e-04
7.170638770000000477e+02 2.780347323609099006e-04 2.558474146386410949e-04
7.170641894999999977e+02 2.493162610873745082e-04 2.567731697698185538e-04
7.170645019999999477e+02 2.353660298688616253e-04 2.576786579030919855e-04
7.170648145000000113e+02 2.850632692011380569e-04 2.585646940900189939e-04
7.170651269999999613e+02 2.703078993826135896e-04 2.594320547806186592e-04
7.170654395000000250e+02 2.667247875148049167e-04 2.602814798602389574e-04
7.170657519999999749e+02 2.412626304725661443e-04 2.611136745690145712e-04
7.170660645000000386e+02 2.708387979388279386e-04 2.619293113196493055e-04
7.170663769999999886e+02 2.448880032161438944e-04 2.627290314093727814e-04
7.170666895000000522e+02 2.734809364570008018e-04 2.635134466412732785e-04
7.170670020000000022e+02 2.670606795006504161e-04 2.642831408507768736e-04
7.170673144999999522e+02 2.609170507608199138e-04 2.650386713513393677e-04
7.170676270000000159e+02 2.776935156159319757e-04 2.657805702969094890e-04
7.170679394999999658e+02 2.664874248736749099e-04 2.665093459686898461e-04
7.170682520000000295e+02 2.583847238261363557e-04 2.672254839930849257e-04
7.170685644999999795e+02 2.529564988370200124e-04 2.679294484882581710e-04
7.170688770000000432e+02 2.545539507734837881e-04 2.686216831513729567e-04
7.170691894999999931e+02 2.632148381900696024e-04 2.693026122818332167e-04
7.170695019999999431e+02 2.804049762123930344e-04 2.699726417519341965e-04
7.170698145000000068e+02 2.682882749967225948e-04 2.706321599218137813e-04
7.170701269999999568e+02 2.784027911967909400e-04 2.712815385043949455e-04
7.170704395000000204e+02 2.670283507896876541e-04 2.719211333855200779e-04
7.170707519999999704e+02 2.685926523077435796e-04 2.725512853960703288e-04
7.170710645000000341e+02 2.563321505347658166e-04 2.731723210459566578e-04
7.170713769999999840e+02 2.626925917544198504e-04 2.737845532149511233e-04
7.170716895000000477e+02 2.630641126534368456e-04 2.743882818099755588e-04
