7.047547150000000329e+02 4.018398310980913070e-04 3.752893128220676248e-04
7.047550274999999829e+02 3.900082364951468271e-04 3.751587473670529036e-04
7.047553400000000465e+02 3.353271995407669493e-04 3.749963942822807602e-04
7.047556524999999965e+02 4.013656612951489473e-04 3.748010828287498997e-04
7.047559650000000602e+02 3.594960412384424586e-04 3.745715918331883891e-04
7.047562775000000101e+02 3.612555776855279907e-04 3.743066473105229226e-04
7.047565900000000738e+02 3.706703275808772191e-04 3.740049199734955419e-04
7.047569025000000238e+02 4.033501563480262333e-04 3.736650226281236259e-04
7.047572150000000875e+02 4.240826044468660907e-04 3.732855074480297239e-04
7.047575275000000374e+02 4.057352569473802605e-04 3.728648631274585437e-04
7.047578399999999874e+02 4.067144091949076901e-04 3.724015119057109773e-04
7.047581525000000511e+02 3.560165176759834751e-04 3.718938064630330576e-04
7.047584650000000011e+02 3.850386584961232794e-04 3.713400266842151729e-04
7.047587775000000647e+02 3.508920966410191355e-04 3.707383762854326767e-04
7.047590900000000147e+02 3.918683973139018540e-04 3.700869793076593190e-04
7.047594025000000784e+02 3.850937380067818061e-04 3.693838764695588604e-04
7.047597150000000283e+02 3.705706454174911239e-04 3.686270213870855225e-04
7.047600274999999783e+02 4.076652534416631444e-04 3.678142766538890327e-04
7.047603400000000420e+02 3.692219818992872275e-04 3.669434097914117416e-04
7.047606524999999920e+02 3.724308018727498786e-04 3.660120890711525583e-04
7.047609650000000556e+02 3.222897969477882697e-04 3.650178792119755547e-04
7.047612775000000056e+02 3.665657856678637867e-04 3.639582369697254727e-04
7.047615900000000693e+02 3.630191839293343435e-04 3.628305066203395051e-04
7.047619025000000192e+02 3.478696450943025197e-04 3.616319153631669453e-04
7.047622150000000829e+02 3.448523860281270371e-04 3.603595686511372833e-04
7.047625275000000329e+02 3.334989979910946015e-04 3.590104454844771000e-04
7.047628399999999829e+02 3.420004269693982784e-04 3.575813936833536480e-04
7.047631525000000465e+02 3.709749025620782872e-04 3.560691251855045225e-04
7.047634649999999965e+02 3.592613123748866332e-04 3.544702114070063343e-04
7.047637775000000602e+02 3.182419300778827433e-04 3.527810787102089599e-04
7.047640900000000101e+02 3.734720341557774543e-04 3.509980040528522813e-04
7.047644025000000738e+02 3.179194121321719259e-04 3.491171108707683750e-04
7.047647150000000238e+02 3.729458313130541627e-04 3.471343652969053825e-04
7.047650275000000875e+02 3.090184637251141772e-04 3.450455727931619012e-04
7.047653400000000374e+02 3.223573473120527107e-04 3.428463753305128754e-04
7.047656524999999874e+02 3.451086196821499439e-04 3.405322492272146021e-04
7.047659650000000511e+02 4.123915973898276176e-04 3.380985038164492271e-04
7.047662775000000011e+02 2.879141198395456847e-04 3.355402811136400727e-04
7.047665900000000647e+02 3.008493419292876782e-04 3.328525566771048209e-04
7.047669025000000147e+02 3.089687651648339597e-04 3.300301419186253801e-04
7.047672150000000784e+02 3.092779477327938279e-04 3.270676881022060241e-04
7.047675275000000283e+02 2.883962613815375161e-04 3.239596923671710484e-04
7.047678399999999783e+02 3.173251911605733480e-04 3.207005060902782352e-04
7.047681525000000420e+02 2.846188919428438479e-04 3.172843460050398662e-04
7.047684649999999920e+02 2.852565355030637208e-04 3.137053085111042561e-04
7.047687775000000556e+02 3.174849533730702525e-04 3.099573876565667597e-04
7.047690900000000056e+02 2.978790144967669853e-04 3.060344973805604620e-04
7.047694025000000693e+02 3.180839837547811788e-04 3.019304985930797505e-04
7.047697150000000192e+02 3.044961671028464456e-04 2.976392318187442553e-04
7.047700275000000829e+02 2.936449843355963454e-04 2.931545561093440184e-04
7.047703400000000329e+02 3.020789090185862103e-04 2.884703950917906989e-04
7.047706524999999829e+02 2.599617656686637932e-04 2.835807909889499767e-04
7.047709650000000465e+02 3.040091010514255781e-04 2.784799676014373840e-04
7.047712774999999965e+02 2.496339564012863737e-04 2.731624032397821935e-04
7.047715900000000602e+02 2.762526270283408134e-04 2.676229146336647790e-04
7.047719025000000101e+02 2.430347589569831072e-04 2.618567529387244791e-04
7.047722150000000738e+02 2.129630941787310442e-04 2.558597128542892062e-04
7.047725275000000238e+02 2.331024939846169973e-04 2.496282559579619136e-04
7.047728400000000875e+02 1.970928820590218001e-04 2.431596491558410140e-04
7.047731525000000374e+02 2.168605246972624254e-04 2.364521191537243818e-04
7.047734649999999874e+02 2.102498956188760177e-04 2.295050235159466962e-04
7.047737775000000511e+02 2.099203211214148825e-04 2.223190387236195905e-04
7.047740900000000011e+02 2.294381171727693928e-04 2.148963651836761695e-04
7.047744025000000647e+02 2.149568625383352772e-04 2.072409486353280611e-04
7.047747150000000147e+02 1.730362896601346653e-04 1.993587168653609748e-04
7.047750275000000784e+02 1.805959468387439938e-04 1.912578297153399065e-04
7.047753400000000283e+02 1.661106420246061613e-04 1.829489396009722742e-04
7.047756524999999783e+02 1.641709990825679464e-04 1.744454584867160553e-04
7.047759650000000420e+02 1.631293029762238920e-04 1.657638261597337286e-04
7.047762774999999920e+02 1.692029326499278519e-04 1.569237731426013471e-04
7.047765900000000556e+02 1.434465635049681734e-04 1.479485700603675499e-04
7.047769025000000056e+02 1.604610005942496461e-04 1.388652538101615606e-04
7.047772150000000693e+02 1.445156096468021788e-04 1.297048191330129013e-04
7.047775275000000192e+02 1.206324136367395450e-04 1.205023629345780675e-04
7.047778400000000829e+02 1.267199694362340244e-04 1.112971672739412145e-04
7.047781525000000329e+02 1.226858987625429134e-04 1.021327063248071319e-04
7.047784649999999829e+02 9.748928799733737804e-05 9.305656214064304680e-05
7.047787775000000465e+02 1.027733106936241215e-04 8.412023472586629470e-05
7.047790899999999965e+02 9.349208468324140880e-05 7.537883320505170198e-05
7.047794025000000602e+02 6.818799251317653382e-05 6.689063737124151081e-05
7.047797150000000101e+02 6.726290782779609906e-05 5.871652267655767278e-05
7.047800275000000738e+02 6.656069630296371925e-05 5.091924643460444438e-05
7.047803400000000238e+02 5.889454736097937237e-05 4.356259922609401116e-05
7.047806525000000875e+02 3.345567049928376403e-05 3.671043227800008349e-05
7.047809650000000374e+02 6.022335272072157011e-05 3.042557935706700125e-05
7.047812774999999874e+02 5.053171229567183479e-05 2.476869928041782574e-05
7.047815900000000511e+02 3.141244961761393629e-05 1.979707260257135515e-05
7.047819025000000011e+02 2.942364161373392344e-05 1.556339217605664737e-05
7.047822150000000647e+02 1.841998518662067279e-05 1.211459180584503632e-05
7.047825275000000147e+02 2.321917931625967521e-05 9.490759457289042834e-06
7.047828400000000784e+02 1.499348113867882202e-05 7.724180815519050841e-06
7.047831525000000283e+02 5.393227463694052526e-06 6.838555519924285055e-06
7.047834649999999783e+02 4.574397758565576928e-06 6.848421826687576159e-06
7.047837775000000420e+02 1.681353409839521018e-05 7.758816400811521441e-06
7.047840899999999920e+02 1.220908275125946941e-05 9.565184807045005368e-06
7.047844025000000556e+02 3.518454492696583749e-06 1.225354603370061154e-05
7.047847150000000056e+02 5.382325086977619868e-06 1.580090188669322113e-05
7.047850275000000693e+02 7.319481727264620152e-06 2.017587042067925444e-05
7.047853400000000192e+02 1.763211025866819959e-05 2.533951246630177447e-05
7.047856525000000829e+02 3.352684883780813189e-05 3.124631267735777939e-05
7.047859650000000329e+02 1.925643920200488705e-05 3.784527151420950662e-05
7.047862774999999829e+02 4.088258644093267270e-05 4.508106272041730402e-05
7.047865900000000465e+02 3.362664025273743700e-05 5.289521160643619789e-05
7.047869024999999965e+02 5.339489902806023296e-05 6.122725285657220295e-05
7.047872150000000602e+02 6.498798737881966269e-05 7.001583188123606941e-05
7.047875275000000101e+02 5.483922974790286645e-05 7.919972024637383879e-05
7.047878400000000738e+02 7.507809513308843401e-05 8.871872319328389029e-05
7.047881525000000238e+02 9.041864225855204698e-05 9.851446448337375936e-05
7.047884650000000875e+02 8.075966393305874917e-05 1.085310410362525158e-04
7.047887775000000374e+02 1.041745491019079408e-04 1.187155458732288660e-04
7.047890899999999874e+02 1.243664785316437216e-04 1.290184633494218501e-04
7.047894025000000511e+02 1.493885083877856184e-04 1.393939445804441340e-04
7.047897150000000011e+02 1.431574163961035360e-04 1.497999740742606434e-04
7.047900275000000647e+02 1.247334486586958342e-04 1.601984404880278483e-04
7.047903400000000147e+02 1.258879113490706545e-04 1.705551252535571151e-04
7.047906525000000784e+02 1.617974967556391557e-04 1.808396231935775744e-04
7.047909650000000283e+02 1.398517209183268255e-04 1.910252085597536904e-04
7.047912774999999783e+02 2.270676719726223074e-04 2.010886592536068474e-04
7.047915900000000420e+02 2.242282002289100397e-04 2.110100505715755467e-04
7.047919024999999920e+02 1.784681396532403739e-04 2.207725285668519285e-04
7.047922150000000556e+02 2.540188218741164586e-04 2.303620716702225871e-04
7.047925275000000056e+02 2.214516122834936048e-04 2.397672476567240638e-04
7.047928400000000693e+02 2.352897842749265128e-04 2.489789718873359776e-04
7.047931525000000192e+02 2.935016818855279083e-04 2.579902712906017876e-04
7.047934650000000829e+02 3.112141885426569429e-04 2.667960576632495803e-04
7.047937775000000329e+02 2.821248825661712119e-04 2.753929126916389628e-04
7.047940899999999829e+02 3.017285956451580022e-04 2.837788864903705239e-04
7.047944025000000465e+02 3.159229770850938796e-04 2.919533105961953710e-04
7.047947149999999965e+02 3.237274959390358227e-04 2.999166259241959980e-04
7.047950275000000602e+02 3.627011076758874077e-04 3.076702257554940652e-04
7.047953400000000101e+02 2.790988168061913450e-04 3.152163133935668472e-04
7.047956525000000738e+02 3.233366181489229132e-04 3.225577740430635404e-04
7.047959650000000238e+02 3.780307342760776145e-04 3.296980601110259253e-04
7.047962775000000875e+02 3.238308723434742522e-04 3.366410891931636423e-04
7.047965900000000374e+02 3.470944334734832847e-04 3.433911537662898681e-04
7.047969024999999874e+02 3.835125847847825793e-04 3.499528417433734077e-04
7.047972150000000511e+02 3.408499861007174142e-04 3.563309669001334438e-04
7.047975275000000011e+02 3.562271466745907974e-04 3.625305082925945515e-04
7.047978400000000647e+02 3.842862572985269532e-04 3.685565578141457581e-04
7.047981525000000147e+02 4.104960888221051017e-04 3.744142750075681470e-04
7.047984650000000784e+02 3.848698975099187382e-04 3.801088484262027064e-04
7.047987775000000283e+02 3.824881983394002975e-04 3.856454627544324276e-04
7.047990899999999783e+02 4.263696501809932562e-04 3.910292710915873695e-04
7.047994025000000420e+02 4.581073002559919683e-04 3.962653717414432665e-04
7.047997149999999920e+02 4.393804900148548217e-04 4.013587889801015630e-04
7.048000275000000556e+02 3.841104726638014974e-04 4.063144573238772943e-04
7.048003400000000056e+02 4.190517032077289007e-04 4.111372088047360383e-04
7.048006525000000693e+02 4.312288481064560750e-04 4.158317629117752818e-04
7.048009650000000192e+02 3.872450678158223308e-04 4.204027187856229858e-04
7.048012775000000829e+02 4.448509291106097900e-04 4.248545494063946820e-04
7.048015900000000329e+02 4.337718911685570309e-04 4.291915974412843153e-04
7.048019024999999829e+02 4.314543726280688695e-04 4.334180725572217628e-04
7.048022150000000465e+02 4.212133331589786294e-04 4.375380499407369953e-04
7.048025274999999965e+02 4.476282691575644455e-04 4.415554698522824572e-04
7.048028400000000602e+02 4.561675693614195004e-04 4.454741380628938650e-04
7.048031525000000101e+02 5.191262420031967414e-04 4.492977269915143833e-04
7.048034650000000738e+02 4.558993330599636759e-04 4.530297774622136695e-04
7.048037775000000238e+02 4.949748650444853919e-04 4.566737009263961851e-04
7.048040900000000875e+02 4.922534888241660456e-04 4.602327821000734326e-04
7.048044025000000374e+02 4.957864613783466738e-04 4.637101818912758486e-04
7.048047149999999874e+02 5.270541266949608367e-04 4.671089405888435614e-04
7.048050275000000511e+02 4.769081041185315676e-04 4.704319812197481896e-04
7.048053400000000011e+02 4.405126737319895228e-04 4.736821130374685006e-04
7.048056525000000647e+02 5.132852303291698427e-04 4.768620351093451077e-04
7.048059650000000147e+02 4.654136310740407054e-04 4.799743399364034442e-04
7.048062775000000784e+02 4.651637018750145883e-04 4.830215171113050928e-04
7.048065900000000283e+02 4.491939902999038956e-04 4.860059569515257452e-04
7.048069024999999783e+02 4.774622241466675932e-04 4.889299541214933275e-04
7.048072150000000420e+02 4.872853254121880346e-04 4.917957111978865561e-04
7.048075274999999920e+02 4.712760551104506731e-04 4.946053421753326225e-04
7.048078400000000556e+02 4.393341314164024916e-04 4.973608759108017570e-04
7.048081525000000056e+02 5.173619601717628809e-04 5.000642594718302403e-04
7.048084650000000693e+02 4.478235183074141573e-04 5.027173614131108829e-04
7.048087775000000192e+02 5.432068423979545231e-04 5.053219749440226310e-04
7.048090900000000829e+02 4.758370463341816134e-04 5.078798210147658643e-04
7.048094025000000329e+02 4.869208833870966070e-04 5.103925512876464213e-04
7.048097149999999829e+02 5.280625891510603350e-04 5.128617510214736157e-04
7.048100275000000465e+02 5.666932807275064030e-04 5.152889418449334551e-04
7.048103399999999965e+02 5.401222051756898908e-04 5.176755844288120868e-04
7.048106525000000602e+02 5.309134272074001425e-04 5.200230810662946190e-04
7.048109650000000101e+02 5.478983667833735348e-04 5.223327781408277325e-04
7.048112775000000738e+02 5.175803350653903788e-04 5.246059685101373601e-04
7.048115900000000238e+02 5.092317990096384720e-04 5.268438937811036364e-04
7.048119025000000875e+02 4.908688886902804263e-04 5.290477465047080299e-04
7.048122150000000374e+02 5.526594942057886468e-04 5.312186722670856091e-04
7.048125274999999874e+02 5.028557631803654438e-04 5.333577717046359941e-04
7.048128400000000511e+02 4.974916971067028454e-04 5.354661024257043782e-04
7.048131525000000011e+02 4.504257099441034626e-04 5.375446808499803868e-04
7.048134650000000647e+02 5.405801386271626239e-04 5.395944839758783735e-04
7.048137775000000147e+02 5.946385706452729861e-04 5.416164510598077495e-04
7.048140900000000784e+02 5.750738152853149005e-04 5.436114852336319716e-04
7.048144025000000283e+02 5.490625154147324959e-04 5.455804550393073861e-04
7.048147149999999783e+02 5.526441513010652397e-04 5.475241959063658617e-04
7.048150275000000420e+02 5.960307845159820142e-04 5.494435115566992812e-04
7.048153399999999920e+02 5.473192813969109767e-04 5.513391753468443318e-04
7.048156525000000556e+02 4.754121595189527696e-04 5.532119315571636152e-04
7.048159650000000056e+02 5.001225959070576196e-04 5.550624966131868180e-04
7.048162775000000693e+02 5.789704542526360976e-04 5.568915602629588612e-04
7.048165900000000192e+02 5.302488430193681625e-04 5.586997866909943150e-04
7.048169025000000829e+02 5.588979971756269415e-04 5.604878155927162228e-04
