7.170614090000000260e+02 2.372508980177559892e-04 2.309368808001495312e-04
7.170617214999999760e+02 2.048067514810495110e-04 2.308915644594051022e-04
7.170620340000000397e+02 2.296604025865512473e-04 2.308367280578070731e-04
7.170623464999999896e+02 2.492388419999122724e-04 2.307720093864657721e-04
7.170626590000000533e+02 2.439228619989652490e-04 2.306970294554324004e-04
7.170629715000000033e+02 2.155659687791484556e-04 2.306113915892577697e-04
7.170632840000000670e+02 2.477813857385674761e-04 2.305146804675109202e-04
7.170635965000000169e+02 2.634129363897155275e-04 2.304064611075793681e-04
7.170639090000000806e+02 2.373696720947536813e-04 2.302862777849587288e-04
7.170642215000000306e+02 2.285631550895599420e-04 2.301536528881206322e-04
7.170645339999999806e+02 2.124032642648440087e-04 2.300080857024435117e-04
7.170648465000000442e+02 2.086487420367545502e-04 2.298490511196349341e-04
7.170651589999999942e+02 2.502076874806025684e-04 2.296759982674428967e-04
7.170654715000000579e+02 2.283938202740011959e-04 2.294883490537655963e-04
7.170657840000000078e+02 2.373677305603432786e-04 2.292854966211734359e-04
7.170660965000000715e+02 2.179976548521384374e-04 2.290668037040091796e-04
7.170664090000000215e+02 2.259635591792184773e-04 2.288316008840379258e-04
7.170667214999999715e+02 2.277935360933554775e-04 2.285791847357894317e-04
7.170670340000000351e+02 2.090175529926411343e-04 2.283088158565118892e-04
7.170673464999999851e+02 2.112239055345324699e-04 2.280197167727408922e-04
7.170676590000000488e+02 2.488414798870158926e-04 2.277110697145870921e-04
7.170679714999999987e+02 2.299650189526189319e-04 2.273820142521683330e-04
7.170682840000000624e+02 2.599537568940873868e-04 2.270316447823432558e-04
7.170685965000000124e+02 2.607300539211090387e-04 2.266590078604119871e-04
7.170689090000000760e+02 2.417969477586246331e-04 2.262630993636320534e-04
7.170692215000000260e+02 2.023512003452293670e-04 2.258428614809849611e-04
7.170695339999999760e+02 2.222880939861602819e-04 2.253971795150517328e-04
7.170698465000000397e+02 2.080132094176276639e-04 2.249248784892385106e-04
7.170701589999999896e+02 2.115427958525043157e-04 2.244247195487541081e-04
7.170704715000000533e+02 2.219297342304427979e-04 2.238953961429214956e-04
7.170707840000000033e+02 2.265251878098133457e-04 2.233355299828738733e-04
7.170710965000000670e+02 2.112223230117405695e-04 2.227436667587343977e-04
7.170714090000000169e+02 2.220940377188082386e-04 2.221182716126473753e-04
7.170717215000000806e+02 2.398813326221767663e-04 2.214577243519827096e-04
7.170720340000000306e+02 2.202023556002550967e-04 2.207603144014431333e-04
7.170723464999999806e+02 2.446824181119741063e-04 2.200242354802383964e-04
7.170726590000000442e+02 2.233462750681276983e-04 2.192475800051235700e-04
7.170729714999999942e+02 2.508884888424014548e-04 2.184283332146774519e-04
7.170732840000000579e+02 2.143780358298130338e-04 2.175643670121850805e-04
7.170735965000000078e+02 1.958525456694612706e-04 2.166534335389759059e-04
7.170739090000000715e+02 2.260746571660738821e-04 2.156931584784290660e-04
7.170742215000000215e+02 1.932884713096121704e-04 2.146810341164989732e-04
7.170745339999999715e+02 2.211543289877626411e-04 2.136144121720503066e-04
7.170748465000000351e+02 1.962556857335109872e-04 2.124904964384746048e-04
7.170751589999999851e+02 2.002917805951548230e-04 2.113063352783230619e-04
7.170754715000000488e+02 2.105651380949051814e-04 2.100588140253304597e-04
7.170757839999999987e+02 1.755012644590993667e-04 2.087446473806620366e-04
7.170760965000000624e+02 1.968269867622154110e-04 2.073603718870029565e-04
7.170764090000000124e+02 2.121819073187751047e-04 2.059023386172133111e-04
7.170767215000000760e+02 2.088334499747432414e-04 2.043667062144541996e-04
7.170770340000000260e+02 2.137822970500676293e-04 2.027494344880882010e-04
7.170773464999999760e+02 1.844251054994899732e-04 2.010462787798584909e-04
7.170776590000000397e+02 1.674995100453786163e-04 1.992527853953296598e-04
7.170779714999999896e+02 1.733200554691567751e-04 1.973642884370609954e-04
7.170782840000000533e+02 2.062518572994435538e-04 1.953759084437152644e-04
7.170785965000000033e+02 1.857068341060414524e-04 1.932825533456728005e-04
7.170789090000000670e+02 1.918668261458765989e-04 1.910789223049074305e-04
7.170792215000000169e+02 1.699219651053247740e-04 1.887595131620301893e-04
7.170795340000000806e+02 1.772057413639592310e-04 1.863186342926881844e-04
7.170798465000000306e+02 2.136942675635311768e-04 1.837504218701957806e-04
7.170801589999999806e+02 1.762110599438796777e-04 1.810488636426606744e-04
7.170804715000000442e+02 1.591916934474300806e-04 1.782078305623425042e-04
7.170807839999999942e+02 1.711695029344310675e-04 1.752211177761139568e-04
7.170810965000000579e+02 1.814779021316147286e-04 1.720824966984179066e-04
7.170814090000000078e+02 1.675379154917397276e-04 1.687857801550159923e-04
7.170817215000000715e+02 1.566152702728718495e-04 1.653249027591741419e-04
7.170820340000000215e+02 1.556031603075538059e-04 1.616940189815834362e-04
7.170823464999999715e+02 1.637313340127679868e-04 1.578876215108254450e-04
7.170826590000000351e+02 1.582620928546464405e-04 1.539006827366032283e-04
7.170829714999999851e+02 1.441118025191213774e-04 1.497288222446385470e-04
7.170832840000000488e+02 1.287230419443237948e-04 1.453685031975318143e-04
7.170835964999999987e+02 1.289389670923232604e-04 1.408172603640075115e-04
7.170839090000000624e+02 1.284334880030239584e-04 1.360739620929508897e-04
7.170842215000000124e+02 1.284679551427909516e-04 1.311391079575705422e-04
7.170845340000000760e+02 1.262767646123893084e-04 1.260151626509739260e-04
7.170848465000000260e+02 1.385371245972129100e-04 1.207069253198190644e-04
7.170851589999999760e+02 1.238246088088547283e-04 1.152219313528860488e-04
7.170854715000000397e+02 1.163193474869064591e-04 1.095708810405167160e-04
7.170857839999999896e+02 1.013768976305398981e-04 1.037680860509287523e-04
7.170860965000000533e+02 9.952594890454988599e-05 9.783192053190006073e-05
7.170864090000000033e+02 7.334331105300124663e-05 9.178525891603478751e-05
7.170867215000000670e+02 1.014329218243622323e-04 8.565587706993201390e-05
7.170870340000000169e+02 8.290291568288587988e-05 7.947678802344229913e-05
7.170873465000000806e+02 7.566030603621426453e-05 7.328647808768957062e-05
7.170876590000000306e+02 6.592499318187181501e-05 6.712900493283437424e-05
7.170879714999999806e+02 5.907883170715134361e-05 6.105391643299927051e-05
7.170882840000000442e+02 6.640987869429226201e-05 5.511594933310242787e-05
7.170885964999999942e+02 6.089650085652833784e-05 4.937447061593812489e-05
7.170889090000000579e+02 6.145143092209040146e-05 4.389263306384307294e-05
7.170892215000000078e+02 3.687712778506578565e-05 3.873623051668774540e-05
7.170895340000000715e+02 3.502195926594086663e-05 3.397225751098068480e-05
7.170898465000000215e+02 3.168906608196540121e-05 2.966720202468510316e-05
7.170901589999999715e+02 2.590872022311209634e-05 2.588512674545184853e-05
7.170904715000000351e+02 1.718384665915871076e-05 2.268562142214167060e-05
7.170907839999999851e+02 3.225446645667338311e-05 2.012173261283992307e-05
7.170910965000000488e+02 1.352607016347488590e-05 1.823799400082236477e-05
7.170914089999999987e+02 2.567180986360544675e-05 1.706868690730427095e-05
7.170917215000000624e+02 1.504700927814112509e-05 1.663645419591440071e-05
7.170920340000000124e+02 8.237809315318628538e-06 1.695137093343014148e-05
7.170923465000000760e+02 1.481094538660792151e-05 1.801054313571335427e-05
7.170926590000000260e+02 1.597688141525683257e-05 1.979826523313680029e-05
7.170929714999999760e+02 1.687755185341426151e-05 2.228672240623879867e-05
7.170932840000000397e+02 2.927043986823344349e-05 2.543718130439835462e-05
7.170935964999999896e+02 3.290489037526209419e-05 2.920157715220268502e-05
7.170939090000000533e+02 2.768845171435428939e-05 3.352438085989337298e-05
7.170942215000000033e+02 4.690773566061624952e-05 3.834461847000022013e-05
7.170945340000000670e+02 4.294299373784564970e-05 4.359791726720648868e-05
7.170948465000000169e+02 4.450673573211781116e-05 4.921846599772445289e-05
7.170951590000000806e+02 4.499124996585283633e-05 5.514079812509162834e-05
7.170954715000000306e+02 5.865628168514120446e-05 6.130133279158770493e-05
7.170957839999999806e+02 7.148143619780979445e-05 6.763963506206454798e-05
7.170960965000000442e+02 6.587017493488317996e-05 7.409938169755283372e-05
7.170964089999999942e+02 7.618004938824705149e-05 8.062903954491218873e-05
7.170967215000000579e+02 7.732432003286196693e-05 8.718227932629838534e-05
7.170970340000000078e+02 9.032865747734205339e-05 9.371815793492449672e-05
7.170973465000000715e+02 9.947052829224872750e-05 1.002011080216224341e-04
7.170976590000000215e+02 9.129162154796502350e-05 1.066007750073716219e-04
7.170979714999999715e+02 8.567590781113095086e-05 1.128917402491315240e-04
7.170982840000000351e+02 1.122619360707913157e-04 1.190531653288696946e-04
7.170985964999999851e+02 1.195568734160969664e-04 1.250683877059495280e-04
7.170989090000000488e+02 1.310643645526448167e-04 1.309244926764209364e-04
7.170992214999999987e+02 1.465430078859744352e-04 1.366118812555466150e-04
7.170995340000000624e+02 1.327494656207286181e-04 1.421238488633092554e-04
7.170998465000000124e+02 1.570275739949614105e-04 1.474561852907099052e-04
7.171001590000000760e+02 1.801978996205275910e-04 1.526068029736650804e-04
7.171004715000000260e+02 1.857943457522602136e-04 1.575753975742393129e-04
7.171007839999999760e+02 1.911208733951657874e-04 1.623631427401548506e-04
7.171010965000000397e+02 1.517814667719964640e-04 1.669724191210224609e-04
7.171014089999999896e+02 1.735314081840441441e-04 1.714065765858388123e-04
7.171017215000000533e+02 1.683577448680442800e-04 1.756697277720623831e-04
7.171020340000000033e+02 1.722402952990650851e-04 1.797665705420617964e-04
7.171023465000000670e+02 1.910374296033861977e-04 1.837022367519228054e-04
7.171026590000000169e+02 1.770216185040709826e-04 1.874821645517298725e-04
7.171029715000000806e+02 1.922726937008632775e-04 1.911119915717142436e-04
7.171032840000000306e+02 2.045228495034076728e-04 1.945974663767928642e-04
7.171035964999999806e+02 2.156794645053638668e-04 1.979443758352354113e-04
7.171039090000000442e+02 1.912801502940931412e-04 2.011584861741883652e-04
7.171042214999999942e+02 2.310727918024813553e-04 2.042454957593545012e-04
7.171045340000000579e+02 2.039605017240031016e-04 2.072109978485406020e-04
7.171048465000000078e+02 2.032982762441341797e-04 2.100604517386276023e-04
7.171051590000000715e+02 2.288478168746897301e-04 2.127991609844680589e-04
7.171054715000000215e+02 2.315032415927068411e-04 2.154322574790064793e-04
7.171057839999999715e+02 2.257031656892461271e-04 2.179646904137661856e-04
7.171060965000000351e+02 2.381081394974096947e-04 2.204012192265171271e-04
7.171064089999999851e+02 2.253039973251474829e-04 2.227464098081810269e-04
7.171067215000000488e+02 2.621256799871506680e-04 2.250046333509528491e-04
7.171070339999999987e+02 2.249989436494816510e-04 2.271800672882830219e-04
7.171073465000000624e+02 2.132732704496018302e-04 2.292766979102059909e-04
7.171076590000000124e+02 2.420740418074804920e-04 2.312983242577967271e-04
7.171079715000000760e+02 2.211117510089462388e-04 2.332485630146828625e-04
7.171082840000000260e+02 2.389476725251496794e-04 2.351308541169247902e-04
7.171085964999999760e+02 2.324124837724895532e-04 2.369484668950587024e-04
7.171089090000000397e+02 2.343490902823933120e-04 2.387045065591237593e-04
7.171092214999999896e+02 2.370392886919868523e-04 2.404019208954735970e-04
7.171095340000000533e+02 2.357092308779419165e-04 2.420435070692273727e-04
7.171098465000000033e+02 2.530852456647465819e-04 2.436319184273398348e-04
7.171101590000000670e+02 2.361146623366493084e-04 2.451696712507164659e-04
7.171104715000000169e+02 2.398625151287184102e-04 2.466591513811568887e-04
7.171107840000000806e+02 2.287906010077796323e-04 2.481026206994385607e-04
7.171110965000000306e+02 2.466823548499090806e-04 2.495022234050263280e-04
7.171114089999999806e+02 2.564824496438723083e-04 2.508599920913899745e-04
7.171117215000000442e+02 2.663286973869800618e-04 2.521778535877099766e-04
7.171120339999999942e+02 2.900149847455581599e-04 2.534576345625601679e-04
7.171123465000000579e+02 2.497703112962158713e-04 2.547010668885687666e-04
7.171126590000000078e+02 2.458312693880880203e-04 2.559097927545995609e-04
7.171129715000000715e+02 2.517876775516504260e-04 2.570853695410621345e-04
7.171132840000000215e+02 2.527678373444649661e-04 2.582292744473524415e-04
7.171135964999999715e+02 2.492789910899793665e-04 2.593429088903664230e-04
7.171139090000000351e+02 3.005904856443546939e-04 2.604276026697584234e-04
7.171142214999999851e+02 2.544190309810449640e-04 2.614846179120473542e-04
7.171145340000000488e+02 2.820711149638499668e-04 2.625151528054677180e-04
7.171148464999999987e+02 2.392866895992903627e-04 2.635203451245480785e-04
7.171151590000000624e+02 2.545671307866445663e-04 2.645012755652385362e-04
7.171154715000000124e+02 2.578622640364805377e-04 2.654589708876129188e-04
7.171157840000000760e+02 2.347822988678419901e-04 2.663944068868731368e-04
7.171160965000000260e+02 3.034519247611016171e-04 2.673085111901403574e-04
7.171164089999999760e+02 2.659637089703069694e-04 2.682021658986006750e-04
7.171167215000000397e+02 2.705185562491340756e-04 2.690762100748538173e-04
7.171170339999999896e+02 2.491183469152940676e-04 2.699314420872826899e-04
7.171173465000000533e+02 2.612319984864113973e-04 2.707686218223576634e-04
7.171176590000000033e+02 2.484651557504084069e-04 2.715884727646506857e-04
7.171179715000000670e+02 2.788131932478580795e-04 2.723916839614511434e-04
7.171182840000000169e+02 2.770948033041923438e-04 2.731789118691624872e-04
7.171185965000000806e+02 2.915457193249429684e-04 2.739507820976204628e-04
7.171189090000000306e+02 2.709401372531995331e-04 2.747078910492315893e-04
7.171192214999999806e+02 2.543357918176195119e-04 2.754508074677630637e-04
7.171195340000000442e+02 2.941188374804482768e-04 2.761800738952720647e-04
7.171198464999999942e+02 2.401260898952720102e-04 2.768962080454100009e-04
7.171201590000000579e+02 2.846154083811092009e-04 2.775997041006238977e-04
7.171204715000000078e+02 2.918137770777316765e-04 2.782910339314168219e-04
7.171207840000000715e+02 2.927054941234477625e-04 2.789706482501677046e-04
7.171210965000000215e+02 2.892049052023917127e-04 2.796389776954905071e-04
7.171214089999999715e+02 2.502369737248437919e-04 2.802964338588743651e-04
7.171217215000000351e+02 3.241903712674886742e-04 2.809434102510404113e-04
7.171220339999999851e+02 2.748153761163841082e-04 2.815802832140537962e-04
7.171223465000000488e+02 2.894148007633964457e-04 2.822074127847030425e-04
7.171226589999999987e+02 2.662352517414785487e-04 2.828251435063847304e-04
7.171229715000000624e+02 2.765125316199741417e-04 2.834338051995345794e-04
7.171232840000000124e+02 2.836919301330472214e-04 2.840337136859937624e-04
7.171235965000000760e+02 2.766970652407142631e-04 2.846251714770317858e-04
