7.048673559999999725e+02 3.686219789606517126e-04 3.683526606528208201e-04
7.048676684999999225e+02 3.868520342350531354e-04 3.681218791627358924e-04
7.048679809999999861e+02 3.774226777176033698e-04 3.678563777117706702e-04
7.048682934999999361e+02 3.522928544097181413e-04 3.675548982726144654e-04
7.048686059999999998e+02 4.213749741830234426e-04 3.672161301473785672e-04
7.048689184999999497e+02 3.929405512486026887e-04 3.668387076106070723e-04
7.048692310000000134e+02 4.235274632034194539e-04 3.664212074518226683e-04
7.048695434999999634e+02 3.885364582638634696e-04 3.659621464194919862e-04
7.048698560000000271e+02 3.902173341755917069e-04 3.654599785602808738e-04
7.048701684999999770e+02 3.730195972770975594e-04 3.649130924571758884e-04
7.048704809999999270e+02 3.471038287478344373e-04 3.643198083605667364e-04
7.048707934999999907e+02 3.843418495776497793e-04 3.636783752164444864e-04
7.048711059999999407e+02 3.360946960661335492e-04 3.629869675909407848e-04
7.048714185000000043e+02 3.298863882850295551e-04 3.622436824899990257e-04
7.048717309999999543e+02 3.522580710803254779e-04 3.614465360829665600e-04
7.048720435000000180e+02 3.598054704780242032e-04 3.605934603261626943e-04
7.048723559999999679e+02 3.493411832162497633e-04 3.596822995005392268e-04
7.048726684999999179e+02 3.380940618887825024e-04 3.587108066617277435e-04
7.048729809999999816e+02 4.052164694835786590e-04 3.576766400191777606e-04
7.048732934999999316e+02 3.478188859899252611e-04 3.565773592535557892e-04
7.048736059999999952e+02 3.672188503314584513e-04 3.554104217826331395e-04
7.048739184999999452e+02 3.496686208513903995e-04 3.541731790032785071e-04
7.048742310000000089e+02 3.071216102439411973e-04 3.528628725186208409e-04
7.048745434999999588e+02 3.782074513784018654e-04 3.514766303898975977e-04
7.048748560000000225e+02 3.652084224321273140e-04 3.500114634294542153e-04
7.048751684999999725e+02 3.386502763426606872e-04 3.484642615867959421e-04
7.048754809999999225e+02 3.503389391166635632e-04 3.468317904553138071e-04
7.048757934999999861e+02 3.689617752138775811e-04 3.451106879631679137e-04
7.048761059999999361e+02 3.544119417519288871e-04 3.432974613029718988e-04
7.048764184999999998e+02 3.282535857240458468e-04 3.413884841621480141e-04
7.048767309999999497e+02 2.955982332247260422e-04 3.393799943501197712e-04
7.048770435000000134e+02 3.208481251003111206e-04 3.372680918941508145e-04
7.048773559999999634e+02 2.631265588642000630e-04 3.350487377325725219e-04
7.048776685000000271e+02 3.518426551525767718e-04 3.327177531043232672e-04
7.048779809999999770e+02 3.028811003164997521e-04 3.302708197995626741e-04
7.048782934999999270e+02 3.180383508823957095e-04 3.277034814064999396e-04
7.048786059999999907e+02 3.273289002123319180e-04 3.250111457571898421e-04
7.048789184999999407e+02 2.767026936588824846e-04 3.221890887718460088e-04
7.048792310000000043e+02 3.126459670204909309e-04 3.192324599249981199e-04
7.048795434999999543e+02 3.078505126929342514e-04 3.161362896230547159e-04
7.048798560000000180e+02 2.806169942843470466e-04 3.128954987583503671e-04
7.048801684999999679e+02 2.970255947179854935e-04 3.095049108069834872e-04
7.048804809999999179e+02 3.327401189437663919e-04 3.059592668070630042e-04
7.048807934999999816e+02 2.906254857512918679e-04 3.022532436585429892e-04
7.048811059999999316e+02 2.735958871341072352e-04 2.983814761905389471e-04
7.048814184999999952e+02 2.914891130122248771e-04 2.943385834831100268e-04
7.048817309999999452e+02 2.759856416477007596e-04 2.901192000270420000e-04
7.048820435000000089e+02 2.683458912155080962e-04 2.857180122737138016e-04
7.048823559999999588e+02 2.422159991929008884e-04 2.811298012644368243e-04
7.048826685000000225e+02 2.565183290180331004e-04 2.763494919759626879e-04
7.048829809999999725e+02 2.172588000125344758e-04 2.713722101580416071e-04
7.048832934999999225e+02 2.815675699101025998e-04 2.661933473671281350e-04
7.048836059999999861e+02 2.486108525923827277e-04 2.608086350140121452e-04
7.048839184999999361e+02 2.680024274666417683e-04 2.552142281897822008e-04
7.048842309999999998e+02 2.330964431239614261e-04 2.494068000125380718e-04
7.048845434999999497e+02 2.234618006450244483e-04 2.433836472661708207e-04
7.048848560000000134e+02 2.456563928157914174e-04 2.371428079122132047e-04
7.048851684999999634e+02 2.391968853637700416e-04 2.306831910682176714e-04
7.048854810000000271e+02 1.996779653741641183e-04 2.240047197387625452e-04
7.048857934999999770e+02 2.320894698737798248e-04 2.171084864974926365e-04
7.048861059999999270e+02 1.846164841065284332e-04 2.099969218715375216e-04
7.048864184999999907e+02 2.065191625148258484e-04 2.026739749279166656e-04
7.048867309999999407e+02 1.614622780503622147e-04 1.951453050043864689e-04
7.048870435000000043e+02 1.866620025788718858e-04 1.874184829451610082e-04
7.048873559999999543e+02 1.957422714841138055e-04 1.795031996164065129e-04
7.048876685000000180e+02 1.961361607859564828e-04 1.714114785332542304e-04
7.048879809999999679e+02 1.791301419627713734e-04 1.631578887106881399e-04
7.048882934999999179e+02 1.635251156076430643e-04 1.547597526850682170e-04
7.048886059999999816e+02 1.474306765414186340e-04 1.462373437570110726e-04
7.048889184999999316e+02 1.042304050911953663e-04 1.376140653115243508e-04
7.048892309999999952e+02 1.313822681131295543e-04 1.289166039843410265e-04
7.048895434999999452e+02 1.465042630261950273e-04 1.201750475463223282e-04
7.048898560000000089e+02 9.447059138654214901e-05 1.114229573502497256e-04
7.048901684999999588e+02 1.131570545655456457e-04 1.026973847807530188e-04
7.048904810000000225e+02 1.072303313994236518e-04 9.403882070223350481e-05
7.048907934999999725e+02 9.663832458276935898e-05 8.549106733204247372e-05
7.048911059999999225e+02 9.136244544674575695e-05 7.710102258261537626e-05
7.048914184999999861e+02 9.264338299286875664e-05 6.891836859837665403e-05
7.048917309999999361e+02 6.832836817638002235e-05 6.099515837085714019e-05
7.048920434999999998e+02 6.364053069032667869e-05 5.338529739073225695e-05
7.048923559999999497e+02 4.701253614082324180e-05 4.614392124780403685e-05
7.048926685000000134e+02 5.526412762876033473e-05 3.932667447020392641e-05
7.048929809999999634e+02 4.219229661343672547e-05 3.298890113302811809e-05
7.048932935000000271e+02 5.294546502845852567e-05 2.718476292573280826e-05
7.048936059999999770e+02 2.633986979789937157e-05 2.196630580221066106e-05
7.048939184999999270e+02 2.677898203760849293e-05 1.738250101453455793e-05
7.048942309999999907e+02 2.021355989789341351e-05 1.347829042799356995e-05
7.048945434999999407e+02 2.903799668683641592e-05 1.029366863688215894e-05
7.048948560000000043e+02 1.315254368380669218e-05 7.862835509353365500e-06
7.048951684999999543e+02 7.392977231322123537e-06 6.213452054190356072e-06
7.048954810000000180e+02 1.148991877908090555e-05 5.366029685077334912e-06
7.048957934999999679e+02 1.010218682682008617e-05 5.333478347378280008e-06
7.048961059999999179e+02 1.150582487330469208e-05 6.120832559959465522e-06
7.048964184999999816e+02 3.173799599633406082e-06 7.725166793017529653e-06
7.048967309999999316e+02 2.048756665963453484e-05 1.013570313897714436e-05
7.048970434999999952e+02 1.565669301569856260e-05 1.333410563968333596e-05
7.048973559999999452e+02 1.421604316686467243e-05 1.729494742145310944e-05
7.048976685000000089e+02 1.778765926251295955e-05 2.198632966529315749e-05
7.048979809999999588e+02 1.896309494684862945e-05 2.737062567224034316e-05
7.048982935000000225e+02 1.952380228358585465e-05 3.340531944985916657e-05
7.048986059999999725e+02 2.902903439703683023e-05 4.004390616131054792e-05
7.048989184999999225e+02 3.054020603993731124e-05 4.723682181599124860e-05
7.048992309999999861e+02 4.129304146163653212e-05 5.493237112702215524e-05
7.048995434999999361e+02 4.980542699832174626e-05 6.307762562449354196e-05
7.048998559999999998e+02 5.866145498499902373e-05 7.161926829552680662e-05
7.049001684999999497e+02 6.967045037271208090e-05 8.050436575196837162e-05
7.049004810000000134e+02 8.456814339909019007e-05 8.968105420563657229e-05
7.049007934999999634e+02 9.923636319187998246e-05 9.909913038416537270e-05
7.049011060000000271e+02 1.034537961991764546e-04 1.087105434122189444e-04
7.049014184999999770e+02 9.584982964614086011e-05 1.184697876014347478e-04
7.049017309999999270e+02 9.884330916246818416e-05 1.283341997403944393e-04
7.049020434999999907e+02 1.443662926765957341e-04 1.382641669704310283e-04
7.049023559999999407e+02 1.250419377021618470e-04 1.482232533927153731e-04
7.049026685000000043e+02 1.584866222849215089e-04 1.581782547973782671e-04
7.049029809999999543e+02 1.774309745040510903e-04 1.680991914044222099e-04
7.049032935000000180e+02 1.714948524731440042e-04 1.779592488197952204e-04
7.049036059999999679e+02 1.621369475908658619e-04 1.877346768845263231e-04
7.049039184999999179e+02 1.657932613522807627e-04 1.974046557202586722e-04
7.049042309999999816e+02 2.071239396250079299e-04 2.069511372627276372e-04
7.049045434999999316e+02 2.133288567451454643e-04 2.163586697670391026e-04
7.049048559999999952e+02 2.014264541415256471e-04 2.256142117755287118e-04
7.049051684999999452e+02 2.109239261471391362e-04 2.347069409280595602e-04
7.049054810000000089e+02 2.229682134642107009e-04 2.436280622344911531e-04
7.049057934999999588e+02 2.602150535155615041e-04 2.523706193310059926e-04
7.049061060000000225e+02 2.548263830812128451e-04 2.609293116557108091e-04
7.049064184999999725e+02 2.507315234930947612e-04 2.693003195636771018e-04
7.049067309999999225e+02 2.920923117913252695e-04 2.774811389949660310e-04
7.049070434999999861e+02 2.895391442218141860e-04 2.854704266164176103e-04
7.049073559999999361e+02 2.828886331502730072e-04 2.932678560434669570e-04
7.049076684999999998e+02 3.219297842796882718e-04 3.008739853972521895e-04
7.049079809999999497e+02 3.400858643148865963e-04 3.082901360800586977e-04
7.049082935000000134e+02 3.338925644093741849e-04 3.155182826006889272e-04
7.049086059999999634e+02 3.082384915941321674e-04 3.225609529482043438e-04
7.049089185000000271e+02 3.534672284303798590e-04 3.294211390756421050e-04
7.049092309999999770e+02 3.238822116593355121e-04 3.361022168102426803e-04
7.049095434999999270e+02 3.542913031567425071e-04 3.426078746261970774e-04
7.049098559999999907e+02 3.500887731161862770e-04 3.489420505522839106e-04
7.049101684999999407e+02 4.000609335959588297e-04 3.551088765751169926e-04
7.049104810000000043e+02 3.562602467842296153e-04 3.611126299060186972e-04
7.049107934999999543e+02 3.679696890283007784e-04 3.669576904243338649e-04
7.049111060000000180e+02 3.988487534414823137e-04 3.726485037660439629e-04
7.049114184999999679e+02 4.399296535303976407e-04 3.781895494222097345e-04
7.049117309999999179e+02 4.025418254592709986e-04 3.835853133857196448e-04
7.049120434999999816e+02 4.162565459053906014e-04 3.888402648051229220e-04
7.049123559999999316e+02 4.134023002973473155e-04 3.939588362184459126e-04
7.049126684999999952e+02 4.094310185367857442e-04 3.989454069742827207e-04
7.049129809999999452e+02 3.515019739514849942e-04 4.038042894199937336e-04
7.049132935000000089e+02 3.813956085135371699e-04 4.085397175768069205e-04
7.049136059999999588e+02 3.992586101065421556e-04 4.131558379393125116e-04
7.049139185000000225e+02 4.611172585767127048e-04 4.176567021826453358e-04
7.049142309999999725e+02 4.583683979926077420e-04 4.220462614776679454e-04
7.049145434999999225e+02 4.137180340671476881e-04 4.263283622483272700e-04
7.049148559999999861e+02 5.059946157508099941e-04 4.305067431356326621e-04
7.049151684999999361e+02 4.374846291883900022e-04 4.345850330137049160e-04
7.049154809999999998e+02 4.814650091519930594e-04 4.385667499201236549e-04
7.049157934999999497e+02 4.493112058856589801e-04 4.424553007291487958e-04
7.049161060000000134e+02 5.001956666771330317e-04 4.462539814957795867e-04
7.049164184999999634e+02 4.445824689239688890e-04 4.499659783207730587e-04
7.049167310000000271e+02 5.125481693026077805e-04 4.535943686913380740e-04
7.049170434999999770e+02 4.269840797597402519e-04 4.571421231741614713e-04
7.049173559999999270e+02 5.029149154376553977e-04 4.606121074338869283e-04
7.049176684999999907e+02 4.300042898261939670e-04 4.640070844837046503e-04
7.049179809999999407e+02 5.480644056429372253e-04 4.673297171301668790e-04
7.049182935000000043e+02 5.029739441735144208e-04 4.705825705791598086e-04
7.049186059999999543e+02 5.500370203160104493e-04 4.737681151341385593e-04
7.049189185000000180e+02 5.039698967743227141e-04 4.768887289910368255e-04
7.049192309999999679e+02 5.293872263503279990e-04 4.799467010637850162e-04
7.049195434999999179e+02 5.077336322526793686e-04 4.829442338525189089e-04
7.049198559999999816e+02 5.266310109142118695e-04 4.858834463054331450e-04
7.049201684999999316e+02 5.126598929133056306e-04 4.887663766691621855e-04
7.049204809999999952e+02 5.230716674660168715e-04 4.915949853236212339e-04
7.049207934999999452e+02 5.160888507872014820e-04 4.943711575631716711e-04
7.049211060000000089e+02 4.785661829073397581e-04 4.970967063469218560e-04
7.049214184999999588e+02 4.841971835545512914e-04 4.997733749774137171e-04
7.049217310000000225e+02 4.636908033629528764e-04 5.024028397338116663e-04
7.049220434999999725e+02 5.104651469046338425e-04 5.049867124230015799e-04
7.049223559999999225e+02 4.925137167012269904e-04 5.075265428751871925e-04
7.049226684999999861e+02 4.584438646453169348e-04 5.100238213571051246e-04
7.049229809999999361e+02 5.186051465242797961e-04 5.124799809110229098e-04
7.049232934999999998e+02 5.154845053173560737e-04 5.148963996271303627e-04
7.049236059999999497e+02 4.363986054510881956e-04 5.172744028264187818e-04
7.049239185000000134e+02 5.068598307309348005e-04 5.196152651817665920e-04
7.049242309999999634e+02 4.986827852202046878e-04 5.219202127495866554e-04
7.049245435000000271e+02 4.951703466673168866e-04 5.241904249405828376e-04
7.049248559999999770e+02 5.064012023085512782e-04 5.264270364035122506e-04
7.049251684999999270e+02 5.742434034415408060e-04 5.286311388493892356e-04
7.049254809999999907e+02 4.806061104288822513e-04 5.308037827968537523e-04
7.049257934999999407e+02 5.668154175863786975e-04 5.329459792490007361e-04
7.049261060000000043e+02 5.116067963138352459e-04 5.350587013111335550e-04
7.049264184999999543e+02 4.906940922673901952e-04 5.371428857318198127e-04
7.049267310000000180e+02 5.715767986170924506e-04 5.391994343933803960e-04
7.049270434999999679e+02 5.469947041460224970e-04 5.412292157292462663e-04
7.049273559999999179e+02 5.095246908312852123e-04 5.432330660937927189e-04
7.049276684999999816e+02 5.353018156905198655e-04 5.452117910678357842e-04
7.049279809999999316e+02 5.113775863341188778e-04 5.471661667095651781e-04
7.049282934999999952e+02 5.229663271753107493e-04 5.490969407599169102e-04
7.049286059999999452e+02 5.267449164291521796e-04 5.510048337865493641e-04
7.049289185000000089e+02 5.759858001477927451e-04 5.528905402904139713e-04
7.049292309999999588e+02 4.821385892284976563e-04 5.547547297543623749e-04
7.049295435000000225e+02 5.122530661196705599e-04 5.565980476578948283e-04
