7.049276989999999614e+02 3.297724040085268146e-04 3.027464252639046620e-04
7.049280114999999114e+02 3.346580660987648554e-04 3.027273977627881782e-04
7.049283239999999751e+02 3.291864331974609509e-04 3.026779996743359890e-04
7.049286364999999250e+02 3.496365981613012638e-04 3.025971045906433732e-04
7.049289489999999887e+02 3.276480485063672623e-04 3.024835378279595605e-04
7.049292614999999387e+02 2.882025001988613240e-04 3.023360742097427347e-04
7.049295740000000023e+02 3.291313013081840003e-04 3.021534357532482010e-04
7.049298864999999523e+02 2.981658141039936118e-04 3.019342892587417010e-04
7.049301990000000160e+02 3.074289974920152544e-04 3.016772437976801557e-04
7.049305114999999660e+02 2.865717902347389239e-04 3.013808481004665550e-04
7.049308239999999159e+02 2.622686012151759141e-04 3.010435878403030976e-04
7.049311364999999796e+02 2.866292035977544830e-04 3.006638828147959342e-04
7.049314489999999296e+02 3.164358796505886999e-04 3.002400840250326578e-04
7.049317614999999932e+02 3.086065467623064435e-04 2.997704706515436556e-04
7.049320739999999432e+02 2.767520487979901805e-04 2.992532469330941736e-04
7.049323865000000069e+02 2.830104086621463210e-04 2.986865389469208301e-04
7.049326989999999569e+02 2.916531296929136970e-04 2.980683913008385939e-04
7.049330114999999068e+02 3.154137879030805176e-04 2.973967637381127473e-04
7.049333239999999705e+02 2.681686226798682231e-04 2.966695276686562213e-04
7.049336364999999205e+02 3.218720596048422317e-04 2.958844626360836324e-04
7.049339489999999842e+02 2.732628665117218863e-04 2.950392527313843013e-04
7.049342614999999341e+02 2.983184348589851373e-04 2.941314829773297268e-04
7.049345739999999978e+02 3.016628470669685015e-04 2.931586356955600626e-04
7.049348864999999478e+02 3.049846160185292702e-04 2.921180868914490707e-04
7.049351990000000114e+02 2.674028594835266390e-04 2.910071026763997996e-04
7.049355114999999614e+02 2.550879590287908759e-04 2.898228357749408637e-04
7.049358239999999114e+02 2.500981176660492977e-04 2.885623221475940481e-04
7.049361364999999751e+02 2.911781559483086926e-04 2.872224777894007717e-04
7.049364489999999250e+02 3.149451655691541587e-04 2.858000957596626857e-04
7.049367614999999887e+02 2.755055086518640086e-04 2.842918435061328811e-04
7.049370739999999387e+02 3.103712988504937634e-04 2.826942605764317979e-04
7.049373865000000023e+02 2.513403599678726372e-04 2.810037567933607191e-04
7.049376989999999523e+02 2.942984413871202877e-04 2.792166110190089263e-04
7.049380115000000160e+02 2.668451100472446838e-04 2.773289706126424764e-04
7.049383239999999660e+02 2.498740097196148970e-04 2.753368517440633488e-04
7.049386364999999159e+02 2.271222450551447537e-04 2.732361407049304519e-04
7.049389489999999796e+02 3.119748079466809314e-04 2.710225964200875201e-04
7.049392614999999296e+02 2.619715407190353592e-04 2.686918543640923781e-04
7.049395739999999932e+02 2.570040345494987544e-04 2.662394321132604668e-04
7.049398864999999432e+02 2.933691214827641993e-04 2.636607368246055407e-04
7.049401990000000069e+02 2.443048358911446968e-04 2.609510749197967009e-04
7.049405114999999569e+02 2.627365554489366961e-04 2.581056643443528143e-04
7.049408239999999068e+02 2.085635656761367801e-04 2.551196497546642924e-04
7.049411364999999705e+02 2.342759326513164085e-04 2.519881210807839900e-04
7.049414489999999205e+02 2.470181788424856330e-04 2.487061359254658837e-04
7.049417614999999842e+02 2.717839503938067271e-04 2.452687463025256752e-04
7.049420739999999341e+02 1.737456443719212701e-04 2.416710303073469344e-04
7.049423864999999978e+02 2.583524955364147405e-04 2.379081292931112918e-04
7.049426989999999478e+02 2.086025419521946619e-04 2.339752912493184810e-04
7.049430115000000114e+02 2.031761408613643556e-04 2.298679210390555162e-04
7.049433239999999614e+02 2.278571065911139571e-04 2.255816382727421484e-04
7.049436364999999114e+02 2.061284037228129141e-04 2.211123435338247390e-04
7.049439489999999751e+02 1.909649820169362030e-04 2.164562937642705207e-04
7.049442614999999250e+02 1.982218303627199881e-04 2.116101875613548634e-04
7.049445739999999887e+02 2.188924554517051495e-04 2.065712611003171599e-04
7.049448864999999387e+02 1.956742629045147923e-04 2.013373953962149831e-04
7.049451990000000023e+02 1.890274019590319006e-04 1.959072354165188458e-04
7.049455114999999523e+02 2.020881492435775187e-04 1.902803215171790111e-04
7.049458240000000160e+02 1.687837529939171513e-04 1.844572333436949110e-04
7.049461364999999660e+02 1.526848675251457860e-04 1.784397461813831112e-04
7.049464489999999159e+02 1.647487212118564463e-04 1.722309992502097807e-04
7.049467614999999796e+02 1.479905389206498032e-04 1.658356751005684118e-04
7.049470739999999296e+02 1.403782061308531397e-04 1.592601886404822393e-04
7.049473864999999932e+02 1.480682687576346970e-04 1.525128836567522285e-04
7.049476989999999432e+02 1.584953808610479195e-04 1.456042340039226000e-04
7.049480115000000069e+02 1.245535597553026951e-04 1.385470456207628235e-04
7.049483239999999569e+02 1.165223741594347787e-04 1.313566547094979406e-04
7.049486364999999068e+02 1.277495399262944828e-04 1.240511162042408052e-04
7.049489489999999705e+02 9.421702856465340550e-05 1.166513757016878372e-04
7.049492614999999205e+02 9.465332167597347262e-05 1.091814168521676356e-04
7.049495739999999842e+02 1.047853625623879157e-04 1.016683751911759550e-04
7.049498864999999341e+02 9.954784269391609981e-05 9.414260862740306799e-05
7.049501989999999978e+02 8.663763212523391570e-05 8.663771404498671661e-05
7.049505114999999478e+02 8.678068510476184101e-05 7.919047940766788007e-05
7.049508240000000114e+02 7.374653937652629371e-05 7.184076082088986718e-05
7.049511364999999614e+02 1.104077216832527513e-04 6.463127502684518186e-05
7.049514489999999114e+02 6.117550094481246964e-05 5.760729918762739007e-05
7.049517614999999751e+02 6.309960682745751899e-05 5.081627229673210103e-05
7.049520739999999250e+02 6.585761367721053240e-05 4.430729561196080089e-05
7.049523864999999887e+02 6.625217560532989413e-05 3.813053344299079160e-05
7.049526989999999387e+02 4.993205055164141393e-05 3.233652032647443559e-05
7.049530115000000023e+02 4.689959447058219573e-05 2.697538559837349130e-05
7.049533239999999523e+02 5.158135271680017051e-05 2.209601184452497074e-05
7.049536365000000160e+02 3.786521317615125547e-05 1.774514876487951159e-05
7.049539489999999660e+02 2.284920034324589344e-05 1.396650876659460173e-05
7.049542614999999159e+02 3.501362919362551010e-05 1.079987416306430855e-05
7.049545739999999796e+02 1.940204675104939026e-05 8.280248253453564500e-06
7.049548864999999296e+02 1.447276440287695522e-05 6.437083073995135457e-06
7.049551989999999932e+02 1.335205935148929627e-05 5.293615272244516328e-06
7.049555114999999432e+02 5.557754600223814081e-06 4.866338217306417910e-06
7.049558240000000069e+02 1.290551614629530814e-05 5.164633173781939756e-06
7.049561364999999569e+02 1.142597948999471736e-05 6.190575565027841816e-06
7.049564489999999068e+02 8.383593915097509300e-06 7.938924367849441386e-06
7.049567614999999705e+02 6.920479896874209980e-06 1.039729416946494135e-05
7.049570739999999205e+02 7.882697953132030013e-06 1.354650096939469474e-05
7.049573864999999842e+02 4.348182157190579560e-06 1.736106508759344206e-05
7.049576989999999341e+02 1.877801767402536524e-05 2.180984799717920454e-05
7.049580114999999978e+02 1.684703870948332498e-05 2.685679511454462773e-05
7.049583239999999478e+02 1.044174918539526403e-05 3.246175354610872393e-05
7.049586365000000114e+02 3.298226378211351962e-05 3.858133289097126039e-05
7.049589489999999614e+02 4.391757233736725760e-05 4.516977794294754924e-05
7.049592614999999114e+02 3.298802815543457078e-05 5.217982470982072865e-05
7.049595739999999751e+02 4.613823599165923605e-05 5.956351475669825713e-05
7.049598864999999250e+02 4.857751810856276569e-05 6.727294750217490706e-05
7.049601989999999887e+02 4.632430860900983304e-05 7.526095509688380484e-05
7.049605114999999387e+02 9.321067816013305421e-05 8.348168946225381843e-05
7.049608240000000023e+02 5.117573685379411038e-05 9.189111601306635963e-05
7.049611364999999523e+02 8.467891684109260736e-05 1.004474126970165710e-04
7.049614490000000160e+02 9.778012673783594011e-05 1.091112768011385213e-04
7.049617614999999660e+02 9.843418219604583425e-05 1.178461446686479748e-04
7.049620739999999159e+02 1.009757867572499127e-04 1.266183317927239375e-04
7.049623864999999796e+02 1.397612139083483291e-04 1.353971019904803700e-04
7.049626989999999296e+02 1.020933988446271249e-04 1.441546752380771655e-04
7.049630114999999932e+02 1.772008279251762223e-04 1.528661839737935661e-04
7.049633239999999432e+02 1.388736172537026557e-04 1.615095873534740459e-04
7.049636365000000069e+02 1.337524296465766741e-04 1.700655525835657162e-04
7.049639489999999569e+02 1.687221451004786718e-04 1.785173114929342552e-04
7.049642614999999068e+02 1.623753585656046740e-04 1.868504998000531932e-04
7.049645739999999705e+02 1.776179110212069902e-04 1.950529853872211218e-04
7.049648864999999205e+02 1.782597057313247541e-04 2.031146910266761277e-04
7.049651989999999842e+02 2.197955005274603317e-04 2.110274160575555656e-04
7.049655114999999341e+02 2.395247825623740253e-04 2.187846605325067270e-04
7.049658239999999978e+02 2.441676495321980418e-04 2.263814547231764575e-04
7.049661364999999478e+02 2.452297070991163669e-04 2.338141959906867278e-04
7.049664490000000114e+02 2.811802969007177848e-04 2.410804946056435401e-04
7.049667614999999614e+02 2.637663834385836951e-04 2.481790294140860317e-04
7.049670739999999114e+02 2.708818569923379313e-04 2.551094139974717750e-04
7.049673864999999751e+02 2.550947246144937681e-04 2.618720734838433754e-04
7.049676989999999250e+02 2.750537312250566713e-04 2.684681319945590055e-04
7.049680114999999887e+02 2.873945435930140872e-04 2.748993105007775401e-04
7.049683239999999387e+02 2.934237023589274327e-04 2.811678346283482321e-04
7.049686365000000023e+02 2.942271007649897635e-04 2.872763519769730585e-04
7.049689489999999523e+02 2.997701255183431537e-04 2.932278582996177018e-04
7.049692615000000160e+02 3.470335259393306703e-04 2.990256319947494118e-04
7.049695739999999660e+02 3.266146406051205183e-04 3.046731762018643937e-04
7.049698864999999159e+02 2.690954426351377556e-04 3.101741679293075330e-04
7.049701989999999796e+02 3.327175557378255562e-04 3.155324135359521593e-04
7.049705114999999296e+02 3.675990506637961583e-04 3.207518099879254521e-04
7.049708239999999932e+02 3.856986956777367368e-04 3.258363113376373408e-04
7.049711364999999432e+02 3.601083334820804802e-04 3.307898998411319528e-04
7.049714490000000069e+02 2.954816231753568025e-04 3.356165612736492550e-04
7.049717614999999569e+02 3.426434816326405682e-04 3.403202639236947691e-04
7.049720739999999068e+02 4.130546289712600503e-04 3.449049408995022892e-04
7.049723864999999705e+02 3.767396933502284808e-04 3.493744753184097464e-04
7.049726989999999205e+02 2.989469841576559983e-04 3.537326880489457203e-04
7.049730114999999842e+02 3.790872431721884514e-04 3.579833277059943169e-04
7.049733239999999341e+02 3.605666676045703569e-04 3.621300625761924414e-04
7.049736364999999978e+02 3.715216168066853538e-04 3.661764742693254847e-04
7.049739489999999478e+02 4.166108922912497149e-04 3.701260528202522681e-04
7.049742615000000114e+02 4.182013858234405685e-04 3.739821930887398467e-04
7.049745739999999614e+02 3.848254993786015023e-04 3.777481922319294466e-04
7.049748864999999114e+02 3.745738354660468287e-04 3.814272481366387784e-04
7.049751989999999751e+02 3.652534764861079561e-04 3.850224586369903118e-04
7.049755114999999250e+02 4.167851587531065010e-04 3.885368214100974734e-04
7.049758239999999887e+02 4.335325196332537800e-04 3.919732344550170828e-04
7.049761364999999387e+02 3.864667916799171209e-04 3.953344970291036448e-04
7.049764490000000023e+02 4.293410891659499816e-04 3.986233109995746936e-04
7.049767614999999523e+02 4.331049100048753472e-04 4.018422824991058333e-04
7.049770740000000160e+02 3.977497240450415632e-04 4.049939238628595629e-04
7.049773864999999660e+02 4.340286601515055487e-04 4.080806557551901214e-04
7.049776989999999159e+02 4.442395663254916291e-04 4.111048094763079504e-04
7.049780114999999796e+02 4.221712595625091752e-04 4.140686293801488756e-04
7.049783239999999296e+02 3.984789885886634749e-04 4.169742753814824517e-04
7.049786364999999932e+02 4.322917449785786755e-04 4.198238255334488874e-04
7.049789489999999432e+02 4.645838200439533902e-04 4.226192786242642858e-04
7.049792615000000069e+02 4.514214902949143958e-04 4.253625568049329282e-04
7.049795739999999569e+02 4.123392110626731004e-04 4.280555081972141221e-04
7.049798864999999068e+02 4.349255706927403664e-04 4.306999094987842727e-04
7.049801989999999705e+02 4.175292936915946237e-04 4.332974685481486531e-04
7.049805114999999205e+02 4.560997453030570209e-04 4.358498268497422467e-04
7.049808239999999842e+02 4.106904249212215948e-04 4.383585620601190619e-04
7.049811364999999341e+02 4.234936658673664998e-04 4.408251904054123521e-04
7.049814489999999978e+02 4.614476716978143690e-04 4.432511690537147952e-04
7.049817614999999478e+02 4.669145957950833763e-04 4.456378984092660648e-04
7.049820740000000114e+02 4.855134886170514130e-04 4.479867243543112225e-04
7.049823864999999614e+02 4.799957201229328434e-04 4.502989404083836155e-04
7.049826989999999114e+02 4.285387090672538148e-04 4.525757898307328632e-04
7.049830114999999751e+02 4.400723788679096037e-04 4.548184676436771001e-04
7.049833239999999250e+02 4.971108564015435825e-04 4.570281225856489909e-04
7.049836364999999887e+02 4.119285863766986521e-04 4.592058590021197255e-04
7.049839489999999387e+02 4.236225638719266534e-04 4.613527386549255249e-04
7.049842615000000023e+02 4.827746657949592542e-04 4.634697824758920678e-04
7.049845739999999523e+02 4.577771489533538065e-04 4.655579722406505785e-04
7.049848865000000160e+02 4.964935280353848174e-04 4.676182521890964229e-04
7.049851989999999660e+02 4.725115708670399491e-04 4.696515305694401281e-04
7.049855114999999159e+02 4.730405467948788360e-04 4.716586811311688446e-04
7.049858239999999796e+02 4.273567368028927788e-04 4.736405445498131179e-04
7.049861364999999296e+02 4.324836913125815066e-04 4.755979297931298253e-04
7.049864489999999932e+02 4.359285664288333395e-04 4.775316154375896225e-04
7.049867614999999432e+02 4.919418916504386761e-04 4.794423509192366571e-04
7.049870740000000069e+02 4.689767788154136532e-04 4.813308577429157849e-04
7.049873864999999569e+02 4.940750533087889850e-04 4.831978306292830086e-04
7.049876989999999068e+02 4.459552716408895189e-04 4.850439386231030674e-04
7.049880114999999705e+02 4.627771285867823803e-04 4.868698261474085302e-04
7.049883239999999205e+02 4.481810836702724492e-04 4.886761140124418028e-04
7.049886364999999842e+02 4.575875599328334113e-04 4.904634003876517543e-04
7.049889489999999341e+02 5.211659337123308432e-04 4.922322617220407405e-04
7.049892614999999978e+02 4.644818456170437138e-04 4.939832536349387116e-04
7.049895739999999478e+02 5.136317767989149758e-04 4.957169117580707308e-04
7.049898865000000114e+02 4.320586586104590058e-04 4.974337525511371080e-04
