7.049112870000000157e+02 3.975092416298609140e-04 3.657479701423256113e-04
7.049115994999999657e+02 4.050175133668176722e-04 3.656043217785507498e-04
7.049119120000000294e+02 4.259203123723099183e-04 3.654265143391308233e-04
7.049122244999999793e+02 3.530073831765031308e-04 3.652132903034137693e-04
7.049125370000000430e+02 3.805567862481147308e-04 3.649633384092876211e-04
7.049128494999999930e+02 3.436471706395252267e-04 3.646752911742159918e-04
7.049131620000000567e+02 3.916136515115232444e-04 3.643477223050179347e-04
7.049134745000000066e+02 4.858919335833687203e-04 3.639791439962683115e-04
7.049137870000000703e+02 3.334669813519344837e-04 3.635680041111769337e-04
7.049140995000000203e+02 3.688439903714676614e-04 3.631126832463462892e-04
7.049144119999999702e+02 3.335616844192081164e-04 3.626114916743016295e-04
7.049147245000000339e+02 3.500778521064738845e-04 3.620626661658206576e-04
7.049150369999999839e+02 3.706781499344774218e-04 3.614643666902135470e-04
7.049153495000000476e+02 3.398176334366620802e-04 3.608146729911903281e-04
7.049156619999999975e+02 3.525436652729164837e-04 3.601115810446672231e-04
7.049159745000000612e+02 3.353171556712562828e-04 3.593529993939189237e-04
7.049162870000000112e+02 3.821653283088659444e-04 3.585367453733134292e-04
7.049165994999999612e+02 3.753438294952575168e-04 3.576605412180830870e-04
7.049169120000000248e+02 3.546612656092790216e-04 3.567220100739932525e-04
7.049172244999999748e+02 3.691306490400119052e-04 3.557186719143334559e-04
7.049175370000000385e+02 3.244884996922612567e-04 3.546479393726467070e-04
7.049178494999999884e+02 3.966502048757230680e-04 3.535071135157129177e-04
7.049181620000000521e+02 3.281910116146259573e-04 3.522933795646499976e-04
7.049184745000000021e+02 3.360913168154471453e-04 3.510038026002229496e-04
7.049187870000000657e+02 3.303420204007280524e-04 3.496353232676460460e-04
7.049190995000000157e+02 2.862619536854891979e-04 3.481847535294043186e-04
7.049194119999999657e+02 3.817812881793760152e-04 3.466487724926453910e-04
7.049197245000000294e+02 3.530563727562892979e-04 3.450239223717534859e-04
7.049200369999999793e+02 3.460311843562872969e-04 3.433066046393469821e-04
7.049203495000000430e+02 3.048416135740158453e-04 3.414930764265023387e-04
7.049206619999999930e+02 3.224921266022437319e-04 3.395794472665404368e-04
7.049209745000000567e+02 3.743913650992083128e-04 3.375616762549043452e-04
7.049212870000000066e+02 3.367019803095103398e-04 3.354355697531780436e-04
7.049215995000000703e+02 2.883104162184814564e-04 3.331967797386672014e-04
7.049219120000000203e+02 2.762701232761285725e-04 3.308408029658309758e-04
7.049222244999999702e+02 3.093764966879464012e-04 3.283629810798936602e-04
7.049225370000000339e+02 3.012154630579995732e-04 3.257585018905390507e-04
7.049228494999999839e+02 3.317725589944338924e-04 3.230224020138368910e-04
7.049231620000000476e+02 3.405153784114264902e-04 3.201495711170077312e-04
7.049234744999999975e+02 2.683345460865546204e-04 3.171347580690270966e-04
7.049237870000000612e+02 3.667729007221236411e-04 3.139725792812104923e-04
7.049240995000000112e+02 3.130740312235331902e-04 3.106575296267690268e-04
7.049244119999999612e+02 2.640679698413157545e-04 3.071839963048823342e-04
7.049247245000000248e+02 2.735422863033933104e-04 3.035462761239560267e-04
7.049250369999999748e+02 3.119661192903513611e-04 2.997385966916799754e-04
7.049253495000000385e+02 2.697714118397224027e-04 2.957551420487081672e-04
7.049256619999999884e+02 2.443592675457402106e-04 2.915900833878466952e-04
7.049259745000000521e+02 2.724993912941300672e-04 2.872376154809680861e-04
7.049262870000000021e+02 2.532167506298107053e-04 2.826919995834039582e-04
7.049265995000000657e+02 2.547008272358691717e-04 2.779476135469423782e-04
7.049269120000000157e+02 2.713606853582885715e-04 2.729990100242935219e-04
7.049272244999999657e+02 2.527538604136107857e-04 2.678409835916970602e-04
7.049275370000000294e+02 2.511855025508587984e-04 2.624686477441617156e-04
7.049278494999999793e+02 2.431426615870145667e-04 2.568775226800075928e-04
7.049281620000000430e+02 2.156743974246295103e-04 2.510636347834069824e-04
7.049284744999999930e+02 2.419278023593338838e-04 2.450236287551036209e-04
7.049287870000000567e+02 2.666066775881499379e-04 2.387548931610007099e-04
7.049290995000000066e+02 2.111953820410084070e-04 2.322557001861759983e-04
7.049294120000000703e+02 2.331335896229963750e-04 2.255253600732890222e-04
7.049297245000000203e+02 1.961015430574880960e-04 2.185643906276348155e-04
7.049300369999999702e+02 1.911528720782449200e-04 2.113747017024098136e-04
7.049303495000000339e+02 1.665108872476330870e-04 2.039597942916400323e-04
7.049306619999999839e+02 1.696641355259029531e-04 1.963249732476810949e-04
7.049309745000000476e+02 1.808746173830559504e-04 1.884775719836655824e-04
7.049312869999999975e+02 1.597098422857214605e-04 1.804271868384131616e-04
7.049315995000000612e+02 1.809057153334801978e-04 1.721859177097346671e-04
7.049319120000000112e+02 1.709188851620117953e-04 1.637686106893778456e-04
7.049322244999999612e+02 1.749851425563350694e-04 1.551930970781678545e-04
7.049325370000000248e+02 1.198469767469089982e-04 1.464804220517692049e-04
7.049328494999999748e+02 1.542791393837419662e-04 1.376550548119594240e-04
7.049331620000000385e+02 1.516062228824292400e-04 1.287450707161653604e-04
7.049334744999999884e+02 1.247911393037645059e-04 1.197822947259059113e-04
7.049337870000000521e+02 1.586580539481812608e-04 1.108023942407524847e-04
7.049340995000000021e+02 1.257734010623212423e-04 1.018449087818772619e-04
7.049344120000000657e+02 1.092447739187869522e-04 9.295320340171001484e-05
7.049347245000000157e+02 7.234679100146020211e-05 8.417433309631525758e-05
7.049350369999999657e+02 9.123581278253336461e-05 7.555880620354565142e-05
7.049353495000000294e+02 8.187156922436262152e-05 6.716023671650638265e-05
7.049356619999999793e+02 7.642111212564402104e-05 5.903487804599348858e-05
7.049359745000000430e+02 5.503941184214872185e-05 5.124103449431491531e-05
7.049362869999999930e+02 5.721948801170165559e-05 4.383835151187721212e-05
7.049365995000000567e+02 7.981942625242666840e-05 3.688699121384726037e-05
7.049369120000000066e+02 3.178320575623757937e-05 3.044670603259149420e-05
7.049372245000000703e+02 4.556935882469129748e-05 2.457582974078142106e-05
7.049375370000000203e+02 3.405274934776927241e-05 1.933021167131128006e-05
7.049378494999999702e+02 3.453316298175104320e-05 1.476212562168585291e-05
7.049381620000000339e+02 1.287538822546805385e-05 1.091918973033701346e-05
7.049384744999999839e+02 1.208090157663154229e-05 7.843336538527096873e-06
7.049387870000000476e+02 1.462158105570656895e-05 5.569873389450791521e-06
7.049390994999999975e+02 7.768719099051174957e-06 4.126671888527529902e-06
7.049394120000000612e+02 1.340489958830071783e-05 3.533521137020423705e-06
7.049397245000000112e+02 1.053497906826973322e-05 3.801673205046893074e-06
7.049400369999999612e+02 5.153431836413190659e-06 4.933600958087517940e-06
7.049403495000000248e+02 7.521985939290819516e-06 6.922978626788907649e-06
7.049406619999999748e+02 9.646089592500052044e-06 9.754885003732836283e-06
7.049409745000000385e+02 6.670798873068701339e-06 1.340621874463904389e-05
7.049412869999999884e+02 1.160321093070267712e-05 1.784630561382926861e-05
7.049415995000000521e+02 1.554330784746679403e-05 2.303766948744276154e-05
7.049419120000000021e+02 2.190842374455487763e-05 2.893693280798659347e-05
7.049422245000000657e+02 1.910509946328527869e-05 3.549580858150614494e-05
7.049425370000000157e+02 3.411900946587806963e-05 4.266214463495281731e-05
7.049428494999999657e+02 4.384121704811564844e-05 5.038098201677205368e-05
7.049431620000000294e+02 3.994974511480510872e-05 5.859559233523427833e-05
7.049434744999999793e+02 4.410771094085205653e-05 6.724846349089539375e-05
7.049437870000000430e+02 5.465427603421192215e-05 7.628220891446406936e-05
7.049440994999999930e+02 6.353956988213230444e-05 8.564038148611517189e-05
7.049444120000000567e+02 8.092860865002612621e-05 9.526817973013798201e-05
7.049447245000000066e+02 8.913939502826206951e-05 1.051130395876199200e-04
7.049450370000000703e+02 1.027321729519964930e-04 1.151251105622258308e-04
7.049453495000000203e+02 9.292110702808662956e-05 1.252576192645549831e-04
7.049456619999999702e+02 1.229927879809879861e-04 1.354671271248334015e-04
7.049459745000000339e+02 1.259901455624284894e-04 1.457136914226889385e-04
7.049462869999999839e+02 1.157433645545385677e-04 1.559609405964064986e-04
7.049465995000000476e+02 1.589274567100136982e-04 1.661760756906772800e-04
7.049469119999999975e+02 1.883556627795039630e-04 1.763298098967336879e-04
7.049472245000000612e+02 1.922071042040041067e-04 1.863962580418052854e-04
7.049475370000000112e+02 2.147046494177134762e-04 1.963527869491012135e-04
7.049478494999999612e+02 1.780415995650155674e-04 2.061798368493203827e-04
7.049481620000000248e+02 2.117197048089689156e-04 2.158607226821545536e-04
7.049484744999999748e+02 2.124125753001415489e-04 2.253814230471342186e-04
7.049487870000000385e+02 2.469918360968315334e-04 2.347303633478663588e-04
7.049490994999999884e+02 2.204736899729521735e-04 2.438981983905099543e-04
7.049494120000000521e+02 2.593642131678860043e-04 2.528775988145754924e-04
7.049497245000000021e+02 2.388477164994885229e-04 2.616630445486570048e-04
7.049500370000000657e+02 2.815802276544028407e-04 2.702506278477256690e-04
7.049503495000000157e+02 2.561086656836417358e-04 2.786378675269262544e-04
7.049506619999999657e+02 2.842436561089022842e-04 2.868235355973443768e-04
7.049509745000000294e+02 2.934858855811579522e-04 2.948074968269172379e-04
7.049512869999999793e+02 2.804640514647960920e-04 3.025905614578369165e-04
7.049515995000000430e+02 3.037187355154716295e-04 3.101743509895830758e-04
7.049519119999999930e+02 3.085801634464400067e-04 3.175611765978238795e-04
7.049522245000000567e+02 3.297653533162131848e-04 3.247539297424129946e-04
7.049525370000000066e+02 3.873753951568605991e-04 3.317559842196099299e-04
7.049528495000000703e+02 3.736485475399412004e-04 3.385711090095240854e-04
7.049531620000000203e+02 3.675790637460723707e-04 3.452033910566122037e-04
7.049534744999999702e+02 3.657106107606562361e-04 3.516571672682095484e-04
7.049537870000000339e+02 3.934976581801265336e-04 3.579369648789186217e-04
7.049540994999999839e+02 4.108347003654829518e-04 3.640474494392133232e-04
7.049544120000000476e+02 4.359678941676525680e-04 3.699933797136514108e-04
7.049547244999999975e+02 3.995161010394568998e-04 3.757795687367236452e-04
7.049550370000000612e+02 4.682500210812092856e-04 3.814108504438462545e-04
7.049553495000000112e+02 3.707841058926981807e-04 3.868920512042771007e-04
7.049556619999999612e+02 4.347321056911088708e-04 3.922279657656097202e-04
7.049559745000000248e+02 4.431201310863164700e-04 3.974233370494671593e-04
7.049562869999999748e+02 4.335604845452945564e-04 4.024828393582833034e-04
7.049565995000000385e+02 4.686971772722314149e-04 4.074110645930248777e-04
7.049569119999999884e+02 4.371623456257144090e-04 4.122125110594196265e-04
7.049572245000000521e+02 4.372110076245839735e-04 4.168915745824819797e-04
7.049575370000000021e+02 4.095924101468703150e-04 4.214525415708121787e-04
7.049578495000000657e+02 4.509352970635508058e-04 4.258995838185983198e-04
7.049581620000000157e+02 4.588586553582669255e-04 4.302367547530292998e-04
7.049584744999999657e+02 4.411657152418229982e-04 4.344679869684008456e-04
7.049587870000000294e+02 4.511357976755937869e-04 4.385970908202299059e-04
7.049590994999999793e+02 3.719112643637396639e-04 4.426277539333442110e-04
7.049594120000000430e+02 4.441747535605365953e-04 4.465635414948500173e-04
7.049597244999999930e+02 4.837920334032117615e-04 4.504078971698001477e-04
7.049600370000000567e+02 4.639161715959014775e-04 4.541641445756103377e-04
7.049603495000000066e+02 4.389496060217208174e-04 4.578354891742330993e-04
7.049606620000000703e+02 5.025436717326313679e-04 4.614250205442963610e-04
7.049609745000000203e+02 4.837876667695209520e-04 4.649357149179716986e-04
7.049612869999999702e+02 4.561283182886589189e-04 4.683704379624288182e-04
7.049615995000000339e+02 5.155416480240792784e-04 4.717319477196582037e-04
7.049619119999999839e+02 4.348739926583094551e-04 4.750228976729415882e-04
7.049622245000000476e+02 4.859437285102660210e-04 4.782458399126792012e-04
7.049625369999999975e+02 4.754597771052571672e-04 4.814032283384354926e-04
7.049628495000000612e+02 4.901340789181205535e-04 4.844974219063068405e-04
7.049631620000000112e+02 4.941626772736009473e-04 4.875306878605543395e-04
7.049634744999999612e+02 4.991486252918695375e-04 4.905052049655430398e-04
7.049637870000000248e+02 5.074954539207644257e-04 4.934230666931320236e-04
7.049640994999999748e+02 5.088669964304640353e-04 4.962862843638835399e-04
7.049644120000000385e+02 5.114301204159931499e-04 4.990967902412634652e-04
7.049647244999999884e+02 4.680554407703459391e-04 5.018564405438856197e-04
7.049650370000000521e+02 4.944364189949364101e-04 5.045670184011383968e-04
7.049653495000000021e+02 4.625627306343567478e-04 5.072302367141525185e-04
7.049656620000000657e+02 4.957786832610723907e-04 5.098477409503083917e-04
7.049659745000000157e+02 5.326327735829085655e-04 5.124211118369332608e-04
7.049662869999999657e+02 5.604402007673447463e-04 5.149518679824946184e-04
7.049665995000000294e+02 4.968437003262863964e-04 5.174414684002340671e-04
7.049669119999999793e+02 4.771285151430204748e-04 5.198913149438895171e-04
7.049672245000000430e+02 5.579349617322003352e-04 5.223027546644998242e-04
7.049675369999999930e+02 5.192253673577140217e-04 5.246770820667097423e-04
7.049678495000000567e+02 5.408550421321292991e-04 5.270155412933686702e-04
7.049681620000000066e+02 5.580690694529522999e-04 5.293193282118698918e-04
7.049684745000000703e+02 5.199646014280238492e-04 5.315895924316683474e-04
7.049687870000000203e+02 4.923864379414378189e-04 5.338274392277431082e-04
7.049690994999999702e+02 5.154193334325093924e-04 5.360339313981883885e-04
7.049694120000000339e+02 4.506749650755227806e-04 5.382100910373472692e-04
7.049697244999999839e+02 5.512534225369854646e-04 5.403569012353920615e-04
7.049700370000000476e+02 5.035449469874720297e-04 5.424753077143951423e-04
7.049703494999999975e+02 5.600172392082576958e-04 5.445662203837320055e-04
7.049706620000000612e+02 5.197596181317668635e-04 5.466305148414473498e-04
7.049709745000000112e+02 5.354349493555696313e-04 5.486690337993651093e-04
7.049712869999999612e+02 6.390434930605898073e-04 5.506825884579846352e-04
7.049715995000000248e+02 5.158164020223328459e-04 5.526719598146147445e-04
7.049719119999999748e+02 5.327947837644871846e-04 5.546378999148340264e-04
7.049722245000000385e+02 5.314137494096518501e-04 5.565811330565887532e-04
7.049725369999999884e+02 4.999381404504147633e-04 5.585023569312286057e-04
7.049728495000000521e+02 5.958057629214278880e-04 5.604022437258131782e-04
7.049731620000000021e+02 5.107259505668960975e-04 5.622814411661776783e-04
7.049734745000000657e+02 5.747948478438849422e-04 5.641405735251831585e-04
