7.170378160000000207e+02 2.093919407856806563e-04 2.342507149871537672e-04
7.170381284999999707e+02 2.442357583483497014e-04 2.341644601085875719e-04
7.170384410000000344e+02 2.461320893649906485e-04 2.340690992826016149e-04
7.170387534999999843e+02 2.355901868994591652e-04 2.339642883238588996e-04
7.170390660000000480e+02 2.390184248505325968e-04 2.338496671764789703e-04
7.170393784999999980e+02 2.472706887886724834e-04 2.337248590612012037e-04
7.170396910000000616e+02 2.447419649083613078e-04 2.335894695703942894e-04
7.170400035000000116e+02 2.467371395199557753e-04 2.334430857088822735e-04
7.170403160000000753e+02 2.314510422958494437e-04 2.332852748755396340e-04
7.170406285000000253e+02 2.175949475266263783e-04 2.331155837833997341e-04
7.170409409999999752e+02 2.166206941500920576e-04 2.329335373125492178e-04
7.170412535000000389e+02 2.388692335549069744e-04 2.327386372928088231e-04
7.170415659999999889e+02 2.369690915364817236e-04 2.325303612110913903e-04
7.170418785000000526e+02 2.299858701145902028e-04 2.323081608376643937e-04
7.170421910000000025e+02 2.361638123367995341e-04 2.320714607679047416e-04
7.170425035000000662e+02 2.293476738723612034e-04 2.318196568715715649e-04
7.170428160000000162e+02 2.342986190277956829e-04 2.315521146462317932e-04
7.170431284999999662e+02 2.348719358815863341e-04 2.312681674658620011e-04
7.170434410000000298e+02 2.515098377980595724e-04 2.309671147201133184e-04
7.170437534999999798e+02 2.059884170190352912e-04 2.306482198363739766e-04
7.170440660000000435e+02 2.137183918200609098e-04 2.303107081758784351e-04
7.170443784999999934e+02 2.392126209411348133e-04 2.299537647987957986e-04
7.170446910000000571e+02 2.338272770711911951e-04 2.295765320863366325e-04
7.170450035000000071e+02 2.371819580632422025e-04 2.291781072150614210e-04
7.170453160000000707e+02 2.272118266357778444e-04 2.287575394700623230e-04
7.170456285000000207e+02 2.263351778225637830e-04 2.283138273918574549e-04
7.170459409999999707e+02 2.033204184121685174e-04 2.278459157425923086e-04
7.170462535000000344e+02 2.155195530825780624e-04 2.273526922849623756e-04
7.170465659999999843e+02 2.035647149939488580e-04 2.268329843619942864e-04
7.170468785000000480e+02 2.487762035674013572e-04 2.262855552649053776e-04
7.170471909999999980e+02 2.095895486497300199e-04 2.257091003828149789e-04
7.170475035000000616e+02 2.162475046295171872e-04 2.251022431175263283e-04
7.170478160000000116e+02 2.495821587558937223e-04 2.244635305590522538e-04
7.170481285000000753e+02 2.157018556598913573e-04 2.237914289048086817e-04
7.170484410000000253e+02 2.271723844652211470e-04 2.230843186198150688e-04
7.170487534999999752e+02 2.564248826146270518e-04 2.223404893219121611e-04
7.170490660000000389e+02 2.324078912808189641e-04 2.215581343903869570e-04
7.170493784999999889e+02 2.401429509680081894e-04 2.207353452901653090e-04
7.170496910000000526e+02 2.154231206604762536e-04 2.198701056050278630e-04
7.170500035000000025e+02 2.146834364941109475e-04 2.189602847869341108e-04
7.170503160000000662e+02 2.454475079166998385e-04 2.180036316157551741e-04
7.170506285000000162e+02 2.058821861725839461e-04 2.169977673881377312e-04
7.170509409999999662e+02 2.129799542668384766e-04 2.159401788401502315e-04
7.170512535000000298e+02 2.235222573178530930e-04 2.148282108347371170e-04
7.170515659999999798e+02 1.878967903397115412e-04 2.136590588431771522e-04
7.170518785000000435e+02 1.984292311568575107e-04 2.124297612599969430e-04
7.170521909999999934e+02 2.301636949264177054e-04 2.111371916201531162e-04
7.170525035000000571e+02 2.366255491461329366e-04 2.097780507810087210e-04
7.170528160000000071e+02 1.967723299146268735e-04 2.083488591803978529e-04
7.170531285000000707e+02 2.425407964762776912e-04 2.068459492781496195e-04
7.170534410000000207e+02 1.881491170120584125e-04 2.052654583500048357e-04
7.170537534999999707e+02 1.871223250301264724e-04 2.036033218075971804e-04
7.170540660000000344e+02 1.712865830628934171e-04 2.018552672911042597e-04
7.170543784999999843e+02 1.984718965812916087e-04 2.000168098151282217e-04
7.170546910000000480e+02 1.690253595420999791e-04 1.980832483073367628e-04
7.170550034999999980e+02 1.987214281881539437e-04 1.960496639752149579e-04
7.170553160000000616e+02 1.988215435109260570e-04 1.939109209835735760e-04
7.170556285000000116e+02 1.834243730932278728e-04 1.916616700675803674e-04
7.170559410000000753e+02 1.586536798375510820e-04 1.892963557741392732e-04
7.170562535000000253e+02 1.803136903441434832e-04 1.868092282046974822e-04
7.170565659999999752e+02 1.709934844740679130e-04 1.841943602325780797e-04
7.170568785000000389e+02 1.739458200925074959e-04 1.814456713838763860e-04
7.170571909999999889e+02 1.727551376029095307e-04 1.785569597327468501e-04
7.170575035000000526e+02 1.832368700575733565e-04 1.755219433677416055e-04
7.170578160000000025e+02 1.560762137351856928e-04 1.723343132500096517e-04
7.170581285000000662e+02 1.693632873552419619e-04 1.689877994660592716e-04
7.170584410000000162e+02 1.679740471625550721e-04 1.654762531931567747e-04
7.170587534999999662e+02 1.901465036254678591e-04 1.617937468672673868e-04
7.170590660000000298e+02 1.631179499716688510e-04 1.579346953317702258e-04
7.170593784999999798e+02 1.311933402274593401e-04 1.538940008861063610e-04
7.170596910000000435e+02 1.541778042540400452e-04 1.496672252571382210e-04
7.170600034999999934e+02 1.476965326930295016e-04 1.452507915640547341e-04
7.170603160000000571e+02 1.210910354327538005e-04 1.406422190980905135e-04
7.170606285000000071e+02 1.326722654882289958e-04 1.358403934382759639e-04
7.170609410000000707e+02 1.220491723362770000e-04 1.308458736239798918e-04
7.170612535000000207e+02 1.223591277795843838e-04 1.256612371164360527e-04
7.170615659999999707e+02 1.249036915358276182e-04 1.202914615880194929e-04
7.170618785000000344e+02 1.168538789530305309e-04 1.147443404971079916e-04
7.170621909999999843e+02 9.978024450364639784e-05 1.090309264805877962e-04
7.170625035000000480e+02 9.888957238623645235e-05 1.031659929715508556e-04
7.170628159999999980e+02 1.031526842827998477e-04 9.716850012979141057e-05
7.170631285000000616e+02 8.446314836866999161e-05 9.106204594752760563e-05
7.170634410000000116e+02 8.639871624073529538e-05 8.487527787289705840e-05
7.170637535000000753e+02 8.242526199498195435e-05 7.864223428569374751e-05
7.170640660000000253e+02 9.671847835797645792e-05 7.240257972483630784e-05
7.170643784999999752e+02 7.721807252729541307e-05 6.620169306760342843e-05
7.170646910000000389e+02 5.630633282974352840e-05 6.009056536608628577e-05
7.170650034999999889e+02 5.157447708154017151e-05 5.412546435852592962e-05
7.170653160000000526e+02 5.490765366628992049e-05 4.836732719417967472e-05
7.170656285000000025e+02 4.404029427697969521e-05 4.288085261811641830e-05
7.170659410000000662e+02 5.404959706446660372e-05 3.773327909897582287e-05
7.170662535000000162e+02 4.456554972401377107e-05 3.299285657687084697e-05
7.170665659999999662e+02 2.797888516329895983e-05 2.872704523024140137e-05
7.170668785000000298e+02 2.916843895186173877e-05 2.500050344266369792e-05
7.170671909999999798e+02 2.670735351333904497e-05 2.187295556511743700e-05
7.170675035000000435e+02 1.568896815567586437e-05 1.939705459356634581e-05
7.170678159999999934e+02 2.000180330443255579e-05 1.761637139742396616e-05
7.170681285000000571e+02 1.595164574909312420e-05 1.656364691321871019e-05
7.170684410000000071e+02 2.069964481047035116e-05 1.625943464978249278e-05
7.170687535000000707e+02 1.384850438097846775e-05 1.671123729357300492e-05
7.170690660000000207e+02 1.404755655309331108e-05 1.791320522480794171e-05
7.170693784999999707e+02 1.533922823730524894e-05 1.984642025728828549e-05
7.170696910000000344e+02 1.359557193020826374e-05 2.247974052602987310e-05
7.170700034999999843e+02 1.896683398539201804e-05 2.577113822421601649e-05
7.170703160000000480e+02 2.726378953524430168e-05 2.966942636134109283e-05
7.170706284999999980e+02 2.959525923240243438e-05 3.411624769849718082e-05
7.170709410000000616e+02 2.753835114467822803e-05 3.904819043501969869e-05
7.170712535000000116e+02 4.257813595874720167e-05 4.439890030011005420e-05
7.170715660000000753e+02 6.265418746987077691e-05 5.010107536681793000e-05
7.170718785000000253e+02 5.142454884820450901e-05 5.608825416627045724e-05
7.170721909999999752e+02 6.783492237802904608e-05 6.229633595056848568e-05
7.170725035000000389e+02 5.135452545621222939e-05 6.866480006822047431e-05
7.170728159999999889e+02 8.400583215719061470e-05 7.513761685693637598e-05
7.170731285000000526e+02 8.170329524558770328e-05 8.166386309341912958e-05
7.170734410000000025e+02 8.787019441412169374e-05 8.819806997789776930e-05
7.170737535000000662e+02 7.407673664041719000e-05 9.470034118053388249e-05
7.170740660000000162e+02 9.851897807695203827e-05 1.011362827594837981e-04
7.170743784999999662e+02 1.035902910685489316e-04 1.074767873204924374e-04
7.170746910000000298e+02 1.004750427766785644e-04 1.136977121361429485e-04
7.170750034999999798e+02 1.258447739618668009e-04 1.197794866214596055e-04
7.170753160000000435e+02 1.423589106797056719e-04 1.257066791633236491e-04
7.170756284999999934e+02 1.536390683324062047e-04 1.314675475345527113e-04
7.170759410000000571e+02 1.407994843938962690e-04 1.370535917626384745e-04
7.170762535000000071e+02 1.379897096017692270e-04 1.424591232208521679e-04
7.170765660000000707e+02 1.428076038606269243e-04 1.476808595679612651e-04
7.170768785000000207e+02 1.500054321918532535e-04 1.527175514989584208e-04
7.170771909999999707e+02 1.545473745006116159e-04 1.575696445909933021e-04
7.170775035000000344e+02 1.568358832920640827e-04 1.622389772776497972e-04
7.170778159999999843e+02 1.759172705631778088e-04 1.667285144873946565e-04
7.170781285000000480e+02 1.669749799764995977e-04 1.710421153879366932e-04
7.170784409999999980e+02 1.545074385891043146e-04 1.751843329164018523e-04
7.170787535000000616e+02 1.586383668316678061e-04 1.791602424594955273e-04
7.170790660000000116e+02 1.914637920831337083e-04 1.829752967630413486e-04
7.170793785000000753e+02 1.760702502802468988e-04 1.866352042263168926e-04
7.170796910000000253e+02 2.092421650323354266e-04 1.901458277313079369e-04
7.170800034999999752e+02 2.042367059596704156e-04 1.935131014088305808e-04
7.170803160000000389e+02 2.127232400553654540e-04 1.967429628714912194e-04
7.170806284999999889e+02 2.086397826521855386e-04 1.998412987194443083e-04
7.170809410000000526e+02 2.198048266531245451e-04 2.028139013537829641e-04
7.170812535000000025e+02 2.119961129275586018e-04 2.056664353217162210e-04
7.170815660000000662e+02 2.018097870511920740e-04 2.084044116976422646e-04
7.170818785000000162e+02 2.149983116948039636e-04 2.110331691354677675e-04
7.170821909999999662e+02 2.207717117468972637e-04 2.135578604772229647e-04
7.170825035000000298e+02 2.193162541243009469e-04 2.159834439089465704e-04
7.170828159999999798e+02 2.144117981715795208e-04 2.183146778367304000e-04
7.170831285000000435e+02 2.291108832020479619e-04 2.205561187804959715e-04
7.170834409999999934e+02 2.126129428348652920e-04 2.227121216650299572e-04
7.170837535000000571e+02 2.183188130113867620e-04 2.247868420317908225e-04
7.170840660000000071e+02 2.265550062484745044e-04 2.267842397255212018e-04
7.170843785000000707e+02 2.524963001561864213e-04 2.287080837318977375e-04
7.170846910000000207e+02 2.210957467365298528e-04 2.305619578535219802e-04
7.170850034999999707e+02 2.240677056341267535e-04 2.323492670096292717e-04
7.170853160000000344e+02 2.578509514294989938e-04 2.340732439475568503e-04
7.170856284999999843e+02 2.361622854792386303e-04 2.357369562160042259e-04
7.170859410000000480e+02 2.459024816649634394e-04 2.373433132787178756e-04
7.170862534999999980e+02 2.242517915948408018e-04 2.388950736517870437e-04
7.170865660000000616e+02 2.581806931159484229e-04 2.403948520029798076e-04
7.170868785000000116e+02 2.566131069586046159e-04 2.418451261317336649e-04
7.170871910000000753e+02 2.598527165611428649e-04 2.432482437997927449e-04
7.170875035000000253e+02 2.446833277295834227e-04 2.446064293588899358e-04
7.170878159999999752e+02 2.607864235406492145e-04 2.459217901656039198e-04
7.170881285000000389e+02 2.399343492989574039e-04 2.471963227520252836e-04
7.170884409999999889e+02 2.649380569364944088e-04 2.484319187459013180e-04
7.170887535000000526e+02 2.856359717545227817e-04 2.496303705378955938e-04
7.170890660000000025e+02 2.440404545858996317e-04 2.507933766821695827e-04
7.170893785000000662e+02 2.534242555502110700e-04 2.519225470450232309e-04
7.170896910000000162e+02 2.502479169619847409e-04 2.530194076910343044e-04
7.170900034999999662e+02 2.776556244646014721e-04 2.540854055252528406e-04
7.170903160000000298e+02 2.633840938992350377e-04 2.551219126878413452e-04
7.170906284999999798e+02 2.515056348195543034e-04 2.561302307135166802e-04
7.170909410000000435e+02 2.642390274944393853e-04 2.571115944680193782e-04
7.170912534999999934e+02 2.405945397890071739e-04 2.580671758616032282e-04
7.170915660000000571e+02 2.754380170331458639e-04 2.589980873604224199e-04
7.170918785000000071e+02 2.632933217564180058e-04 2.599053852940421132e-04
7.170921910000000707e+02 2.417337384789813870e-04 2.607900729798601127e-04
7.170925035000000207e+02 2.487442298720805877e-04 2.616531036631361638e-04
7.170928159999999707e+02 2.533436772346888506e-04 2.624953832922531476e-04
7.170931285000000344e+02 2.572974135622408494e-04 2.633177731301235064e-04
7.170934409999999843e+02 2.553708012974837587e-04 2.641210922139598035e-04
7.170937535000000480e+02 2.641945731857088964e-04 2.649061196746966130e-04
7.170940659999999980e+02 2.984335096096508316e-04 2.656735969168428474e-04
7.170943785000000616e+02 2.857408016503166972e-04 2.664242296755812566e-04
7.170946910000000116e+02 2.617625269547568128e-04 2.671586899493802675e-04
7.170950035000000753e+02 2.651382614667199063e-04 2.678776178241049424e-04
7.170953160000000253e+02 2.531010480017752856e-04 2.685816231865629502e-04
7.170956284999999752e+02 2.599671465228558598e-04 2.692712873421223901e-04
7.170959410000000389e+02 2.818726109279613918e-04 2.699471645357464462e-04
7.170962534999999889e+02 2.447954311701539595e-04 2.706097833848365437e-04
7.170965660000000526e+02 2.645376806234822891e-04 2.712596482315408593e-04
7.170968785000000025e+02 2.771931042000203710e-04 2.718972404134791659e-04
7.170971910000000662e+02 2.266521508836534017e-04 2.725230194650655655e-04
7.170975035000000162e+02 3.028094380188293445e-04 2.731374242462972289e-04
7.170978159999999662e+02 3.004236423574271984e-04 2.737408740103899050e-04
7.170981285000000298e+02 2.608747095335033723e-04 2.743337694084136400e-04
7.170984409999999798e+02 2.781894823343108135e-04 2.749164934369823497e-04
7.170987535000000435e+02 2.510440805547320647e-04 2.754894123345099787e-04
7.170990659999999934e+02 2.491806378869135339e-04 2.760528764239436107e-04
7.170993785000000571e+02 2.532471958411075552e-04 2.766072209115734881e-04
7.170996910000000071e+02 2.838981202359945936e-04 2.771527666380968827e-04
7.171000035000000707e+02 2.736628322162752594e-04 2.776898207911680143e-04
