7.047120889999999918e+02 4.694976218413145870e-04 4.124603227456258162e-04
7.047124014999999417e+02 4.145415841764359989e-04 4.122797247024948875e-04
7.047127140000000054e+02 4.457729619806312621e-04 4.120659518512380533e-04
7.047130264999999554e+02 3.838966110102762274e-04 4.118177599551344436e-04
7.047133390000000190e+02 4.191470546930008102e-04 4.115338498534707509e-04
7.047136514999999690e+02 4.129360119056798705e-04 4.112128647812968033e-04
7.047139640000000327e+02 4.155568589286765327e-04 4.108533875542789570e-04
7.047142764999999827e+02 4.601621566669386078e-04 4.104539376164008835e-04
7.047145890000000463e+02 4.619966869991000229e-04 4.100129679412019257e-04
7.047149014999999963e+02 4.542484018493366622e-04 4.095288617852451481e-04
7.047152139999999463e+02 4.029048269819164758e-04 4.089999292839681952e-04
7.047155265000000099e+02 4.389321551423414156e-04 4.084244038884762167e-04
7.047158389999999599e+02 4.835796801723120136e-04 4.078004386371828827e-04
7.047161515000000236e+02 4.215236680329284905e-04 4.071261022552996644e-04
7.047164639999999736e+02 4.354690167250091959e-04 4.063993750837549589e-04
7.047167765000000372e+02 3.619041551095896923e-04 4.056181448271523916e-04
7.047170889999999872e+02 4.145020839461142979e-04 4.047802021262345701e-04
7.047174014999999372e+02 3.841388476584657314e-04 4.038832359453907298e-04
7.047177140000000009e+02 3.036527991589691019e-04 4.029248287819814996e-04
7.047180264999999508e+02 3.793807182704359298e-04 4.019024516968275535e-04
7.047183390000000145e+02 4.477377109891326123e-04 4.008134591654676101e-04
7.047186514999999645e+02 3.208898914190027240e-04 3.996550837653266059e-04
7.047189640000000281e+02 4.086513885844899447e-04 3.984244306960336122e-04
7.047192764999999781e+02 4.113263971131476482e-04 3.971184721578647418e-04
7.047195890000000418e+02 4.075015434881976433e-04 3.957340415911000464e-04
7.047199014999999918e+02 3.394830611473916905e-04 3.942678278117117685e-04
7.047202139999999417e+02 3.864740872402437698e-04 3.927163690553975013e-04
7.047205265000000054e+02 3.442982566782318808e-04 3.910760469752878302e-04
7.047208389999999554e+02 3.781400061042690624e-04 3.893430806299994244e-04
7.047211515000000190e+02 3.840286345961001864e-04 3.875135205051958849e-04
7.047214639999999690e+02 3.329654054599107170e-04 3.855832426445227989e-04
7.047217765000000327e+02 4.147501003319624359e-04 3.835479429427035526e-04
7.047220889999999827e+02 3.365546846598376439e-04 3.814031317086515201e-04
7.047224015000000463e+02 3.787244308263831285e-04 3.791441285788062806e-04
7.047227139999999963e+02 3.888675149000070603e-04 3.767660579258113956e-04
7.047230264999999463e+02 3.265138561078136104e-04 3.742638448812717739e-04
7.047233390000000099e+02 3.259266321513421059e-04 3.716322121597674514e-04
7.047236514999999599e+02 4.313347052353817173e-04 3.688656778724356601e-04
7.047239640000000236e+02 3.355661149879807584e-04 3.659585545467345909e-04
7.047242764999999736e+02 3.611316242290340726e-04 3.629049496407259125e-04
7.047245890000000372e+02 3.342795652445313456e-04 3.596987678249435839e-04
7.047249014999999872e+02 3.393646346412383099e-04 3.563337154163253207e-04
7.047252139999999372e+02 3.683601031467338607e-04 3.528033073321309391e-04
7.047255265000000009e+02 3.366627388762320587e-04 3.491008770518096247e-04
7.047258389999999508e+02 3.700242884462432835e-04 3.452195901002180550e-04
7.047261515000000145e+02 2.939275660218449338e-04 3.411524616309778040e-04
7.047264639999999645e+02 3.241273189868936573e-04 3.368923788151950726e-04
7.047267765000000281e+02 3.174818877681902241e-04 3.324321287447851961e-04
7.047270889999999781e+02 3.438199247470515398e-04 3.277644327397252668e-04
7.047274015000000418e+02 3.344668126886737956e-04 3.228819879448738728e-04
7.047277139999999918e+02 3.583043966820505331e-04 3.177775173003768950e-04
7.047280264999999417e+02 2.594771176751480913e-04 3.124438289631120517e-04
7.047283390000000054e+02 2.757993246053975405e-04 3.068738864480318276e-04
7.047286514999999554e+02 2.769507484811662974e-04 3.010608907894311175e-04
7.047289640000000190e+02 2.776124251982346920e-04 2.949983760938420336e-04
7.047292764999999690e+02 3.026448248999019370e-04 2.886803199905368152e-04
7.047295890000000327e+02 2.774256471421232897e-04 2.821012703996448288e-04
7.047299014999999827e+02 2.585199230442926615e-04 2.752564901678722017e-04
7.047302140000000463e+02 2.497404177919947165e-04 2.681421209187498616e-04
7.047305264999999963e+02 2.346416406814826711e-04 2.607553674873302183e-04
7.047308389999999463e+02 2.175127861562772846e-04 2.530947039411716700e-04
7.047311515000000099e+02 2.622275160614969975e-04 2.451601020059259676e-04
7.047314639999999599e+02 2.400719402143916526e-04 2.369532821713692301e-04
7.047317765000000236e+02 2.443320221046506205e-04 2.284779871315555750e-04
7.047320889999999736e+02 2.126867716098131697e-04 2.197402765198062187e-04
7.047324015000000372e+02 1.559276980324822252e-04 2.107488407257838807e-04
7.047327139999999872e+02 1.821157549286907414e-04 2.015153305376310769e-04
7.047330264999999372e+02 1.901499595531130449e-04 1.920546976774299491e-04
7.047333390000000009e+02 1.842555221677364080e-04 1.823855397550199723e-04
7.047336514999999508e+02 1.701108388649664321e-04 1.725304411048765325e-04
7.047339640000000145e+02 1.452645173020410303e-04 1.625162988255530615e-04
7.047342764999999645e+02 1.584520436769708740e-04 1.523746212081417454e-04
7.047345890000000281e+02 1.626437038605677791e-04 1.421417832640172916e-04
7.047349014999999781e+02 1.426110988674567093e-04 1.318592221420594800e-04
7.047352140000000418e+02 1.332240951025626357e-04 1.215735531607084512e-04
7.047355264999999918e+02 1.238673232340673316e-04 1.113365861322584711e-04
7.047358389999999417e+02 1.221673625225823856e-04 1.012052209485520611e-04
7.047361515000000054e+02 9.141612850143728116e-05 9.124120222609390552e-05
7.047364639999999554e+02 9.648212408817995981e-05 8.151071466833636169e-05
7.047367765000000190e+02 1.080476689068185297e-04 7.208380441069001652e-05
7.047370889999999690e+02 7.642927520092344723e-05 6.303361711880182462e-05
7.047374015000000327e+02 6.086820339649822592e-05 5.443545060908566539e-05
7.047377139999999827e+02 6.816473729726865499e-05 4.636562886349055888e-05
7.047380265000000463e+02 4.604891669910941994e-05 3.890021434069839199e-05
7.047383389999999963e+02 5.224320292277124557e-05 3.211358674256151494e-05
7.047386514999999463e+02 6.113266634741041966e-05 2.607692730418546050e-05
7.047389640000000099e+02 2.736290856123203052e-05 2.085665805659869563e-05
7.047392764999999599e+02 4.708303352511366424e-05 1.651289371974347183e-05
7.047395890000000236e+02 2.222670479481669262e-05 1.309796931563120257e-05
7.047399014999999736e+02 1.482971398834588844e-05 1.065510830054633698e-05
7.047402140000000372e+02 9.635328494383665391e-06 9.217293255568183375e-06
7.047405264999999872e+02 5.390346190204909055e-06 8.806394088781881527e-06
7.047408389999999372e+02 2.161909108189911401e-05 9.432597241146834600e-06
7.047411515000000009e+02 1.138773999164240096e-05 1.109416456823324981e-05
7.047414639999999508e+02 7.391920676523715756e-06 1.377753334252216516e-05
7.047417765000000145e+02 1.304844293169138669e-05 1.745775075615523705e-05
7.047420889999999645e+02 2.104715317827543991e-05 2.209921880033610491e-05
7.047424015000000281e+02 9.234463098926968321e-06 2.765671005888524568e-05
7.047427139999999781e+02 2.333711546958348016e-05 3.407660275427331595e-05
7.047430265000000418e+02 3.067901170238678996e-05 4.129827542622808588e-05
7.047433389999999918e+02 3.360688023950217455e-05 4.925559787113059580e-05
7.047436514999999417e+02 3.197173618758574880e-05 5.787845578408047788e-05
7.047439640000000054e+02 4.840400446193289096e-05 6.709425090104931798e-05
7.047442764999999554e+02 7.918567603348958630e-05 7.682932601925426938e-05
7.047445890000000190e+02 7.111072873437904922e-05 8.701027384627246298e-05
7.047449014999999690e+02 9.429826817507474136e-05 9.756509911231024245e-05
7.047452140000000327e+02 8.799213058912037585e-05 1.084242143234599032e-04
7.047455264999999827e+02 8.373697909215053439e-05 1.195212594203433711e-04
7.047458390000000463e+02 1.304257225636603929e-04 1.307937447600374201e-04
7.047461514999999963e+02 1.297168129218727913e-04 1.421835239470027991e-04
7.047464639999999463e+02 1.153711400786048338e-04 1.536371089281951378e-04
7.047467765000000099e+02 1.593577820177551573e-04 1.651058434716359054e-04
7.047470889999999599e+02 1.681983887134837013e-04 1.765459536424037715e-04
7.047474015000000236e+02 1.692141816213214400e-04 1.879184948819595481e-04
7.047477139999999736e+02 1.671753026155620419e-04 1.991892150342318825e-04
7.047480265000000372e+02 2.129204762277155344e-04 2.103283519397395544e-04
7.047483389999999872e+02 1.922725888015890062e-04 2.213103824176629189e-04
7.047486514999999372e+02 2.172921356027624233e-04 2.321137378127998340e-04
7.047489640000000009e+02 2.078716230768506013e-04 2.427204989781944094e-04
7.047492764999999508e+02 2.547992034998450110e-04 2.531160816029769329e-04
7.047495890000000145e+02 3.572448784117646559e-04 2.632889207635341340e-04
7.047499014999999645e+02 2.532061919034779324e-04 2.732301615702952403e-04
7.047502140000000281e+02 2.785330902899990266e-04 2.829333613176498682e-04
7.047505264999999781e+02 2.911622766526637514e-04 2.923942068507719367e-04
7.047508390000000418e+02 2.762922833309584434e-04 3.016102498609435746e-04
7.047511514999999918e+02 3.144282748919615756e-04 3.105806615703300645e-04
7.047514639999999417e+02 3.030360264448490946e-04 3.193060076628741282e-04
7.047517765000000054e+02 3.029699244098221192e-04 3.277880434784782230e-04
7.047520889999999554e+02 3.793544934599482913e-04 3.360295291157120779e-04
7.047524015000000190e+02 4.170720385747913586e-04 3.440340637191002067e-04
7.047527139999999690e+02 3.721289023949175779e-04 3.518059378696069650e-04
7.047530265000000327e+02 3.444367437252101542e-04 3.593500030006683784e-04
7.047533389999999827e+02 3.794116678681777165e-04 3.666715564822818586e-04
7.047536515000000463e+02 4.056352123701771097e-04 3.737762411604546504e-04
7.047539639999999963e+02 3.940151527587728089e-04 3.806699579637005362e-04
7.047542764999999463e+02 4.271234815023017446e-04 3.873587903925294483e-04
7.047545890000000099e+02 3.626452587371482243e-04 3.938489396142214722e-04
7.047549014999999599e+02 5.018129095275085643e-04 4.001466690486105539e-04
7.047552140000000236e+02 4.067287956848545652e-04 4.062582574032001532e-04
7.047555264999999736e+02 4.757960419180417471e-04 4.121899591193985200e-04
7.047558390000000372e+02 4.264000349004827420e-04 4.179479714044411539e-04
7.047561514999999872e+02 5.161278758325808444e-04 4.235384069644219018e-04
7.047564639999999372e+02 4.588905009390773751e-04 4.289672717721133193e-04
7.047567765000000009e+02 4.861914721892446486e-04 4.342404471583466625e-04
7.047570889999999508e+02 4.493768668648050104e-04 4.393636756624577470e-04
7.047574015000000145e+02 4.696745359565984951e-04 4.443425501381410110e-04
7.047577139999999645e+02 4.196207415653432546e-04 4.491825056064491337e-04
7.047580265000000281e+02 4.744648893347706104e-04 4.538888135070129489e-04
7.047583389999999781e+02 4.875531416736570171e-04 4.584665779323817856e-04
7.047586515000000418e+02 4.711350557925476326e-04 4.629207335892823847e-04
7.047589639999999918e+02 4.628104426557734952e-04 4.672560451591657813e-04
7.047592764999999417e+02 5.035699811882221859e-04 4.714771078725412887e-04
7.047595890000000054e+02 5.055003433229874254e-04 4.755883490499555931e-04
7.047599014999999554e+02 4.540818587939148389e-04 4.795940304488558554e-04
7.047602140000000190e+02 4.349458836661443308e-04 4.834982512767966906e-04
7.047605264999999690e+02 4.640194104915496367e-04 4.873049517023799707e-04
7.047608390000000327e+02 5.082439378234967229e-04 4.910179167960276089e-04
7.047611514999999827e+02 4.777922994259976635e-04 4.946407807586575625e-04
7.047614640000000463e+02 4.867622354872378496e-04 4.981770314006172791e-04
7.047617764999999963e+02 5.021263576353103466e-04 5.016300147581674324e-04
7.047620889999999463e+02 4.672711329350682325e-04 5.050029398299825563e-04
7.047624015000000099e+02 5.384271058410991908e-04 5.082988833518818942e-04
7.047627139999999599e+02 4.818112742134725789e-04 5.115207945824813088e-04
7.047630265000000236e+02 5.013976868903937366e-04 5.146715000771858979e-04
7.047633389999999736e+02 5.121086513937124583e-04 5.177537083932353757e-04
7.047636515000000372e+02 5.039651960201437918e-04 5.207700147394989446e-04
7.047639639999999872e+02 5.409576892143751377e-04 5.237229055162025051e-04
7.047642764999999372e+02 5.858561707231969146e-04 5.266147627651585538e-04
7.047645890000000009e+02 5.398197241057687027e-04 5.294478684915994394e-04
7.047649014999999508e+02 6.035063848469819376e-04 5.322244088608517288e-04
7.047652140000000145e+02 5.408494962359344359e-04 5.349464782736401041e-04
7.047655264999999645e+02 5.931622171497301062e-04 5.376160832906203696e-04
7.047658390000000281e+02 5.489075574559022482e-04 5.402351464350339328e-04
7.047661514999999781e+02 5.208632958444502732e-04 5.428055098407966877e-04
7.047664640000000418e+02 5.140921378322119628e-04 5.453289387772621791e-04
7.047667764999999918e+02 5.516785383658169865e-04 5.478071250212398699e-04
7.047670889999999417e+02 5.392078146700747705e-04 5.502416901071731543e-04
7.047674015000000054e+02 5.728801175942337251e-04 5.526341884346889491e-04
7.047677139999999554e+02 5.270056295819190283e-04 5.549861102460430231e-04
7.047680265000000190e+02 5.508121955472109355e-04 5.572988844850956412e-04
7.047683389999999690e+02 5.865159513247246350e-04 5.595738815199328454e-04
7.047686515000000327e+02 5.758411756738146927e-04 5.618124157594392128e-04
7.047689639999999827e+02 5.176676940721890207e-04 5.640157481408589017e-04
7.047692765000000463e+02 5.829049093786418077e-04 5.661850885189025767e-04
7.047695889999999963e+02 5.642763485091819653e-04 5.683215979344417553e-04
7.047699014999999463e+02 5.437505054269232583e-04 5.704263907918098991e-04
7.047702140000000099e+02 5.288690192064585344e-04 5.725005369288659355e-04
7.047705264999999599e+02 5.454447015026032573e-04 5.745450635920532631e-04
7.047708390000000236e+02 5.404256983585102115e-04 5.765609573276994767e-04
7.047711514999999736e+02 6.041974857767898896e-04 5.785491657747820647e-04
7.047714640000000372e+02 5.430626139142241161e-04 5.805105993859963585e-04
7.047717764999999872e+02 5.737872814016009961e-04 5.824461330573429485e-04
7.047720889999999372e+02 5.890113429111370558e-04 5.843566076922883769e-04
7.047724015000000009e+02 5.623733807421858440e-04 5.862428316859542117e-04
7.047727139999999508e+02 5.865052551027105177e-04 5.881055823400475023e-04
7.047730265000000145e+02 5.649381154875063489e-04 5.899456072183890997e-04
7.047733389999999645e+02 6.126494844158506892e-04 5.917636254291316943e-04
7.047736515000000281e+02 5.909387799060894161e-04 5.935603288576248634e-04
7.047739639999999781e+02 6.125580589451248489e-04 5.953363833313494308e-04
7.047742765000000418e+02 5.288625098379068704e-04 5.970924297408241113e-04
