7.169489680000000362e+02 2.103784061700413640e-04 2.019649677128727860e-04
7.169492804999999862e+02 1.991362991177965977e-04 2.018771880359808478e-04
7.169495930000000499e+02 2.143720341968825490e-04 2.017811451963054164e-04
7.169499054999999998e+02 2.038050164492887536e-04 2.016765276790764307e-04
7.169502180000000635e+02 2.035665926212449055e-04 2.015630096698796240e-04
7.169505305000000135e+02 2.053281612331297763e-04 2.014402502916954598e-04
7.169508430000000772e+02 1.983379913449793410e-04 2.013078927957197479e-04
7.169511555000000271e+02 2.090592729280409991e-04 2.011655637043653069e-04
7.169514680000000908e+02 2.143052385218652657e-04 2.010128719018941144e-04
7.169517805000000408e+02 1.979240077742372113e-04 2.008494076709078696e-04
7.169520929999999908e+02 2.075145344621151685e-04 2.006747416695683678e-04
7.169524055000000544e+02 1.989950396524733771e-04 2.004884238471144921e-04
7.169527180000000044e+02 2.204108204387996740e-04 2.002899822932275318e-04
7.169530305000000681e+02 1.733349898831711231e-04 2.000789220162233709e-04
7.169533430000000180e+02 2.027340400134571886e-04 1.998547236473407140e-04
7.169536555000000817e+02 2.208714810592242819e-04 1.996168420640966274e-04
7.169539680000000317e+02 2.020347557030005808e-04 1.993647049301174230e-04
7.169542804999999817e+02 1.958924489509284090e-04 1.990977111435865584e-04
7.169545930000000453e+02 1.898511861344728477e-04 1.988152291907422037e-04
7.169549054999999953e+02 2.083192694649163047e-04 1.985165953977479042e-04
7.169552180000000590e+02 1.838396156048742458e-04 1.982011120735183889e-04
7.169555305000000089e+02 1.703491177654253732e-04 1.978680455396114395e-04
7.169558430000000726e+02 1.935590391649754023e-04 1.975166240369298346e-04
7.169561555000000226e+02 1.932611612302711232e-04 1.971460355057577706e-04
7.169564680000000862e+02 1.937039413748434594e-04 1.967554252278168889e-04
7.169567805000000362e+02 1.983472849144312441e-04 1.963438933267630678e-04
7.169570929999999862e+02 2.112873374982407785e-04 1.959104921150688961e-04
7.169574055000000499e+02 2.077255652312794999e-04 1.954542232826608501e-04
7.169577179999999998e+02 1.984767987262578783e-04 1.949740349179307367e-04
7.169580305000000635e+02 2.136927389536901487e-04 1.944688183510921275e-04
7.169583430000000135e+02 1.674178498292941213e-04 1.939374048161059128e-04
7.169586555000000772e+02 1.863300422169858342e-04 1.933785619178743365e-04
7.169589680000000271e+02 1.723972177800513943e-04 1.927909899031517204e-04
7.169592805000000908e+02 1.759141202914821754e-04 1.921733177221413935e-04
7.169595930000000408e+02 2.033394478339769595e-04 1.915240988813402001e-04
7.169599054999999908e+02 1.805663779024943506e-04 1.908418070762708568e-04
7.169602180000000544e+02 1.744105229677906873e-04 1.901248316063536964e-04
7.169605305000000044e+02 2.023135585709762282e-04 1.893714725688635441e-04
7.169608430000000681e+02 1.760965488692905285e-04 1.885799358305979899e-04
7.169611555000000180e+02 1.830848457933181655e-04 1.877483277888923889e-04
7.169614680000000817e+02 1.760196894264003781e-04 1.868746499224936035e-04
7.169617805000000317e+02 1.617617129915663527e-04 1.859567931557938440e-04
7.169620929999999817e+02 2.060653915926623897e-04 1.849925320477588842e-04
7.169624055000000453e+02 2.030796646558848530e-04 1.839795188417555781e-04
7.169627179999999953e+02 1.970997759227232130e-04 1.829152774116226375e-04
7.169630305000000590e+02 1.644727383891464369e-04 1.817971971495989814e-04
7.169633430000000089e+02 1.679837045360786955e-04 1.806225268694138669e-04
7.169636555000000726e+02 1.982934341594464519e-04 1.793883687931197111e-04
7.169639680000000226e+02 2.014511362323125737e-04 1.780916727356478008e-04
7.169642805000000862e+02 1.922702486039426625e-04 1.767292305985360969e-04
7.169645930000000362e+02 1.779088684111456244e-04 1.752976713412044828e-04
7.169649054999999862e+02 1.623952286269620272e-04 1.737934566033809674e-04
7.169652180000000499e+02 1.838298733825930722e-04 1.722128772192152467e-04
7.169655304999999998e+02 1.767374873921635466e-04 1.705520508948919821e-04
7.169658430000000635e+02 1.689829723436236161e-04 1.688069213751537949e-04
7.169661555000000135e+02 1.728622335873224170e-04 1.669732595104256561e-04
7.169664680000000772e+02 1.559646709553556192e-04 1.650466666778721873e-04
7.169667805000000271e+02 1.466758230228516671e-04 1.630225811358979471e-04
7.169670930000000908e+02 1.500147614553915692e-04 1.608962879494573275e-04
7.169674055000000408e+02 1.582979163699871404e-04 1.586629332806115177e-04
7.169677179999999908e+02 1.491558444883690087e-04 1.563175439210246224e-04
7.169680305000000544e+02 1.244758401715869009e-04 1.538550531264208480e-04
7.169683430000000044e+02 1.461689491901238124e-04 1.512703339434527856e-04
7.169686555000000681e+02 1.560224200586166250e-04 1.485582413843462098e-04
7.169689680000000180e+02 1.450092544594983198e-04 1.457136650153053074e-04
7.169692805000000817e+02 1.432469852961565707e-04 1.427315936538059904e-04
7.169695930000000317e+02 1.387047634723767825e-04 1.396071941089315990e-04
7.169699054999999817e+02 1.182310625193261014e-04 1.363359059984625742e-04
7.169702180000000453e+02 1.244688701209367568e-04 1.329135548669875815e-04
7.169705304999999953e+02 1.313299996336315023e-04 1.293364858737446900e-04
7.169708430000000590e+02 1.212728016522514714e-04 1.256017203145591446e-04
7.169711555000000089e+02 1.115425157355104472e-04 1.217071371718547723e-04
7.169714680000000726e+02 1.244710408600528846e-04 1.176516815369616886e-04
7.169717805000000226e+02 1.130119372961693958e-04 1.134356013414432210e-04
7.169720930000000862e+02 1.143223418404411881e-04 1.090607129771341760e-04
7.169724055000000362e+02 1.068272042586649397e-04 1.045306953635622397e-04
7.169727179999999862e+02 9.614948138068843419e-05 9.985141039660415472e-05
7.169730305000000499e+02 1.044118853352829772e-04 9.503124578440226274e-05
7.169733429999999998e+02 1.027864685685960346e-04 9.008147367350907383e-05
7.169736555000000635e+02 8.262137539896830657e-05 8.501661535622445903e-05
7.169739680000000135e+02 7.472279652898858044e-05 7.985479877506713856e-05
7.169742805000000772e+02 8.563927282958449735e-05 7.461809137058507142e-05
7.169745930000000271e+02 6.948733160041149781e-05 6.933278663272116667e-05
7.169749055000000908e+02 8.278284493887350082e-05 6.402961838822222710e-05
7.169752180000000408e+02 5.748267583713212415e-05 5.874387332391278304e-05
7.169755304999999908e+02 5.594173750644301302e-05 5.351536963570287659e-05
7.169758430000000544e+02 4.717500419724029445e-05 4.838826920156683877e-05
7.169761555000000044e+02 3.690925431157929086e-05 4.341069268844985904e-05
7.169764680000000681e+02 3.974298019494230933e-05 3.863411251005563718e-05
7.169767805000000180e+02 4.145939998649430852e-05 3.411250810728035923e-05
7.169770930000000817e+02 2.619772309037500142e-05 2.990128159538915124e-05
7.169774055000000317e+02 2.578774020827033796e-05 2.605594944034859010e-05
7.169777179999999817e+02 1.768335900904383377e-05 2.263064602540915100e-05
7.169780305000000453e+02 2.619623501154270847e-05 1.967649638337249174e-05
7.169783429999999953e+02 1.764220383079109062e-05 1.723993522107538897e-05
7.169786555000000590e+02 1.321929055884373085e-05 1.536106505142230833e-05
7.169789680000000089e+02 1.582468518097236365e-05 1.407215493604180333e-05
7.169792805000000726e+02 1.146196752640389480e-05 1.339638070922254306e-05
7.169795930000000226e+02 1.836758061784960497e-05 1.334689664911333987e-05
7.169799055000000862e+02 1.015444819836183157e-05 1.392630754206010843e-05
7.169802180000000362e+02 9.903098200768949564e-06 1.512658101924783762e-05
7.169805304999999862e+02 1.353199401337805408e-05 1.692940613578971929e-05
7.169808430000000499e+02 1.595416122832826511e-05 1.930696958721875883e-05
7.169811554999999998e+02 2.865657367267445294e-05 2.222308995466303248e-05
7.169814680000000635e+02 2.628673870675463927e-05 2.563462656742067773e-05
7.169817805000000135e+02 2.662625364014880325e-05 2.949306526296669936e-05
7.169820930000000772e+02 4.229690439291152235e-05 3.374617948164236960e-05
7.169824055000000271e+02 3.531280312145881900e-05 3.833967081940151226e-05
7.169827180000000908e+02 4.856678508735477506e-05 4.321870674167837585e-05
7.169830305000000408e+02 4.761087597699924332e-05 4.832929165855777621e-05
7.169833429999999908e+02 4.537340865476287538e-05 5.361942851828735147e-05
7.169836555000000544e+02 5.316348938092565471e-05 5.904004855183958176e-05
7.169839680000000044e+02 5.993196742030888643e-05 6.454570517089398070e-05
7.169842805000000681e+02 5.696831051147234986e-05 7.009504282867509424e-05
7.169845930000000180e+02 7.436052477982576820e-05 7.565106232821328070e-05
7.169849055000000817e+02 8.770442172804839703e-05 8.118121090383777726e-05
7.169852180000000317e+02 9.284748849394996236e-05 8.665732843982021578e-05
7.169855304999999817e+02 9.744205482636505284e-05 9.205548160241693479e-05
7.169858430000000453e+02 8.812645808071705171e-05 9.735571572405590096e-05
7.169861554999999953e+02 1.229717297568475194e-04 1.025417511515222822e-04
7.169864680000000590e+02 1.033498077231247836e-04 1.076006468309982411e-04
7.169867805000000089e+02 1.137317183511137676e-04 1.125224496613737871e-04
7.169870930000000726e+02 1.064851908861432444e-04 1.172998441993325532e-04
7.169874055000000226e+02 1.118585364137492197e-04 1.219278134841871979e-04
7.169877180000000862e+02 1.214576423913612011e-04 1.264033186521597285e-04
7.169880305000000362e+02 1.276255189321339704e-04 1.307250022166016237e-04
7.169883429999999862e+02 1.328404872512504509e-04 1.348929178463204406e-04
7.169886555000000499e+02 1.269192372208576176e-04 1.389082877152229627e-04
7.169889679999999998e+02 1.472714950529760501e-04 1.427732873182052350e-04
7.169892805000000635e+02 1.256122780351873647e-04 1.464908567658657881e-04
7.169895930000000135e+02 1.464475021583052966e-04 1.500645369363221102e-04
7.169899055000000772e+02 1.769328965295616414e-04 1.534983285859754993e-04
7.169902180000000271e+02 1.539794049848650852e-04 1.567965722542730828e-04
7.169905305000000908e+02 1.532626424155982946e-04 1.599638468315900668e-04
7.169908430000000408e+02 1.779383645675592361e-04 1.630048846182781928e-04
7.169911554999999908e+02 1.768684014307649055e-04 1.659245008824699328e-04
7.169914680000000544e+02 1.686884255978493433e-04 1.687275359977868439e-04
7.169917805000000044e+02 1.704788636485538261e-04 1.714188084460878565e-04
7.169920930000000681e+02 2.061106532583307474e-04 1.740030771370846370e-04
7.169924055000000180e+02 2.062189075196233434e-04 1.764850116326010664e-04
7.169927180000000817e+02 1.735962196773682383e-04 1.788691690817238668e-04
7.169930305000000317e+02 1.947878051265094926e-04 1.811599767659912417e-04
7.169933429999999817e+02 1.844573178457265038e-04 1.833617193529896324e-04
7.169936555000000453e+02 1.920092105656012889e-04 1.854785300339075946e-04
7.169939679999999953e+02 1.719913230440693597e-04 1.875143848665414758e-04
7.169942805000000590e+02 1.755402100136110649e-04 1.894730997437214272e-04
7.169945930000000089e+02 1.844399526217521256e-04 1.913583294702254412e-04
7.169949055000000726e+02 2.154220336624325675e-04 1.931735685501948950e-04
7.169952180000000226e+02 2.109411468098518986e-04 1.949221533083193424e-04
7.169955305000000862e+02 1.797066669115568124e-04 1.966072650705718119e-04
7.169958430000000362e+02 1.942150587504593007e-04 1.982319341365899054e-04
7.169961554999999862e+02 2.087703729374849524e-04 1.997990443589994542e-04
7.169964680000000499e+02 2.054402911679847812e-04 2.013113381453109573e-04
7.169967804999999998e+02 2.081143357077138724e-04 2.027714217507888342e-04
7.169970930000000635e+02 2.002433468719209302e-04 2.041817707546661205e-04
7.169974055000000135e+02 2.129639230855516951e-04 2.055447356152385050e-04
7.169977180000000772e+02 2.218238766598262281e-04 2.068625472472846371e-04
7.169980305000000271e+02 1.939581428745575510e-04 2.081373225474954973e-04
7.169983430000000908e+02 2.032478754496232904e-04 2.093710698384872052e-04
7.169986555000000408e+02 2.200128062742358597e-04 2.105656941811396145e-04
7.169989679999999908e+02 2.047476022833315755e-04 2.117230025434125890e-04
7.169992805000000544e+02 2.225039687324799288e-04 2.128447087949378194e-04
7.169995930000000044e+02 2.053088363053772380e-04 2.139324385187840131e-04
7.169999055000000681e+02 2.064187520639378603e-04 2.149877336354107018e-04
7.170002180000000180e+02 2.104312223452091846e-04 2.160120568239045410e-04
7.170005305000000817e+02 2.083361942356361121e-04 2.170067957508622057e-04
7.170008430000000317e+02 2.287391239603141745e-04 2.179732670951716042e-04
7.170011554999999817e+02 2.435382365221417820e-04 2.189127203827484697e-04
7.170014680000000453e+02 2.009489822769368740e-04 2.198263416259245494e-04
7.170017804999999953e+02 2.437370181263420624e-04 2.207152567764027293e-04
7.170020930000000590e+02 2.314636983579119751e-04 2.215805350007365592e-04
7.170024055000000089e+02 1.956320794368548532e-04 2.224231917766512218e-04
7.170027180000000726e+02 2.289325766272963091e-04 2.232441918270707676e-04
7.170030305000000226e+02 2.224466398911025119e-04 2.240444518888728227e-04
7.170033430000000862e+02 2.211370554930090532e-04 2.248248433334070558e-04
7.170036555000000362e+02 2.023542743022942246e-04 2.255861946364430895e-04
7.170039679999999862e+02 2.250574975448389032e-04 2.263292937137732135e-04
7.170042805000000499e+02 2.257062804175086006e-04 2.270548901222874539e-04
7.170045929999999998e+02 2.542369901801327893e-04 2.277636971363987872e-04
7.170049055000000635e+02 2.005062518877817450e-04 2.284563937089539572e-04
7.170052180000000135e+02 2.105130933975080793e-04 2.291336263165684223e-04
7.170055305000000772e+02 1.975905798468469534e-04 2.297960107035435407e-04
7.170058430000000271e+02 2.398400223785977347e-04 2.304441335222132288e-04
7.170061555000000908e+02 2.492963689469602021e-04 2.310785538832628623e-04
7.170064680000000408e+02 2.320090771296620398e-04 2.316998048136875417e-04
7.170067804999999908e+02 2.307604739382076824e-04 2.323083946348373672e-04
7.170070930000000544e+02 2.470264890398878662e-04 2.329048082595483254e-04
7.170074055000000044e+02 2.662905238018989634e-04 2.334895084153794311e-04
7.170077180000000681e+02 2.355647796818812964e-04 2.340629368003613201e-04
7.170080305000000180e+02 2.370589873104220907e-04 2.346255151700129291e-04
7.170083430000000817e+02 2.435003379417243646e-04 2.351776463660863747e-04
7.170086555000000317e+02 2.431193550175508400e-04 2.357197152840129933e-04
7.170089679999999817e+02 2.565483054168550526e-04 2.362520897888546018e-04
7.170092805000000453e+02 2.043328147205714649e-04 2.367751215779123110e-04
7.170095929999999953e+02 2.257398899629215014e-04 2.372891469951386473e-04
7.170099055000000590e+02 2.239740632259600516e-04 2.377944878020353580e-04
7.170102180000000089e+02 2.335498775527342248e-04 2.382914519030316638e-04
7.170105305000000726e+02 2.466248932027445984e-04 2.387803340336635909e-04
7.170108430000000226e+02 2.296347542498926222e-04 2.392614164080462263e-04
7.170111555000000862e+02 2.373743358847616488e-04 2.397349693336610734e-04
