7.047389590000000226e+02 4.089411934005320937e-04 3.743437229623739577e-04
7.047392714999999725e+02 3.240097113989385581e-04 3.742627242146040196e-04
7.047395840000000362e+02 3.810998843535852942e-04 3.741508751143802266e-04
7.047398964999999862e+02 3.661344029116607966e-04 3.740070223820836934e-04
7.047402090000000499e+02 3.825688488398070516e-04 3.738299620727196688e-04
7.047405214999999998e+02 4.239789000287515989e-04 3.736184371193220074e-04
7.047408340000000635e+02 3.727244309795938685e-04 3.733711347543980158e-04
7.047411465000000135e+02 3.645500727285367866e-04 3.730866838065425976e-04
7.047414590000000771e+02 3.838184347133816285e-04 3.727636518648204996e-04
7.047417715000000271e+02 3.743291677889438855e-04 3.724005423089515421e-04
7.047420839999999771e+02 3.630450040302643944e-04 3.719957911974001497e-04
7.047423965000000408e+02 3.959851807756142698e-04 3.715477640115301601e-04
7.047427089999999907e+02 3.349879603269287874e-04 3.710547522507823379e-04
7.047430215000000544e+02 3.616631509960194766e-04 3.705149698730061903e-04
7.047433340000000044e+02 4.217241607333784871e-04 3.699265495809578048e-04
7.047436465000000680e+02 3.421527805563559055e-04 3.692875389466337304e-04
7.047439590000000180e+02 4.101305281795029336e-04 3.685958963778645570e-04
7.047442714999999680e+02 3.295559124597239741e-04 3.678494869197179869e-04
7.047445840000000317e+02 3.554515619194983543e-04 3.670460778965811623e-04
7.047448964999999816e+02 3.793839131753892649e-04 3.661833343949942392e-04
7.047452090000000453e+02 3.460184888697129604e-04 3.652588145875413327e-04
7.047455214999999953e+02 3.802532192227965385e-04 3.642699649114142430e-04
7.047458340000000589e+02 3.545221167149137397e-04 3.632141151003779548e-04
7.047461465000000089e+02 3.515983309819541961e-04 3.620884730926012202e-04
7.047464590000000726e+02 3.654280727388610484e-04 3.608901198181757759e-04
7.047467715000000226e+02 3.910007058901105955e-04 3.596160038983561326e-04
7.047470839999999725e+02 3.450815966268179491e-04 3.582629362687123325e-04
7.047473965000000362e+02 3.454868426497070019e-04 3.568275847674308118e-04
7.047477089999999862e+02 3.374104129173921833e-04 3.553064687229047307e-04
7.047480215000000499e+02 3.476962642034361331e-04 3.536959535805928598e-04
7.047483339999999998e+02 3.676307747387935472e-04 3.519922456381216328e-04
7.047486465000000635e+02 3.151032234881236322e-04 3.501913869376611877e-04
7.047489590000000135e+02 3.442444058813039958e-04 3.482892504133457655e-04
7.047492715000000771e+02 3.416488542225340225e-04 3.462815353674314174e-04
7.047495840000000271e+02 3.407007402994859254e-04 3.441637634065398922e-04
7.047498964999999771e+02 3.490887419277877634e-04 3.419312749462096964e-04
7.047502090000000408e+02 3.821905919850503608e-04 3.395792264529025545e-04
7.047505214999999907e+02 3.021340969188356053e-04 3.371025885938455776e-04
7.047508340000000544e+02 2.727372328355826838e-04 3.344961454902451673e-04
7.047511465000000044e+02 3.504395503596432451e-04 3.317544953334913144e-04
7.047514590000000680e+02 3.188773549046095696e-04 3.288720526100921368e-04
7.047517715000000180e+02 3.143913541901419161e-04 3.258430522805575184e-04
7.047520839999999680e+02 3.558661907439222686e-04 3.226615562420771582e-04
7.047523965000000317e+02 3.654319498945865908e-04 3.193214625119126810e-04
7.047527089999999816e+02 3.568982682271933560e-04 3.158165175903916754e-04
7.047530215000000453e+02 2.985676610583632849e-04 3.121403325199066051e-04
7.047533339999999953e+02 3.057269558869045488e-04 3.082864032687992225e-04
7.047536465000000589e+02 2.345401718588795723e-04 3.042481360706840898e-04
7.047539590000000089e+02 2.732311065626338528e-04 3.000188785101686774e-04
7.047542715000000726e+02 2.881237609079861884e-04 2.955919571399481327e-04
7.047545840000000226e+02 3.400415020131719915e-04 2.909607225907897676e-04
7.047548964999999725e+02 2.829728252578435485e-04 2.861186031266917920e-04
7.047552090000000362e+02 3.042124076924022382e-04 2.810591677674502756e-04
7.047555214999999862e+02 2.780201959694635007e-04 2.757762001256361525e-04
7.047558340000000499e+02 2.656766209825602498e-04 2.702637841665125646e-04
7.047561464999999998e+02 2.270377182321958872e-04 2.645164032184384693e-04
7.047564590000000635e+02 2.327548892996138762e-04 2.585290534810243145e-04
7.047567715000000135e+02 2.254338119744413865e-04 2.522973733957276001e-04
7.047570840000000771e+02 2.291571114972668381e-04 2.458177900602337147e-04
7.047573965000000271e+02 2.117706771708788738e-04 2.390876838931898780e-04
7.047577089999999771e+02 2.472514445144576131e-04 2.321055724291129279e-04
7.047580215000000408e+02 2.098840307477229696e-04 2.248713139697009551e-04
7.047583339999999907e+02 1.905712045994741109e-04 2.173863313438625803e-04
7.047586465000000544e+02 2.106254511282962152e-04 2.096538554901361355e-04
7.047589590000000044e+02 2.159584304418800914e-04 2.016791879816603940e-04
7.047592715000000680e+02 1.995744148830044134e-04 1.934699805931330201e-04
7.047595840000000180e+02 1.638084371544275535e-04 1.850365291183820790e-04
7.047598964999999680e+02 1.792755674922839393e-04 1.763920771937595915e-04
7.047602090000000317e+02 1.801523150349435996e-04 1.675531245613012419e-04
7.047605214999999816e+02 1.758309583740781516e-04 1.585397324226909860e-04
7.047608340000000453e+02 1.195470072952125695e-04 1.493758166811425382e-04
7.047611464999999953e+02 1.449952500881720985e-04 1.400894180263171816e-04
7.047614590000000589e+02 1.162827755045395684e-04 1.307129356532128175e-04
7.047617715000000089e+02 1.487532875885570305e-04 1.212833097299710112e-04
7.047620840000000726e+02 1.043619112393263313e-04 1.118421358851119776e-04
7.047623965000000226e+02 1.002543441488185257e-04 1.024356940173101646e-04
7.047627089999999725e+02 1.002923192064903091e-04 9.311487300051080626e-05
7.047630215000000362e+02 8.597171821700608512e-05 8.393497344229821765e-05
7.047633339999999862e+02 8.041560603872272722e-05 7.495537207375202004e-05
7.047636465000000499e+02 7.059676928958002237e-05 6.623903425269127363e-05
7.047639589999999998e+02 6.407119571468922333e-05 5.785186558913801684e-05
7.047642715000000635e+02 5.365117948470720586e-05 4.986189949547534624e-05
7.047645840000000135e+02 4.677950550554268544e-05 4.233832512352845516e-05
7.047648965000000771e+02 3.737529767807682980e-05 3.535036864453235231e-05
7.047652090000000271e+02 5.822292453246166852e-05 2.896605050845176756e-05
7.047655214999999771e+02 2.496799768458617404e-05 2.325085081746683651e-05
7.047658340000000408e+02 2.358411819023561681e-05 1.826632419367448716e-05
7.047661464999999907e+02 3.122413231973368618e-05 1.406871307422955977e-05
7.047664590000000544e+02 2.674043268550826350e-05 1.070761373207674376e-05
7.047667715000000044e+02 1.896621534326917104e-05 8.224751648801464641e-06
7.047670840000000680e+02 1.904434257070262567e-05 6.652921435135764357e-06
7.047673965000000180e+02 1.279921660490953962e-05 6.015141373934929833e-06
7.047677089999999680e+02 1.768194091375809674e-05 6.324063663553674254e-06
7.047680215000000317e+02 8.615349482056600485e-06 7.581669368206280082e-06
7.047683339999999816e+02 4.120409810689395226e-06 9.779262627399573150e-06
7.047686465000000453e+02 1.672460492734682919e-05 1.289776314140796369e-05
7.047689589999999953e+02 1.574405013013368033e-05 1.690828050403907868e-05
7.047692715000000589e+02 2.042967011635250446e-05 2.177293999599792750e-05
7.047695840000000089e+02 9.710538414413781778e-06 2.744591789628654849e-05
7.047698965000000726e+02 9.889701793844061120e-06 3.387463626171525853e-05
7.047702090000000226e+02 3.261266964181658528e-05 4.100106256325095571e-05
7.047705214999999725e+02 3.557118772432171241e-05 4.876305899520114694e-05
7.047708340000000362e+02 5.104022801458327435e-05 5.709572891325988465e-05
7.047711464999999862e+02 6.362372433188935984e-05 6.593271353427412440e-05
7.047714590000000499e+02 5.932443246995839389e-05 7.520739972771082462e-05
7.047717714999999998e+02 7.999889720678625762e-05 8.485400852053735495e-05
7.047720840000000635e+02 8.347619791902364346e-05 9.480854343574128984e-05
7.047723965000000135e+02 1.160627340879219206e-04 1.050095866015120721e-04
7.047727090000000771e+02 8.026470056241502083e-05 1.153989389622392414e-04
7.047730215000000271e+02 1.159831004478819769e-04 1.259221076454362302e-04
7.047733339999999771e+02 1.489673906742138303e-04 1.365286492900087668e-04
7.047736465000000408e+02 1.350221301699129574e-04 1.471723819762446540e-04
7.047739589999999907e+02 1.466741880652207167e-04 1.578114811613534607e-04
7.047742715000000544e+02 1.945031837027842985e-04 1.684084764049693927e-04
7.047745840000000044e+02 1.724090179613901831e-04 1.789301658602675195e-04
7.047748965000000680e+02 1.953130861233758379e-04 1.893474652247008870e-04
7.047752090000000180e+02 1.801145347999465055e-04 1.996352064998402126e-04
7.047755214999999680e+02 2.195821744007550537e-04 2.097719006490294310e-04
7.047758340000000317e+02 2.065095858132866714e-04 2.197394762989517949e-04
7.047761464999999816e+02 2.447804927475532612e-04 2.295230049521022637e-04
7.047764590000000453e+02 2.052402293197325893e-04 2.391104213818215590e-04
7.047767714999999953e+02 2.605606642137843010e-04 2.484922460658313447e-04
7.047770840000000589e+02 2.595532425056002227e-04 2.576613151722474161e-04
7.047773965000000089e+02 2.482467990429549926e-04 2.666125220270378635e-04
7.047777090000000726e+02 2.588437449743619589e-04 2.753425730381784124e-04
7.047780215000000226e+02 3.088024054718688108e-04 2.838497598491575248e-04
7.047783339999999725e+02 2.631744549572520185e-04 2.921337488930661887e-04
7.047786465000000362e+02 3.453785093945920719e-04 3.001953886890760506e-04
7.047789589999999862e+02 2.742229710258868862e-04 3.080365348335996930e-04
7.047792715000000499e+02 2.955531172771867082e-04 3.156598922516437524e-04
7.047795839999999998e+02 3.462479615094298489e-04 3.230688738988295259e-04
7.047798965000000635e+02 3.077778642213596953e-04 3.302674750752113489e-04
7.047802090000000135e+02 3.133725707799265453e-04 3.372601622155586192e-04
7.047805215000000771e+02 3.691052753592771523e-04 3.440517751317496964e-04
7.047808340000000271e+02 3.093448680122457646e-04 3.506474414916286751e-04
7.047811464999999771e+02 3.682499446750211146e-04 3.570525024928938754e-04
7.047814590000000408e+02 4.036476276658948785e-04 3.632724485832564652e-04
7.047817714999999907e+02 3.679924805130257276e-04 3.693128642190024631e-04
7.047820840000000544e+02 4.044744875430263944e-04 3.751793807108200272e-04
7.047823965000000044e+02 3.375465893859979434e-04 3.808776361981006087e-04
7.047827090000000680e+02 4.275256516703736394e-04 3.864132419879470434e-04
7.047830215000000180e+02 4.151205407451358936e-04 3.917917544308910263e-04
7.047833339999999680e+02 3.952391878244334981e-04 3.970186517087798909e-04
7.047836465000000317e+02 4.042094842073901042e-04 4.020993148621786477e-04
7.047839589999999816e+02 4.293591026102073658e-04 4.070390125216293942e-04
7.047842715000000453e+02 4.581620640633781599e-04 4.118428888625417215e-04
7.047845839999999953e+02 3.911449117041503878e-04 4.165159542963928359e-04
7.047848965000000589e+02 4.983729915017890560e-04 4.210630785625011805e-04
7.047852090000000089e+02 4.559534712542511067e-04 4.254889858192265062e-04
7.047855215000000726e+02 4.462126573971092187e-04 4.297982514856066522e-04
7.047858340000000226e+02 4.547891191825090620e-04 4.339953005145408315e-04
7.047861464999999725e+02 4.793748754476773177e-04 4.380844069153181611e-04
7.047864590000000362e+02 4.868813899925844395e-04 4.420696942832162712e-04
7.047867714999999862e+02 4.540716055071763102e-04 4.459551371771117872e-04
7.047870840000000499e+02 4.687720298713282338e-04 4.497445632064506291e-04
7.047873964999999998e+02 4.664001404992855525e-04 4.534416556606008018e-04
7.047877090000000635e+02 4.563033580166048859e-04 4.570499566112286608e-04
7.047880215000000135e+02 5.358872409659348962e-04 4.605728703465349354e-04
7.047883340000000771e+02 4.667152745996849296e-04 4.640136670974768585e-04
7.047886465000000271e+02 4.548537898656566220e-04 4.673754869432760286e-04
7.047889589999999771e+02 4.285936369410602866e-04 4.706613438761277535e-04
7.047892715000000408e+02 4.996059475383477768e-04 4.738741299426661073e-04
7.047895839999999907e+02 4.742908824698304328e-04 4.770166194328549184e-04
7.047898965000000544e+02 4.671769367981653273e-04 4.800914730917639874e-04
7.047902090000000044e+02 4.805386676080345820e-04 4.831012422959723432e-04
7.047905215000000680e+02 5.050517521294521032e-04 4.860483732056947474e-04
7.047908340000000180e+02 4.855768398012909955e-04 4.889352108370287374e-04
7.047911464999999680e+02 4.938299197439511299e-04 4.917640030724282742e-04
7.047914590000000317e+02 4.791926160393896687e-04 4.945369045695656917e-04
7.047917714999999816e+02 5.018107842607454246e-04 4.972559805700122815e-04
7.047920840000000453e+02 5.122013312769114991e-04 4.999232106098622230e-04
7.047923964999999953e+02 4.669074553558840964e-04 5.025404921020260084e-04
7.047927090000000589e+02 4.759856343900129103e-04 5.051096438171047767e-04
7.047930215000000089e+02 5.099992020535396107e-04 5.076324092295269414e-04
7.047933340000000726e+02 5.281899392400424926e-04 5.101104597583787544e-04
7.047936465000000226e+02 5.350025960116402404e-04 5.125453978729521340e-04
7.047939589999999725e+02 4.413939185792294388e-04 5.149387600923047929e-04
7.047942715000000362e+02 5.444894551253675122e-04 5.172920198574633638e-04
7.047945839999999862e+02 5.034302557102310078e-04 5.196065902876583105e-04
7.047948965000000499e+02 4.985641621044451617e-04 5.218838268312130926e-04
7.047952089999999998e+02 5.355009394297758924e-04 5.241250297927068898e-04
7.047955215000000635e+02 5.287573442035045992e-04 5.263314467655173757e-04
7.047958340000000135e+02 5.627006410248444959e-04 5.285042749464547709e-04
7.047961465000000771e+02 5.165807079541694536e-04 5.306446633619669572e-04
7.047964590000000271e+02 5.392167497155179881e-04 5.327537149836825700e-04
7.047967714999999771e+02 6.045413258927939768e-04 5.348324887613666164e-04
7.047970840000000408e+02 4.797106760190664632e-04 5.368820015571483181e-04
7.047973964999999907e+02 5.307487017837590835e-04 5.389032299926123848e-04
7.047977090000000544e+02 5.498897573017410851e-04 5.408971122194264954e-04
7.047980215000000044e+02 5.464984441767062372e-04 5.428645495984866197e-04
7.047983340000000680e+02 5.030509830787019973e-04 5.448064083137217021e-04
7.047986465000000180e+02 5.510789081995027833e-04 5.467235209006308331e-04
7.047989589999999680e+02 5.465762642569641904e-04 5.486166877149926263e-04
7.047992715000000317e+02 5.285254869025169614e-04 5.504866783270374311e-04
7.047995839999999816e+02 4.630384272487083979e-04 5.523342328513828432e-04
7.047998965000000453e+02 5.605847247343192542e-04 5.541600632222328350e-04
7.048002089999999953e+02 5.283948369523606709e-04 5.559648543997875109e-04
7.048005215000000589e+02 5.717937461552777744e-04 5.577492655313802655e-04
7.048008340000000089e+02 5.667696116036190484e-04 5.595139310486789983e-04
7.048011465000000726e+02 5.384746750850841288e-04 5.612594617244628502e-04
