7.047598040000000310e+02 3.899590473048188599e-04 3.726913492786263393e-04
7.047601164999999810e+02 3.542783786116526345e-04 3.724575707435905472e-04
7.047604290000000447e+02 3.232724855167462097e-04 3.721909641127872171e-04
7.047607414999999946e+02 4.291659885640790816e-04 3.718903236882966441e-04
7.047610540000000583e+02 3.581355088082505632e-04 3.715543921731713928e-04
7.047613665000000083e+02 3.999801476828372345e-04 3.711818582740900323e-04
7.047616790000000719e+02 3.997957633632869597e-04 3.707713541934622571e-04
7.047619915000000219e+02 3.825812165618220793e-04 3.703214530115376863e-04
7.047623040000000856e+02 3.400461808392804975e-04 3.698306659509992354e-04
7.047626165000000356e+02 4.360384511844841711e-04 3.692974395259334287e-04
7.047629289999999855e+02 3.583445341238818116e-04 3.687201525675919220e-04
7.047632415000000492e+02 4.472059321961898673e-04 3.680971131290368555e-04
7.047635539999999992e+02 3.359048075814834449e-04 3.674265552657310883e-04
7.047638665000000628e+02 4.007939393375958620e-04 3.667066356885342101e-04
7.047641790000000128e+02 3.664656512577136737e-04 3.659354302950404967e-04
7.047644915000000765e+02 3.546234362084805061e-04 3.651109305726019192e-04
7.047648040000000265e+02 3.638532249830387375e-04 3.642310398836304860e-04
7.047651164999999764e+02 3.784065615590221244e-04 3.632935696281833736e-04
7.047654290000000401e+02 3.254704019173833393e-04 3.622962352963557658e-04
7.047657414999999901e+02 3.755117170009508840e-04 3.612366524154124610e-04
7.047660540000000537e+02 3.336140713848483714e-04 3.601123323973071046e-04
7.047663665000000037e+02 3.219315055826488985e-04 3.589206783086785796e-04
7.047666790000000674e+02 3.908626203010963623e-04 3.576589805671878957e-04
7.047669915000000174e+02 3.465737248172003765e-04 3.563244125970640845e-04
7.047673040000000810e+02 3.452741856637470325e-04 3.549140264541739316e-04
7.047676165000000310e+02 3.467269176640954830e-04 3.534247484647209427e-04
7.047679289999999810e+02 3.836433998108631539e-04 3.518533748979709103e-04
7.047682415000000447e+02 3.835379192138612075e-04 3.501965677276261879e-04
7.047685539999999946e+02 3.525248050730996584e-04 3.484508505276935077e-04
7.047688665000000583e+02 4.062815016185356443e-04 3.466126045554342454e-04
7.047691790000000083e+02 3.031685232848216512e-04 3.446780651068624560e-04
7.047694915000000719e+02 3.314709176525404855e-04 3.426433182067662266e-04
7.047698040000000219e+02 3.455674936037486070e-04 3.405042977501374708e-04
7.047701165000000856e+02 3.044638011442841476e-04 3.382567831834292914e-04
7.047704290000000356e+02 2.939494063033545684e-04 3.358963978779560297e-04
7.047707414999999855e+02 3.433288502848080067e-04 3.334186083199335818e-04
7.047710540000000492e+02 3.099068566813276940e-04 3.308187243078869726e-04
7.047713664999999992e+02 2.750543970384133224e-04 3.280919003465539033e-04
7.047716790000000628e+02 3.126876493423342120e-04 3.252331384512720616e-04
7.047719915000000128e+02 2.764043516828048447e-04 3.222372926433675041e-04
7.047723040000000765e+02 2.921410823963610493e-04 3.190990753966710457e-04
7.047726165000000265e+02 2.769042424081979699e-04 3.158130663982419597e-04
7.047729289999999764e+02 2.864869850683660372e-04 3.123737239618458884e-04
7.047732415000000401e+02 3.165293234217818330e-04 3.087753995402867709e-04
7.047735539999999901e+02 2.734829896600282661e-04 3.050123557950725080e-04
7.047738665000000537e+02 3.170184644105376610e-04 3.010787887310397695e-04
7.047741790000000037e+02 2.724592063171650275e-04 2.969688545085838395e-04
7.047744915000000674e+02 2.834913342453358092e-04 2.926767015289308813e-04
7.047748040000000174e+02 3.078060554834135317e-04 2.881965085371901718e-04
7.047751165000000810e+02 3.011206456273200424e-04 2.835225294550311145e-04
7.047754290000000310e+02 2.282116282498638626e-04 2.786491458117941792e-04
7.047757414999999810e+02 2.547461191706178489e-04 2.735709275971898668e-04
7.047760540000000447e+02 2.424252126626205294e-04 2.682827034973780857e-04
7.047763664999999946e+02 2.676122830999631483e-04 2.627796414550235778e-04
7.047766790000000583e+02 2.413575828957563072e-04 2.570573405061519633e-04
7.047769915000000083e+02 2.689732044587262502e-04 2.511119349119499285e-04
7.047773040000000719e+02 2.486137049730957008e-04 2.449402114554654112e-04
7.047776165000000219e+02 2.110409011417176822e-04 2.385397408255791462e-04
7.047779290000000856e+02 2.342062279275408145e-04 2.319090237473219579e-04
7.047782415000000356e+02 2.325592924795050458e-04 2.250476524685360703e-04
7.047785539999999855e+02 2.390653628612104010e-04 2.179564878028590852e-04
7.047788665000000492e+02 1.817465971911048808e-04 2.106378517032671672e-04
7.047791789999999992e+02 2.265318389382632905e-04 2.030957347981727265e-04
7.047794915000000628e+02 1.718596559972000650e-04 1.953360177350368292e-04
7.047798040000000128e+02 1.765592326873069375e-04 1.873667045612080223e-04
7.047801165000000765e+02 1.971135645397836627e-04 1.791981653656272121e-04
7.047804290000000265e+02 1.749817623388820681e-04 1.708433845828508666e-04
7.047807414999999764e+02 1.163303961493789452e-04 1.623182100421092480e-04
7.047810540000000401e+02 1.460555567393789875e-04 1.536415967409795623e-04
7.047813664999999901e+02 1.611926579547980098e-04 1.448358378578369079e-04
7.047816790000000537e+02 1.472286304245900342e-04 1.359267740951602586e-04
7.047819915000000037e+02 1.242000614868523766e-04 1.269439711541642149e-04
7.047823040000000674e+02 1.497797992960662138e-04 1.179208536587114642e-04
7.047826165000000174e+02 9.169243534835528177e-05 1.088947829578744696e-04
7.047829290000000810e+02 1.113301636542530517e-04 9.990706528299181225e-05
7.047832415000000310e+02 8.773032182161876727e-05 9.100287669413056110e-05
7.047835539999999810e+02 1.026696174417464287e-04 8.223109145057003666e-05
7.047838665000000447e+02 8.818999380592540340e-05 7.364400184169326278e-05
7.047841789999999946e+02 6.170693851319467168e-05 6.529691956567339672e-05
7.047844915000000583e+02 7.079550860122044056e-05 5.724765195852794499e-05
7.047848040000000083e+02 5.405237856871428974e-05 4.955585077036571249e-05
7.047851165000000719e+02 5.752608699966339160e-05 4.228223632542162016e-05
7.047854290000000219e+02 5.681369260334198775e-05 3.548770626089456267e-05
7.047857415000000856e+02 4.115808860930999494e-05 2.923234461482315921e-05
7.047860540000000356e+02 2.597865921001998662e-05 2.357435415584460599e-05
7.047863664999999855e+02 3.267470359062583072e-05 1.856894133518264986e-05
7.047866790000000492e+02 2.595544652321588839e-05 1.426718916540183745e-05
7.047869914999999992e+02 2.316588200195589598e-05 1.071495758993776214e-05
7.047873040000000628e+02 1.400655458783915086e-05 7.951853304990764339e-06
7.047876165000000128e+02 1.213962109566899739e-05 6.010311031173094325e-06
7.047879290000000765e+02 2.037632004918203779e-05 4.914825524809810707e-06
7.047882415000000265e+02 1.114152443846217241e-05 4.681368417147926547e-06
7.047885539999999764e+02 1.429040239433644277e-05 5.317016243679066133e-06
7.047888665000000401e+02 1.380914775040318795e-05 6.819806475515954236e-06
7.047891789999999901e+02 1.160263377022469411e-05 9.178827517150590470e-06
7.047894915000000537e+02 5.110682922133758923e-06 1.237453742480460515e-05
7.047898040000000037e+02 1.172270011353327108e-05 1.637929527734632610e-05
7.047901165000000674e+02 1.533733253656748832e-05 2.115807964161826806e-05
7.047904290000000174e+02 1.522809027253010817e-05 2.666936089341246640e-05
7.047907415000000810e+02 1.438157998276075173e-05 3.286608900424818554e-05
7.047910540000000310e+02 2.617148673069716655e-05 3.969675566868495541e-05
7.047913664999999810e+02 4.096736076199975765e-05 4.710648970204959427e-05
7.047916790000000447e+02 5.463381754356885046e-05 5.503814679080855019e-05
7.047919914999999946e+02 4.853065392264113167e-05 6.343335892337337723e-05
7.047923040000000583e+02 7.339912949678875989e-05 7.223351441237937660e-05
7.047926165000000083e+02 7.359649090936912252e-05 8.138064570692248425e-05
7.047929290000000719e+02 6.903938074985308795e-05 9.081820905059093531e-05
7.047932415000000219e+02 9.537011716539720648e-05 1.004917463506202198e-04
7.047935540000000856e+02 1.114712870623876177e-04 1.103494257821774159e-04
7.047938665000000356e+02 7.778663872703162345e-05 1.203424625697727086e-04
7.047941789999999855e+02 1.141965371524780715e-04 1.304254257702801019e-04
7.047944915000000492e+02 1.021589365003032024e-04 1.405564398299434764e-04
7.047948039999999992e+02 1.446986753426938391e-04 1.506972919661054644e-04
7.047951165000000628e+02 1.762363487116178204e-04 1.608134576814213197e-04
7.047954290000000128e+02 1.643564157645358871e-04 1.708740570696863290e-04
7.047957415000000765e+02 1.688140748734453210e-04 1.808517546331015521e-04
7.047960540000000265e+02 1.592514616063340051e-04 1.907226144758869426e-04
7.047963664999999764e+02 1.889595587085114671e-04 2.004659220097905774e-04
7.047966790000000401e+02 2.088041895111443687e-04 2.100639819302769411e-04
7.047969914999999901e+02 2.400038726807873063e-04 2.195019010715098986e-04
7.047973040000000537e+02 1.957155670777970251e-04 2.287673634413708032e-04
7.047976165000000037e+02 2.483576547055489376e-04 2.378504033533176867e-04
7.047979290000000674e+02 1.765376622000303184e-04 2.467431815827414703e-04
7.047982415000000174e+02 2.346276228162004159e-04 2.554397681907516699e-04
7.047985540000000810e+02 2.800486335544451525e-04 2.639359349267428215e-04
7.047988665000000310e+02 2.670921998955886581e-04 2.722289590977175966e-04
7.047991789999999810e+02 3.029506677897907682e-04 2.803174403082155943e-04
7.047994915000000447e+02 2.789195461530073446e-04 2.882011307328527939e-04
7.047998039999999946e+02 2.860490766960067759e-04 2.958807792399853562e-04
7.048001165000000583e+02 3.172160197228086117e-04 3.033579893221198618e-04
7.048004290000000083e+02 3.578142401464823709e-04 3.106350904193943261e-04
7.048007415000000719e+02 3.986367355169418499e-04 3.177150221792829766e-04
7.048010540000000219e+02 3.511627006213903545e-04 3.246012308824100241e-04
7.048013665000000856e+02 3.136695515752729586e-04 3.312975773454781029e-04
7.048016790000000356e+02 3.099960595804757439e-04 3.378082553938231030e-04
7.048019914999999855e+02 3.839815524758046156e-04 3.441377201361348623e-04
7.048023040000000492e+02 3.600739751688104276e-04 3.502906251372056275e-04
7.048026164999999992e+02 4.108498833973674332e-04 3.562717676937325498e-04
7.048029290000000628e+02 4.037932978470855925e-04 3.620860414466639337e-04
7.048032415000000128e+02 3.813832612001715220e-04 3.677383955303873547e-04
7.048035540000000765e+02 3.709281671860352762e-04 3.732337996290532346e-04
7.048038665000000265e+02 3.941228202072507561e-04 3.785772142261247994e-04
7.048041789999999764e+02 3.954339331125696815e-04 3.837735655167711746e-04
7.048044915000000401e+02 4.121771341502302117e-04 3.888277243891331055e-04
7.048048039999999901e+02 4.222254389678375334e-04 3.937444890026768011e-04
7.048051165000000537e+02 4.616324319663915989e-04 3.985285705352107537e-04
7.048054290000000037e+02 4.144244279557612572e-04 4.031845816529192506e-04
7.048057415000000674e+02 4.054881058903496752e-04 4.077170274000753046e-04
7.048060540000000174e+02 3.832135945628661498e-04 4.121302981328008627e-04
7.048063665000000810e+02 3.973497883497127334e-04 4.164286642668064281e-04
7.048066790000000310e+02 3.982074560795145724e-04 4.206162725344319382e-04
7.048069914999999810e+02 5.002086481992796575e-04 4.246971435785044761e-04
7.048073040000000447e+02 4.714348006099198444e-04 4.286751706473207078e-04
7.048076164999999946e+02 4.246004950378065579e-04 4.325541192353751872e-04
7.048079290000000583e+02 4.406062326310751726e-04 4.363376275327303356e-04
7.048082415000000083e+02 4.242675367805805783e-04 4.400292075159477692e-04
7.048085540000000719e+02 4.863231101932477952e-04 4.436322466096699786e-04
7.048088665000000219e+02 5.208546931505098196e-04 4.471500097752632808e-04
7.048091790000000856e+02 4.573951703984235418e-04 4.505856419833499269e-04
7.048094915000000356e+02 4.366243299821896706e-04 4.539421709538237816e-04
7.048098039999999855e+02 4.517085300129189082e-04 4.572225101390829617e-04
7.048101165000000492e+02 4.865878473881202529e-04 4.604294618637400625e-04
7.048104289999999992e+02 4.727338204447808275e-04 4.635657205870142498e-04
7.048107415000000628e+02 4.862568284946331559e-04 4.666338762587746223e-04
7.048110540000000128e+02 4.539453377402321351e-04 4.696364177066093739e-04
7.048113665000000765e+02 5.193588304564476787e-04 4.725757360606241617e-04
7.048116790000000265e+02 4.890964231488056620e-04 4.754541281562584920e-04
7.048119914999999764e+02 4.648410234245292064e-04 4.782737999291223783e-04
7.048123040000000401e+02 4.099333940433785677e-04 4.810368697582425939e-04
7.048126164999999901e+02 4.672788533552328931e-04 4.837453717554775819e-04
7.048129290000000537e+02 5.050950588691858947e-04 4.864012589997405663e-04
7.048132415000000037e+02 4.924157915725722000e-04 4.890064066826026873e-04
7.048135540000000674e+02 4.584187979703279858e-04 4.915626151890275077e-04
7.048138665000000174e+02 5.147163381746403324e-04 4.940716130772001245e-04
7.048141790000000810e+02 5.118455079033147051e-04 4.965350599840873472e-04
7.048144915000000310e+02 4.660411784088000411e-04 4.989545494244287168e-04
7.048148039999999810e+02 4.620119096232215995e-04 5.013316115100053269e-04
7.048151165000000447e+02 5.538247068595170608e-04 5.036677155658105583e-04
7.048154289999999946e+02 4.966933895868328288e-04 5.059642726524992340e-04
7.048157415000000583e+02 5.447803950408662554e-04 5.082226380038385762e-04
7.048160540000000083e+02 5.600050096007144589e-04 5.104441133592633626e-04
7.048163665000000719e+02 4.890443091669606978e-04 5.126299492188790769e-04
7.048166790000000219e+02 4.445663291227829809e-04 5.147813469964176731e-04
7.048169915000000856e+02 5.662606681954126999e-04 5.168994610980728356e-04
7.048173040000000356e+02 5.252906915866916489e-04 5.189854009040125891e-04
7.048176164999999855e+02 5.399540105436344750e-04 5.210402326792844350e-04
7.048179290000000492e+02 5.219521607404363755e-04 5.230649813971492614e-04
7.048182414999999992e+02 5.050484243294678507e-04 5.250606324854173836e-04
7.048185540000000628e+02 4.723118488614996987e-04 5.270281335054988886e-04
7.048188665000000128e+02 4.981001273467068743e-04 5.289683957485890589e-04
7.048191790000000765e+02 4.909421302407382956e-04 5.308822957741113563e-04
7.048194915000000265e+02 5.178162169156071571e-04 5.327706768701351465e-04
7.048198039999999764e+02 5.124161946500888206e-04 5.346343504602883712e-04
7.048201165000000401e+02 6.221020098206638416e-04 5.364740974421463660e-04
7.048204289999999901e+02 5.414967769615553492e-04 5.382906694667899178e-04
7.048207415000000537e+02 4.902503237331674608e-04 5.400847901684475202e-04
7.048210540000000037e+02 5.391374313727905409e-04 5.418571563300140104e-04
7.048213665000000674e+02 4.612084561721204292e-04 5.436084390072253242e-04
7.048216790000000174e+02 5.471090182442794013e-04 5.453392845928267804e-04
7.048219915000000810e+02 5.193735676240398419e-04 5.470503158435467261e-04
