7.047214219999999614e+02 3.766388090893369725e-04 3.656425144543943477e-04
7.047217344999999113e+02 3.757850297757488233e-04 3.657283096078832278e-04
7.047220469999999750e+02 4.049336409623026096e-04 3.657844691174166993e-04
7.047223594999999250e+02 4.143005493960371147e-04 3.658098589655576246e-04
7.047226719999999887e+02 4.022429776323372015e-04 3.658032938637764057e-04
7.047229844999999386e+02 3.813151070910789694e-04 3.657635346670524003e-04
7.047232970000000023e+02 3.416072063568895948e-04 3.656892856529872005e-04
7.047236094999999523e+02 3.584849160607406693e-04 3.655791916591081712e-04
7.047239220000000159e+02 3.460104845569614523e-04 3.654318350713620404e-04
7.047242344999999659e+02 3.986531781733327565e-04 3.652457326580630607e-04
7.047245469999999159e+02 3.701652564964634908e-04 3.650193322414451401e-04
7.047248594999999796e+02 3.646515546283384435e-04 3.647510092012949093e-04
7.047251719999999295e+02 3.767096405555390320e-04 3.644390628039621024e-04
7.047254844999999932e+02 3.443072313036511681e-04 3.640817123490501213e-04
7.047257969999999432e+02 3.544924168179234181e-04 3.636770931304392001e-04
7.047261095000000068e+02 3.837538147747818467e-04 3.632232522023985883e-04
7.047264219999999568e+02 3.625544512968939645e-04 3.627181439498780515e-04
7.047267344999999068e+02 3.745354256149501892e-04 3.621596254541155553e-04
7.047270469999999705e+02 3.670976559338243314e-04 3.615454516539893365e-04
7.047273594999999204e+02 3.416434771650064903e-04 3.608732702997753455e-04
7.047276719999999841e+02 3.516437554314319350e-04 3.601406166959318471e-04
7.047279844999999341e+02 3.671906295209457203e-04 3.593449082400867025e-04
7.047282969999999978e+02 3.643470945023518531e-04 3.584834387540623141e-04
7.047286094999999477e+02 3.172739493526081055e-04 3.575533726217851901e-04
7.047289220000000114e+02 3.689790798001403105e-04 3.565517387344381323e-04
7.047292344999999614e+02 4.129519150513632922e-04 3.554754242665823772e-04
7.047295469999999113e+02 3.896703490975164663e-04 3.543211682913050974e-04
7.047298594999999750e+02 3.103377143109599303e-04 3.530855552672322031e-04
7.047301719999999250e+02 2.972964379040651220e-04 3.517650084254210908e-04
7.047304844999999887e+02 3.196681079513201407e-04 3.503557830898669338e-04
7.047307969999999386e+02 3.241376772056380330e-04 3.488539599917362668e-04
7.047311095000000023e+02 3.771567259325735123e-04 3.472554386216579643e-04
7.047314219999999523e+02 3.443904140028408267e-04 3.455559307087693790e-04
7.047317345000000159e+02 3.127939707897296490e-04 3.437509538962803582e-04
7.047320469999999659e+02 3.328359084109926082e-04 3.418358257369836953e-04
7.047323594999999159e+02 3.069387502970221380e-04 3.398056581147012342e-04
7.047326719999999796e+02 2.970176749183746660e-04 3.376553522559244268e-04
7.047329844999999295e+02 3.452691454410886335e-04 3.353795945016997291e-04
7.047332969999999932e+02 2.611483376134647464e-04 3.329728530375671339e-04
7.047336094999999432e+02 3.471821122610458071e-04 3.304293758442484411e-04
7.047339220000000068e+02 3.591268836263024756e-04 3.277431901262835008e-04
7.047342344999999568e+02 3.255632565515448871e-04 3.249081035760934487e-04
7.047345469999999068e+02 2.803473937075436897e-04 3.219177078268258127e-04
7.047348594999999705e+02 3.086782471829973250e-04 3.187653845586088490e-04
7.047351719999999204e+02 3.104084973095201433e-04 3.154443147573914399e-04
7.047354844999999841e+02 2.825038296512606987e-04 3.119474916950978590e-04
7.047357969999999341e+02 3.134522093018592983e-04 3.082677383245123492e-04
7.047361094999999978e+02 2.766999374265026218e-04 3.043977298049895864e-04
7.047364219999999477e+02 3.353235373067874970e-04 3.003300220516865598e-04
7.047367345000000114e+02 2.881829355372325890e-04 2.960570872228604055e-04
7.047370469999999614e+02 2.896260394286670589e-04 2.915713572597383035e-04
7.047373594999999113e+02 2.625892788557538933e-04 2.868652766192947160e-04
7.047376719999999750e+02 2.336874861886272003e-04 2.819313655422124609e-04
7.047379844999999250e+02 2.437342994715284211e-04 2.767622952643140877e-04
7.047382969999999887e+02 2.971904663488830322e-04 2.713509766837095033e-04
7.047386094999999386e+02 2.535989810790328534e-04 2.656906641590040105e-04
7.047389220000000023e+02 2.631348257490371731e-04 2.597750760831207188e-04
7.047392344999999523e+02 2.544180711593229706e-04 2.535985340392369930e-04
7.047395470000000159e+02 2.521658321211782731e-04 2.471561222082584359e-04
7.047398594999999659e+02 2.257366339423805051e-04 2.404438687582471056e-04
7.047401719999999159e+02 2.124349693511212419e-04 2.334589506472099590e-04
7.047404844999999796e+02 1.893123945366222778e-04 2.261999231246896521e-04
7.047407969999999295e+02 2.239525686060220484e-04 2.186669747278990991e-04
7.047411094999999932e+02 1.822323382517460836e-04 2.108622079777001132e-04
7.047414219999999432e+02 1.887690174325847893e-04 2.027899452901753047e-04
7.047417345000000068e+02 2.189911638284129712e-04 1.944570584435468077e-04
7.047420469999999568e+02 1.947862650890750010e-04 1.858733188260497631e-04
7.047423594999999068e+02 1.369581163851747848e-04 1.770517639272587275e-04
7.047426719999999705e+02 1.564758071762301474e-04 1.680090738145210343e-04
7.047429844999999204e+02 1.348622391494478008e-04 1.587659490494900121e-04
7.047432969999999841e+02 1.623442481313864530e-04 1.493474790407341418e-04
7.047436094999999341e+02 1.610023805068153341e-04 1.397834872920731338e-04
7.047439219999999978e+02 1.272883959686804570e-04 1.301088370689875112e-04
7.047442344999999477e+02 1.660993205520918791e-04 1.203636785337845923e-04
7.047445470000000114e+02 1.202364847084138602e-04 1.105936157737625767e-04
7.047448594999999614e+02 8.762834546038762707e-05 1.008497705147087819e-04
7.047451719999999113e+02 9.967462791174899858e-05 9.118871810816292164e-05
7.047454844999999750e+02 1.000205726513533195e-04 8.167227182610224949e-05
7.047457969999999250e+02 9.090018136059884824e-05 7.236709320998362951e-05
7.047461094999999887e+02 6.763134618980820123e-05 6.334410998093529708e-05
7.047464219999999386e+02 7.772873122714260975e-05 5.467772905427352697e-05
7.047467345000000023e+02 4.776149142524278987e-05 4.644484018331040726e-05
7.047470469999999523e+02 4.587250785536693573e-05 3.872361627644320902e-05
7.047473595000000159e+02 4.596396366188914412e-05 3.159212830341283471e-05
7.047476719999999659e+02 3.548713961284212141e-05 2.512680608203626356e-05
7.047479844999999159e+02 3.084969456945245165e-05 1.940078939503980758e-05
7.047482969999999796e+02 2.410642239663578511e-05 1.448222637134380566e-05
7.047486094999999295e+02 3.221585983522157307e-05 1.043258598383606932e-05
7.047489219999999932e+02 2.937561399581849859e-05 7.305057969667282443e-06
7.047492344999999432e+02 1.756335475483936331e-05 5.143115297129955870e-06
7.047495470000000068e+02 1.364902410027658322e-05 3.979310619927486510e-06
7.047498594999999568e+02 1.097395662815660293e-05 3.834369093204038896e-06
7.047501719999999068e+02 1.129149180354475508e-05 4.716625598730523330e-06
7.047504844999999705e+02 8.834895897252960188e-06 6.621836115672385445e-06
7.047507969999999204e+02 5.201165982818003344e-06 9.533372038313257839e-06
7.047511094999999841e+02 2.132437553819937833e-05 1.342278467298956819e-05
7.047514219999999341e+02 1.079949292525687223e-05 1.825070675284666910e-05
7.047517344999999978e+02 1.676904114138881346e-05 2.396804052678610814e-05
7.047520469999999477e+02 2.212902925649116862e-05 3.051736895155013769e-05
7.047523595000000114e+02 2.023493982030305911e-05 3.783451889177568149e-05
7.047526719999999614e+02 3.654845006548505977e-05 4.585020283657425437e-05
7.047529844999999113e+02 4.182214287033279295e-05 5.449166860581146680e-05
7.047532969999999750e+02 4.406661098626227008e-05 6.368429349571974769e-05
7.047536094999999250e+02 4.642105301624712858e-05 7.335306966608342238e-05
7.047539219999999887e+02 7.372039240976010078e-05 8.342393976123138892e-05
7.047542344999999386e+02 6.829013697143466750e-05 9.382495447744597502e-05
7.047545470000000023e+02 9.679317996183524884e-05 1.044872364364026466e-04
7.047548594999999523e+02 9.126435597396780389e-05 1.153457457259841928e-04
7.047551720000000159e+02 1.054529082654692023e-04 1.263398521557904011e-04
7.047554844999999659e+02 1.020160849623450957e-04 1.374137264154310560e-04
7.047557969999999159e+02 1.248677346878162761e-04 1.485165678359016842e-04
7.047561094999999796e+02 1.206131168786821260e-04 1.596026895092626005e-04
7.047564219999999295e+02 1.699570964403859905e-04 1.706314831942346510e-04
7.047567344999999932e+02 2.105305292335082597e-04 1.815672865437135259e-04
7.047570469999999432e+02 2.132092367374860712e-04 1.923791740681202243e-04
7.047573595000000068e+02 1.916714593090973224e-04 2.030406917283020870e-04
7.047576719999999568e+02 1.961277016333537807e-04 2.135295525811325523e-04
7.047579844999999068e+02 2.612447540942712336e-04 2.238273086965085240e-04
7.047582969999999705e+02 2.194444095115444747e-04 2.339190118460925691e-04
7.047586094999999204e+02 2.370160567484699051e-04 2.437928731970465427e-04
7.047589219999999841e+02 2.715491511208969902e-04 2.534399300191613976e-04
7.047592344999999341e+02 2.256812496697793810e-04 2.628537253107580810e-04
7.047595469999999978e+02 2.704038501288493759e-04 2.720300047400648767e-04
7.047598594999999477e+02 2.872056680466226444e-04 2.809664336366800102e-04
7.047601720000000114e+02 2.887419192218674798e-04 2.896623358103066377e-04
7.047604844999999614e+02 2.797892718581587745e-04 2.981184548165412480e-04
7.047607969999999113e+02 2.814887684676515862e-04 3.063367377675973286e-04
7.047611094999999750e+02 3.172417780855730845e-04 3.143201410565651228e-04
7.047614219999999250e+02 3.242676673098908750e-04 3.220724570839032948e-04
7.047617344999999887e+02 3.303000279701386890e-04 3.295981607996227060e-04
7.047620469999999386e+02 3.735682424136949238e-04 3.369022746095511165e-04
7.047623595000000023e+02 3.983410361121032437e-04 3.439902502648743265e-04
7.047626719999999523e+02 3.734764940206973158e-04 3.508678661527805075e-04
7.047629845000000159e+02 3.906711545972896553e-04 3.575411385976112635e-04
7.047632969999999659e+02 3.538736250681101102e-04 3.640162456657007736e-04
7.047636094999999159e+02 3.731008573290428435e-04 3.702994622012609205e-04
7.047639219999999796e+02 3.672892909886691141e-04 3.763971047687407695e-04
7.047642344999999295e+02 3.874688961089235262e-04 3.823154853609180026e-04
7.047645469999999932e+02 4.387683176094266850e-04 3.880608728253570963e-04
7.047648594999999432e+02 3.578736228886842427e-04 3.936394609856967079e-04
7.047651720000000068e+02 4.497969791627828384e-04 3.990573426508176838e-04
7.047654844999999568e+02 4.489945128066469499e-04 4.043204886625555747e-04
7.047657969999999068e+02 4.330436476372482267e-04 4.094347313481885766e-04
7.047661094999999705e+02 4.071716110201598245e-04 4.144057517096166052e-04
7.047664219999999204e+02 4.855267114479756320e-04 4.192390698250961873e-04
7.047667344999999841e+02 4.342475810220837625e-04 4.239400380010522663e-04
7.047670469999999341e+02 4.361045060991966061e-04 4.285138362100120364e-04
7.047673594999999978e+02 3.924592826843154676e-04 4.329654695028671389e-04
7.047676719999999477e+02 4.106221584066517549e-04 4.372997670222479507e-04
7.047679845000000114e+02 4.521575449191012844e-04 4.415213823942574296e-04
7.047682969999999614e+02 5.056997218008097393e-04 4.456347952081600450e-04
7.047686094999999113e+02 5.098461159376902179e-04 4.496443134276186231e-04
7.047689219999999750e+02 4.481242137898664465e-04 4.535540765179487711e-04
7.047692344999999250e+02 4.947056659382020579e-04 4.573680591547210411e-04
7.047695469999999887e+02 5.034705158018064342e-04 4.610900753982311072e-04
7.047698594999999386e+02 5.164753907267579866e-04 4.647237831894840800e-04
7.047701720000000023e+02 4.591520936516036138e-04 4.682726891180153013e-04
7.047704844999999523e+02 4.775952418438452265e-04 4.717401533401547080e-04
7.047707970000000159e+02 4.932330194824809892e-04 4.751293946246500392e-04
7.047711094999999659e+02 5.565108213146405074e-04 4.784434954297445380e-04
7.047714219999999159e+02 5.103350888317145524e-04 4.816854070057466851e-04
7.047717344999999796e+02 5.459934197626170691e-04 4.848579544546076847e-04
7.047720469999999295e+02 4.934404735804546289e-04 4.879638417292214291e-04
7.047723594999999932e+02 5.254250232620223454e-04 4.910056565589338267e-04
7.047726719999999432e+02 4.635242936729475484e-04 4.939858752534454119e-04
7.047729845000000068e+02 4.989783836146737374e-04 4.969068674049360477e-04
7.047732969999999568e+02 5.308549920328419240e-04 4.997709004414427293e-04
7.047736094999999068e+02 4.392921757242683966e-04 5.025801440567068601e-04
7.047739219999999705e+02 4.710391804593157586e-04 5.053366744836152282e-04
7.047742344999999204e+02 5.914605399961608834e-04 5.080424786185679543e-04
7.047745469999999841e+02 5.175845458126496039e-04 5.106994580042900763e-04
7.047748594999999341e+02 5.106270057254747160e-04 5.133094326458009001e-04
7.047751719999999978e+02 5.004050174630428295e-04 5.158741446906707278e-04
7.047754844999999477e+02 5.129484907961263376e-04 5.183952619442667867e-04
7.047757970000000114e+02 4.706348169520379677e-04 5.208743812528342622e-04
7.047761094999999614e+02 4.883252933223916148e-04 5.233130317276131266e-04
7.047764219999999113e+02 5.334728231333933732e-04 5.257126778420560418e-04
7.047767344999999750e+02 5.058612898974578463e-04 5.280747223832805938e-04
7.047770469999999250e+02 5.483395609946707574e-04 5.304005092713507752e-04
7.047773594999999887e+02 5.840676056199146406e-04 5.326913262590482739e-04
7.047776719999999386e+02 5.449968452235649232e-04 5.349484074954276346e-04
7.047779845000000023e+02 5.510407991334466274e-04 5.371729359839616004e-04
7.047782969999999523e+02 5.038616341496907460e-04 5.393660459132326333e-04
7.047786095000000159e+02 5.078895095006165849e-04 5.415288248910774243e-04
7.047789219999999659e+02 5.110288887572421316e-04 5.436623160608482696e-04
7.047792344999999159e+02 4.844724795171942411e-04 5.457675201290670486e-04
7.047795469999999796e+02 5.357579333724846486e-04 5.478453972890176939e-04
7.047798594999999295e+02 5.758892113923411334e-04 5.498968690526946299e-04
7.047801719999999932e+02 5.204625591070240979e-04 5.519228200025870371e-04
7.047804844999999432e+02 6.064289694647011187e-04 5.539240994486086542e-04
7.047807970000000068e+02 5.447427216495254795e-04 5.559015230171917600e-04
7.047811094999999568e+02 5.336933489530189473e-04 5.578558741527132186e-04
7.047814219999999068e+02 5.347887785242121279e-04 5.597879055574814982e-04
7.047817344999999705e+02 5.378886780169305068e-04 5.616983405556266826e-04
7.047820469999999204e+02 5.236353259236047790e-04 5.635878743916257786e-04
7.047823594999999841e+02 5.072544617019448566e-04 5.654571754734023055e-04
7.047826719999999341e+02 5.539000079149312625e-04 5.673068865458126249e-04
7.047829844999999978e+02 5.794490901806960284e-04 5.691376258187226317e-04
7.047832969999999477e+02 5.265950320573217856e-04 5.709499880306880383e-04
7.047836095000000114e+02 5.670432150956219086e-04 5.727445454724327699e-04
