7.047297300000000178e+02 4.074918849497591485e-04 3.942247567858767890e-04
7.047300424999999677e+02 4.357726087843787175e-04 3.941805222351139285e-04
7.047303550000000314e+02 4.127590604877722988e-04 3.941027749018663224e-04
7.047306674999999814e+02 3.694017291135268197e-04 3.939902544719366194e-04
7.047309800000000450e+02 4.121225070922221174e-04 3.938416449908789833e-04
7.047312924999999950e+02 3.517643295069083193e-04 3.936555721567426905e-04
7.047316050000000587e+02 4.707407383277428933e-04 3.934306004786510750e-04
7.047319175000000087e+02 3.869127494862128905e-04 3.931652302975715478e-04
7.047322300000000723e+02 3.611731600852357638e-04 3.928578946617511869e-04
7.047325425000000223e+02 4.032996866073132979e-04 3.925069560542001484e-04
7.047328549999999723e+02 3.966781961896805758e-04 3.921107029641897725e-04
7.047331675000000359e+02 4.353183384427853210e-04 3.916673463004577134e-04
7.047334799999999859e+02 3.901155628985406194e-04 3.911750156409302907e-04
7.047337925000000496e+02 4.087412701664420154e-04 3.906317553129213735e-04
7.047341049999999996e+02 3.942535174486135876e-04 3.900355203047485607e-04
7.047344175000000632e+02 3.425596334768051215e-04 3.893841720005096984e-04
7.047347300000000132e+02 4.056011202420434355e-04 3.886754737427124866e-04
7.047350424999999632e+02 4.326809165671550842e-04 3.879070862156328296e-04
7.047353550000000268e+02 3.888884835822635825e-04 3.870765626559906792e-04
7.047356674999999768e+02 3.804516326786265231e-04 3.861813438919157386e-04
7.047359800000000405e+02 3.813999837844081432e-04 3.852187532115851679e-04
7.047362924999999905e+02 4.175083513347176405e-04 3.841859910770261603e-04
7.047366050000000541e+02 3.645452731367362920e-04 3.830801296834792312e-04
7.047369175000000041e+02 3.606234310255806985e-04 3.818981073897989662e-04
7.047372300000000678e+02 3.784136361252023423e-04 3.806367230263851343e-04
7.047375425000000178e+02 3.913114646694535576e-04 3.792926301171637826e-04
7.047378549999999677e+02 3.919781374048257106e-04 3.778623310319281824e-04
7.047381675000000314e+02 3.898338777241396459e-04 3.763421711165295790e-04
7.047384799999999814e+02 3.546080241150704722e-04 3.747283328417590448e-04
7.047387925000000450e+02 3.588375639436418188e-04 3.730168300187046947e-04
7.047391049999999950e+02 3.674619751594132588e-04 3.712035021600844733e-04
7.047394175000000587e+02 3.550373563546196909e-04 3.692840090469858678e-04
7.047397300000000087e+02 3.980597205399070146e-04 3.672538256134354217e-04
7.047400425000000723e+02 3.702119133468756255e-04 3.651082372370019090e-04
7.047403550000000223e+02 3.604269003137800247e-04 3.628423355865906816e-04
7.047406674999999723e+02 3.909675389007234020e-04 3.604510151556553446e-04
7.047409800000000359e+02 3.420235323300869134e-04 3.579289706760174078e-04
7.047412924999999859e+02 3.307965556403394121e-04 3.552706956109807413e-04
7.047416050000000496e+02 3.213544661631051740e-04 3.524704819556253297e-04
7.047419174999999996e+02 3.072598007768579569e-04 3.495224216434514959e-04
7.047422300000000632e+02 2.974523886013157557e-04 3.464204098464166316e-04
7.047425425000000132e+02 3.127465598165295353e-04 3.431581505652269359e-04
7.047428549999999632e+02 2.970527711391667512e-04 3.397291648934207351e-04
7.047431675000000268e+02 3.368085371449526673e-04 3.361268024572964261e-04
7.047434799999999768e+02 3.490442049938761093e-04 3.323442565609244031e-04
7.047437925000000405e+02 2.515702146703263880e-04 3.283745836308922961e-04
7.047441049999999905e+02 3.370234999856293844e-04 3.242107276802249022e-04
7.047444175000000541e+02 2.896112802388699269e-04 3.198455505159513183e-04
7.047447300000000041e+02 3.242004746964199415e-04 3.152718685908310393e-04
7.047450425000000678e+02 2.828275149143081126e-04 3.104824973955075938e-04
7.047453550000000178e+02 2.816291731689302418e-04 3.054703044793968423e-04
7.047456674999999677e+02 2.750168451512368609e-04 3.002282721785185871e-04
7.047459800000000314e+02 2.713552053124412356e-04 2.947495713102942861e-04
7.047462924999999814e+02 2.995610936148630408e-04 2.890276471176487691e-04
7.047466050000000450e+02 2.644971731158518254e-04 2.830563188035486728e-04
7.047469174999999950e+02 2.515796253581475202e-04 2.768298941140625484e-04
7.047472300000000587e+02 2.477652666631335204e-04 2.703433003239643566e-04
7.047475425000000087e+02 2.656874497284392417e-04 2.635922330825911982e-04
7.047478550000000723e+02 2.546743590593490746e-04 2.565733243478977269e-04
7.047481675000000223e+02 2.400824664392389816e-04 2.492843306237519621e-04
7.047484799999999723e+02 2.368673498957092562e-04 2.417243423108847618e-04
7.047487925000000359e+02 2.053913247539369846e-04 2.338940147531245377e-04
7.047491049999999859e+02 2.212355218033917469e-04 2.257958209720078936e-04
7.047494175000000496e+02 2.011406597437795341e-04 2.174343254110287901e-04
7.047497299999999996e+02 1.830346059200372308e-04 2.088164772663862029e-04
7.047500425000000632e+02 1.903556298155053205e-04 1.999519207626954695e-04
7.047503550000000132e+02 1.855295831464629809e-04 1.908533186454752643e-04
7.047506674999999632e+02 2.008197955552725139e-04 1.815366834634466635e-04
7.047509800000000268e+02 1.665008042062414580e-04 1.720217096615118317e-04
7.047512924999999768e+02 1.656695530048213675e-04 1.623320974686541095e-04
7.047516050000000405e+02 1.725856720274818960e-04 1.524958574805513223e-04
7.047519174999999905e+02 1.617544100046336072e-04 1.425455828102449140e-04
7.047522300000000541e+02 1.274223480012428406e-04 1.325186733738926775e-04
7.047525425000000041e+02 1.470222385713048990e-04 1.224574951866546984e-04
7.047528550000000678e+02 1.093485704863706652e-04 1.124094557850715913e-04
7.047531675000000178e+02 1.096502912725979959e-04 1.024269762099047810e-04
7.047534799999999677e+02 1.228393746087440297e-04 9.256733970933711368e-05
7.047537925000000314e+02 7.962784963494704850e-05 8.289239861579017498e-05
7.047541049999999814e+02 1.058384613395684068e-04 7.346812319002948876e-05
7.047544175000000450e+02 5.123652623838118123e-05 6.436398027840722859e-05
7.047547299999999950e+02 6.578610205599922755e-05 5.565213548641645359e-05
7.047550425000000587e+02 9.109448634445554494e-05 4.740647978440373442e-05
7.047553550000000087e+02 5.090026671825336293e-05 3.970149055522930945e-05
7.047556675000000723e+02 5.385891527617635418e-05 3.261094686588663581e-05
7.047559800000000223e+02 5.004516254435385769e-05 2.620652942805701735e-05
7.047562924999999723e+02 2.788104433096186778e-05 2.055634575683116334e-05
7.047566050000000359e+02 4.053407049814879056e-05 1.572343025760802995e-05
7.047569174999999859e+02 1.870925879351607312e-05 1.176427582406947251e-05
7.047572300000000496e+02 2.068621249580363219e-05 8.727457504151707714e-06
7.047575424999999996e+02 2.065033487532549853e-05 6.652409080927577252e-06
7.047578550000000632e+02 1.570428070056246504e-05 5.568409450286667390e-06
7.047581675000000132e+02 1.109895249042574945e-05 5.493827720754130793e-06
7.047584799999999632e+02 1.259880894055855492e-05 6.435664117622541499e-06
7.047587925000000268e+02 8.724889893190669412e-06 8.389409097621005547e-06
7.047591049999999768e+02 5.491145023658512409e-06 1.133922655546627944e-05
7.047594175000000405e+02 1.448656079915617691e-05 1.525845011955522894e-05
7.047597299999999905e+02 1.900013528972424535e-05 2.011036556811809695e-05
7.047600425000000541e+02 1.461174584177782354e-05 2.584923879891234185e-05
7.047603550000000041e+02 2.061134406604791315e-05 3.242153832603592251e-05
7.047606675000000678e+02 3.129413336793195516e-05 3.976729490595835089e-05
7.047609800000000178e+02 2.776918575477811731e-05 4.782153841436312397e-05
7.047612924999999677e+02 3.203086255945879841e-05 5.651575379034300736e-05
7.047616050000000314e+02 4.428027345676990601e-05 6.577930265852018901e-05
7.047619174999999814e+02 4.976468270920755995e-05 7.554076484384427651e-05
7.047622300000000450e+02 5.875552114175271970e-05 8.572916322573208953e-05
7.047625424999999950e+02 8.571580505382673187e-05 9.627504524822484027e-05
7.047628550000000587e+02 8.596603191835378011e-05 1.071114045592926533e-04
7.047631675000000087e+02 1.036282606778045963e-04 1.181744352752894692e-04
7.047634800000000723e+02 1.239004628474713445e-04 1.294041196665248546e-04
7.047637925000000223e+02 1.237488132101718854e-04 1.407446563902059347e-04
7.047641049999999723e+02 1.285813404991467354e-04 1.521447416276023733e-04
7.047644175000000359e+02 1.410421812901288736e-04 1.635577186711030626e-04
7.047647299999999859e+02 1.584390541455262436e-04 1.749416136319558671e-04
7.047650425000000496e+02 1.641122690848729581e-04 1.862590756999778143e-04
7.047653549999999996e+02 1.705529291027861919e-04 1.974772400131609234e-04
7.047656675000000632e+02 2.086471192351574020e-04 2.085675304570310266e-04
7.047659800000000132e+02 2.351162351053757635e-04 2.195054179715330556e-04
7.047662924999999632e+02 2.194142344482385705e-04 2.302701484070220257e-04
7.047666050000000268e+02 2.224341756912424028e-04 2.408444518038773373e-04
7.047669174999999768e+02 2.384427729996822266e-04 2.512142431600552801e-04
7.047672300000000405e+02 2.649206069985439080e-04 2.613683228726312955e-04
7.047675424999999905e+02 2.576543930087317968e-04 2.712980831792526602e-04
7.047678550000000541e+02 2.643625912881497099e-04 2.809972255921814439e-04
7.047681675000000041e+02 2.820181119219937905e-04 2.904614927399303426e-04
7.047684800000000678e+02 2.916309618152323558e-04 2.996884171268525843e-04
7.047687925000000178e+02 3.119761801360250702e-04 3.086770881509745697e-04
7.047691049999999677e+02 3.819779401210507018e-04 3.174279381801200259e-04
7.047694175000000314e+02 3.622415105120099614e-04 3.259425476961870321e-04
7.047697299999999814e+02 3.509613409444601131e-04 3.342234691822597499e-04
7.047700425000000450e+02 3.682648259406948350e-04 3.422740690843060888e-04
7.047703549999999950e+02 3.924269556210387621e-04 3.500983868385729148e-04
7.047706675000000587e+02 4.132968119744922630e-04 3.577010099706865310e-04
7.047709800000000087e+02 3.846209071749077989e-04 3.650869639966079425e-04
7.047712925000000723e+02 3.559972384426724401e-04 3.722616160024467841e-04
7.047716050000000223e+02 4.134989337458869706e-04 3.792305906011959730e-04
7.047719174999999723e+02 3.402785910656799719e-04 3.859996971660254188e-04
7.047722300000000359e+02 4.296889220641344196e-04 3.925748671393794248e-04
7.047725424999999859e+02 4.191397422632261571e-04 3.989621003751757204e-04
7.047728550000000496e+02 4.323911671979658276e-04 4.051674195376013879e-04
7.047731674999999996e+02 4.390148648958443374e-04 4.111968315757033284e-04
7.047734800000000632e+02 4.202668147562017191e-04 4.170562955011512850e-04
7.047737925000000132e+02 4.732777470068084361e-04 4.227516956291837232e-04
7.047741049999999632e+02 4.542679672820511749e-04 4.282888196575050394e-04
7.047744175000000268e+02 4.234235194400147928e-04 4.336733409057683293e-04
7.047747299999999768e+02 4.859446143184626169e-04 4.389108041815040868e-04
7.047750425000000405e+02 5.541816821247819505e-04 4.440066147950395207e-04
7.047753549999999905e+02 4.347615247531335585e-04 4.489660302360939264e-04
7.047756675000000541e+02 4.443734729519810411e-04 4.537941541830538424e-04
7.047759800000000041e+02 4.774566398005454060e-04 4.584959324441842637e-04
7.047762925000000678e+02 4.145270166597779787e-04 4.630761505891247570e-04
7.047766050000000178e+02 4.609418372002167352e-04 4.675394329525815523e-04
7.047769174999999677e+02 4.388633993767930867e-04 4.718902428351624432e-04
7.047772300000000314e+02 4.920160890176519331e-04 4.761328836605039695e-04
7.047775424999999814e+02 4.738922306182942728e-04 4.802715009344061484e-04
7.047778550000000450e+02 5.307964998547794666e-04 4.843100848717783367e-04
7.047781674999999950e+02 4.709990660941485406e-04 4.882524735254394001e-04
7.047784800000000587e+02 4.851841094115796177e-04 4.921023563533824703e-04
7.047787925000000087e+02 5.453436645646693535e-04 4.958632780833299421e-04
7.047791050000000723e+02 5.381035176336984452e-04 4.995386428402324346e-04
7.047794175000000223e+02 4.853110800851045525e-04 5.031317184236600579e-04
7.047797299999999723e+02 5.652633988033635816e-04 5.066456407199499811e-04
7.047800425000000359e+02 5.361895720494339306e-04 5.100834181665799645e-04
7.047803549999999859e+02 5.080081889565442104e-04 5.134479362422187266e-04
7.047806675000000496e+02 5.914067331530320406e-04 5.167419619604287718e-04
7.047809799999999996e+02 5.143550966488326858e-04 5.199681483083223215e-04
7.047812925000000632e+02 6.142482695658299085e-04 5.231290386452096437e-04
7.047816050000000132e+02 5.247438366506233885e-04 5.262270710043990716e-04
7.047819174999999632e+02 5.351231203155665164e-04 5.292645823199042037e-04
7.047822300000000268e+02 5.867895119354509491e-04 5.322438125373551683e-04
7.047825424999999768e+02 5.587327019577464221e-04 5.351669086123431391e-04
7.047828550000000405e+02 5.079162238936338510e-04 5.380359283999703668e-04
7.047831674999999905e+02 5.477859751863174004e-04 5.408528444042996070e-04
7.047834800000000541e+02 4.577552724411754789e-04 5.436195474176847096e-04
7.047837925000000041e+02 5.254977129269155145e-04 5.463378500150069868e-04
7.047841050000000678e+02 5.118584707575350766e-04 5.490094899352191728e-04
7.047844175000000178e+02 5.359551998278576715e-04 5.516361333185074807e-04
7.047847299999999677e+02 5.291102613850307609e-04 5.542193778311140526e-04
7.047850425000000314e+02 5.647661518112987410e-04 5.567607556551745036e-04
7.047853549999999814e+02 4.998352361971798849e-04 5.592617363561375480e-04
7.047856675000000450e+02 6.227242382041924375e-04 5.617237296394778263e-04
7.047859799999999950e+02 5.748350294087944045e-04 5.641480879770088093e-04
7.047862925000000587e+02 5.856862937540935083e-04 5.665361091343617834e-04
7.047866050000000087e+02 5.537047696192282879e-04 5.688890385745229645e-04
7.047869175000000723e+02 5.096245583353089473e-04 5.712080717693455902e-04
7.047872300000000223e+02 5.527461806235793628e-04 5.734943563949763783e-04
7.047875424999999723e+02 6.008953767260569786e-04 5.757489944415650684e-04
7.047878550000000359e+02 5.609037210425518033e-04 5.779730442197291871e-04
7.047881674999999859e+02 5.447304836403255935e-04 5.801675222762554774e-04
7.047884800000000496e+02 5.410781855550622675e-04 5.823334052305426806e-04
7.047887924999999996e+02 5.568738872071470969e-04 5.844716315153887379e-04
7.047891050000000632e+02 6.234609793944648854e-04 5.865831030503973215e-04
7.047894175000000132e+02 6.251114936333612097e-04 5.886686868262473336e-04
7.047897299999999632e+02 5.349582781337607973e-04 5.907292164273534847e-04
7.047900425000000268e+02 5.549202456096704933e-04 5.927654934768067070e-04
7.047903549999999768e+02 5.523770340056724645e-04 5.947782890146648647e-04
7.047906675000000405e+02 5.900744788118246096e-04 5.967683448198173556e-04
7.047909799999999905e+02 5.358842176276920524e-04 5.987363746599921530e-04
7.047912925000000541e+02 6.137576843612483745e-04 6.006830654953944490e-04
7.047916050000000041e+02 6.041042591061772165e-04 6.026090786155157255e-04
7.047919175000000678e+02 6.182145862118337007e-04 6.045150507346232303e-04
