7.169872624999999289e+02 2.316056849603999389e-04 2.221022182588770451e-04
7.169875749999999925e+02 2.384609999931154578e-04 2.220401357471704033e-04
7.169878874999999425e+02 2.138305561453839000e-04 2.219689126544733843e-04
7.169882000000000062e+02 2.056184956874048818e-04 2.218881981137958226e-04
7.169885124999999562e+02 2.761066240063515028e-04 2.217976248363394117e-04
7.169888250000000198e+02 2.195130591147388579e-04 2.216968082155623871e-04
7.169891374999999698e+02 2.327818390500613289e-04 2.215853453768987387e-04
7.169894500000000335e+02 2.041481126795212831e-04 2.214628141684417189e-04
7.169897624999999834e+02 2.315799557034083252e-04 2.213287720898916605e-04
7.169900749999999334e+02 2.184192307925373949e-04 2.211827551543805667e-04
7.169903874999999971e+02 2.340541622181185823e-04 2.210242766797958041e-04
7.169906999999999471e+02 2.242897563763827712e-04 2.208528260045507880e-04
7.169910125000000107e+02 2.349874139809538789e-04 2.206678671220856081e-04
7.169913249999999607e+02 2.316060548195443352e-04 2.204688372302624443e-04
7.169916375000000244e+02 1.964562106125538363e-04 2.202551451879925805e-04
7.169919499999999744e+02 2.270592299435273223e-04 2.200261698751809899e-04
7.169922624999999243e+02 2.442497442794943035e-04 2.197812584473004551e-04
7.169925749999999880e+02 2.198049587165685744e-04 2.195197244795890016e-04
7.169928874999999380e+02 2.068231761850829295e-04 2.192408459929672709e-04
7.169932000000000016e+02 2.186209192830626134e-04 2.189438633528799989e-04
7.169935124999999516e+02 2.298501217671871299e-04 2.186279770354142900e-04
7.169938250000000153e+02 2.273322544743590226e-04 2.182923452489408489e-04
7.169941374999999653e+02 2.175359514637070129e-04 2.179360814057143992e-04
7.169944500000000289e+02 2.122148954198035823e-04 2.175582514302756539e-04
7.169947624999999789e+02 2.226905293575400045e-04 2.171578708986648650e-04
7.169950749999999289e+02 2.111788413708394984e-04 2.167339019941333692e-04
7.169953874999999925e+02 1.935264182325135258e-04 2.162852502719536402e-04
7.169956999999999425e+02 2.416133666945052784e-04 2.158107612211416311e-04
7.169960125000000062e+02 2.013577457696576613e-04 2.153092166099536148e-04
7.169963249999999562e+02 2.121068142896829285e-04 2.147793306079402872e-04
7.169966375000000198e+02 2.106102411851138909e-04 2.142197456676508385e-04
7.169969499999999698e+02 2.166100059406627851e-04 2.136290281604251743e-04
7.169972625000000335e+02 2.319415753263523081e-04 2.130056637489758373e-04
7.169975749999999834e+02 2.116059268506370562e-04 2.123480524927189733e-04
7.169978874999999334e+02 2.141217009830011697e-04 2.116545036695060623e-04
7.169981999999999971e+02 1.996791691463013188e-04 2.109232303107445286e-04
7.169985124999999471e+02 2.031748102766004578e-04 2.101523434412112779e-04
7.169988250000000107e+02 2.050100238372370249e-04 2.093398460161236213e-04
7.169991374999999607e+02 1.873543356185766674e-04 2.084836265609525923e-04
7.169994500000000244e+02 1.875195880763088729e-04 2.075814525077039456e-04
7.169997624999999744e+02 1.970471446103644808e-04 2.066309632446052728e-04
7.170000749999999243e+02 2.050922902243922422e-04 2.056296628833037283e-04
7.170003874999999880e+02 2.119495890357970939e-04 2.045749127730253593e-04
7.170006999999999380e+02 1.777071059742112700e-04 2.034639237901155839e-04
7.170010125000000016e+02 1.806402265890100656e-04 2.022937484418518795e-04
7.170013249999999516e+02 1.888408760103815450e-04 2.010612728523273934e-04
7.170016375000000153e+02 1.949914156103742312e-04 1.997632086935045262e-04
7.170019499999999653e+02 1.729293610857165001e-04 1.983960851725216396e-04
7.170022625000000289e+02 1.836456790922082422e-04 1.969562411845539394e-04
7.170025749999999789e+02 1.988831858074050927e-04 1.954398178016775298e-04
7.170028874999999289e+02 1.854856913740628079e-04 1.938427512756277324e-04
7.170031999999999925e+02 1.670676998136585924e-04 1.921607668056787171e-04
7.170035124999999425e+02 1.923688325348649935e-04 1.903893733597269880e-04
7.170038250000000062e+02 1.783085929636107360e-04 1.885238598983287413e-04
7.170041374999999562e+02 1.869710153597276187e-04 1.865592934497242511e-04
7.170044500000000198e+02 2.052116456736007238e-04 1.844905195366487185e-04
7.170047624999999698e+02 1.924806711093095095e-04 1.823121656013202395e-04
7.170050750000000335e+02 1.805130839011185944e-04 1.800186481507404050e-04
7.170053874999999834e+02 1.749681628534362850e-04 1.776041845303809818e-04
7.170056999999999334e+02 1.767523893212509284e-04 1.750628103446221048e-04
7.170060124999999971e+02 1.775475996968509476e-04 1.723884037669329641e-04
7.170063249999999471e+02 1.326906227389682263e-04 1.695747181571528590e-04
7.170066375000000107e+02 1.737689531742203327e-04 1.666154246222864728e-04
7.170069499999999607e+02 1.717808610381534951e-04 1.635041664349941217e-04
7.170072625000000244e+02 1.482204649546285777e-04 1.602346274229704418e-04
7.170075749999999744e+02 1.610232516728689800e-04 1.568006167720208696e-04
7.170078874999999243e+02 1.525445799787773337e-04 1.531961728745152688e-04
7.170081999999999880e+02 1.581294961627138502e-04 1.494156891546979807e-04
7.170085124999999380e+02 1.373352763898639704e-04 1.454540649526829283e-04
7.170088250000000016e+02 1.453581759110404541e-04 1.413068846532686685e-04
7.170091374999999516e+02 1.212613867821999943e-04 1.369706282813527365e-04
7.170094500000000153e+02 1.522446946848365662e-04 1.324429165087485905e-04
7.170097624999999653e+02 1.289483499640767196e-04 1.277227926618240445e-04
7.170100750000000289e+02 1.218525288510976780e-04 1.228110434346160794e-04
7.170103874999999789e+02 1.020724167810494051e-04 1.177105588936914549e-04
7.170106999999999289e+02 1.253292287003770014e-04 1.124267304903818043e-04
7.170110124999999925e+02 9.381884026710940699e-05 1.069678834748742934e-04
7.170113249999999425e+02 1.245949765258362748e-04 1.013457368785827015e-04
7.170116375000000062e+02 1.092896655365798570e-04 9.557588023936908444e-05
7.170119499999999562e+02 1.036667964488618380e-04 8.967825150209133341e-05
7.170122625000000198e+02 7.906013340335462541e-05 8.367759485391613029e-05
7.170125749999999698e+02 6.315590475821486862e-05 7.760387129750751368e-05
7.170128875000000335e+02 8.223875220394955335e-05 7.149258840794301502e-05
7.170131999999999834e+02 7.525070550321581080e-05 6.538501010545112854e-05
7.170135124999999334e+02 5.261672526217966425e-05 5.932820269189430701e-05
7.170138249999999971e+02 5.050717416814400084e-05 5.337487142924522530e-05
7.170141374999999471e+02 5.543821735958922377e-05 4.758294331040091460e-05
7.170144500000000107e+02 4.023688760164843625e-05 4.201485786175326745e-05
7.170147624999999607e+02 3.733096100103800721e-05 3.673653980035511272e-05
7.170150750000000244e+02 3.196294298670586821e-05 3.181604538029052367e-05
7.170153874999999744e+02 2.745783068619034065e-05 2.732189845386340555e-05
7.170156999999999243e+02 2.034543919576561449e-05 2.332116081153906854e-05
7.170160124999999880e+02 2.306795095417539830e-05 1.987731222643530498e-05
7.170163249999999380e+02 2.186539456604011367e-05 1.704804482321104053e-05
7.170166375000000016e+02 2.011303772403961955e-05 1.488309989285661532e-05
7.170169499999999516e+02 1.448595574209054746e-05 1.342228870201416673e-05
7.170172625000000153e+02 1.654853696318189395e-05 1.269383858249122649e-05
7.170175749999999653e+02 1.034360042620465164e-05 1.271319002167919147e-05
7.170178875000000289e+02 1.754094116444809132e-05 1.348233989406684842e-05
7.170181999999999789e+02 1.099440594158934391e-05 1.498978354834289934e-05
7.170185124999999289e+02 1.159314455456885680e-05 1.721105924211645307e-05
7.170188249999999925e+02 2.161225128549917594e-05 2.010984884464215249e-05
7.170191374999999425e+02 2.193628586144053485e-05 2.363954526081595177e-05
7.170194500000000062e+02 2.075267944887113563e-05 2.774516499058367111e-05
7.170197624999999562e+02 2.412659687216144622e-05 3.236546676208469810e-05
7.170200750000000198e+02 3.454704063933448092e-05 3.743513518878496772e-05
7.170203874999999698e+02 4.968857188640523882e-05 4.288690002587975438e-05
7.170207000000000335e+02 3.763546169254919696e-05 4.865348385032329531e-05
7.170210124999999834e+02 4.528587409970497507e-05 5.466929923620019832e-05
7.170213249999999334e+02 6.768887621626112092e-05 6.087184692057278956e-05
7.170216374999999971e+02 6.265860846105413321e-05 6.720279496684895262e-05
7.170219499999999471e+02 6.515014408438199673e-05 7.360874335412410897e-05
7.170222625000000107e+02 7.490280390014683132e-05 8.004169707136014889e-05
7.170225749999999607e+02 8.269096368707013519e-05 8.645928326015905560e-05
7.170228875000000244e+02 8.762466054410017078e-05 9.282475494005521703e-05
7.170231999999999744e+02 1.159491859736731854e-04 9.910682579253218393e-05
7.170235124999999243e+02 1.027623106356326981e-04 1.052793790931007484e-04
7.170238249999999880e+02 1.157154703887555475e-04 1.113210897613903239e-04
7.170241374999999380e+02 1.146441863049381605e-04 1.172149931783147834e-04
7.170244500000000016e+02 1.359736802005634165e-04 1.229480284396210492e-04
7.170247624999999516e+02 1.161526818300678105e-04 1.285105777082947234e-04
7.170250750000000153e+02 1.593081203831547116e-04 1.338960179708774921e-04
7.170253874999999653e+02 1.517743176009494468e-04 1.391002965802892917e-04
7.170257000000000289e+02 1.420580168222340092e-04 1.441215380965446557e-04
7.170260124999999789e+02 1.317533048682486174e-04 1.489596865981127234e-04
7.170263249999999289e+02 1.348566912127391565e-04 1.536161852818376436e-04
7.170266374999999925e+02 1.401229463702217287e-04 1.580936932324175344e-04
7.170269499999999425e+02 1.675840962664957516e-04 1.623958380199267467e-04
7.170272625000000062e+02 1.861150914315728598e-04 1.665270019276775270e-04
7.170275749999999562e+02 1.584572563063542101e-04 1.704921390500581499e-04
7.170278875000000198e+02 1.898019671859122457e-04 1.742966203381917842e-04
7.170281999999999698e+02 1.876190749092836445e-04 1.779461035134118519e-04
7.170285125000000335e+02 1.856328375109987043e-04 1.814464249329543672e-04
7.170288249999999834e+02 1.875041768765579007e-04 1.848035105584793229e-04
7.170291374999999334e+02 2.039656442534410309e-04 1.880233034731674114e-04
7.170294499999999971e+02 2.118917507887461635e-04 1.911117055557460642e-04
7.170297624999999471e+02 1.747181680556128048e-04 1.940745312126292762e-04
7.170300750000000107e+02 1.966544768557170950e-04 1.969174713082222253e-04
7.170303874999999607e+02 2.150401952798684758e-04 1.996460656276309803e-04
7.170307000000000244e+02 1.913599349095556105e-04 2.022656824817014177e-04
7.170310124999999744e+02 1.985401015725190925e-04 2.047815041939481107e-04
7.170313249999999243e+02 2.048353548775230109e-04 2.071985174491229012e-04
7.170316374999999880e+02 2.299283615496732413e-04 2.095215075839104788e-04
7.170319499999999380e+02 2.078236497228828819e-04 2.117550560723908926e-04
7.170322625000000016e+02 2.353969812792796419e-04 2.139035405755255743e-04
7.170325749999999516e+02 2.098506104478112288e-04 2.159711369991483500e-04
7.170328875000000153e+02 2.019666179140530520e-04 2.179618231394143729e-04
7.170331999999999653e+02 2.193665407105423670e-04 2.198793835204107961e-04
7.170335125000000289e+02 2.040574235169964308e-04 2.217274151423665146e-04
7.170338249999999789e+02 2.244551597249655993e-04 2.235093338662648118e-04
7.170341374999999289e+02 2.274799673954757328e-04 2.252283812517425843e-04
7.170344499999999925e+02 2.260440030483567393e-04 2.268876316649227583e-04
7.170347624999999425e+02 2.436940585278914921e-04 2.284899995298163777e-04
7.170350750000000062e+02 2.243565049936309961e-04 2.300382466221558388e-04
7.170353874999999562e+02 2.027554917503576846e-04 2.315349893068148100e-04
7.170357000000000198e+02 2.641705104710713784e-04 2.329827056713290015e-04
7.170360124999999698e+02 2.284282403359362405e-04 2.343837424873158068e-04
7.170363250000000335e+02 2.602213138395009242e-04 2.357403219796943606e-04
7.170366374999999834e+02 2.403752706318690758e-04 2.370545483595866583e-04
7.170369499999999334e+02 2.128036248850288283e-04 2.383284141179105081e-04
7.170372624999999971e+02 2.386245594551421496e-04 2.395638060549524226e-04
7.170375749999999471e+02 2.370722084075038293e-04 2.407625110445696956e-04
7.170378875000000107e+02 2.473285566854853618e-04 2.419262215348209520e-04
7.170381999999999607e+02 2.775446102524344798e-04 2.430565407751053987e-04
7.170385125000000244e+02 2.789540909248999193e-04 2.441549877870290998e-04
7.170388249999999744e+02 2.599954776666591090e-04 2.452230020712014257e-04
7.170391374999999243e+02 2.543570602054791969e-04 2.462619480700522123e-04
7.170394499999999880e+02 2.530114455853552146e-04 2.472731193848762819e-04
7.170397624999999380e+02 2.757156036647221580e-04 2.482577427605417030e-04
7.170400750000000016e+02 2.221431210206184709e-04 2.492169818509510954e-04
7.170403874999999516e+02 2.507410298342986231e-04 2.501519407661874968e-04
7.170407000000000153e+02 2.365101859888346007e-04 2.510636674224938909e-04
7.170410124999999653e+02 2.482496225043564673e-04 2.519531566939497177e-04
7.170413250000000289e+02 2.572060795889897535e-04 2.528213533866521053e-04
7.170416374999999789e+02 2.579084265926791480e-04 2.536691550344767252e-04
7.170419499999999289e+02 2.167371222695609805e-04 2.544974145359097891e-04
7.170422624999999925e+02 2.437426217889930677e-04 2.553069426330298037e-04
7.170425749999999425e+02 2.684827078760600237e-04 2.560985102447356910e-04
7.170428875000000062e+02 2.499931311778311334e-04 2.568728506653814004e-04
7.170431999999999562e+02 2.642133217150190042e-04 2.576306616295801280e-04
7.170435125000000198e+02 2.584279710683701214e-04 2.583726072597134198e-04
7.170438249999999698e+02 2.810663568951725496e-04 2.590993198943654938e-04
7.170441375000000335e+02 2.267469528800285716e-04 2.598114018133724341e-04
7.170444499999999834e+02 2.812603428139746637e-04 2.605094268573330857e-04
7.170447624999999334e+02 2.663568336096418547e-04 2.611939419559313911e-04
7.170450749999999971e+02 2.779421524172161532e-04 2.618654685642796760e-04
7.170453874999999471e+02 2.862211154569275703e-04 2.625245040154469819e-04
7.170457000000000107e+02 2.528358242334026408e-04 2.631715227966157093e-04
7.170460124999999607e+02 2.592072762694574658e-04 2.638069777476601267e-04
7.170463250000000244e+02 2.391319064422810009e-04 2.644313011940949230e-04
7.170466374999999744e+02 2.586316825423324922e-04 2.650449060111091594e-04
7.170469499999999243e+02 2.537806135405260553e-04 2.656481866298603307e-04
7.170472624999999880e+02 2.638709035899638447e-04 2.662415199840240609e-04
7.170475749999999380e+02 2.517349224074948806e-04 2.668252664024760822e-04
7.170478875000000016e+02 2.604453835838465886e-04 2.673997704534620211e-04
7.170481999999999516e+02 2.854831544196950255e-04 2.679653617380066822e-04
7.170485125000000153e+02 2.796590752386861854e-04 2.685223556420252033e-04
7.170488249999999653e+02 2.555377332008338851e-04 2.690710540431546214e-04
7.170491375000000289e+02 2.584546694080794532e-04 2.696117459814293565e-04
7.170494499999999789e+02 2.661625491961071201e-04 2.701447082896914318e-04
