7.047952084999999443e+02 3.197681081522746305e-04 3.082538901398229939e-04
7.047955210000000079e+02 3.017530378720941148e-04 3.081887592098527385e-04
7.047958334999999579e+02 3.153954176258275273e-04 3.080952257490815211e-04
7.047961460000000216e+02 3.402932827944524902e-04 3.079722123139788962e-04
7.047964584999999715e+02 2.882479399605437464e-04 3.078185937058796652e-04
7.047967710000000352e+02 3.568270143134429453e-04 3.076331946574999989e-04
7.047970834999999852e+02 3.136269975264295768e-04 3.074147874091766471e-04
7.047973960000000488e+02 2.938674313228581371e-04 3.071620891690449618e-04
7.047977084999999988e+02 3.285884294257885403e-04 3.068737594554768466e-04
7.047980209999999488e+02 3.066935185165635879e-04 3.065483973157007050e-04
7.047983335000000125e+02 3.467291931341605132e-04 3.061845384193117746e-04
7.047986459999999624e+02 3.184650263781744735e-04 3.057806520230850630e-04
7.047989585000000261e+02 3.008099515238571290e-04 3.053351378029064045e-04
7.047992709999999761e+02 2.803135681259261570e-04 3.048463225544657232e-04
7.047995835000000397e+02 3.244210892229771269e-04 3.043124567569330534e-04
7.047998959999999897e+02 3.302761764382834784e-04 3.037317110045925053e-04
7.048002084999999397e+02 2.792892412648188350e-04 3.031021723018745631e-04
7.048005210000000034e+02 2.591952401497561341e-04 3.024218402286427761e-04
7.048008334999999533e+02 2.658038220213441711e-04 3.016886229781820506e-04
7.048011460000000170e+02 3.035946156663899605e-04 3.009003332708988835e-04
7.048014584999999670e+02 3.112640344212572467e-04 3.000546841585525755e-04
7.048017710000000307e+02 2.906173136164073791e-04 2.991492847217563358e-04
7.048020834999999806e+02 3.071001474182334743e-04 2.981816356843473479e-04
7.048023960000000443e+02 3.159907790134899343e-04 2.971491249530425118e-04
7.048027084999999943e+02 3.158511846208983441e-04 2.960490231157844035e-04
7.048030209999999443e+02 3.222886723659948048e-04 2.948784789160919964e-04
7.048033335000000079e+02 2.996740151855448696e-04 2.936345147467630374e-04
7.048036459999999579e+02 3.159813519045536292e-04 2.923140222013975741e-04
7.048039585000000216e+02 3.152174108741682534e-04 2.909137577285267990e-04
7.048042709999999715e+02 2.676376153733263374e-04 2.894303384597809526e-04
7.048045835000000352e+02 2.803958792972216377e-04 2.878602382678819584e-04
7.048048959999999852e+02 2.678509943559238046e-04 2.861997841544449924e-04
7.048052085000000488e+02 2.399033712374989903e-04 2.844451530486857361e-04
7.048055209999999988e+02 2.578595223534305690e-04 2.825923691506281098e-04
7.048058334999999488e+02 2.469490777979710784e-04 2.806373019347283893e-04
7.048061460000000125e+02 2.860980646940519657e-04 2.785756649857491188e-04
7.048064584999999624e+02 2.555505486997370181e-04 2.764030158427765701e-04
7.048067710000000261e+02 2.665533552044162756e-04 2.741147570524151669e-04
7.048070834999999761e+02 2.442196144510151885e-04 2.717061386917334217e-04
7.048073960000000397e+02 2.853019890207468762e-04 2.691722626128891481e-04
7.048077084999999897e+02 2.560405011758439030e-04 2.665080887523124556e-04
7.048080209999999397e+02 2.688077085967924924e-04 2.637084438375110994e-04
7.048083335000000034e+02 2.227870429428923586e-04 2.607680329222591378e-04
7.048086459999999533e+02 2.600710348570650535e-04 2.576814542036714203e-04
7.048089585000000170e+02 1.900221899416823144e-04 2.544432176281964187e-04
7.048092709999999670e+02 2.220716386409125149e-04 2.510477678948760602e-04
7.048095835000000307e+02 2.586225432454193163e-04 2.474895124669501028e-04
7.048098959999999806e+02 2.182495194668237809e-04 2.437628553439816117e-04
7.048102085000000443e+02 2.150138133082064634e-04 2.398622373392471341e-04
7.048105209999999943e+02 2.175981177579995856e-04 2.357821837578592166e-04
7.048108334999999443e+02 2.553644081645325579e-04 2.315173603546823590e-04
7.048111460000000079e+02 2.308425190012111314e-04 2.270626385881494708e-04
7.048114584999999579e+02 1.983918702915419760e-04 2.224131711895939402e-04
7.048117710000000216e+02 2.102189400925065792e-04 2.175644790967415604e-04
7.048120834999999715e+02 1.737247087654526247e-04 2.125125508711275368e-04
7.048123960000000352e+02 1.925534665964091991e-04 2.072539556047919005e-04
7.048127084999999852e+02 1.984959071044326950e-04 2.017859703691923139e-04
7.048130210000000488e+02 2.079688808932099908e-04 1.961067230285828966e-04
7.048133334999999988e+02 1.678050285696536519e-04 1.902153511771513040e-04
7.048136459999999488e+02 1.471978996993286628e-04 1.841121775701501275e-04
7.048139585000000125e+02 1.976106281374860629e-04 1.777989021641529065e-04
7.048142709999999624e+02 1.518339319759925087e-04 1.712788103273503817e-04
7.048145835000000261e+02 1.898643757425273802e-04 1.645569961534223925e-04
7.048148959999999761e+02 1.527355351738389272e-04 1.576405991226446045e-04
7.048152085000000397e+02 1.701050321136847161e-04 1.505390512829880725e-04
7.048155209999999897e+02 1.357918282994237478e-04 1.432643311659563816e-04
7.048158334999999397e+02 1.295236339405347642e-04 1.358312192172065832e-04
7.048161460000000034e+02 1.122499714599027034e-04 1.282575482311356480e-04
7.048164584999999533e+02 1.152483708772046036e-04 1.205644406385491060e-04
7.048167710000000170e+02 1.359704197022413186e-04 1.127765228739971572e-04
7.048170834999999670e+02 1.232335966013389328e-04 1.049221055443986427e-04
7.048173960000000307e+02 9.987773529731918624e-05 9.703331648370278788e-05
7.048177084999999806e+02 9.240587251527261777e-05 8.914617273615388869e-05
7.048180210000000443e+02 9.352130047976875350e-05 8.130057653677781604e-05
7.048183334999999943e+02 7.282112879995790845e-05 7.354022036155837753e-05
7.048186459999999443e+02 4.789870316531490960e-05 6.591238657092161033e-05
7.048189585000000079e+02 7.722727797245294173e-05 5.846762896058700306e-05
7.048192709999999579e+02 9.162637049360842839e-05 5.125932621872265362e-05
7.048195835000000216e+02 5.151206450211888059e-05 4.434310133285782079e-05
7.048198959999999715e+02 4.617248949822459194e-05 3.777610638539813647e-05
7.048202085000000352e+02 3.337010168659650816e-05 3.161617848561258480e-05
7.048205209999999852e+02 4.343479098280263076e-05 2.592088010366417781e-05
7.048208335000000488e+02 3.671079308728627947e-05 2.074644477381623462e-05
7.048211459999999988e+02 3.267882339195600483e-05 1.614665709654862846e-05
7.048214584999999488e+02 2.232529365172742966e-05 1.217170295623148902e-05
7.048217710000000125e+02 1.673012381343589417e-05 8.867031710425075881e-06
7.048220834999999624e+02 1.165410426425549748e-05 6.272275675773355508e-06
7.048223960000000261e+02 1.255653422019185128e-05 4.420273243567553030e-06
7.048227084999999761e+02 2.046458809776744068e-05 3.336239950893263793e-06
7.048230210000000397e+02 1.843737183234495349e-05 3.037126606255218500e-06
7.048233334999999897e+02 9.575113662503690503e-06 3.531195517901033738e-06
7.048236459999999397e+02 1.072777968278162909e-05 4.817835333531924844e-06
7.048239585000000034e+02 1.812190236561792722e-08 6.887622903018083828e-06
7.048242709999999533e+02 1.132235497154908364e-05 9.722627807289766221e-06
7.048245835000000170e+02 1.163586667361561970e-05 1.329694288163749703e-05
7.048248959999999670e+02 7.833094951534459597e-06 1.757741309532131116e-05
7.048252085000000307e+02 9.817766066189149852e-06 2.252452651289268179e-05
7.048255209999999806e+02 1.375983774993632164e-05 2.809342509754447968e-05
7.048258335000000443e+02 2.435553070309331433e-05 3.423499037837791101e-05
7.048261459999999943e+02 4.251246506999857328e-05 4.089695907960355273e-05
7.048264584999999443e+02 3.165542789267160664e-05 4.802502680056066714e-05
7.048267710000000079e+02 4.534534526882867146e-05 5.556390275541052214e-05
7.048270834999999579e+02 3.451656803160163371e-05 6.345828519976335670e-05
7.048273960000000216e+02 4.961341720472396178e-05 7.165373456497984705e-05
7.048277084999999715e+02 5.793138485350366428e-05 8.009742878857418894e-05
7.048280210000000352e+02 8.427240241892959560e-05 8.873879270487113492e-05
7.048283334999999852e+02 8.137990084422013707e-05 9.752999962371405266e-05
7.048286460000000488e+02 9.956041572475478048e-05 1.064263488260184859e-04
7.048289584999999988e+02 7.927406131251057021e-05 1.153865267411912287e-04
7.048292709999999488e+02 1.258472666579522870e-04 1.243727628125170718e-04
7.048295835000000125e+02 1.470886229309951694e-04 1.333508928009579622e-04
7.048298959999999624e+02 1.359112815733856271e-04 1.422903433290858860e-04
7.048302085000000261e+02 1.397812972295296805e-04 1.511640515920478181e-04
7.048305209999999761e+02 1.234708917137465525e-04 1.599483335398091963e-04
7.048308335000000397e+02 1.570920510976454084e-04 1.686227130525729055e-04
7.048311459999999897e+02 1.801818994796124986e-04 1.771697231667743720e-04
7.048314584999999397e+02 2.052987683171530347e-04 1.855746891893921154e-04
7.048317710000000034e+02 1.642967119311814070e-04 1.938255018858121880e-04
7.048320834999999533e+02 1.879127145316166945e-04 2.019123875952657523e-04
7.048323960000000170e+02 1.974343672176179882e-04 2.098276807684222882e-04
7.048327084999999670e+02 2.096330285097701505e-04 2.175656030891944372e-04
7.048330210000000307e+02 2.233339822007626284e-04 2.251220524237961971e-04
7.048333334999999806e+02 2.149487840361344261e-04 2.324944037261105943e-04
7.048336460000000443e+02 2.434713873857395757e-04 2.396813234302240883e-04
7.048339584999999943e+02 2.500206779651308617e-04 2.466825980444051973e-04
7.048342709999999443e+02 2.447746391328651876e-04 2.534989773222976394e-04
7.048345835000000079e+02 2.769805364420280269e-04 2.601320318411093346e-04
7.048348959999999579e+02 2.864255008305315975e-04 2.665840246128539583e-04
7.048352085000000216e+02 3.319924373152986405e-04 2.728577961338395108e-04
7.048355209999999715e+02 3.091421257098339701e-04 2.789566620486451983e-04
7.048358335000000352e+02 2.860499349740238469e-04 2.848843226443788300e-04
7.048361459999999852e+02 2.903050605048765331e-04 2.906447831968562230e-04
7.048364585000000488e+02 3.467118414371729573e-04 2.962422843197004877e-04
7.048367709999999988e+02 2.890798032795033269e-04 3.016812413379941723e-04
7.048370834999999488e+02 3.099624920091769960e-04 3.069661918716491992e-04
7.048373960000000125e+02 3.077425024879454135e-04 3.121017507387580103e-04
7.048377084999999624e+02 3.658386962575519959e-04 3.170925714136368857e-04
7.048380210000000261e+02 3.434098105932040820e-04 3.219433133255031202e-04
7.048383334999999761e+02 3.906066765320099317e-04 3.266586142786371953e-04
7.048386460000000397e+02 3.356222011353637283e-04 3.312430674350335768e-04
7.048389584999999897e+02 3.653844735059251264e-04 3.357012022448756759e-04
7.048392709999999397e+02 3.141444062953307461e-04 3.400374688747683947e-04
7.048395835000000034e+02 3.795593216278458459e-04 3.442562256394748020e-04
7.048398959999999533e+02 3.867455800913513898e-04 3.483617290515167962e-04
7.048402085000000170e+02 3.424758435195341321e-04 3.523581261441076275e-04
7.048405209999999670e+02 3.938033819982451260e-04 3.562494487119421114e-04
7.048408335000000307e+02 3.753286904781224544e-04 3.600396092354724411e-04
7.048411459999999806e+02 3.578715739094191772e-04 3.637323981952753841e-04
7.048414585000000443e+02 4.183846504122881531e-04 3.673314826053747546e-04
7.048417709999999943e+02 3.874368130702608671e-04 3.708404055320775844e-04
7.048420834999999443e+02 3.712692516201657016e-04 3.742625864751038755e-04
7.048423960000000079e+02 3.837907996031728552e-04 3.776013224342355395e-04
7.048427084999999579e+02 4.119428510869211474e-04 3.808597895510317530e-04
7.048430210000000216e+02 3.855016740859554107e-04 3.840410452295119265e-04
7.048433334999999715e+02 3.819300727247847962e-04 3.871480306133627297e-04
7.048436460000000352e+02 3.677818860462043105e-04 3.901835733768012804e-04
7.048439584999999852e+02 3.691376078894355252e-04 3.931503907239483554e-04
7.048442710000000488e+02 3.578561923743747144e-04 3.960510925748301461e-04
7.048445834999999988e+02 4.176176190275478727e-04 3.988881848533017398e-04
7.048448959999999488e+02 3.738274646779286467e-04 4.016640728687177688e-04
7.048452085000000125e+02 4.133911673517254542e-04 4.043810647294191342e-04
7.048455209999999624e+02 4.092396936813520953e-04 4.070413747697419001e-04
7.048458335000000261e+02 3.830446193197972965e-04 4.096471269754327891e-04
7.048461459999999761e+02 4.369792285947105893e-04 4.122003583629478139e-04
7.048464585000000397e+02 4.690177030715162202e-04 4.147030223260932211e-04
7.048467709999999897e+02 3.994070056270893499e-04 4.171569919063238571e-04
7.048470834999999397e+02 4.266221022834613052e-04 4.195640630049639135e-04
7.048473960000000034e+02 4.455619792224323867e-04 4.219259575059667905e-04
7.048477084999999533e+02 3.888695984202517400e-04 4.242443263124274361e-04
7.048480210000000170e+02 4.302431841284601668e-04 4.265207523003677827e-04
7.048483334999999670e+02 4.219270692535302117e-04 4.287567531653641408e-04
7.048486460000000307e+02 4.802320908161695047e-04 4.309537841860815546e-04
7.048489584999999806e+02 5.199092156376477515e-04 4.331132408771650008e-04
7.048492710000000443e+02 4.776577027805683703e-04 4.352364615573291727e-04
7.048495834999999943e+02 4.368295889441362588e-04 4.373247298075420386e-04
7.048498959999999443e+02 4.561703177451831835e-04 4.393792768447687849e-04
7.048502085000000079e+02 4.429086011399368692e-04 4.414012837932490573e-04
7.048505209999999579e+02 4.495683720801085478e-04 4.433918838632234529e-04
7.048508335000000216e+02 4.765980541583184613e-04 4.453521644463372315e-04
7.048511459999999715e+02 4.599220755466831997e-04 4.472831691119321198e-04
7.048514585000000352e+02 4.840505594361834969e-04 4.491858995292172837e-04
7.048517709999999852e+02 4.282413853220241201e-04 4.510613172951812282e-04
7.048520835000000488e+02 4.405843792304676618e-04 4.529103456935097867e-04
7.048523959999999988e+02 5.080237228950533045e-04 4.547338713651753522e-04
7.048527084999999488e+02 4.464694982394976303e-04 4.565327459147361182e-04
7.048530210000000125e+02 4.397161065511495117e-04 4.583077874382029959e-04
7.048533334999999624e+02 4.551020151471635604e-04 4.600597819822513802e-04
7.048536460000000261e+02 4.121168833301093850e-04 4.617894849437962669e-04
7.048539584999999761e+02 4.422676914658511967e-04 4.634976223966708205e-04
7.048542710000000397e+02 4.450898455141007030e-04 4.651848923678202053e-04
7.048545834999999897e+02 4.867799240446468527e-04 4.668519660454739824e-04
7.048548959999999397e+02 4.674007187091627443e-04 4.684994889411298134e-04
7.048552085000000034e+02 4.343653278744779266e-04 4.701280819923264981e-04
7.048555209999999533e+02 4.471582749737976008e-04 4.717383426148988291e-04
7.048558335000000170e+02 4.295026136056428676e-04 4.733308457127563323e-04
7.048561459999999670e+02 4.546970565605175005e-04 4.749061446326987581e-04
7.048564585000000307e+02 4.002063249502615331e-04 4.764647720845330910e-04
7.048567709999999806e+02 4.461835781679323741e-04 4.780072410099894375e-04
7.048570835000000443e+02 4.287241196819274649e-04 4.795340454207337364e-04
7.048573959999999943e+02 4.710061452906431196e-04 4.810456611892043391e-04
