7.169641570000000002e+02 2.394297330204059175e-04 2.197994468443124612e-04
7.169644694999999501e+02 2.187581257948149080e-04 2.197787098119195640e-04
7.169647820000000138e+02 2.193454282888099294e-04 2.197490695027868126e-04
7.169650944999999638e+02 2.168903354745127445e-04 2.197101832626103233e-04
7.169654070000000274e+02 1.930516356939349022e-04 2.196616923507733207e-04
7.169657194999999774e+02 2.011420366138542753e-04 2.196032210595573692e-04
7.169660320000000411e+02 2.482876163203290580e-04 2.195343757788518991e-04
7.169663444999999911e+02 2.274833562000173209e-04 2.194547440033095390e-04
7.169666570000000547e+02 2.214322150821747574e-04 2.193638932773885888e-04
7.169669695000000047e+02 2.534669186687937489e-04 2.192613700749499329e-04
7.169672819999999547e+02 2.160936291300939878e-04 2.191466986080976734e-04
7.169675945000000183e+02 1.981700069690182529e-04 2.190193795612933229e-04
7.169679069999999683e+02 1.937773735403031117e-04 2.188788887454789719e-04
7.169682195000000320e+02 2.371877046581602499e-04 2.187246756662513845e-04
7.169685319999999820e+02 1.982630257005823507e-04 2.185561620015877217e-04
7.169688445000000456e+02 2.293835904599210245e-04 2.183727399813997392e-04
7.169691569999999956e+02 2.174055201802331397e-04 2.181737706642023216e-04
7.169694694999999456e+02 2.077957234657159494e-04 2.179585821020813018e-04
7.169697820000000092e+02 2.148560999978695540e-04 2.177264673881691378e-04
7.169700944999999592e+02 2.066338345791218876e-04 2.174766825782965948e-04
7.169704070000000229e+02 2.370251180468411838e-04 2.172084444775492060e-04
7.169707194999999729e+02 2.233548466083242878e-04 2.169209282852003660e-04
7.169710320000000365e+02 2.320656005706449136e-04 2.166132650859395217e-04
7.169713444999999865e+02 2.175129151848047033e-04 2.162845391808054362e-04
7.169716570000000502e+02 2.427390559948046128e-04 2.159337852442674442e-04
7.169719695000000002e+02 2.026558822350250965e-04 2.155599853003745071e-04
7.169722819999999501e+02 2.475365233885345215e-04 2.151620655031716506e-04
7.169725945000000138e+02 2.184484365363283998e-04 2.147388927129103382e-04
7.169729069999999638e+02 2.056073409480231899e-04 2.142892708551226400e-04
7.169732195000000274e+02 2.267747343875386903e-04 2.138119370486503466e-04
7.169735319999999774e+02 2.171889763458278294e-04 2.133055574943249063e-04
7.169738445000000411e+02 1.914099356837402561e-04 2.127687231068265392e-04
7.169741569999999911e+02 2.109331898400731401e-04 2.121999448830722760e-04
7.169744695000000547e+02 2.169868347804225343e-04 2.115976489893656393e-04
7.169747820000000047e+02 2.179608798382993648e-04 2.109601715623554946e-04
7.169750944999999547e+02 2.103700070306216158e-04 2.102857532072002203e-04
7.169754070000000183e+02 2.290186916308304288e-04 2.095725331894173870e-04
7.169757194999999683e+02 1.893080599060997316e-04 2.088185433117594250e-04
7.169760320000000320e+02 2.166178985300320115e-04 2.080217014690350589e-04
7.169763444999999820e+02 1.889056000120437474e-04 2.071798048869495060e-04
7.169766570000000456e+02 2.050444912909004692e-04 2.062905230402022733e-04
7.169769694999999956e+02 2.054773864658960940e-04 2.053513902686542460e-04
7.169772819999999456e+02 1.871305981943738967e-04 2.043597980988120946e-04
7.169775945000000092e+02 1.844051676195081516e-04 2.033129873040917610e-04
7.169779069999999592e+02 2.086259360370110194e-04 2.022080397379167054e-04
7.169782195000000229e+02 1.933909537513803256e-04 2.010418699859140403e-04
7.169785319999999729e+02 2.015917027072090058e-04 1.998112169144972031e-04
7.169788445000000365e+02 1.940855902131208722e-04 1.985126351912357633e-04
7.169791569999999865e+02 1.903291026996821868e-04 1.971424869035712311e-04
7.169794695000000502e+02 1.813660525799847705e-04 1.956969334047032520e-04
7.169797820000000002e+02 2.045831525971657141e-04 1.941719275814296432e-04
7.169800944999999501e+02 1.736799245863865262e-04 1.925632067519329358e-04
7.169804070000000138e+02 1.572515102530321171e-04 1.908662864818670766e-04
7.169807194999999638e+02 1.928028472707512002e-04 1.890764556522273921e-04
7.169810320000000274e+02 1.860573154623009189e-04 1.871887731839035637e-04
7.169813444999999774e+02 2.086649967790721305e-04 1.851980669339391833e-04
7.169816570000000411e+02 1.820999683452718260e-04 1.830989353444801193e-04
7.169819694999999911e+02 1.693985941575708201e-04 1.808857525872090372e-04
7.169822820000000547e+02 1.734626093007858648e-04 1.785526780393235880e-04
7.169825945000000047e+02 1.750218648510826528e-04 1.760936711342630959e-04
7.169829069999999547e+02 1.794256263830895323e-04 1.735025127629166199e-04
7.169832195000000183e+02 1.840706796987561997e-04 1.707728346516420421e-04
7.169835319999999683e+02 1.790074227438166396e-04 1.678981583444499762e-04
7.169838445000000320e+02 1.487292859201727428e-04 1.648719456637050046e-04
7.169841569999999820e+02 1.262140520289633128e-04 1.616876628300417608e-04
7.169844695000000456e+02 1.503554687022148363e-04 1.583388606454071558e-04
7.169847819999999956e+02 1.368023780802997023e-04 1.548192734943473368e-04
7.169850944999999456e+02 1.553772731153639833e-04 1.511229401165406939e-04
7.169854070000000092e+02 1.358262923863877761e-04 1.472443494002911315e-04
7.169857194999999592e+02 1.532527416841302252e-04 1.431786145688256431e-04
7.169860320000000229e+02 1.419822412161568276e-04 1.389216791756951426e-04
7.169863444999999729e+02 1.370552750194218899e-04 1.344705582585654653e-04
7.169866570000000365e+02 1.371612954783653913e-04 1.298236175589851174e-04
7.169869694999999865e+02 1.213279843599203293e-04 1.249808931252965514e-04
7.169872820000000502e+02 1.491964675813635334e-04 1.199444523988257058e-04
7.169875945000000002e+02 1.114566563341051048e-04 1.147187963293422791e-04
7.169879069999999501e+02 9.789770443183407338e-05 1.093112996320999856e-04
7.169882195000000138e+02 9.697841209305960598e-05 1.037326832928459991e-04
7.169885319999999638e+02 9.892396787036889460e-05 9.799750939209738170e-05
7.169888445000000274e+02 1.042701368298613954e-04 9.212468343490589132e-05
7.169891569999999774e+02 7.998677732698616124e-05 8.613794371141338232e-05
7.169894695000000411e+02 8.062609059570362464e-05 8.006631069107744106e-05
7.169897819999999911e+02 8.928070018185009353e-05 7.394446287204540255e-05
7.169900945000000547e+02 5.259210713720463294e-05 6.781299893406920510e-05
7.169904070000000047e+02 5.410005462674770578e-05 6.171854086511549282e-05
7.169907194999999547e+02 6.757041045271880192e-05 5.571362947754469446e-05
7.169910320000000183e+02 3.999259233842971561e-05 4.985636421440540529e-05
7.169913444999999683e+02 3.752418726284574839e-05 4.420974423115303306e-05
7.169916570000000320e+02 4.443949441037268788e-05 3.884067887567248863e-05
7.169919694999999820e+02 3.519237365279486004e-05 3.381865358325481901e-05
7.169922820000000456e+02 4.816949870074969459e-05 2.921406152442583494e-05
7.169925944999999956e+02 3.562123710874574042e-05 2.509624135113311475e-05
7.169929069999999456e+02 2.846173094839081485e-05 2.153129414710954682e-05
7.169932195000000092e+02 2.646602518898109269e-05 1.857978497116660226e-05
7.169935319999999592e+02 2.209643133173352729e-05 1.629446121763447833e-05
7.169938445000000229e+02 1.352869451664029399e-05 1.471813686200500242e-05
7.169941569999999729e+02 8.650269849845221358e-06 1.388189436122579463e-05
7.169944695000000365e+02 1.339411252821316508e-05 1.380374206017377238e-05
7.169947819999999865e+02 1.712064002615114558e-05 1.448783466112008118e-05
7.169950945000000502e+02 1.259228739298309663e-05 1.592432033601511807e-05
7.169954070000000002e+02 2.079377576751216159e-05 1.808982583700465913e-05
7.169957194999999501e+02 2.081316888007421346e-05 2.094853733503788425e-05
7.169960320000000138e+02 2.744753378067387689e-05 2.445378681648392602e-05
7.169963444999999638e+02 2.248419213655259252e-05 2.855001776191823769e-05
7.169966570000000274e+02 3.133574702183590706e-05 3.317498333839824813e-05
7.169969694999999774e+02 2.828922726405514940e-05 3.826202647182606100e-05
7.169972820000000411e+02 2.821498570720320573e-05 4.374230261998590983e-05
7.169975944999999911e+02 4.859755595039048307e-05 4.954682900722530355e-05
7.169979070000000547e+02 4.606646581217803724e-05 5.560827432175867506e-05
7.169982195000000047e+02 4.836743264298805806e-05 6.186243528333122818e-05
7.169985319999999547e+02 6.336568529309919134e-05 6.824937752034302015e-05
7.169988445000000183e+02 7.332085996942449776e-05 7.471424445971539972e-05
7.169991569999999683e+02 9.639924587013273512e-05 8.120775824509732189e-05
7.169994695000000320e+02 8.486173857372768877e-05 8.768645033495495536e-05
7.169997819999999820e+02 8.076472418142973601e-05 9.411266680423665979e-05
7.170000945000000456e+02 8.842242574320693916e-05 1.004543957804014372e-04
7.170004069999999956e+02 1.147754455559048047e-04 1.066849626460884229e-04
7.170007194999999456e+02 1.167781711017778324e-04 1.127826344868214728e-04
7.170010320000000092e+02 1.116869979903019447e-04 1.187301693154119072e-04
7.170013444999999592e+02 1.290727101513516645e-04 1.245143392697985554e-04
7.170016570000000229e+02 1.342056325848426149e-04 1.301254506270490272e-04
7.170019694999999729e+02 1.410229856221915348e-04 1.355568775586840061e-04
7.170022820000000365e+02 1.340254579733184668e-04 1.408046215799873397e-04
7.170025944999999865e+02 1.411806301634426137e-04 1.458669042798956493e-04
7.170029070000000502e+02 1.564311405876645368e-04 1.507437976643963436e-04
7.170032195000000002e+02 1.617368215796035822e-04 1.554368937285345185e-04
7.170035319999999501e+02 1.448238693085976598e-04 1.599490130855625775e-04
7.170038445000000138e+02 1.868701481679535515e-04 1.642839510492196688e-04
7.170041569999999638e+02 1.758925517437868373e-04 1.684462587630492024e-04
7.170044695000000274e+02 1.926138546900746081e-04 1.724410564577643918e-04
7.170047819999999774e+02 1.857622078937981656e-04 1.762738756271310897e-04
7.170050945000000411e+02 1.942845619704068670e-04 1.799505269545588287e-04
7.170054069999999911e+02 1.751284386914571107e-04 1.834769908204165339e-04
7.170057195000000547e+02 1.863944601186850601e-04 1.868593274899997395e-04
7.170060320000000047e+02 1.870547947095017665e-04 1.901036042251801495e-04
7.170063444999999547e+02 2.043762119867993264e-04 1.932158369020908946e-04
7.170066570000000183e+02 2.111355642484955735e-04 1.962019439092351034e-04
7.170069694999999683e+02 2.037824566865179291e-04 1.990677104038907801e-04
7.170072820000000320e+02 2.138667472512668607e-04 2.018187612455376190e-04
7.170075944999999820e+02 2.226625075187829304e-04 2.044605411152262530e-04
7.170079070000000456e+02 2.035067115220682058e-04 2.069983005937593690e-04
7.170082194999999956e+02 2.224884625517886075e-04 2.094370870909404239e-04
7.170085319999999456e+02 1.959505514471401681e-04 2.117817397425652691e-04
7.170088445000000092e+02 2.184690199470948639e-04 2.140368874802559191e-04
7.170091569999999592e+02 2.243455982185111935e-04 2.162069496364814401e-04
7.170094695000000229e+02 2.000019582338287362e-04 2.182961385507683908e-04
7.170097819999999729e+02 2.130650402802434628e-04 2.203084637069653280e-04
7.170100945000000365e+02 2.040479574812353902e-04 2.222477370535107146e-04
7.170104069999999865e+02 2.194226110534921352e-04 2.241175791758223690e-04
7.170107195000000502e+02 2.317252866284390635e-04 2.259214260934401476e-04
7.170110320000000002e+02 2.149388675620940447e-04 2.276625364553183759e-04
7.170113444999999501e+02 2.381383170939222079e-04 2.293439989897264346e-04
7.170116570000000138e+02 2.517282503622014019e-04 2.309687400599627356e-04
7.170119694999999638e+02 2.196879083949911039e-04 2.325395312282741832e-04
7.170122820000000274e+02 2.370280088971209631e-04 2.340589967512214241e-04
7.170125944999999774e+02 2.464680343431868356e-04 2.355296209285709309e-04
7.170129070000000411e+02 2.298723664742346909e-04 2.369537552752162899e-04
7.170132194999999911e+02 2.172620660927341988e-04 2.383336254627970569e-04
7.170135320000000547e+02 2.451383357648959180e-04 2.396713380227527492e-04
7.170138445000000047e+02 2.647278209438850573e-04 2.409688867770828772e-04
7.170141569999999547e+02 2.159470731642389608e-04 2.422281590019747393e-04
7.170144695000000183e+02 2.344763920172370951e-04 2.434509413067156879e-04
7.170147819999999683e+02 2.298041045974189261e-04 2.446389252321657152e-04
7.170150945000000320e+02 2.509211354425216513e-04 2.457937125752498466e-04
7.170154069999999820e+02 2.640461818076092633e-04 2.469168204334703663e-04
7.170157195000000456e+02 2.580696543815771764e-04 2.480096859896337397e-04
7.170160319999999956e+02 2.505295229486251989e-04 2.490736710315860289e-04
7.170163444999999456e+02 2.496576331024214250e-04 2.501100662289448568e-04
7.170166570000000092e+02 2.295355251952487310e-04 2.511200951666567489e-04
7.170169694999999592e+02 2.939625402968473441e-04 2.521049181499932738e-04
7.170172820000000229e+02 2.559601268746069126e-04 2.530656357950067208e-04
7.170175944999999729e+02 2.871808181283607374e-04 2.540032924060657104e-04
7.170179070000000365e+02 2.464510505942402391e-04 2.549188791621091895e-04
7.170182194999999865e+02 2.476270190744995678e-04 2.558133371108004006e-04
7.170185320000000502e+02 2.711333428190252368e-04 2.566875599916157587e-04
7.170188445000000002e+02 2.657390864108529990e-04 2.575423968869988874e-04
7.170191569999999501e+02 2.386412759349951706e-04 2.583786547211364896e-04
7.170194695000000138e+02 2.326369657129628984e-04 2.591971006073330846e-04
7.170197819999999638e+02 2.879488233533612947e-04 2.599984640559888940e-04
7.170200945000000274e+02 2.890995083206770186e-04 2.607834390542362727e-04
7.170204069999999774e+02 2.786621340111247844e-04 2.615526860177356931e-04
7.170207195000000411e+02 2.661718212285125442e-04 2.623068336310787371e-04
7.170210319999999911e+02 2.482073779955643912e-04 2.630464805746824406e-04
7.170213445000000547e+02 2.375800607922219903e-04 2.637721971537732957e-04
7.170216570000000047e+02 2.540046967380336440e-04 2.644845268269361313e-04
7.170219694999999547e+02 2.475237725702390465e-04 2.651839876484905507e-04
7.170222820000000183e+02 2.778203690395238405e-04 2.658710736235549415e-04
7.170225944999999683e+02 2.639288842573865221e-04 2.665462559837741548e-04
7.170229070000000320e+02 2.551793683347287293e-04 2.672099843909952273e-04
7.170232194999999820e+02 2.734713020780614153e-04 2.678626880673189463e-04
7.170235320000000456e+02 2.303535814266403491e-04 2.685047768634469200e-04
7.170238444999999956e+02 2.585421658818191915e-04 2.691366422616409582e-04
7.170241569999999456e+02 3.119579964251229898e-04 2.697586583244653501e-04
7.170244695000000092e+02 2.807975502424054064e-04 2.703711825869627920e-04
7.170247819999999592e+02 2.657262526580708262e-04 2.709745568980178785e-04
7.170250945000000229e+02 2.863032769096958158e-04 2.715691082161697913e-04
7.170254069999999729e+02 2.586292575301158509e-04 2.721551493572812617e-04
7.170257195000000365e+02 2.622149443201066284e-04 2.727329797035958408e-04
7.170260319999999865e+02 2.651797002881754739e-04 2.733028858698191305e-04
7.170263445000000502e+02 2.612635151128658503e-04 2.738651423354480420e-04
