7.160592719999999645e+02 3.220395012450832386e-04 3.190792001356408604e-04
7.160595845000000281e+02 3.428271637693810613e-04 3.194373566193807793e-04
7.160598969999999781e+02 3.777207085071335592e-04 3.197764762970219739e-04
7.160602095000000418e+02 3.313455987749221480e-04 3.200957297146390869e-04
7.160605219999999917e+02 3.432127988430741213e-04 3.203942435487707190e-04
7.160608345000000554e+02 3.507702769200230224e-04 3.206710979124682468e-04
7.160611470000000054e+02 3.050073429066098340e-04 3.209253234744283492e-04
7.160614594999999554e+02 2.975266791745363780e-04 3.211558983809355587e-04
7.160617720000000190e+02 3.355484043700016961e-04 3.213617449632753548e-04
7.160620844999999690e+02 3.179501555548427190e-04 3.215417262160683498e-04
7.160623970000000327e+02 3.740905223243294500e-04 3.216946420301239166e-04
7.160627094999999827e+02 3.521273132465143241e-04 3.218192251599456366e-04
7.160630220000000463e+02 3.119224735937160689e-04 3.219141369084119295e-04
7.160633344999999963e+02 2.976747887598208005e-04 3.219779625060295602e-04
7.160636470000000600e+02 3.089743684412844804e-04 3.220092061639246361e-04
7.160639595000000099e+02 3.095704410331842626e-04 3.220062857757070873e-04
7.160642719999999599e+02 3.492476589046179998e-04 3.219675272436275980e-04
7.160645845000000236e+02 3.299563244220804102e-04 3.218911584016044807e-04
7.160648969999999736e+02 2.943082224121557110e-04 3.217753025070047988e-04
7.160652095000000372e+02 3.258135099008882150e-04 3.216179712703832474e-04
7.160655219999999872e+02 3.393869536985785577e-04 3.214170573923272214e-04
7.160658345000000509e+02 3.250522607651339232e-04 3.211703265726851436e-04
7.160661470000000008e+02 3.337880649211652419e-04 3.208754089592380358e-04
7.160664595000000645e+02 3.160290536248314694e-04 3.205297899973845194e-04
7.160667720000000145e+02 2.882174538986367299e-04 3.201308006466348872e-04
7.160670844999999645e+02 2.992887609447536989e-04 3.196756069228464574e-04
7.160673970000000281e+02 3.352731893772389069e-04 3.191611987310105322e-04
7.160677094999999781e+02 2.751762403422321418e-04 3.185843779502354101e-04
7.160680220000000418e+02 3.053805247797412620e-04 3.179417457321412105e-04
7.160683344999999917e+02 3.053530830298182793e-04 3.172296889836071811e-04
7.160686470000000554e+02 2.748718505626198392e-04 3.164443659967248242e-04
7.160689595000000054e+02 2.760562469443590054e-04 3.155816912082403292e-04
7.160692719999999554e+02 2.934915121103724993e-04 3.146373190627310863e-04
7.160695845000000190e+02 3.187199723890675094e-04 3.136066269785208784e-04
7.160698969999999690e+02 3.232313461626176092e-04 3.124846974200238300e-04
7.160702095000000327e+02 3.077114629600810332e-04 3.112662990954434376e-04
7.160705219999999827e+02 2.912468344911318995e-04 3.099458673359565294e-04
7.160708345000000463e+02 2.958330187958340958e-04 3.085174837188081327e-04
7.160711469999999963e+02 3.005890773125737469e-04 3.069748550605926486e-04
7.160714595000000600e+02 2.808547726696145204e-04 3.053112919235833472e-04
7.160717720000000099e+02 3.049108518292693729e-04 3.035196868678581962e-04
7.160720844999999599e+02 2.982571992861093846e-04 3.015924927197163679e-04
7.160723970000000236e+02 2.955463224914487937e-04 2.995217012471201260e-04
7.160727094999999736e+02 2.814355877732626428e-04 2.972988227226128406e-04
7.160730220000000372e+02 2.694866424552408500e-04 2.949148669833904233e-04
7.160733344999999872e+02 2.917058600344189659e-04 2.923603267888973470e-04
7.160736470000000509e+02 3.222524309003327531e-04 2.896251644275302998e-04
7.160739595000000008e+02 2.795891198978257266e-04 2.866988028137971555e-04
7.160742720000000645e+02 2.696266131565196135e-04 2.835701225430394337e-04
7.160745845000000145e+02 2.726040009779656138e-04 2.802274667701057744e-04
7.160748969999999645e+02 2.839104187660169911e-04 2.766586561126268954e-04
7.160752095000000281e+02 2.889787010865324805e-04 2.728510163075315042e-04
7.160755219999999781e+02 2.699396946113767366e-04 2.687914218566564276e-04
7.160758345000000418e+02 2.710045630953468627e-04 2.644663595152234575e-04
7.160761469999999917e+02 2.351110578631598262e-04 2.598620162365023497e-04
7.160764595000000554e+02 2.302385900473925785e-04 2.549643968909432812e-04
7.160767720000000054e+02 2.182167418681133268e-04 2.497594780315955955e-04
7.160770844999999554e+02 2.337019281873459707e-04 2.442334047798740116e-04
7.160773970000000190e+02 2.294105617436711518e-04 2.383727389140705155e-04
7.160777094999999690e+02 2.188125336715622960e-04 2.321647670490098209e-04
7.160780220000000327e+02 1.859789054785469602e-04 2.255978785095728834e-04
7.160783344999999827e+02 2.207330179452147339e-04 2.186620230368497458e-04
7.160786470000000463e+02 2.024265407878364303e-04 2.113492583538182095e-04
7.160789594999999963e+02 1.972501797104022096e-04 2.036543971056646747e-04
7.160792720000000600e+02 1.753097442030848566e-04 1.955757609066000947e-04
7.160795845000000099e+02 1.507392450632652481e-04 1.871160464392732732e-04
7.160798969999999599e+02 1.801457821428756301e-04 1.782833036877984605e-04
7.160802095000000236e+02 1.698437085068941923e-04 1.690920196573189583e-04
7.160805219999999736e+02 1.734551901873724819e-04 1.595642913206329330e-04
7.160808345000000372e+02 1.455409453256580770e-04 1.497310590279015785e-04
7.160811469999999872e+02 1.451548100249040719e-04 1.396333561227335800e-04
7.160814595000000509e+02 1.477431001922844666e-04 1.293235117982217584e-04
7.160817720000000008e+02 1.303907212318346481e-04 1.188662238082002678e-04
7.160820845000000645e+02 1.165499771465900266e-04 1.083393961975316719e-04
7.160823970000000145e+02 9.634705928405324325e-05 9.783461813874003534e-05
7.160827094999999645e+02 1.012023408736777657e-04 8.745714583109398576e-05
7.160830220000000281e+02 7.563355718525057391e-05 7.732524557192159875e-05
7.160833344999999781e+02 7.906953156952410038e-05 6.756876665871440544e-05
7.160836470000000418e+02 7.157974052295301660e-05 5.832684281305813747e-05
7.160839594999999917e+02 6.409600945436288826e-05 4.974467343830816027e-05
7.160842720000000554e+02 4.773564528383745473e-05 4.196941100476412847e-05
7.160845845000000054e+02 5.646476230074641838e-05 3.514527488526403612e-05
7.160848969999999554e+02 3.843244957376947522e-05 2.940811506207433341e-05
7.160852095000000190e+02 5.324689782343461461e-05 2.487974807434347493e-05
7.160855219999999690e+02 3.594587439837610180e-05 2.166246453570374410e-05
7.160858345000000327e+02 2.469814304300846469e-05 1.983414579289632398e-05
7.160861469999999827e+02 2.989462481179908955e-05 1.944441365347052849e-05
7.160864595000000463e+02 2.570426122395258104e-05 2.051216655681967983e-05
7.160867719999999963e+02 2.617066267693814630e-05 2.302473403123818848e-05
7.160870845000000600e+02 2.844634126310863128e-05 2.693872481762640863e-05
7.160873970000000099e+02 2.432638325293689420e-05 3.218247656272271994e-05
7.160877094999999599e+02 2.110284663808069660e-05 3.865986271052787712e-05
7.160880220000000236e+02 3.558149434300168399e-05 4.625509768099125596e-05
7.160883344999999736e+02 4.694562248558384972e-05 5.483811914199720431e-05
7.160886470000000372e+02 4.479496669691490488e-05 6.427011974721985035e-05
7.160889594999999872e+02 6.897753698741040300e-05 7.440884349604838174e-05
7.160892720000000509e+02 7.026475889962326832e-05 8.511334055559412442e-05
7.160895845000000008e+02 6.626337827477360497e-05 9.624797130723630365e-05
7.160898970000000645e+02 8.522225660341580758e-05 1.076855500082232747e-04
7.160902095000000145e+02 1.230891179258533814e-04 1.193096070327592155e-04
7.160905219999999645e+02 1.128484221071196850e-04 1.310158190902128159e-04
7.160908345000000281e+02 1.352005692011347458e-04 1.427127049295731816e-04
7.160911469999999781e+02 1.215048118793567606e-04 1.543217113422922415e-04
7.160914595000000418e+02 1.281881034711736050e-04 1.657768234805403421e-04
7.160917719999999917e+02 1.524430740401325765e-04 1.770238290430446390e-04
7.160920845000000554e+02 1.822072642986572995e-04 1.880193528848256800e-04
7.160923970000000054e+02 1.809503530251647724e-04 1.987297602672166957e-04
7.160927094999999554e+02 2.109648237653330275e-04 2.091300075005301704e-04
7.160930220000000190e+02 2.376482595450330609e-04 2.192024993778456273e-04
7.160933344999999690e+02 2.527939437989125751e-04 2.289359957966466278e-04
7.160936470000000327e+02 2.607577448655373298e-04 2.383245954786958299e-04
7.160939594999999827e+02 2.665628045639806785e-04 2.473668129560229237e-04
7.160942720000000463e+02 2.499910363451685459e-04 2.560647562942423676e-04
7.160945844999999963e+02 2.624651801962214715e-04 2.644234063171589134e-04
7.160948970000000600e+02 2.805923484726736495e-04 2.724499938332535605e-04
7.160952095000000099e+02 2.868069501208737600e-04 2.801534682843536219e-04
7.160955219999999599e+02 3.011129835704186601e-04 2.875440497872767693e-04
7.160958345000000236e+02 3.138827805804732794e-04 2.946328556267833131e-04
7.160961469999999736e+02 2.941975123691596889e-04 3.014315922582411558e-04
7.160964595000000372e+02 2.827086006836668740e-04 3.079523041866856687e-04
7.160967719999999872e+02 3.044083478238824789e-04 3.142071715844475463e-04
7.160970845000000509e+02 3.570570404240544374e-04 3.202083493750746009e-04
7.160973970000000008e+02 3.059186169701481688e-04 3.259678411469115952e-04
7.160977095000000645e+02 3.749016239275430071e-04 3.314974022011155531e-04
7.160980220000000145e+02 3.559057520968449280e-04 3.368084666558588303e-04
7.160983344999999645e+02 3.553526450078643077e-04 3.419120943690219169e-04
7.160986470000000281e+02 3.932633208416070583e-04 3.468189339636399185e-04
7.160989594999999781e+02 3.815943479983817041e-04 3.515391988827092887e-04
7.160992720000000418e+02 4.164075504549936925e-04 3.560826538925853930e-04
7.160995844999999917e+02 3.883696862408797762e-04 3.604586098270699964e-04
7.160998970000000554e+02 4.203454589165318660e-04 3.646759248319291521e-04
7.161002095000000054e+02 3.821153313437355807e-04 3.687430105796037517e-04
7.161005219999999554e+02 3.260603159755032275e-04 3.726678422938077551e-04
7.161008345000000190e+02 4.430703646205401934e-04 3.764579715594499340e-04
7.161011469999999690e+02 3.884430154849152512e-04 3.801205411372084609e-04
7.161014595000000327e+02 3.534063505050199301e-04 3.836623011542713343e-04
7.161017719999999827e+02 4.354812911986571879e-04 3.870896261260713123e-04
7.161020845000000463e+02 3.896787115092058469e-04 3.904085324454584574e-04
7.161023969999999963e+02 3.980568511706511449e-04 3.936246959809383788e-04
7.161027095000000600e+02 4.101880799569744421e-04 3.967434695785499463e-04
7.161030220000000099e+02 4.072024505146706625e-04 3.997699002416764120e-04
7.161033344999999599e+02 4.135859196777362610e-04 4.027087458855185993e-04
7.161036470000000236e+02 4.173869141050194935e-04 4.055644915356923248e-04
7.161039594999999736e+02 4.305601650125921026e-04 4.083413649121300803e-04
7.161042720000000372e+02 4.450965560953597244e-04 4.110433513613012072e-04
7.161045844999999872e+02 4.492432355059455774e-04 4.136742080839853151e-04
7.161048970000000509e+02 4.048463256239323788e-04 4.162374776776709838e-04
7.161052095000000008e+02 4.208684256563523652e-04 4.187365009616499404e-04
7.161055220000000645e+02 4.301898269117538981e-04 4.211744291240150390e-04
7.161058345000000145e+02 4.101187961656274639e-04 4.235542351759934024e-04
7.161061469999999645e+02 4.797894166791449606e-04 4.258787247621815620e-04
7.161064595000000281e+02 4.338198741984539164e-04 4.281505463279330057e-04
7.161067719999999781e+02 4.623371001722381820e-04 4.303722006794794821e-04
7.161070845000000418e+02 3.404444117420405498e-04 4.325460499722417465e-04
7.161073969999999917e+02 4.265567906562764801e-04 4.346743261354554127e-04
7.161077095000000554e+02 4.495428179066035426e-04 4.367591387868066969e-04
7.161080220000000054e+02 4.298125716836390781e-04 4.388024826402382316e-04
7.161083344999999554e+02 3.866241416101977063e-04 4.408062444589528305e-04
7.161086470000000190e+02 4.875026766925401192e-04 4.427722095615837660e-04
7.161089594999999690e+02 4.783945081849041384e-04 4.447020679157369437e-04
7.161092720000000327e+02 4.675537208803905382e-04 4.465974198509128999e-04
7.161095844999999827e+02 4.354502534917657590e-04 4.484597813972395126e-04
7.161098970000000463e+02 4.463726336933525134e-04 4.502905892946543610e-04
7.161102094999999963e+02 4.456642174126733890e-04 4.520912056721726577e-04
7.161105220000000600e+02 4.441762448988632980e-04 4.538629224394646281e-04
7.161108345000000099e+02 4.542143843362280299e-04 4.556069653887725047e-04
7.161111469999999599e+02 4.537479080786562739e-04 4.573244980457365433e-04
7.161114595000000236e+02 4.577111737903796795e-04 4.590166252699477136e-04
7.161117719999999736e+02 4.662309386463185353e-04 4.606843966279604513e-04
7.161120845000000372e+02 4.376145630063716816e-04 4.623288095597213659e-04
7.161123969999999872e+02 4.332674862778165543e-04 4.639508123372440497e-04
7.161127095000000509e+02 4.792928189313778748e-04 4.655513068474706928e-04
7.161130220000000008e+02 4.707630616735827638e-04 4.671311511924513236e-04
7.161133345000000645e+02 4.701574348211406463e-04 4.686911621372003424e-04
7.161136470000000145e+02 4.675414732537430261e-04 4.702321173972945833e-04
7.161139594999999645e+02 4.963679317584626487e-04 4.717547577940376540e-04
7.161142720000000281e+02 4.364364169577442175e-04 4.732597892721855486e-04
7.161145844999999781e+02 4.667034481393300682e-04 4.747478847947476954e-04
7.161148970000000418e+02 4.690956961631162969e-04 4.762196861282551254e-04
7.161152094999999917e+02 4.583771966629717615e-04 4.776758055124475386e-04
7.161155220000000554e+02 4.160412751915909470e-04 4.791168272381594547e-04
7.161158345000000054e+02 4.987129461747992140e-04 4.805433091228001620e-04
7.161161469999999554e+02 4.852293130380566297e-04 4.819557839059636362e-04
7.161164595000000190e+02 4.873105862153327000e-04 4.833547605576362055e-04
7.161167719999999690e+02 4.611583922115868083e-04 4.847407255096591828e-04
7.161170845000000327e+02 4.511648289428298974e-04 4.861141438203317846e-04
7.161173969999999827e+02 5.064444691137851354e-04 4.874754602641047873e-04
7.161177095000000463e+02 5.341842468027158987e-04 4.888251003662563449e-04
7.161180219999999963e+02 4.717984279256873421e-04 4.901634713705468188e-04
7.161183345000000600e+02 5.047808426915889558e-04 4.914909631594184579e-04
7.161186470000000099e+02 4.773890174820569730e-04 4.928079491144931072e-04
7.161189594999999599e+02 4.875168458343449060e-04 4.941147869357082533e-04
7.161192720000000236e+02 4.641721482703324271e-04 4.954118194099715877e-04
7.161195844999999736e+02 4.740155165003593490e-04 4.966993751370646099e-04
7.161198970000000372e+02 4.997245031651431245e-04 4.979777692200554155e-04
7.161202094999999872e+02 5.130300326584660321e-04 4.992473039109361025e-04
7.161205220000000509e+02 4.728322868875826620e-04 5.005082692282881952e-04
7.161208345000000008e+02 4.610897028081540976e-04 5.017609435342321568e-04
7.161211470000000645e+02 5.079793769835772585e-04 5.030055940874424885e-04
7.161214595000000145e+02 5.282724335943826070e-04 5.042424775594189995e-04
