7.150135470000000169e+02 3.596799943721127636e-04 3.403164803608521279e-04
7.150138594999999668e+02 3.583820713753744407e-04 3.406977067164240367e-04
7.150141720000000305e+02 3.750665795684969442e-04 3.410684084052975715e-04
7.150144844999999805e+02 3.363919872333375719e-04 3.414281459831276159e-04
7.150147970000000441e+02 3.909728809968038396e-04 3.417764574140158594e-04
7.150151094999999941e+02 3.627578840017942475e-04 3.421128566961288524e-04
7.150154220000000578e+02 3.473408744960047628e-04 3.424368323936468478e-04
7.150157345000000078e+02 3.627987716135907354e-04 3.427478460635345701e-04
7.150160470000000714e+02 3.221070505743709963e-04 3.430453305729520884e-04
7.150163595000000214e+02 3.481217443031395849e-04 3.433286882947570763e-04
7.150166719999999714e+02 3.558317219290943337e-04 3.435972891750805388e-04
7.150169845000000350e+02 3.443134345012525857e-04 3.438504686598247979e-04
7.150172969999999850e+02 3.575777604847466635e-04 3.440875254700442951e-04
7.150176095000000487e+02 3.662878706205149426e-04 3.443077192147604151e-04
7.150179219999999987e+02 3.634700456806224940e-04 3.445102678257119864e-04
7.150182345000000623e+02 3.596044642544509308e-04 3.446943448022272332e-04
7.150185470000000123e+02 3.296359868236661828e-04 3.448590762479327582e-04
7.150188594999999623e+02 3.160474375698303770e-04 3.450035376844934765e-04
7.150191720000000259e+02 3.998095635510129234e-04 3.451267506219767001e-04
7.150194844999999759e+02 3.930933824956141329e-04 3.452276788664442671e-04
7.150197970000000396e+02 3.457376721460065912e-04 3.453052245430038346e-04
7.150201094999999896e+02 3.552446627710600414e-04 3.453582238093726555e-04
7.150204220000000532e+02 3.582432066766602749e-04 3.453854422349860722e-04
7.150207345000000032e+02 3.217958270757911464e-04 3.453855698164126154e-04
7.150210470000000669e+02 3.351197322708997207e-04 3.453572155988622432e-04
7.150213595000000169e+02 2.970728207764139614e-04 3.452989018700035502e-04
7.150216719999999668e+02 3.520412993212732652e-04 3.452090578897545892e-04
7.150219845000000305e+02 2.875511304125113955e-04 3.450860131166728776e-04
7.150222969999999805e+02 3.387260494387469558e-04 3.449279898883584293e-04
7.150226095000000441e+02 3.800725902160974746e-04 3.447330955088277423e-04
7.150229219999999941e+02 3.495621361632310657e-04 3.444993136941376785e-04
7.150232345000000578e+02 3.607905954100606581e-04 3.442244953203819490e-04
7.150235470000000078e+02 3.175066587182206004e-04 3.439063484181564107e-04
7.150238595000000714e+02 3.280108930100245415e-04 3.435424273482324425e-04
7.150241720000000214e+02 3.284286805103275256e-04 3.431301210947077505e-04
7.150244844999999714e+02 3.276025335151340066e-04 3.426666406006483620e-04
7.150247970000000350e+02 3.347452407258678497e-04 3.421490050733649391e-04
7.150251094999999850e+02 3.756095621233321497e-04 3.415740271783294446e-04
7.150254220000000487e+02 2.836632192816567139e-04 3.409382970353364256e-04
7.150257344999999987e+02 2.992947841570415169e-04 3.402381649346061516e-04
7.150260470000000623e+02 3.526170459302753186e-04 3.394697226764174184e-04
7.150263595000000123e+02 3.683125457537068546e-04 3.386287834506948331e-04
7.150266719999999623e+02 3.278853407998546816e-04 3.377108601582939473e-04
7.150269845000000259e+02 3.050076269114911868e-04 3.367111420931312698e-04
7.150272969999999759e+02 2.903416154395270900e-04 3.356244699019401913e-04
7.150276095000000396e+02 3.259507934863054512e-04 3.344453087467949494e-04
7.150279219999999896e+02 2.814636350215174378e-04 3.331677196258133562e-04
7.150282345000000532e+02 3.132369745647688858e-04 3.317853288090582371e-04
7.150285470000000032e+02 3.134442477758503636e-04 3.302912954060500711e-04
7.150288595000000669e+02 3.590514219119993579e-04 3.286782770980119076e-04
7.150291720000000169e+02 2.959930280830325730e-04 3.269383941601127310e-04
7.150294844999999668e+02 3.055863635131878106e-04 3.250631919469376208e-04
7.150297970000000305e+02 3.348300575099756138e-04 3.230436021510195476e-04
7.150301094999999805e+02 2.911342296035192160e-04 3.208699032631951906e-04
7.150304220000000441e+02 3.078466213940186718e-04 3.185316808365577486e-04
7.150307344999999941e+02 2.700887457235642049e-04 3.160177884098572362e-04
7.150310470000000578e+02 3.254051744852821449e-04 3.133163101891321993e-04
7.150313595000000078e+02 3.284643972279906177e-04 3.104145270006132464e-04
7.150316720000000714e+02 3.046267078083869954e-04 3.072988874251706315e-04
7.150319845000000214e+02 2.747260237983276598e-04 3.039549866509054510e-04
7.150322969999999714e+02 3.056598121601754379e-04 3.003675562156659794e-04
7.150326095000000350e+02 2.750079334054921854e-04 2.965204687292618798e-04
7.150329219999999850e+02 3.069104607897867260e-04 2.923967626739042256e-04
7.150332345000000487e+02 2.566103293708139324e-04 2.879786936333542991e-04
7.150335469999999987e+02 2.548376415172466593e-04 2.832478198534255803e-04
7.150338595000000623e+02 2.169867201481535252e-04 2.781851317119212299e-04
7.150341720000000123e+02 2.550522510980227152e-04 2.727712368012396899e-04
7.150344844999999623e+02 2.285899927288186540e-04 2.669866145012018033e-04
7.150347970000000259e+02 2.736257732579921932e-04 2.608119564970736641e-04
7.150351094999999759e+02 2.925293879260092177e-04 2.542286122137788645e-04
7.150354220000000396e+02 2.367943356815347300e-04 2.472191606073475363e-04
7.150357344999999896e+02 2.494127124299748942e-04 2.397681319216206667e-04
7.150360470000000532e+02 2.040985709509009476e-04 2.318629041080297586e-04
7.150363595000000032e+02 1.965128575368934693e-04 2.234947984655411067e-04
7.150366720000000669e+02 2.026667219355406460e-04 2.146603961643239018e-04
7.150369845000000169e+02 1.868516738392266897e-04 2.053630911622266852e-04
7.150372969999999668e+02 2.176218694374854219e-04 1.956148834458083308e-04
7.150376095000000305e+02 2.104694013030680537e-04 1.854383986046014834e-04
7.150379219999999805e+02 1.863117484517553104e-04 1.748690931886611832e-04
7.150382345000000441e+02 1.998300788900088810e-04 1.639575691559195267e-04
7.150385469999999941e+02 1.523748012924388022e-04 1.527718746241292567e-04
7.150388595000000578e+02 1.570988659676645933e-04 1.413996128768904115e-04
7.150391720000000078e+02 1.454153814470351210e-04 1.299496218919261111e-04
7.150394845000000714e+02 1.091710981537857063e-04 1.185529292107815068e-04
7.150397970000000214e+02 1.123530421998106759e-04 1.073626446867659328e-04
7.150401094999999714e+02 1.078302717954431424e-04 9.655244147167802793e-05
7.150404220000000350e+02 9.397351463249725115e-05 8.631331277967520537e-05
7.150407344999999850e+02 8.726109501632384625e-05 7.684839423559972527e-05
7.150410470000000487e+02 1.028225548491879698e-04 6.836581853672261456e-05
7.150413594999999987e+02 4.843872345996658207e-05 6.106981508882149134e-05
7.150416720000000623e+02 7.017918573529826926e-05 5.515055582466366470e-05
7.150419845000000123e+02 3.907585479089892581e-05 5.077353269593791436e-05
7.150422969999999623e+02 5.516723440201775654e-05 4.806946866335564522e-05
7.150426095000000259e+02 5.554167166571508693e-05 4.712584952002570954e-05
7.150429219999999759e+02 6.848767002937690797e-05 4.798107377813690675e-05
7.150432345000000396e+02 4.486497202263977610e-05 5.062194614014717438e-05
7.150435469999999896e+02 6.372419369312181899e-05 5.498482660382401145e-05
7.150438595000000532e+02 5.782552031014708888e-05 6.096027165073637577e-05
7.150441720000000032e+02 7.313511396835516295e-05 6.840056356363749773e-05
7.150444845000000669e+02 5.323157414073950738e-05 7.712920561574285617e-05
7.150447970000000169e+02 7.325980487261152328e-05 8.695131615401362831e-05
7.150451094999999668e+02 7.600843862306547541e-05 9.766388985518926645e-05
7.150454220000000305e+02 9.949199246089943278e-05 1.090650741072115784e-04
7.150457344999999805e+02 9.628766133047551141e-05 1.209618737264897819e-04
7.150460470000000441e+02 1.239288077624000554e-04 1.331759840689109107e-04
7.150463594999999941e+02 1.013393553210187423e-04 1.455477091425195211e-04
7.150466720000000578e+02 1.376331880562896314e-04 1.579381166410656666e-04
7.150469845000000078e+02 1.500650693383181349e-04 1.702297042141845645e-04
7.150472970000000714e+02 1.618974619827690279e-04 1.823259070837234821e-04
7.150476095000000214e+02 1.940747708181377788e-04 1.941497796791866247e-04
7.150479219999999714e+02 2.020037979502721525e-04 2.056421519964205164e-04
7.150482345000000350e+02 2.228211990862335556e-04 2.167595100671892668e-04
7.150485469999999850e+02 2.283518824884780822e-04 2.274717929354627102e-04
7.150488595000000487e+02 2.309238248423594111e-04 2.377602438710797977e-04
7.150491719999999987e+02 2.642738673291920642e-04 2.476154060928310407e-04
7.150494845000000623e+02 2.796491408083954123e-04 2.570353154863534804e-04
7.150497970000000123e+02 2.865181493509692920e-04 2.660239139584401227e-04
7.150501094999999623e+02 2.382613516004479764e-04 2.745896871000829895e-04
7.150504220000000259e+02 2.821801976365719694e-04 2.827445163545341377e-04
7.150507344999999759e+02 2.750049329715953503e-04 2.905027280938588495e-04
7.150510470000000396e+02 3.180085777567760101e-04 2.978803179961379811e-04
7.150513594999999896e+02 3.278205325438394188e-04 3.048943277352320720e-04
7.150516720000000532e+02 3.764341499174608590e-04 3.115623516405801891e-04
7.150519845000000032e+02 3.431421460547411117e-04 3.179021523607565049e-04
7.150522970000000669e+02 3.315995521568586681e-04 3.239313668407342887e-04
7.150526095000000169e+02 3.929842159666231422e-04 3.296672860881576261e-04
7.150529219999999668e+02 3.504465024224885671e-04 3.351266946749840840e-04
7.150532345000000305e+02 4.086516820155162207e-04 3.403257579774523339e-04
7.150535469999999805e+02 3.434531563850807948e-04 3.452799472176091840e-04
7.150538595000000441e+02 3.782801319126072922e-04 3.500039941046025537e-04
7.150541719999999941e+02 3.296138731693256654e-04 3.545118683153893253e-04
7.150544845000000578e+02 4.002663571602185343e-04 3.588167724320831683e-04
7.150547970000000078e+02 3.845727263582943839e-04 3.629311499116251449e-04
7.150551095000000714e+02 3.231153666288237754e-04 3.668667026575806464e-04
7.150554220000000214e+02 4.226948419786792578e-04 3.706344153892519150e-04
7.150557344999999714e+02 4.065976999986194228e-04 3.742445846939258477e-04
7.150560470000000350e+02 3.802698738660905743e-04 3.777068510450973010e-04
7.150563594999999850e+02 3.339650030281911199e-04 3.810302325089366671e-04
7.150566720000000487e+02 3.536751324443007161e-04 3.842231591660187412e-04
7.150569844999999987e+02 4.086975672235153029e-04 3.872935074795678424e-04
7.150572970000000623e+02 4.337003583832878067e-04 3.902486341039549398e-04
7.150576095000000123e+02 3.911912979255986224e-04 3.930954087054349907e-04
7.150579219999999623e+02 3.800845531818182661e-04 3.958402455585533137e-04
7.150582345000000259e+02 3.827963474551674197e-04 3.984891337117192405e-04
7.150585469999999759e+02 4.279571719177296951e-04 4.010476656258266711e-04
7.150588595000000396e+02 3.996455877354164465e-04 4.035210642409062698e-04
7.150591719999999896e+02 4.234958849204062902e-04 4.059142084341831654e-04
7.150594845000000532e+02 3.887257588115814160e-04 4.082316569152316318e-04
7.150597970000000032e+02 4.259767438690860680e-04 4.104776705680232216e-04
7.150601095000000669e+02 4.086999235679809883e-04 4.126562333216752003e-04
7.150604220000000169e+02 4.512733725090104279e-04 4.147710715870464343e-04
7.150607344999999668e+02 3.854399541641046682e-04 4.168256723552119869e-04
7.150610470000000305e+02 4.788676701743319985e-04 4.188233000116573066e-04
7.150613594999999805e+02 4.211057577451010549e-04 4.207670119500416558e-04
7.150616720000000441e+02 4.778877532603967391e-04 4.226596730672854793e-04
7.150619844999999941e+02 4.231993355815124192e-04 4.245039691956613466e-04
7.150622970000000578e+02 4.153170734549284002e-04 4.263024195648936095e-04
7.150626095000000078e+02 4.413813597143489325e-04 4.280573883403871079e-04
7.150629220000000714e+02 4.457776960043735039e-04 4.297710953239522523e-04
7.150632345000000214e+02 4.529886497087269571e-04 4.314456258574090567e-04
7.150635469999999714e+02 4.056082471150919085e-04 4.330829400066594235e-04
7.150638595000000350e+02 4.173751043974334549e-04 4.346848810644848393e-04
7.150641719999999850e+02 4.343160562066391357e-04 4.362531834291825407e-04
7.150644845000000487e+02 4.512454352954197389e-04 4.377894799116167457e-04
7.150647969999999987e+02 4.091944200847407419e-04 4.392953085000878086e-04
7.150651095000000623e+02 4.845259215928410224e-04 4.407721186412725612e-04
7.150654220000000123e+02 4.715393482127274100e-04 4.422212770569361700e-04
7.150657344999999623e+02 4.267230702578158415e-04 4.436440731482303485e-04
7.150660470000000259e+02 4.551148880910190256e-04 4.450417240061027612e-04
7.150663594999999759e+02 4.344088824562313033e-04 4.464153790631105725e-04
7.150666720000000396e+02 4.437023996330839238e-04 4.477661244188640413e-04
7.150669844999999896e+02 4.595160829644781520e-04 4.490949868517921583e-04
7.150672970000000532e+02 4.417084418788350835e-04 4.504029375559726652e-04
7.150676095000000032e+02 4.800795627801810817e-04 4.516908956087371634e-04
7.150679220000000669e+02 4.703717450491317915e-04 4.529597312042874511e-04
7.150682345000000169e+02 4.259846556180067354e-04 4.542102686562874054e-04
7.150685469999999668e+02 4.747023655164360435e-04 4.554432892007504612e-04
7.150688595000000305e+02 4.391544926989325191e-04 4.566595336030019464e-04
7.150691719999999805e+02 4.509419009280542776e-04 4.578597045877192458e-04
7.150694845000000441e+02 4.798297245297376682e-04 4.590444691094186058e-04
7.150697969999999941e+02 4.739638886522886253e-04 4.602144604645063905e-04
7.150701095000000578e+02 4.454325869465739179e-04 4.613702802695414710e-04
7.150704220000000078e+02 4.340651309145700091e-04 4.625125003021695854e-04
7.150707345000000714e+02 4.339582683477017744e-04 4.636416642278139611e-04
7.150710470000000214e+02 4.279925127506363611e-04 4.647582892073842350e-04
7.150713594999999714e+02 4.456871493491150016e-04 4.658628674069565300e-04
7.150716720000000350e+02 4.977831534094744829e-04 4.669558674064994554e-04
7.150719844999999850e+02 4.871400211411928017e-04 4.680377355187238667e-04
7.150722970000000487e+02 4.127518607680857616e-04 4.691088970282574280e-04
7.150726094999999987e+02 4.207583728905593852e-04 4.701697573471257585e-04
7.150729220000000623e+02 5.102673703088523877e-04 4.712207031041425122e-04
7.150732345000000123e+02 4.631782367788596648e-04 4.722621031607328714e-04
7.150735469999999623e+02 4.187165178481056719e-04 4.732943095697989119e-04
7.150738595000000259e+02 4.895153111498084381e-04 4.743176584722870914e-04
7.150741719999999759e+02 4.757226053938445757e-04 4.753324709393294393e-04
7.150744845000000396e+02 4.906970098324243794e-04 4.763390537672694395e-04
7.150747969999999896e+02 4.951156380531442471e-04 4.773377002197238790e-04
7.150751095000000532e+02 4.271857069591519828e-04 4.783286907312683301e-04
7.150754220000000032e+02 4.635236711410230465e-04 4.793122935639528449e-04
7.150757345000000669e+02 4.823431988656575430e-04 4.802887654309887671e-04
