7.071574389999999539e+02 3.160016776983927910e-04 3.452257490489283004e-04
7.071577514999999039e+02 3.488380525727780230e-04 3.455817178393666401e-04
7.071580639999999676e+02 3.397008747151743875e-04 3.458975477387920519e-04
7.071583764999999175e+02 3.443879012821766386e-04 3.461716941839392708e-04
7.071586889999999812e+02 3.752548986191893096e-04 3.464025440796937821e-04
7.071590014999999312e+02 3.811243451524697480e-04 3.465884125409931702e-04
7.071593139999999948e+02 3.668944867907750489e-04 3.467275394901117797e-04
7.071596264999999448e+02 3.475559056018294631e-04 3.468180861030361987e-04
7.071599390000000085e+02 3.725768164241020485e-04 3.468581311039486796e-04
7.071602514999999585e+02 3.547564593664548306e-04 3.468456669037131655e-04
7.071605639999999084e+02 3.717967207072766025e-04 3.467785955817078184e-04
7.071608764999999721e+02 3.572524092463388173e-04 3.466547247095572355e-04
7.071611889999999221e+02 3.758247611562203806e-04 3.464717630178159192e-04
7.071615014999999858e+02 3.687309297361374182e-04 3.462273159064915081e-04
7.071618139999999357e+02 3.316386207692166685e-04 3.459188808044584671e-04
7.071621264999999994e+02 3.426816460470624801e-04 3.455438423812007319e-04
7.071624389999999494e+02 3.675009571468121545e-04 3.450994676217802436e-04
7.071627514999998994e+02 3.909751726095016190e-04 3.445829007725239690e-04
7.071630639999999630e+02 3.492596847861621670e-04 3.439911581747058977e-04
7.071633764999999130e+02 3.790522202294734403e-04 3.433211230037938383e-04
7.071636889999999767e+02 3.638296462875209255e-04 3.425695399343830442e-04
7.071640014999999266e+02 3.008108817524741919e-04 3.417330097650768113e-04
7.071643139999999903e+02 3.178691634227267149e-04 3.408079840303390295e-04
7.071646264999999403e+02 3.292450007140574307e-04 3.397907596501589908e-04
7.071649390000000039e+02 3.204456446052772901e-04 3.386774736583132652e-04
7.071652514999999539e+02 3.257037071219831418e-04 3.374640980804039805e-04
7.071655639999999039e+02 3.193273761494676939e-04 3.361464350219758022e-04
7.071658764999999676e+02 3.260092330801693029e-04 3.347201120608886654e-04
7.071661889999999175e+02 3.032250412851612278e-04 3.331805780403948244e-04
7.071665014999999812e+02 3.190929459977856269e-04 3.315230993733412788e-04
7.071668139999999312e+02 3.320238509987573318e-04 3.297427570071516270e-04
7.071671264999999948e+02 3.368268516287787587e-04 3.278344441900458484e-04
7.071674389999999448e+02 3.135065819545415394e-04 3.257928652408275403e-04
7.071677515000000085e+02 3.108814251817140491e-04 3.236125355126604516e-04
7.071680639999999585e+02 2.914624461286725605e-04 3.212877828160470265e-04
7.071683764999999084e+02 3.133787324959200465e-04 3.188127505566547195e-04
7.071686889999999721e+02 2.759006291340399333e-04 3.161814029251800513e-04
7.071690014999999221e+02 2.906832005680409304e-04 3.133875324950416994e-04
7.071693139999999858e+02 3.069217290098896029e-04 3.104247706280191424e-04
7.071696264999999357e+02 2.777373833428886966e-04 3.072866011773180898e-04
7.071699389999999994e+02 2.602514690596927516e-04 3.039663779790154606e-04
7.071702514999999494e+02 2.717257430631494271e-04 3.004573467519964874e-04
7.071705639999998994e+02 2.948957968014691397e-04 2.967526720238527517e-04
7.071708764999999630e+02 2.473989750751576255e-04 2.928454698352500976e-04
7.071711889999999130e+02 2.728765188352965786e-04 2.887288470094321333e-04
7.071715014999999767e+02 2.553463451555087658e-04 2.843959478425990084e-04
7.071718139999999266e+02 2.621399887581593244e-04 2.798400091978058240e-04
7.071721264999999903e+02 2.897482923687783214e-04 2.750544249720129832e-04
7.071724389999999403e+02 2.518607292231127932e-04 2.700328210667713954e-04
7.071727515000000039e+02 2.716457262572526251e-04 2.647691419414155293e-04
7.071730639999999539e+02 2.316542017392720992e-04 2.592577499711275061e-04
7.071733764999999039e+02 2.436273525566390785e-04 2.534935387301372493e-04
7.071736889999999676e+02 2.175281646957849318e-04 2.474720613997608639e-04
7.071740014999999175e+02 2.091511621633973788e-04 2.411896753707925189e-04
7.071743139999999812e+02 1.795011666884575939e-04 2.346437039794077096e-04
7.071746264999999312e+02 2.142825695041843635e-04 2.278326162033417939e-04
7.071749389999999948e+02 1.842250599435301664e-04 2.207562247387112955e-04
7.071752514999999448e+02 2.211228036700293987e-04 2.134159026436972838e-04
7.071755640000000085e+02 1.748511433788997463e-04 2.058148180775987645e-04
7.071758764999999585e+02 1.814021352921266997e-04 1.979581861849258253e-04
7.071761889999999084e+02 1.629760089190817609e-04 1.898535362143974824e-04
7.071765014999999721e+02 1.967073513645684209e-04 1.815109911502239218e-04
7.071768139999999221e+02 1.814713211070823279e-04 1.729435559031218485e-04
7.071771264999999858e+02 1.476286432039048140e-04 1.641674087910495428e-04
7.071774389999999357e+02 1.613478226978141419e-04 1.552021896795230469e-04
7.071777514999999994e+02 1.432848200480919105e-04 1.460712763770853932e-04
7.071780639999999494e+02 1.572597029891091244e-04 1.368020393994675166e-04
7.071783764999998994e+02 1.232491455316430502e-04 1.274260633254566230e-04
7.071786889999999630e+02 1.191699557950865607e-04 1.179793215558230281e-04
7.071790014999999130e+02 1.160380556574339866e-04 1.085022898001083752e-04
7.071793139999999767e+02 1.064412665262122395e-04 9.903998261873206671e-05
7.071796264999999266e+02 9.037665355402474496e-05 8.964189703124379098e-05
7.071799389999999903e+02 1.137453525810898424e-04 8.036184731858794523e-05
7.071802514999999403e+02 8.667599305263090962e-05 7.125767661109546529e-05
7.071805640000000039e+02 8.430014391496681967e-05 6.239083298990582974e-05
7.071808764999999539e+02 7.195304982118272256e-05 5.382580163052042797e-05
7.071811889999999039e+02 6.208397913169048888e-05 4.562938917155671530e-05
7.071815014999999676e+02 6.542567940044148210e-05 3.786986276868976284e-05
7.071818139999999175e+02 5.814846226332486749e-05 3.061595331894706912e-05
7.071821264999999812e+02 4.801341345632098123e-05 2.393574022778053719e-05
7.071824389999999312e+02 4.519648992140660397e-05 1.789544333596087585e-05
7.071827514999999948e+02 4.104318518476202213e-05 1.255815532366536823e-05
7.071830639999999448e+02 2.627631666109673505e-05 7.982554948267021284e-06
7.071833765000000085e+02 3.261561649958362745e-05 4.221646553642722827e-06
7.071836889999999585e+02 1.612567785663457482e-05 1.321574360705083918e-06
7.071840014999999084e+02 9.769215821555067572e-06 -6.794399120170890482e-07
7.071843139999999721e+02 9.107801752261441661e-06 -1.751990381108296404e-06
7.071846264999999221e+02 9.965656456289931494e-06 -1.876171648210422248e-06
7.071849389999999858e+02 5.926151788213026382e-06 -1.042023940208559160e-06
7.071852514999999357e+02 7.906923848068375630e-06 7.502810047401025102e-07
7.071855639999999994e+02 1.107175658775485013e-05 3.490520525008209122e-06
7.071858764999999494e+02 8.931848566627392186e-06 7.158762310711689619e-06
7.071861889999998994e+02 1.002731440027065354e-05 1.172594814665310623e-05
7.071865014999999630e+02 1.202012774622562583e-05 1.715469088167937941e-05
7.071868139999999130e+02 1.903187346792182283e-05 2.340024667210153714e-05
7.071871264999999767e+02 1.730761140974391461e-05 3.041161862013106704e-05
7.071874389999999266e+02 2.765570306784104567e-05 3.813274491188166300e-05
7.071877514999999903e+02 2.404382514328632628e-05 4.650372472109274012e-05
7.071880639999999403e+02 3.967938591585227755e-05 5.546203769581941912e-05
7.071883765000000039e+02 4.819082002414713480e-05 6.494371789085847204e-05
7.071886889999999539e+02 4.104145448778412017e-05 7.488444925752457031e-05
7.071890014999999039e+02 6.373788032927115322e-05 8.522055734299914553e-05
7.071893139999999676e+02 7.531715339156466553e-05 9.588987930079049410e-05
7.071896264999999175e+02 7.309134494382589888e-05 1.068325018107295761e-04
7.071899389999999812e+02 9.155216004156710983e-05 1.179913632322455265e-04
7.071902514999999312e+02 1.042102292467996915e-04 1.293127219287296039e-04
7.071905639999999948e+02 9.644166648921476365e-05 1.407464975588846613e-04
7.071908764999999448e+02 1.048904328778309724e-04 1.522464953477055947e-04
7.071911890000000085e+02 1.313135989393348767e-04 1.637705259572849259e-04
7.071915014999999585e+02 1.548218403486000601e-04 1.752804346474872072e-04
7.071918139999999084e+02 1.747115306630985887e-04 1.867420541495636260e-04
7.071921264999999721e+02 1.787467780525997237e-04 1.981250952191559425e-04
7.071924389999999221e+02 1.931393987586458628e-04 2.094029882362250287e-04
7.071927514999999858e+02 1.978126558686825074e-04 2.205526881080450703e-04
7.071930639999999357e+02 2.237035856476033932e-04 2.315544532530435765e-04
7.071933764999999994e+02 2.337432856415079660e-04 2.423916082302135944e-04
7.071936889999999494e+02 2.482107392832591324e-04 2.530502978627316023e-04
7.071940014999998994e+02 2.595811297375652483e-04 2.635192395498351910e-04
7.071943139999999630e+02 2.573701718773102739e-04 2.737894789273181365e-04
7.071946264999999130e+02 2.601647310951391381e-04 2.838541529955467837e-04
7.071949389999999767e+02 2.975271143114073037e-04 2.937082637890552159e-04
7.071952514999999266e+02 3.210172509408239401e-04 3.033484646416747957e-04
7.071955639999999903e+02 3.357578230657177446e-04 3.127728605573488574e-04
7.071958764999999403e+02 3.422336028086884379e-04 3.219808233538395113e-04
7.071961890000000039e+02 3.371167080659553039e-04 3.309728219800129332e-04
7.071965014999999539e+02 3.156867900060335991e-04 3.397502677995870219e-04
7.071968139999999039e+02 3.436415010599247781e-04 3.483153745550662990e-04
7.071971264999999676e+02 3.780224605294168409e-04 3.566710323239987573e-04
7.071974389999999175e+02 3.866122178128981882e-04 3.648206947484883061e-04
7.071977514999999812e+02 4.151214877732212942e-04 3.727682787169462166e-04
7.071980639999999312e+02 4.164391928016369622e-04 3.805180755206717929e-04
7.071983764999999948e+02 4.240630310561186367e-04 3.880746726542470522e-04
7.071986889999999448e+02 4.130471038929611738e-04 3.954428852499416286e-04
7.071990015000000085e+02 4.428554578329341358e-04 4.026276963434666863e-04
7.071993139999999585e+02 4.272094311391121590e-04 4.096342050279390455e-04
7.071996264999999084e+02 4.026265119819408419e-04 4.164675817712325430e-04
7.071999389999999721e+02 4.800830935999492611e-04 4.231330300746306817e-04
7.072002514999999221e+02 4.665565857075370192e-04 4.296357538005225870e-04
7.072005639999999858e+02 4.631383169092960972e-04 4.359809295483633410e-04
7.072008764999999357e+02 4.771670360141136956e-04 4.421736834317707807e-04
7.072011889999999994e+02 4.699464815858988751e-04 4.482190717965539714e-04
7.072015014999999494e+02 4.467433054101751112e-04 4.541220653240618066e-04
7.072018139999998994e+02 4.545110612885241140e-04 4.598875361568876283e-04
7.072021264999999630e+02 4.790317692764845155e-04 4.655202476033404747e-04
7.072024389999999130e+02 5.059608763778710577e-04 4.710248460981704302e-04
7.072027514999999767e+02 5.175128045600698541e-04 4.764058551314698698e-04
7.072030639999999266e+02 5.272688608372084898e-04 4.816676708230557629e-04
7.072033764999999903e+02 5.344180762224147105e-04 4.868145589637654829e-04
7.072036889999999403e+02 5.378996802387421734e-04 4.918506532491177244e-04
7.072040015000000039e+02 5.083517235298759714e-04 4.967799545805356379e-04
7.072043139999999539e+02 5.669955634170162091e-04 5.016063312111230165e-04
7.072046264999999039e+02 5.257461598338222884e-04 5.063335196504860315e-04
7.072049389999999676e+02 5.319008173489225659e-04 5.109651261589155061e-04
7.072052514999999175e+02 5.601700582237993968e-04 5.155046287418311307e-04
7.072055639999999812e+02 5.651917352861899431e-04 5.199553795668655732e-04
7.072058764999999312e+02 5.512705844011022436e-04 5.243206076811601606e-04
7.072061889999999948e+02 5.548327865752808235e-04 5.286034220102493308e-04
7.072065014999999448e+02 5.551475060971272895e-04 5.328068145267866569e-04
7.072068140000000085e+02 5.819071323381677652e-04 5.369336635886605468e-04
7.072071264999999585e+02 5.899979749139797145e-04 5.409867373528632565e-04
7.072074389999999084e+02 5.366615233747826577e-04 5.449686972754732043e-04
7.072077514999999721e+02 5.648086085670366930e-04 5.488821016283175177e-04
7.072080639999999221e+02 5.443143112158504602e-04 5.527294090215683102e-04
7.072083764999999858e+02 5.895196454072474399e-04 5.565129819238004080e-04
7.072086889999999357e+02 5.656409824368335577e-04 5.602350901260481908e-04
7.072090014999999994e+02 5.949578237949584803e-04 5.638979141781484900e-04
7.072093139999999494e+02 5.640993055984304394e-04 5.675035487410830812e-04
7.072096264999998994e+02 5.690998470613984478e-04 5.710540058875962759e-04
7.072099389999999630e+02 6.085489282650767724e-04 5.745512183096873528e-04
7.072102514999999130e+02 5.570376061017575688e-04 5.779970424408843732e-04
7.072105639999999767e+02 5.909248314531804439e-04 5.813932615011200558e-04
7.072108764999999266e+02 5.878030396251967020e-04 5.847415884296268060e-04
7.072111889999999903e+02 5.799705607728818709e-04 5.880436687426559856e-04
7.072115014999999403e+02 6.077699996454444123e-04 5.913010832753855250e-04
7.072118140000000039e+02 6.060931562451066278e-04 5.945153508467140900e-04
7.072121264999999539e+02 6.033021774948917277e-04 5.976879308088325297e-04
7.072124389999999039e+02 6.184869663914384580e-04 6.008202255192629428e-04
7.072127514999999676e+02 6.151895283156587260e-04 6.039135827071882498e-04
7.072130639999999175e+02 5.925238506432559940e-04 6.069692977478221207e-04
7.072133764999999812e+02 6.170613701792783097e-04 6.099886158576822356e-04
7.072136889999999312e+02 5.775766180584786377e-04 6.129727341850790909e-04
7.072140014999999948e+02 5.869669540221416314e-04 6.159228038326153547e-04
7.072143139999999448e+02 6.178467478428732599e-04 6.188399317790422042e-04
7.072146265000000085e+02 5.974808449764550762e-04 6.217251827378185306e-04
7.072149389999999585e+02 5.685767009697289837e-04 6.245795809206757107e-04
7.072152514999999084e+02 6.007021458289294943e-04 6.274041117418249118e-04
7.072155639999999721e+02 5.729838462399898654e-04 6.301997234390612759e-04
7.072158764999999221e+02 6.485086864900927502e-04 6.329673286252261114e-04
7.072161889999999858e+02 5.667524469823922995e-04 6.357078057825924552e-04
7.072165014999999357e+02 6.084766893737982192e-04 6.384220006775559193e-04
7.072168139999999994e+02 6.611771599466128007e-04 6.411107277293932047e-04
7.072171264999999494e+02 5.947657178122574707e-04 6.437747713037040177e-04
7.072174389999998994e+02 6.195049060068812770e-04 6.464148869636432600e-04
7.072177514999999630e+02 6.256083983658729947e-04 6.490318026567259155e-04
7.072180639999999130e+02 6.364838098477315978e-04 6.516262198495257219e-04
7.072183764999999767e+02 6.291578704551491295e-04 6.541988146218212117e-04
7.072186889999999266e+02 6.219611912758665415e-04 6.567502386987057652e-04
7.072190014999999903e+02 6.085636721409264744e-04 6.592811204519945754e-04
7.072193139999999403e+02 6.073761217808153244e-04 6.617920658429922139e-04
7.072196265000000039e+02 6.523390874319140746e-04 6.642836593382727773e-04
