7.067715309999999818e+02 3.805991126991513547e-04 3.774997651378385571e-04
7.067718434999999317e+02 3.693249106798547447e-04 3.778403884008683803e-04
7.067721559999999954e+02 4.383118048512598427e-04 3.781380682431578462e-04
7.067724684999999454e+02 4.021256283784327597e-04 3.783911578287285507e-04
7.067727810000000090e+02 4.132338184879953084e-04 3.785979374732560817e-04
7.067730934999999590e+02 4.088178112077991890e-04 3.787566111904180498e-04
7.067734060000000227e+02 3.731079730203296367e-04 3.788653030850838710e-04
7.067737184999999727e+02 3.717017108316759619e-04 3.789220535871311128e-04
7.067740310000000363e+02 4.427960558637717998e-04 3.789248155243998481e-04
7.067743434999999863e+02 4.265830813077686962e-04 3.788714500308808047e-04
7.067746559999999363e+02 3.279014744789055641e-04 3.787597222889876772e-04
7.067749684999999999e+02 4.277412845928179361e-04 3.785872971047076429e-04
7.067752809999999499e+02 3.990465824616548770e-04 3.783517343165665610e-04
7.067755935000000136e+02 4.385336596728122089e-04 3.780504840391333741e-04
7.067759059999999636e+02 3.456634810219869048e-04 3.776808817467146263e-04
7.067762185000000272e+02 3.602353497681335466e-04 3.772401432003002911e-04
7.067765309999999772e+02 4.430418059923475456e-04 3.767253592296605671e-04
7.067768434999999272e+02 3.317477136455276214e-04 3.761334903778697247e-04
7.067771559999999909e+02 3.665382777982859139e-04 3.754613614267295302e-04
7.067774684999999408e+02 3.557606512263894330e-04 3.747056558212733977e-04
7.067777810000000045e+02 3.770883294760592067e-04 3.738629100141582459e-04
7.067780934999999545e+02 3.451263654722829324e-04 3.729295077662323063e-04
7.067784060000000181e+02 2.958714054062735067e-04 3.719016744308850024e-04
7.067787184999999681e+02 3.441904514406258987e-04 3.707754712759619943e-04
7.067790310000000318e+02 3.855305801352902607e-04 3.695467898851648191e-04
7.067793434999999818e+02 3.503573110599920884e-04 3.682113467140158032e-04
7.067796559999999317e+02 3.428425061592487322e-04 3.667646778626720274e-04
7.067799684999999954e+02 3.869298788376626858e-04 3.652021341645563814e-04
7.067802809999999454e+02 3.459091261924823919e-04 3.635188766913391109e-04
7.067805935000000090e+02 3.807639745374011894e-04 3.617098727893284832e-04
7.067809059999999590e+02 3.789743376444257858e-04 3.597698928042621785e-04
7.067812185000000227e+02 3.241128374834687941e-04 3.576935076403571240e-04
7.067815309999999727e+02 3.899331185824434203e-04 3.554750873658479621e-04
7.067818435000000363e+02 3.229567634667707089e-04 3.531088010629635562e-04
7.067821559999999863e+02 2.962486629534466292e-04 3.505886182003153050e-04
7.067824684999999363e+02 3.160856834479128675e-04 3.479083117937510996e-04
7.067827809999999999e+02 3.010358715124941773e-04 3.450614637086830733e-04
7.067830934999999499e+02 3.806022565689705091e-04 3.420414724752750637e-04
7.067834060000000136e+02 2.973848764441583349e-04 3.388415640341591040e-04
7.067837184999999636e+02 2.830221360476950433e-04 3.354548059250954352e-04
7.067840310000000272e+02 3.126428286794697906e-04 3.318741254306330712e-04
7.067843434999999772e+02 2.906563397958054559e-04 3.280923323243560108e-04
7.067846559999999272e+02 3.070981869787125216e-04 3.241021468684393884e-04
7.067849684999999909e+02 2.968521253737118563e-04 3.198962338490087486e-04
7.067852809999999408e+02 2.846886455004169077e-04 3.154672434727766555e-04
7.067855935000000045e+02 3.283646861677160054e-04 3.108078600213812800e-04
7.067859059999999545e+02 2.676367111264970136e-04 3.059108592952849417e-04
7.067862185000000181e+02 2.883124193508348056e-04 3.007691758644978164e-04
7.067865309999999681e+02 2.303659345159699869e-04 2.953759813165296737e-04
7.067868435000000318e+02 2.699759428704971622e-04 2.897247746376183661e-04
7.067871559999999818e+02 2.532570967985685144e-04 2.838094860198898538e-04
7.067874684999999317e+02 2.354203251579544277e-04 2.776245952814763713e-04
7.067877809999999954e+02 2.538003972678101630e-04 2.711652661780063634e-04
7.067880934999999454e+02 2.854735453353972373e-04 2.644274977526255965e-04
7.067884060000000090e+02 2.206829354870487592e-04 2.574082937433652836e-04
7.067887184999999590e+02 2.497284281315802147e-04 2.501058509609965785e-04
7.067890310000000227e+02 2.299643550027691882e-04 2.425197671335190214e-04
7.067893434999999727e+02 2.162296421860862290e-04 2.346512684856311615e-04
7.067896560000000363e+02 2.409353635021910581e-04 2.265034566443643806e-04
7.067899684999999863e+02 1.997625229863337671e-04 2.180815739816707472e-04
7.067902809999999363e+02 2.349899922532878993e-04 2.093932855136123651e-04
7.067905934999999999e+02 1.998658248450726409e-04 2.004489746469102871e-04
7.067909059999999499e+02 1.643878717926621727e-04 1.912620487904943898e-04
7.067912185000000136e+02 1.231216234524936943e-04 1.818492494841472760e-04
7.067915309999999636e+02 1.746531731705568699e-04 1.722309602838459266e-04
7.067918435000000272e+02 1.750032752479940661e-04 1.624315037818873720e-04
7.067921559999999772e+02 1.124163439305155801e-04 1.524794175820360493e-04
7.067924684999999272e+02 1.467526281132924099e-04 1.424076970382767010e-04
7.067927809999999909e+02 1.567434368703383941e-04 1.322539910452586441e-04
7.067930934999999408e+02 1.172638482782096164e-04 1.220607355376081364e-04
7.067934060000000045e+02 1.282198071099019702e-04 1.118752082114439717e-04
7.067937184999999545e+02 1.127891027756244033e-04 1.017494875240936638e-04
7.067940310000000181e+02 1.182269623234465182e-04 9.174029898613432520e-05
7.067943434999999681e+02 1.218192024828025047e-04 8.190873311388980130e-05
7.067946560000000318e+02 9.665541078467042801e-05 7.231982143718687639e-05
7.067949684999999818e+02 1.047150286618390861e-04 6.304196073499570392e-05
7.067952809999999317e+02 8.163341705530913379e-05 5.414618034191713997e-05
7.067955934999999954e+02 6.173535350430328107e-05 4.570525378572935348e-05
7.067959059999999454e+02 5.346827958002200613e-05 3.779266326812412592e-05
7.067962185000000090e+02 5.211196688324313696e-05 3.048143374697352408e-05
7.067965309999999590e+02 4.513806071798712329e-05 2.384286211515502474e-05
7.067968435000000227e+02 5.022521969028747441e-05 1.794517525682577048e-05
7.067971559999999727e+02 3.527411092983468246e-05 1.285215850520647285e-05
7.067974685000000363e+02 4.123553935834658725e-05 8.621801832136904300e-06
7.067977809999999863e+02 3.241740081968480026e-05 5.305014918475900526e-06
7.067980934999999363e+02 2.501950608282225104e-05 2.944462943251436091e-06
7.067984059999999999e+02 1.852706019177841157e-05 1.573572628227934745e-06
7.067987184999999499e+02 9.340315235712520365e-06 1.215752300484630373e-06
7.067990310000000136e+02 6.061681224605345218e-06 1.883860982121510898e-06
7.067993434999999636e+02 1.800983067966466838e-05 3.579950201392761250e-06
7.067996560000000272e+02 5.109164143580367691e-06 6.295289164468909575e-06
7.067999684999999772e+02 6.582811370134886028e-06 1.001067013911547169e-05
7.068002809999999272e+02 6.453843305179565701e-06 1.469697747689950589e-05
7.068005934999999909e+02 1.102612212099567110e-05 2.031599157161600555e-05
7.068009059999999408e+02 1.699589656388787148e-05 2.682138920332692537e-05
7.068012185000000045e+02 1.177945281248753519e-05 3.415989472532593565e-05
7.068015309999999545e+02 2.414540873099919755e-05 4.227253261705711182e-05
7.068018435000000181e+02 2.096362021634536581e-05 5.109593139638775452e-05
7.068021559999999681e+02 4.143786792615771842e-05 6.056363098935241176e-05
7.068024685000000318e+02 3.759582273736193029e-05 7.060735053753147987e-05
7.068027809999999818e+02 4.044005963222421324e-05 8.115817994321633110e-05
7.068030934999999317e+02 5.211251795866868390e-05 9.214766630141548744e-05
7.068034059999999954e+02 7.912563641326403286e-05 1.035087742703060313e-04
7.068037184999999454e+02 1.039045241518840189e-04 1.151767075079460789e-04
7.068040310000000090e+02 1.055311473218387049e-04 1.270895856550972695e-04
7.068043434999999590e+02 1.122464445500607263e-04 1.391889775757488895e-04
7.068046560000000227e+02 9.678728955214443454e-05 1.514202970271096786e-04
7.068049684999999727e+02 1.456537825634676231e-04 1.637330706483325609e-04
7.068052810000000363e+02 1.852470182545745930e-04 1.760810912120794173e-04
7.068055934999999863e+02 1.748475556312096093e-04 1.884224704681450931e-04
7.068059059999999363e+02 1.575982127395856908e-04 2.007196068979857787e-04
7.068062184999999999e+02 1.659427988400397221e-04 2.129390833759876075e-04
7.068065309999999499e+02 2.142064180853724901e-04 2.250515092182602613e-04
7.068068435000000136e+02 2.026289750544244071e-04 2.370313199988818723e-04
7.068071559999999636e+02 2.731797970584513803e-04 2.488565469860289439e-04
7.068074685000000272e+02 2.507253285563348444e-04 2.605085667805959334e-04
7.068077809999999772e+02 2.686639812343690251e-04 2.719718399078425238e-04
7.068080934999999272e+02 3.254227281291694417e-04 2.832336458671122102e-04
7.068084059999999909e+02 2.938825277207021821e-04 2.942838204797357487e-04
7.068087184999999408e+02 2.866160041605301644e-04 3.051145002314435001e-04
7.068090310000000045e+02 3.402990153233006413e-04 3.157198771536705566e-04
7.068093434999999545e+02 3.263429581387653497e-04 3.260959666605760623e-04
7.068096560000000181e+02 3.621881251889322957e-04 3.362403901434002449e-04
7.068099684999999681e+02 3.389433869694792167e-04 3.461521731878860857e-04
7.068102810000000318e+02 3.404453752130862250e-04 3.558315599670439002e-04
7.068105934999999818e+02 3.805247831931407978e-04 3.652798436833904947e-04
7.068109059999999317e+02 3.686836553236404797e-04 3.744992128285555945e-04
7.068112184999999954e+02 3.989096330510993058e-04 3.834926125777242574e-04
7.068115309999999454e+02 4.126741526407143854e-04 3.922636205874744297e-04
7.068118435000000090e+02 4.397305686531952171e-04 4.008163363430907681e-04
7.068121559999999590e+02 3.969014349329108267e-04 4.091552830227133063e-04
7.068124685000000227e+02 4.455951825129777317e-04 4.172853209949169942e-04
7.068127809999999727e+02 4.075631039397409295e-04 4.252115718673733801e-04
7.068130935000000363e+02 4.844499070159903869e-04 4.329393522221401495e-04
7.068134059999999863e+02 4.815796694546164622e-04 4.404741160182376039e-04
7.068137184999999363e+02 4.441643953438502521e-04 4.478214048743634672e-04
7.068140309999999999e+02 5.026446823700174860e-04 4.549868053381352063e-04
7.068143434999999499e+02 5.119112577881201540e-04 4.619759124082773436e-04
7.068146560000000136e+02 4.218015220935672407e-04 4.687942986308882179e-04
7.068149684999999636e+02 5.110164941653676848e-04 4.754474880624351830e-04
7.068152810000000272e+02 5.298728741181287080e-04 4.819409345931808782e-04
7.068155934999999772e+02 5.392534223612249419e-04 4.882800040225676597e-04
7.068159059999999272e+02 5.743193380640532067e-04 4.944699594856220154e-04
7.068162184999999909e+02 4.812717247122819597e-04 5.005159497434525989e-04
7.068165309999999408e+02 5.393091159577250533e-04 5.064229999816996291e-04
7.068168435000000045e+02 5.216473698710710283e-04 5.121960047984634116e-04
7.068171559999999545e+02 4.923355486431059847e-04 5.178397230268743474e-04
7.068174685000000181e+02 5.145549638771993763e-04 5.233587741928786684e-04
7.068177809999999681e+02 6.124364187644942750e-04 5.287576363065609689e-04
7.068180935000000318e+02 5.671746573548181901e-04 5.340406448466513941e-04
7.068184059999999818e+02 5.696584373870430471e-04 5.392119926931984199e-04
7.068187184999999317e+02 6.225962753940085959e-04 5.442757309114333629e-04
7.068190309999999954e+02 5.892493216746645755e-04 5.492357702001776382e-04
7.068193434999999454e+02 5.271427818252650936e-04 5.540958829050616694e-04
7.068196560000000090e+02 6.010560911529273147e-04 5.588597055095577675e-04
7.068199684999999590e+02 6.144989285715422465e-04 5.635307414693130519e-04
7.068202810000000227e+02 6.272987751466588659e-04 5.681123643668093597e-04
7.068205934999999727e+02 6.503034300797556335e-04 5.726078212640442261e-04
7.068209060000000363e+02 5.499893247309037021e-04 5.770202362503775795e-04
7.068212184999999863e+02 6.093029098777889320e-04 5.813526140832645309e-04
7.068215309999999363e+02 6.266720636175177137e-04 5.856078439311130680e-04
7.068218434999999999e+02 5.604583238958979561e-04 5.897887031423939717e-04
7.068221559999999499e+02 6.335648359356501084e-04 5.938978610281088607e-04
7.068224685000000136e+02 6.313117543199858826e-04 5.979378826473077729e-04
7.068227809999999636e+02 6.459981918821062910e-04 6.019112325374628139e-04
7.068230935000000272e+02 6.018770455313823863e-04 6.058202784189713327e-04
7.068234059999999772e+02 6.445265472651566692e-04 6.096672948128729419e-04
7.068237184999999272e+02 5.640560929848121869e-04 6.134544666055345230e-04
7.068240309999999909e+02 6.216257584113325406e-04 6.171838925155115731e-04
7.068243434999999408e+02 6.254711807394812721e-04 6.208575884705180240e-04
7.068246560000000045e+02 6.384386440635724013e-04 6.244774909023986104e-04
7.068249684999999545e+02 6.412944735813822699e-04 6.280454599228558034e-04
7.068252810000000181e+02 6.158189684311779879e-04 6.315632824188611083e-04
7.068255934999999681e+02 6.290045043253081423e-04 6.350326750241766386e-04
7.068259060000000318e+02 6.930387277890815920e-04 6.384552870080111193e-04
7.068262184999999818e+02 6.644818138881129072e-04 6.418327030400339077e-04
7.068265309999999317e+02 6.590403129697573748e-04 6.451664458717547420e-04
7.068268434999999954e+02 6.260932121854012860e-04 6.484579789041450965e-04
7.068271559999999454e+02 6.273282438506829406e-04 6.517087086560695644e-04
7.068274685000000090e+02 6.759145632101750106e-04 6.549199871471422492e-04
7.068277809999999590e+02 5.905618740553585534e-04 6.580931141676373691e-04
7.068280935000000227e+02 6.419501404634005322e-04 6.612293394745699226e-04
7.068284059999999727e+02 7.277672986884096583e-04 6.643298648792056492e-04
7.068287185000000363e+02 6.551907033380996144e-04 6.673958462657094077e-04
7.068290309999999863e+02 6.459111182299585819e-04 6.704283955072455918e-04
7.068293434999999363e+02 6.100394586838527727e-04 6.734285823174265958e-04
7.068296559999999999e+02 6.019755157069173104e-04 6.763974360118973992e-04
7.068299684999999499e+02 6.635409337089303835e-04 6.793359471943964710e-04
7.068302810000000136e+02 6.147642900622482661e-04 6.822450693806698810e-04
7.068305934999999636e+02 6.640559561052891083e-04 6.851257205362567149e-04
7.068309060000000272e+02 6.752801229740302636e-04 6.879787845640444877e-04
7.068312184999999772e+02 7.034281407527851609e-04 6.908051127104356676e-04
7.068315309999999272e+02 6.440392469473765064e-04 6.936055249253200326e-04
7.068318434999999909e+02 6.129885231393483215e-04 6.963808111523156963e-04
7.068321559999999408e+02 7.132255574157844854e-04 6.991317325624067571e-04
7.068324685000000045e+02 6.537180319464252869e-04 7.018590227432771949e-04
7.068327809999999545e+02 6.581154903947622568e-04 7.045633888216071370e-04
7.068330935000000181e+02 6.821094139964432174e-04 7.072455125516041415e-04
7.068334059999999681e+02 7.136372306038623247e-04 7.099060513402008108e-04
7.068337185000000318e+02 6.704145437212967549e-04 7.125456392425161007e-04
