7.168117220000000316e+02 3.158425071595454144e-04 2.898208623760635582e-04
7.168120344999999816e+02 2.766102487955501301e-04 2.901864194745290624e-04
7.168123470000000452e+02 2.931014634488797888e-04 2.905391538781981926e-04
7.168126594999999952e+02 2.468085776683786258e-04 2.908785552106363660e-04
7.168129720000000589e+02 2.765992659156175817e-04 2.912040883599010871e-04
7.168132845000000088e+02 2.896274740313332669e-04 2.915151920782534252e-04
7.168135970000000725e+02 3.303965093765136242e-04 2.918112774945724611e-04
7.168139095000000225e+02 2.833650826289855714e-04 2.920917265294870903e-04
7.168142220000000862e+02 3.232870139318226653e-04 2.923558902101885525e-04
7.168145345000000361e+02 2.794621270908045842e-04 2.926030868743494605e-04
7.168148469999999861e+02 2.887743866189362981e-04 2.928326002586752077e-04
7.168151595000000498e+02 2.847840016869346660e-04 2.930436774613809315e-04
7.168154719999999998e+02 2.988388399192924293e-04 2.932355267709216219e-04
7.168157845000000634e+02 3.240215314326933905e-04 2.934073153521657993e-04
7.168160970000000134e+02 3.036298710980090223e-04 2.935581667781279533e-04
7.168164095000000771e+02 3.166623718539841262e-04 2.936871583985998960e-04
7.168167220000000270e+02 3.111665675423436694e-04 2.937933185321479619e-04
7.168170344999999770e+02 2.913032701473935223e-04 2.938756234708612297e-04
7.168173470000000407e+02 2.978388518186992663e-04 2.939329942833685872e-04
7.168176594999999907e+02 3.402354595446381667e-04 2.939642934027660243e-04
7.168179720000000543e+02 2.920946090805182386e-04 2.939683209844860898e-04
7.168182845000000043e+02 2.993703878789980466e-04 2.939438110178489217e-04
7.168185970000000680e+02 3.256621650583738699e-04 2.938894271747222761e-04
7.168189095000000179e+02 2.941076086512062530e-04 2.938037583773742242e-04
7.168192220000000816e+02 2.826084883659759706e-04 2.936853140663264576e-04
7.168195345000000316e+02 2.572897389503825015e-04 2.935325191489506565e-04
7.168198469999999816e+02 2.802592960152163956e-04 2.933437086069732832e-04
7.168201595000000452e+02 2.776612757275922442e-04 2.931171217419050964e-04
7.168204719999999952e+02 2.361011684803513420e-04 2.928508960355558012e-04
7.168207845000000589e+02 3.100887574519428321e-04 2.925430606009662830e-04
7.168210970000000088e+02 3.397084944814001426e-04 2.921915292019275270e-04
7.168214095000000725e+02 2.877218947017938316e-04 2.917940928134528378e-04
7.168217220000000225e+02 2.532872520271389478e-04 2.913484117020943213e-04
7.168220345000000862e+02 3.090680972308595021e-04 2.908520069974907213e-04
7.168223470000000361e+02 3.070333572615331955e-04 2.903022517359765600e-04
7.168226594999999861e+02 2.583760296141374710e-04 2.896963613487325514e-04
7.168229720000000498e+02 2.863236749799879209e-04 2.890313835781584714e-04
7.168232844999999998e+02 3.201287299787570020e-04 2.883041878036526982e-04
7.168235970000000634e+02 2.869480761599103869e-04 2.875114537605184231e-04
7.168239095000000134e+02 2.600796682953720323e-04 2.866496596507457422e-04
7.168242220000000771e+02 2.677460436269516277e-04 2.857150696371435158e-04
7.168245345000000270e+02 2.736656968832997948e-04 2.847037207395839288e-04
7.168248469999999770e+02 2.940802405268626448e-04 2.836114091456724937e-04
7.168251595000000407e+02 2.811693713855370740e-04 2.824336759816703903e-04
7.168254719999999907e+02 2.755975860420793234e-04 2.811657925987162557e-04
7.168257845000000543e+02 2.628553058708469779e-04 2.798027454519126569e-04
7.168260970000000043e+02 2.759321629559002387e-04 2.783392206970373658e-04
7.168264095000000680e+02 2.352013287865964322e-04 2.767695886420164296e-04
7.168267220000000179e+02 2.750945114677551175e-04 2.750878882674699720e-04
7.168270345000000816e+02 2.579466604378557711e-04 2.732878120548246298e-04
7.168273470000000316e+02 2.996752224970009731e-04 2.713626914654939477e-04
7.168276594999999816e+02 2.452569770754177642e-04 2.693054834617143582e-04
7.168279720000000452e+02 2.562206477910672440e-04 2.671087585957482888e-04
7.168282844999999952e+02 2.561302887043423633e-04 2.647646912952259391e-04
7.168285970000000589e+02 2.739494038152679020e-04 2.622650531143624333e-04
7.168289095000000088e+02 2.290824016122398562e-04 2.596012099242405715e-04
7.168292220000000725e+02 2.340739305320103936e-04 2.567641241726606894e-04
7.168295345000000225e+02 2.555149920208192572e-04 2.537443636406555938e-04
7.168298470000000862e+02 2.476097264218242574e-04 2.505321183432536328e-04
7.168301595000000361e+02 2.522746700111790563e-04 2.471172276110703307e-04
7.168304719999999861e+02 2.350985198422891876e-04 2.434892196943044416e-04
7.168307845000000498e+02 2.439479517263659300e-04 2.396373667136714018e-04
7.168310969999999998e+02 2.336073555129966335e-04 2.355507582148196847e-04
7.168314095000000634e+02 2.708118734501643887e-04 2.312183970910556966e-04
7.168317220000000134e+02 2.265917872404164368e-04 2.266293222417769106e-04
7.168320345000000771e+02 2.360742449313370564e-04 2.217727628202416422e-04
7.168323470000000270e+02 2.351233194788185951e-04 2.166383295830493644e-04
7.168326594999999770e+02 1.736739310964903840e-04 2.112162492657347266e-04
7.168329720000000407e+02 1.985322693550452017e-04 2.054976484114607422e-04
7.168332844999999907e+02 1.800183169152240405e-04 1.994748932454267301e-04
7.168335970000000543e+02 1.490381238142605936e-04 1.931419921098749385e-04
7.168339095000000043e+02 1.953169799752118305e-04 1.864950665514310149e-04
7.168342220000000680e+02 1.656786782003192226e-04 1.795328959252529195e-04
7.168345345000000179e+02 1.433502744123433138e-04 1.722575386047935650e-04
7.168348470000000816e+02 1.488336563168007280e-04 1.646750297655713872e-04
7.168351595000000316e+02 1.410870752224684989e-04 1.567961515927261185e-04
7.168354719999999816e+02 1.432682066767594989e-04 1.486372657650132884e-04
7.168357845000000452e+02 1.443041015247955889e-04 1.402211906214120992e-04
7.168360969999999952e+02 1.163372717352655766e-04 1.315780958706988372e-04
7.168364095000000589e+02 1.078609728063232491e-04 1.227463764710738723e-04
7.168367220000000088e+02 1.373059355051527825e-04 1.137734547919224884e-04
7.168370345000000725e+02 1.066980937443648240e-04 1.047164467299364140e-04
7.168373470000000225e+02 8.722242383864071069e-05 9.564261500323890399e-05
7.168376595000000862e+02 9.790620274697684833e-05 8.662952241607855001e-05
7.168379720000000361e+02 1.125124004246690318e-04 7.776479263453496202e-05
7.168382844999999861e+02 7.833983858695894376e-05 6.914538783292140697e-05
7.168385970000000498e+02 8.306192619913348467e-05 6.087632504567989082e-05
7.168389094999999998e+02 8.060460885295637665e-05 5.306877780891266951e-05
7.168392220000000634e+02 5.667136949599053307e-05 4.583754827894913293e-05
7.168395345000000134e+02 5.268377899019457841e-05 3.929794668036016794e-05
7.168398470000000771e+02 3.059175589625092589e-05 3.356217600057191289e-05
7.168401595000000270e+02 2.908917156728400589e-05 2.873538476834893183e-05
7.168404719999999770e+02 4.132131495642770493e-05 2.491161026024495516e-05
7.168407845000000407e+02 2.803452760964706916e-05 2.216987919111736036e-05
7.168410969999999907e+02 3.145606136757999520e-05 2.057075278164106690e-05
7.168414095000000543e+02 3.302214967509267647e-05 2.015359143267973196e-05
7.168417220000000043e+02 1.892380599187100420e-05 2.093476862734567297e-05
7.168420345000000680e+02 2.127819543648509895e-05 2.290698761877509528e-05
7.168423470000000179e+02 1.761190809193091347e-05 2.603975734150875960e-05
7.168426595000000816e+02 1.914903725796071992e-05 3.028097922093657689e-05
7.168429720000000316e+02 4.008809857528884793e-05 3.555949912755914478e-05
7.168432844999999816e+02 3.125236797800173269e-05 4.178840217080596924e-05
7.168435970000000452e+02 3.313383641958845280e-05 4.886878133359335880e-05
7.168439094999999952e+02 5.308378489641606357e-05 5.669369781528500800e-05
7.168442220000000589e+02 6.008568960291229503e-05 6.515206897797026992e-05
7.168445345000000088e+02 7.201580538417591613e-05 7.413226204632523248e-05
7.168448470000000725e+02 7.144619902621835079e-05 8.352522924718868021e-05
7.168451595000000225e+02 8.089837285038938095e-05 9.322708255782752480e-05
7.168454720000000862e+02 1.006532195704247490e-04 1.031410660136553107e-04
7.168457845000000361e+02 7.885301977845674383e-05 1.131789338306259107e-04
7.168460969999999861e+02 9.431555732619662088e-05 1.232617810066210812e-04
7.168464095000000498e+02 1.028257696525529586e-04 1.333203979298642485e-04
7.168467219999999998e+02 1.350278017324880900e-04 1.432952336097601876e-04
7.168470345000000634e+02 1.831188976018725129e-04 1.531360551657942745e-04
7.168473470000000134e+02 1.362238585220097904e-04 1.628013867733953362e-04
7.168476595000000771e+02 1.304565991749663013e-04 1.722578024140190606e-04
7.168479720000000270e+02 1.687119379595063606e-04 1.814791349837741193e-04
7.168482844999999770e+02 2.127530054680201212e-04 1.904456521987039214e-04
7.168485970000000407e+02 1.854488583091525695e-04 1.991432376483939792e-04
7.168489094999999907e+02 2.061079704454786663e-04 2.075626047905718466e-04
7.168492220000000543e+02 2.353440365154538434e-04 2.156985625815711796e-04
7.168495345000000043e+02 2.257495648352709182e-04 2.235493439461381962e-04
7.168498470000000680e+02 2.336341364036242691e-04 2.311160027158924398e-04
7.168501595000000179e+02 2.714289021626485046e-04 2.384018801965631065e-04
7.168504720000000816e+02 2.799747622116947475e-04 2.454121396746134290e-04
7.168507845000000316e+02 2.665364988587709126e-04 2.521533649701469555e-04
7.168510969999999816e+02 2.863345675623005021e-04 2.586332180806944826e-04
7.168514095000000452e+02 3.256093762854387133e-04 2.648601501761176980e-04
7.168517219999999952e+02 2.757248202548213999e-04 2.708431600949684189e-04
7.168520345000000589e+02 2.966721631563640649e-04 2.765915945824759959e-04
7.168523470000000088e+02 2.730587988019074464e-04 2.821149847297306761e-04
7.168526595000000725e+02 2.795021428322703658e-04 2.874229136097754657e-04
7.168529720000000225e+02 2.958951123329675928e-04 2.925249104475668451e-04
7.168532845000000862e+02 3.423141761644394026e-04 2.974303672886712685e-04
7.168535970000000361e+02 2.584828073693932202e-04 3.021484744951320636e-04
7.168539094999999861e+02 2.954193586913020277e-04 3.066881719820685622e-04
7.168542220000000498e+02 2.887891062967238806e-04 3.110581134352107847e-04
7.168545344999999998e+02 3.676479166806375645e-04 3.152666412048962265e-04
7.168548470000000634e+02 3.120788777212883669e-04 3.193217699147188533e-04
7.168551595000000134e+02 3.255624403208530731e-04 3.232311770763929325e-04
7.168554720000000771e+02 3.776182558060713957e-04 3.270021993554795094e-04
7.168557845000000270e+02 3.512263889757781836e-04 3.306418332687941961e-04
7.168560969999999770e+02 3.411757889308601331e-04 3.341567393838832788e-04
7.168564095000000407e+02 3.417621491376630059e-04 3.375532491802035284e-04
7.168567219999999907e+02 3.363958797986759904e-04 3.408373739247074711e-04
7.168570345000000543e+02 3.572538627944544555e-04 3.440148150315405383e-04
7.168573470000000043e+02 3.696472062826308626e-04 3.470909754354447501e-04
7.168576595000000680e+02 3.182473390792354647e-04 3.500709716602559587e-04
7.168579720000000179e+02 3.888127845611407079e-04 3.529596462604218249e-04
7.168582845000000816e+02 3.629971387334766323e-04 3.557615804448745222e-04
7.168585970000000316e+02 4.043232279447274359e-04 3.584811066703341991e-04
7.168589094999999816e+02 3.655339649553802201e-04 3.611223210983790762e-04
7.168592220000000452e+02 3.420405996352479747e-04 3.636890957844840706e-04
7.168595344999999952e+02 3.837808980004742891e-04 3.661850905307986151e-04
7.168598470000000589e+02 3.641780018124835894e-04 3.686137643537891950e-04
7.168601595000000088e+02 3.530548113747878844e-04 3.709783865038218382e-04
7.168604720000000725e+02 3.371018273065081003e-04 3.732820470387771786e-04
7.168607845000000225e+02 3.484575094688313135e-04 3.755276669085924894e-04
7.168610970000000862e+02 3.912296336161328052e-04 3.777180075723363443e-04
7.168614095000000361e+02 3.781806966136788922e-04 3.798556801219494421e-04
7.168617219999999861e+02 3.624488746744195596e-04 3.819431539443994225e-04
7.168620345000000498e+02 4.251120981291579078e-04 3.839827649123810993e-04
7.168623469999999998e+02 3.659908341891846993e-04 3.859767231254104683e-04
7.168626595000000634e+02 4.289818080164182514e-04 3.879271202238863351e-04
7.168629720000000134e+02 4.301373951871080049e-04 3.898359362749619084e-04
7.168632845000000771e+02 4.104540996684238343e-04 3.917050462707290064e-04
7.168635970000000270e+02 4.388801764982071620e-04 3.935362262345712186e-04
7.168639094999999770e+02 4.084144539603028982e-04 3.953311589760411123e-04
7.168642220000000407e+02 3.793757227244601315e-04 3.970914394956930092e-04
7.168645344999999907e+02 4.462953167324990966e-04 3.988185800653996330e-04
7.168648470000000543e+02 3.800523748547535467e-04 4.005140150081865687e-04
7.168651595000000043e+02 4.247811412976149905e-04 4.021791051791904570e-04
7.168654720000000680e+02 3.389205449823824517e-04 4.038151421839571219e-04
7.168657845000000179e+02 4.373869866324425239e-04 4.054233523304105313e-04
7.168660970000000816e+02 3.693150151816373028e-04 4.070049003492454977e-04
7.168664095000000316e+02 3.982608887386761840e-04 4.085608928783048530e-04
7.168667219999999816e+02 3.986355447450053917e-04 4.100923817429936373e-04
7.168670345000000452e+02 3.875103584538248718e-04 4.116003670313127618e-04
7.168673469999999952e+02 4.131596622939988513e-04 4.130857999818981011e-04
7.168676595000000589e+02 4.009556248447248834e-04 4.145495857020341322e-04
7.168679720000000088e+02 4.009401240931202400e-04 4.159925857130882302e-04
7.168682845000000725e+02 3.527656008125708113e-04 4.174156203504609695e-04
7.168685970000000225e+02 3.915581677907458910e-04 4.188194710107340669e-04
7.168689095000000862e+02 4.178827929530661727e-04 4.202048822719580507e-04
7.168692220000000361e+02 4.269961132912488484e-04 4.215725638790687583e-04
7.168695344999999861e+02 4.739927874561931454e-04 4.229231926183185013e-04
7.168698470000000498e+02 4.425188757866407798e-04 4.242574140755214166e-04
7.168701594999999998e+02 4.393455778102340692e-04 4.255758442903394951e-04
7.168704720000000634e+02 4.426031713654264240e-04 4.268790713178929603e-04
7.168707845000000134e+02 4.947168796885997128e-04 4.281676566918143933e-04
7.168710970000000771e+02 4.489418613618105015e-04 4.294421368093549545e-04
7.168714095000000270e+02 4.229260100513534764e-04 4.307030242287468295e-04
7.168717219999999770e+02 4.420444919310917800e-04 4.319508088984042146e-04
7.168720345000000407e+02 4.121346823964264564e-04 4.331859593109826955e-04
7.168723469999999907e+02 4.106561345595844694e-04 4.344089235914464376e-04
7.168726595000000543e+02 3.741274589556934141e-04 4.356201305276234388e-04
7.168729720000000043e+02 4.374508493366310088e-04 4.368199905359297750e-04
7.168732845000000680e+02 4.075006789575211577e-04 4.380088965796285040e-04
7.168735970000000179e+02 4.081809834539520758e-04 4.391872250288712505e-04
7.168739095000000816e+02 4.138748104415184760e-04 4.403553364796263555e-04
