7.163657920000000559e+02 2.957199446839203967e-04 2.957640929763706442e-04
7.163661045000000058e+02 3.352365203034831731e-04 2.960520346196372256e-04
7.163664170000000695e+02 3.000455936669583438e-04 2.963260601351385358e-04
7.163667295000000195e+02 2.997117603830995068e-04 2.965856170211916072e-04
7.163670420000000831e+02 3.458959800826256602e-04 2.968301261330935420e-04
7.163673545000000331e+02 3.152120247137461763e-04 2.970589801884990526e-04
7.163676670000000968e+02 2.846560239301976062e-04 2.972715421804083646e-04
7.163679795000000468e+02 2.822031541314438496e-04 2.974671436885646171e-04
7.163682920000001104e+02 2.730807752620612342e-04 2.976450830851155296e-04
7.163686045000000604e+02 3.034039218998815703e-04 2.978046236248004918e-04
7.163689170000000104e+02 2.921882191049568088e-04 2.979449914141125543e-04
7.163692295000000740e+02 3.118904472969914353e-04 2.980653732494061275e-04
7.163695420000000240e+02 3.249614826484628844e-04 2.981649143159081547e-04
7.163698545000000877e+02 2.760923776865260686e-04 2.982427157384466413e-04
7.163701670000000377e+02 2.921386526697586795e-04 2.982978319728594140e-04
7.163704795000001013e+02 2.942468465324376420e-04 2.983292680284482952e-04
7.163707920000000513e+02 2.607078164052569792e-04 2.983359765091754372e-04
7.163711045000000013e+02 2.877774972925286278e-04 2.983168544621310090e-04
7.163714170000000649e+02 3.339269307481207340e-04 2.982707400199856675e-04
7.163717295000000149e+02 2.825570901996245828e-04 2.981964088241748469e-04
7.163720420000000786e+02 3.544787614753993135e-04 2.980925702140407711e-04
7.163723545000000286e+02 2.944480918517042452e-04 2.979578631673900015e-04
7.163726670000000922e+02 2.971834150969273345e-04 2.977908519756711984e-04
7.163729795000000422e+02 3.183643595675622650e-04 2.975900216383340030e-04
7.163732920000001059e+02 3.338809965133249236e-04 2.973537729574085120e-04
7.163736045000000559e+02 2.835821781463777999e-04 2.970804173162244050e-04
7.163739170000000058e+02 3.160919012905845978e-04 2.967681711214181848e-04
7.163742295000000695e+02 2.772688800562265717e-04 2.964151498910663697e-04
7.163745420000000195e+02 3.434933340522652325e-04 2.960193619690457329e-04
7.163748545000000831e+02 2.910680053243473123e-04 2.955787018444898688e-04
7.163751670000000331e+02 3.315115110852471939e-04 2.950909430605024877e-04
7.163754795000000968e+02 3.167776450230978336e-04 2.945537306887876031e-04
7.163757920000000468e+02 2.384576230897375994e-04 2.939645733574968627e-04
7.163761045000001104e+02 3.155447935080514890e-04 2.933208348102450918e-04
7.163764170000000604e+02 2.611808095015498475e-04 2.926197249884171579e-04
7.163767295000000104e+02 3.051268312009987283e-04 2.918582906190583695e-04
7.163770420000000740e+02 2.704539690732377056e-04 2.910334053068390926e-04
7.163773545000000240e+02 2.553811794814429457e-04 2.901417591266703235e-04
7.163776670000000877e+02 2.823420357352867337e-04 2.891798477187638690e-04
7.163779795000000377e+02 2.884484391455791811e-04 2.881439609083103685e-04
7.163782920000001013e+02 2.810535158226591841e-04 2.870301708650956941e-04
7.163786045000000513e+02 2.874957310292689363e-04 2.858343198538584613e-04
7.163789170000000013e+02 2.657900333959688395e-04 2.845520076208419278e-04
7.163792295000000649e+02 2.849455020543654104e-04 2.831785785048498505e-04
7.163795420000000149e+02 2.381310485463847000e-04 2.817091083747750246e-04
7.163798545000000786e+02 2.456971346365980019e-04 2.801383915255072532e-04
7.163801670000000286e+02 2.538216147300599817e-04 2.784609277225227322e-04
7.163804795000000922e+02 2.514532289058178096e-04 2.766709096034780614e-04
7.163807920000000422e+02 2.756521445512235126e-04 2.747622107379569883e-04
7.163811045000001059e+02 2.734000407296229397e-04 2.727283746779868463e-04
7.163814170000000559e+02 2.748570318636194779e-04 2.705626054554673534e-04
7.163817295000000058e+02 2.251427749617125932e-04 2.682577600392917466e-04
7.163820420000000695e+02 2.514349179773276485e-04 2.658063434214284976e-04
7.163823545000000195e+02 2.624795258829333696e-04 2.632005071159532889e-04
7.163826670000000831e+02 2.890853902182404390e-04 2.604320520136499547e-04
7.163829795000000331e+02 2.254703913980845372e-04 2.574924367581186654e-04
7.163832920000000968e+02 2.445185390152151582e-04 2.543727929764546245e-04
7.163836045000000468e+02 2.330465202419099808e-04 2.510639490125380333e-04
7.163839170000001104e+02 2.145308408327003353e-04 2.475564640325608160e-04
7.163842295000000604e+02 2.164858470347103415e-04 2.438406747677307549e-04
7.163845420000000104e+02 2.351745851427624993e-04 2.399067574461310613e-04
7.163848545000000740e+02 1.989253028331230229e-04 2.357448079271331251e-04
7.163851670000000240e+02 2.348426787965627129e-04 2.313449434305670936e-04
7.163854795000000877e+02 2.072532673304088024e-04 2.266974296817230513e-04
7.163857920000000377e+02 2.131831029084848563e-04 2.217928377814744909e-04
7.163861045000001013e+02 1.787674905073245409e-04 2.166222354220136983e-04
7.163864170000000513e+02 2.174052696079946715e-04 2.111774175027407950e-04
7.163867295000000013e+02 1.684452904875618519e-04 2.054511812962958963e-04
7.163870420000000649e+02 1.996739418158681434e-04 1.994376514219953472e-04
7.163873545000000149e+02 1.717325170632451271e-04 1.931326595375249021e-04
7.163876670000000786e+02 1.724979328519987980e-04 1.865341829574249533e-04
7.163879795000000286e+02 2.338518461351662265e-04 1.796428452421861780e-04
7.163882920000000922e+02 1.548078546385352585e-04 1.724624797116771366e-04
7.163886045000000422e+02 1.541955341052518981e-04 1.650007541254464418e-04
7.163889170000001059e+02 1.467131635759260277e-04 1.572698506745358327e-04
7.163892295000000559e+02 1.471125433802456081e-04 1.492871904060124179e-04
7.163895420000000058e+02 1.354584428742591057e-04 1.410761844891415362e-04
7.163898545000000695e+02 1.334541700258964382e-04 1.326669869700652254e-04
7.163901670000000195e+02 1.272908125838239409e-04 1.240972144326396554e-04
7.163904795000000831e+02 1.346911017283873395e-04 1.154125880025727650e-04
7.163907920000000331e+02 1.306229945797154576e-04 1.066674431135016074e-04
7.163911045000000968e+02 1.424565014848034510e-04 9.792504304528778819e-05
7.163914170000000468e+02 9.120758239194484663e-05 8.925762553931934780e-05
7.163917295000001104e+02 8.402117248896622621e-05 8.074610881007975038e-05
7.163920420000000604e+02 9.832341357771397336e-05 7.247938681030143568e-05
7.163923545000000104e+02 6.844576657360786737e-05 6.455315482185331204e-05
7.163926670000000740e+02 6.805353431009438577e-05 5.706822764161947924e-05
7.163929795000000240e+02 6.600680433958192289e-05 5.012834376771693463e-05
7.163932920000000877e+02 5.251369188628774093e-05 4.383748967764233444e-05
7.163936045000000377e+02 4.725135544978647189e-05 3.829682585835080910e-05
7.163939170000001013e+02 5.352970878572512132e-05 3.360134579736522161e-05
7.163942295000000513e+02 3.805104244872238551e-05 2.983644490374973284e-05
7.163945420000000013e+02 3.949718277002091767e-05 2.707461050710718444e-05
7.163948545000000649e+02 2.113868330651869412e-05 2.537246030042946958e-05
7.163951670000000149e+02 4.062907626594408779e-05 2.476834929624492358e-05
7.163954795000000786e+02 2.432251524659335854e-05 2.528073289747200176e-05
7.163957920000000286e+02 3.547805993586225758e-05 2.690741802462790153e-05
7.163961045000000922e+02 1.216866612563636982e-05 2.962576158524627827e-05
7.163964170000000422e+02 3.360610962360772736e-05 3.339379530139747543e-05
7.163967295000001059e+02 3.067875653202811764e-05 3.815217882243369105e-05
7.163970420000000559e+02 3.036834066171016625e-05 4.382681917012660528e-05
7.163973545000000058e+02 4.558602784985753867e-05 5.033195165070299327e-05
7.163976670000000695e+02 4.361382621812191762e-05 5.757345890247129300e-05
7.163979795000000195e+02 4.708781186156779896e-05 6.545221062892927892e-05
7.163982920000000831e+02 7.102789669069218029e-05 7.386723273590947248e-05
7.163986045000000331e+02 5.923123653005533056e-05 8.271855471527213267e-05
7.163989170000000968e+02 8.317404810038428508e-05 9.190963150799016468e-05
7.163992295000000468e+02 7.010934888992735408e-05 1.013492835234364804e-04
7.163995420000001104e+02 7.075308328694269598e-05 1.109531415202012717e-04
7.163998545000000604e+02 1.083498073474396095e-04 1.206446175267380838e-04
7.164001670000000104e+02 1.075216051603285759e-04 1.303554482296282943e-04
7.164004795000000740e+02 1.445067055253308405e-04 1.400258725077679141e-04
7.164007920000000240e+02 1.288761880936117486e-04 1.496045118863645535e-04
7.164011045000000877e+02 1.691381337948972185e-04 1.590480229169634243e-04
7.164014170000000377e+02 1.746272183348261914e-04 1.683205857674898668e-04
7.164017295000001013e+02 1.972570265506441419e-04 1.773932858745119431e-04
7.164020420000000513e+02 1.700337036270426882e-04 1.862434361592634087e-04
7.164023545000000013e+02 1.892604174666837405e-04 1.948538780472658762e-04
7.164026670000000649e+02 2.015270638981856354e-04 2.032122903322865920e-04
7.164029795000000149e+02 2.124812178366547618e-04 2.113105269931671304e-04
7.164032920000000786e+02 2.131925999883201635e-04 2.191439982191990712e-04
7.164036045000000286e+02 2.306031860283409396e-04 2.267111032205267084e-04
7.164039170000000922e+02 1.847706457705584004e-04 2.340127192021236049e-04
7.164042295000000422e+02 2.896510921986365653e-04 2.410517474210160764e-04
7.164045420000001059e+02 2.473916583126401490e-04 2.478327150753977881e-04
7.164048545000000559e+02 1.891541577555225923e-04 2.543614300094069200e-04
7.164051670000000058e+02 2.993240995979354856e-04 2.606446843895460458e-04
7.164054795000000695e+02 3.112339358389271376e-04 2.666900028303888464e-04
7.164057920000000195e+02 2.658249388090376791e-04 2.725054303389344980e-04
7.164061045000000831e+02 2.438958356135434696e-04 2.780993554795825324e-04
7.164064170000000331e+02 3.798527688875723393e-04 2.834803642884181326e-04
7.164067295000000968e+02 3.230402150315317758e-04 2.886571208846920654e-04
7.164070420000000468e+02 3.224572820323047973e-04 2.936382709527671502e-04
7.164073545000001104e+02 3.463366252082606365e-04 2.984323647749942323e-04
7.164076670000000604e+02 3.135699145711650900e-04 3.030477967529518913e-04
7.164079795000000104e+02 3.167248255728049959e-04 3.074927588371484215e-04
7.164082920000000740e+02 3.344981185320463962e-04 3.117752055263013568e-04
7.164086045000000240e+02 3.476634257915647212e-04 3.159028284746230098e-04
7.164089170000000877e+02 3.352686403110910441e-04 3.198830390230693083e-04
7.164092295000000377e+02 3.306158614834043934e-04 3.237229571697416617e-04
7.164095420000001013e+02 3.106852276451617248e-04 3.274294058000270569e-04
7.164098545000000513e+02 3.483248625379296512e-04 3.310089090969901100e-04
7.164101670000000013e+02 3.288567772770880542e-04 3.344676943092864097e-04
7.164104795000000649e+02 3.331442780118851134e-04 3.378116961192221429e-04
7.164107920000000149e+02 3.785088635894595481e-04 3.410465630253830573e-04
7.164111045000000786e+02 3.542774973513775939e-04 3.441776652550739370e-04
7.164114170000000286e+02 3.700495318642372296e-04 3.472101037693944218e-04
7.164117295000000922e+02 3.707482665802392828e-04 3.501487200643960715e-04
7.164120420000000422e+02 3.950440805297475238e-04 3.529981064614880464e-04
7.164123545000001059e+02 3.371521166373131571e-04 3.557626167045201061e-04
7.164126670000000559e+02 3.692965589756976746e-04 3.584463766550675988e-04
7.164129795000000058e+02 3.548784940043607332e-04 3.610532949802963340e-04
7.164132920000000695e+02 3.919330102161326440e-04 3.635870736998984116e-04
7.164136045000000195e+02 3.663846923140245027e-04 3.660512185198300478e-04
7.164139170000000831e+02 4.081570824579343359e-04 3.684490488987124130e-04
7.164142295000000331e+02 3.958849193280660319e-04 3.707837077782948120e-04
7.164145420000000968e+02 3.630466752176922038e-04 3.730581709732493437e-04
7.164148545000000468e+02 3.948543171499981422e-04 3.752752561708632231e-04
7.164151670000001104e+02 3.831655009101234198e-04 3.774376315551523572e-04
7.164154795000000604e+02 3.991718146917794556e-04 3.795478240232412329e-04
7.164157920000000104e+02 3.927671165688535575e-04 3.816082270190006265e-04
7.164161045000000740e+02 4.406987986069052705e-04 3.836211079681665307e-04
7.164164170000000240e+02 3.863842703714538826e-04 3.855886153308346479e-04
7.164167295000000877e+02 3.622998172732942420e-04 3.875127852882952867e-04
7.164170420000000377e+02 3.745419967479985280e-04 3.893955480581302994e-04
7.164173545000001013e+02 4.439411572540124347e-04 3.912387338729705552e-04
7.164176670000000513e+02 4.078060506210990331e-04 3.930440786146164982e-04
7.164179795000000013e+02 3.596814623762885029e-04 3.948132291394608126e-04
7.164182920000000649e+02 4.100853359152101187e-04 3.965477482930857759e-04
7.164186045000000149e+02 3.581022012992557554e-04 3.982491196359802012e-04
7.164189170000000786e+02 4.669332691683676585e-04 3.999187519011144251e-04
7.164192295000000286e+02 3.778376165234165825e-04 4.015579831822870265e-04
7.164195420000000922e+02 4.227259935568831312e-04 4.031680848864925017e-04
7.164198545000000422e+02 4.469512584757985010e-04 4.047502654444958643e-04
7.164201670000001059e+02 3.975112206183932604e-04 4.063056738118413181e-04
7.164204795000000559e+02 3.745813289342588698e-04 4.078354027541284971e-04
7.164207920000000058e+02 3.601649450016458946e-04 4.093404919464689747e-04
7.164211045000000695e+02 3.968566477960982944e-04 4.108219308842643819e-04
7.164214170000000195e+02 3.783429352178899370e-04 4.122806616220727242e-04
7.164217295000000831e+02 3.454521654408524226e-04 4.137175813560463886e-04
7.164220420000000331e+02 4.531531640347146069e-04 4.151335448463731349e-04
7.164223545000000968e+02 4.779169628563268921e-04 4.165293667053699637e-04
7.164226670000000468e+02 4.654319598748451721e-04 4.179058235431875744e-04
7.164229795000001104e+02 3.913533550789264313e-04 4.192636559958098788e-04
7.164232920000000604e+02 4.050850182134719244e-04 4.206035706268015321e-04
7.164236045000000104e+02 4.352190271701328241e-04 4.219262417256050665e-04
7.164239170000000740e+02 4.245014924204484723e-04 4.232323129967310751e-04
7.164242295000000240e+02 3.654112257559647596e-04 4.245223991513355044e-04
7.164245420000000877e+02 4.070763896953951788e-04 4.257970874117796944e-04
7.164248545000000377e+02 3.876855187835199666e-04 4.270569389230269861e-04
7.164251670000001013e+02 4.292778187463065819e-04 4.283024900906869255e-04
7.164254795000000513e+02 3.878922571982895001e-04 4.295342538358098180e-04
7.164257920000000013e+02 4.461482480812130683e-04 4.307527207852975622e-04
7.164261045000000649e+02 4.130712043398156738e-04 4.319583603908555862e-04
7.164264170000000149e+02 3.967458408310280647e-04 4.331516219852078048e-04
7.164267295000000786e+02 4.141419416784490083e-04 4.343329357836514699e-04
7.164270420000000286e+02 4.313117299848523282e-04 4.355027138236349047e-04
7.164273545000000922e+02 3.885491078301888117e-04 4.366613508591454199e-04
7.164276670000000422e+02 4.150707495184183813e-04 4.378092251992847799e-04
7.164279795000001059e+02 4.752309428017076776e-04 4.389466995075813160e-04
