7.084298350000000255e+02 4.012571716447353959e-04 3.487230597669843321e-04
7.084301475000000892e+02 3.726107249236653655e-04 3.492388382633107406e-04
7.084304600000000391e+02 3.392497979846530913e-04 3.496882349117343960e-04
7.084307724999999891e+02 3.809723506067199100e-04 3.500681824731610757e-04
7.084310850000000528e+02 3.961064221341956191e-04 3.503754518809591842e-04
7.084313975000000028e+02 3.521050893902636552e-04 3.506066432842042222e-04
7.084317100000000664e+02 3.528652239470815317e-04 3.507581766553543039e-04
7.084320225000000164e+02 3.171496059895910491e-04 3.508262819559024108e-04
7.084323350000000801e+02 3.807348032431455312e-04 3.508069888625030058e-04
7.084326475000000300e+02 3.774824885857825112e-04 3.506961160570869055e-04
7.084329600000000937e+02 3.278543020174535627e-04 3.504892600934455854e-04
7.084332725000000437e+02 3.653583558665907875e-04 3.501817838602628587e-04
7.084335849999999937e+02 3.575334146615876665e-04 3.497688046689151884e-04
7.084338975000000573e+02 3.004349334812600946e-04 3.492451820086627337e-04
7.084342100000000073e+02 3.490581248896545714e-04 3.486055050251508089e-04
7.084345225000000710e+02 3.715983279269202124e-04 3.478440797923499045e-04
7.084348350000000210e+02 3.292163367680323114e-04 3.469549164771496626e-04
7.084351475000000846e+02 3.158410583718950729e-04 3.459317165076427735e-04
7.084354600000000346e+02 3.535155293982835583e-04 3.447678599018743164e-04
7.084357725000000983e+02 3.696868668965602712e-04 3.434563929293523170e-04
7.084360850000000482e+02 3.008649800044348329e-04 3.419900163411609788e-04
7.084363974999999982e+02 3.043868605723418176e-04 3.403610744280006714e-04
7.084367100000000619e+02 3.333272949252002169e-04 3.385615452462652111e-04
7.084370225000000119e+02 3.318554198946634592e-04 3.365830324043903141e-04
7.084373350000000755e+02 2.886172162155426131e-04 3.344167588742776856e-04
7.084376475000000255e+02 2.771579006733294187e-04 3.320535634077767724e-04
7.084379600000000892e+02 2.977732991820583423e-04 3.294839002015686590e-04
7.084382725000000391e+02 3.038223326035570339e-04 3.266978426205958356e-04
7.084385849999999891e+02 2.709928103804289503e-04 3.236850918742225735e-04
7.084388975000000528e+02 2.655289722623791772e-04 3.204349917420550985e-04
7.084392100000000028e+02 2.640430788278707100e-04 3.169365505909099170e-04
7.084395225000000664e+02 2.656657988699554288e-04 3.131784721123029216e-04
7.084398350000000164e+02 2.694059508047530319e-04 3.091491964702643104e-04
7.084401475000000801e+02 2.770097566156821522e-04 3.048369537140610736e-04
7.084404600000000300e+02 2.830549122814732146e-04 3.002298316485304251e-04
7.084407725000000937e+02 2.608759447436070607e-04 2.953158605333922526e-04
7.084410850000000437e+02 2.698132440950355118e-04 2.900831173592136091e-04
7.084413974999999937e+02 2.362494595861373836e-04 2.845198526253193646e-04
7.084417100000000573e+02 2.663084712888064143e-04 2.786146429069240944e-04
7.084420225000000073e+02 2.408040732481559745e-04 2.723565726791476668e-04
7.084423350000000710e+02 2.251346468107262794e-04 2.657354490407668802e-04
7.084426475000000210e+02 2.256374734155266375e-04 2.587420531616779784e-04
7.084429600000000846e+02 2.105518730063676467e-04 2.513684321280815507e-04
7.084432725000000346e+02 2.493104728454366165e-04 2.436082348120236960e-04
7.084435850000000983e+02 2.284950834443835916e-04 2.354570948052243863e-04
7.084438975000000482e+02 2.024698692792296418e-04 2.269130628937934726e-04
7.084442099999999982e+02 1.799224403214399299e-04 2.179770902638931247e-04
7.084445225000000619e+02 1.811315443749924150e-04 2.086535622030516598e-04
7.084448350000000119e+02 1.671078699504575081e-04 1.989508798189554403e-04
7.084451475000000755e+02 1.734683879134915304e-04 1.888820844939907955e-04
7.084454600000000255e+02 1.746879312738040878e-04 1.784655164088322474e-04
7.084457725000000892e+02 1.814763215874000152e-04 1.677254940050035682e-04
7.084460850000000391e+02 1.433380292746705669e-04 1.566929964717270966e-04
7.084463974999999891e+02 1.435974570548696197e-04 1.454063254389468109e-04
7.084467100000000528e+02 1.465879793409934171e-04 1.339117161327852193e-04
7.084470225000000028e+02 1.331138935776555250e-04 1.222638618295825304e-04
7.084473350000000664e+02 1.071313220324883914e-04 1.105263094722814382e-04
7.084476475000000164e+02 1.218813438716587758e-04 9.877167945705528276e-05
7.084479600000000801e+02 1.055510425098432810e-04 8.708165911090997701e-05
7.084482725000000300e+02 9.170717949340590511e-05 7.554671906968331166e-05
7.084485850000000937e+02 9.288964157227830667e-05 6.426550455532361022e-05
7.084488975000000437e+02 7.001195238749087003e-05 5.334386142591126205e-05
7.084492099999999937e+02 8.129920493833539443e-05 4.289346943361793825e-05
7.084495225000000573e+02 6.015055589053776216e-05 3.303007368571430296e-05
7.084498350000000073e+02 5.407246556657334396e-05 2.387132866166848363e-05
7.084501475000000710e+02 4.420947851160487519e-05 1.553429677551394436e-05
7.084504600000000210e+02 3.450627869919357688e-05 8.132673435914839163e-06
7.084507725000000846e+02 3.933374638984193851e-05 1.773839776156529507e-06
7.084510850000000346e+02 2.257017658571665298e-05 -3.444129837543620142e-06
7.084513975000000983e+02 2.329927965809481979e-05 -7.435359940309777681e-06
7.084517100000000482e+02 1.769249705524579840e-05 -1.012881155291277275e-05
7.084520224999999982e+02 1.941968659628430136e-05 -1.147051514631513374e-05
7.084523350000000619e+02 1.830161164375840389e-05 -1.142526614391605365e-05
7.084526475000000119e+02 1.712018066873037509e-05 -9.977680090044626542e-06
7.084529600000000755e+02 1.189992360806666940e-05 -7.132544562015064031e-06
7.084532725000000255e+02 1.017275749970990374e-05 -2.914451078053817080e-06
7.084535850000000892e+02 3.567816525999620932e-06 2.633262267776258554e-06
7.084538975000000391e+02 1.229739895771422381e-05 9.450182780240898249e-06
7.084542099999999891e+02 1.247592471899147021e-05 1.746099929340521470e-05
7.084545225000000528e+02 1.772479274715900265e-05 2.657804723043210530e-05
7.084548350000000028e+02 1.931559039264036206e-05 3.670407549116436500e-05
7.084551475000000664e+02 2.634780331718906499e-05 4.773508883341687594e-05
7.084554600000000164e+02 3.035966163053797348e-05 5.956313110830694908e-05
7.084557725000000801e+02 3.760432613661076077e-05 7.207889522330038039e-05
7.084560850000000300e+02 4.023342675496835127e-05 8.517407110976990894e-05
7.084563975000000937e+02 5.975708673856328280e-05 9.874337104269800380e-05
7.084567100000000437e+02 7.605320465006882170e-05 1.126861985520780432e-04
7.084570224999999937e+02 8.814860484081387814e-05 1.269079518423513533e-04
7.084573350000000573e+02 1.088793284006158498e-04 1.413209725660101847e-04
7.084576475000000073e+02 1.037237224530946180e-04 1.558451663005505834e-04
7.084579600000000710e+02 1.003241124710697673e-04 1.704083315091731252e-04
7.084582725000000210e+02 1.454454803184844361e-04 1.849462394951376576e-04
7.084585850000000846e+02 1.452856757353179502e-04 1.994025102586923133e-04
7.084588975000000346e+02 1.669933367657416953e-04 2.137283279527829019e-04
7.084592100000000983e+02 1.809980263976111790e-04 2.278820369480849973e-04
7.084595225000000482e+02 2.033302973220975449e-04 2.418286547854314988e-04
7.084598349999999982e+02 2.289037458543006305e-04 2.555393335045193508e-04
7.084601475000000619e+02 2.716314462146193873e-04 2.689907952160456662e-04
7.084604600000000119e+02 2.663851025295605845e-04 2.821647627969775507e-04
7.084607725000000755e+02 2.925285988117068327e-04 2.950474018179069058e-04
7.084610850000000255e+02 3.013247509053140066e-04 3.076287854308446608e-04
7.084613975000000892e+02 3.102061843224647258e-04 3.199023906157957321e-04
7.084617100000000391e+02 3.289552710820460493e-04 3.318646309076599024e-04
7.084620224999999891e+02 3.430959291976040269e-04 3.435144286247184594e-04
7.084623350000000528e+02 3.113034714467926537e-04 3.548528275011138115e-04
7.084626475000000028e+02 3.717685255870845106e-04 3.658826453842437595e-04
7.084629600000000664e+02 4.024049659122060996e-04 3.766081656347955485e-04
7.084632725000000164e+02 3.895051926026205980e-04 3.870348650320960511e-04
7.084635850000000801e+02 3.831467149881389060e-04 3.971691757719439343e-04
7.084638975000000300e+02 4.388525239848223205e-04 4.070182786528631384e-04
7.084642100000000937e+02 3.919674092806661714e-04 4.165899247011990540e-04
7.084645225000000437e+02 4.875692117902735039e-04 4.258922822645518818e-04
7.084648349999999937e+02 4.420304633486132158e-04 4.349338069292184089e-04
7.084651475000000573e+02 4.826415355377227452e-04 4.437231315659893112e-04
7.084654600000000073e+02 4.977521165530950434e-04 4.522689741160474015e-04
7.084657725000000710e+02 5.107992102308610803e-04 4.605800609197514871e-04
7.084660850000000210e+02 5.284732920485062622e-04 4.686650634877907620e-04
7.084663975000000846e+02 5.472845911376264657e-04 4.765325469914454622e-04
7.084667100000000346e+02 5.271487269438409132e-04 4.841909287509376584e-04
7.084670225000000983e+02 5.194682966037020289e-04 4.916484453760133246e-04
7.084673350000000482e+02 5.367363720252482867e-04 4.989131271978487422e-04
7.084676474999999982e+02 5.518664789666323381e-04 5.059927789662268388e-04
7.084679600000000619e+02 5.750490320950801771e-04 5.128949657719661555e-04
7.084682725000000119e+02 5.326552755391413506e-04 5.196270033799456735e-04
7.084685850000000755e+02 5.862183918287427412e-04 5.261959522663354734e-04
7.084688975000000255e+02 5.827482882513933607e-04 5.326086146692517566e-04
7.084692100000000892e+02 6.407454145743700239e-04 5.388715341882842217e-04
7.084695225000000391e+02 5.251649899404957356e-04 5.449909973939332571e-04
7.084698349999999891e+02 5.827430310580148168e-04 5.509730371251356056e-04
7.084701475000000528e+02 6.033251124493125986e-04 5.568234370817979652e-04
7.084704600000000028e+02 6.241787009207870954e-04 5.625477374525606530e-04
7.084707725000000664e+02 5.578733630228652034e-04 5.681512413584057300e-04
7.084710850000000164e+02 6.704266913832505718e-04 5.736390218585551417e-04
7.084713975000000801e+02 6.255068147619645587e-04 5.790159294148281921e-04
7.084717100000000300e+02 6.814244340075988754e-04 5.842865996091224949e-04
7.084720225000000937e+02 6.447453877776191051e-04 5.894554610620081391e-04
7.084723350000000437e+02 5.838127639215484827e-04 5.945267433944268062e-04
7.084726474999999937e+02 6.343226564781466806e-04 5.995044852142435111e-04
7.084729600000000573e+02 6.401799646608410596e-04 6.043925420169799466e-04
7.084732725000000073e+02 7.062791858659956410e-04 6.091945939699564124e-04
7.084735850000000710e+02 6.089109760673769300e-04 6.139141535569411605e-04
7.084738975000000210e+02 6.463656292828537809e-04 6.185545730084889655e-04
7.084742100000000846e+02 6.625232618276360010e-04 6.231190515486066325e-04
7.084745225000000346e+02 6.533156976098035982e-04 6.276106423855764985e-04
7.084748350000000983e+02 6.675693907530208873e-04 6.320322594889934802e-04
7.084751475000000482e+02 6.945449984933656359e-04 6.363866840921434623e-04
7.084754599999999982e+02 7.017588015094015181e-04 6.406765709663291919e-04
7.084757725000000619e+02 6.351236720187562051e-04 6.449044544252078215e-04
7.084760850000000119e+02 6.846510398194064406e-04 6.490727540768923953e-04
7.084763975000000755e+02 6.656422009252771022e-04 6.531837803415605718e-04
7.084767100000000255e+02 6.991622856149252909e-04 6.572397397009537012e-04
7.084770225000000892e+02 7.446797773557754969e-04 6.612427397323256692e-04
7.084773350000000391e+02 7.046728019654471126e-04 6.651947938854706286e-04
7.084776474999999891e+02 7.264825053962612736e-04 6.690978260558267223e-04
7.084779600000000528e+02 7.089026646432645485e-04 6.729536749245639427e-04
7.084782725000000028e+02 6.707645845626543759e-04 6.767640980886342750e-04
7.084785850000000664e+02 6.559187873819623824e-04 6.805307760025236779e-04
7.084788975000000164e+02 7.585439989771446904e-04 6.842553157051711396e-04
7.084792100000000801e+02 6.732804307670431886e-04 6.879392543832175489e-04
7.084795225000000300e+02 6.947362240916823278e-04 6.915840627348855078e-04
7.084798350000000937e+02 7.648501660112521326e-04 6.951911481858981823e-04
7.084801475000000437e+02 7.390963839059135282e-04 6.987618579224082454e-04
7.084804599999999937e+02 6.788347605733800055e-04 7.022974817897594023e-04
7.084807725000000573e+02 7.270696108257412252e-04 7.057992550314728377e-04
7.084810850000000073e+02 7.356173396741985324e-04 7.092683608890857456e-04
7.084813975000000710e+02 6.753694775852240716e-04 7.127059330821943015e-04
7.084817100000000210e+02 6.863869741839126676e-04 7.161130581437162882e-04
7.084820225000000846e+02 7.079499701782065784e-04 7.194907776558545718e-04
7.084823350000000346e+02 7.041484960043702069e-04 7.228400903528417291e-04
7.084826475000000983e+02 7.367716600253517529e-04 7.261619541359850801e-04
7.084829600000000482e+02 6.696618121618990371e-04 7.294572879672544044e-04
7.084832724999999982e+02 7.309449529173595765e-04 7.327269736845373532e-04
7.084835850000000619e+02 7.017313795824665131e-04 7.359718577132366756e-04
7.084838975000000119e+02 7.844990358929963912e-04 7.391927526913345597e-04
7.084842100000000755e+02 7.084675884968868066e-04 7.423904390240654728e-04
7.084845225000000255e+02 7.061195223524634277e-04 7.455656663431757406e-04
7.084848350000000892e+02 7.350639363937870466e-04 7.487191549111836108e-04
7.084851475000000391e+02 6.893526890684592567e-04 7.518515969373036189e-04
7.084854599999999891e+02 6.977603704856566533e-04 7.549636578445780618e-04
7.084857725000000528e+02 7.624084118876325172e-04 7.580559774628920855e-04
7.084860850000000028e+02 7.208760648522253298e-04 7.611291711628498814e-04
7.084863975000000664e+02 7.100217470729292598e-04 7.641838309447084249e-04
7.084867100000000164e+02 7.745351512217085732e-04 7.672205264573401682e-04
7.084870225000000801e+02 7.256568708777433796e-04 7.702398059846654382e-04
7.084873350000000300e+02 7.915146282923173678e-04 7.732421973666471623e-04
7.084876475000000937e+02 7.317134792056447217e-04 7.762282088927128154e-04
7.084879600000000437e+02 7.348887146959096062e-04 7.791983301348227343e-04
7.084882724999999937e+02 7.488919162301429806e-04 7.821530327563172482e-04
7.084885850000000573e+02 7.501832320884716746e-04 7.850927712713982399e-04
7.084888975000000073e+02 7.711421064760669471e-04 7.880179837682577343e-04
7.084892100000000710e+02 8.451711506667938497e-04 7.909290926083026481e-04
7.084895225000000210e+02 7.568932984270202021e-04 7.938265050766238340e-04
7.084898350000000846e+02 7.252882054631090225e-04 7.967106140183798221e-04
7.084901475000000346e+02 7.739866170178881163e-04 7.995817984287989337e-04
7.084904600000000983e+02 7.840842614110825554e-04 8.024404240320505421e-04
7.084907725000000482e+02 7.087304232917201151e-04 8.052868438168362840e-04
7.084910849999999982e+02 7.256300836039853916e-04 8.081213985624527592e-04
7.084913975000000619e+02 7.247861360811521476e-04 8.109444173305288247e-04
7.084917100000000119e+02 7.771041439162698844e-04 8.137562179341520678e-04
7.084920225000000755e+02 7.614872955989771897e-04 8.165571073956961589e-04
