7.048155639999999948e+02 3.674795896547601690e-04 3.488528846546149983e-04
7.048158764999999448e+02 3.875605119719620134e-04 3.486615598710514309e-04
7.048161890000000085e+02 3.454642766310536467e-04 3.484390200047374794e-04
7.048165014999999585e+02 3.405603474009273124e-04 3.481841214456601408e-04
7.048168140000000221e+02 3.551723853077584170e-04 3.478956718462460919e-04
7.048171264999999721e+02 4.227018669669891293e-04 3.475724278726032186e-04
7.048174390000000358e+02 3.291286688481436288e-04 3.472130928536401118e-04
7.048177514999999858e+02 3.804002648722683007e-04 3.468163143284850691e-04
7.048180640000000494e+02 3.565861522752106607e-04 3.463806814856896848e-04
7.048183764999999994e+02 3.526428535717179890e-04 3.459047224959533240e-04
7.048186889999999494e+02 3.225716846999437276e-04 3.453869017318310125e-04
7.048190015000000130e+02 3.183943600199879440e-04 3.448256168764829931e-04
7.048193139999999630e+02 4.189263432290150002e-04 3.442191959191633717e-04
7.048196265000000267e+02 3.546827003821102623e-04 3.435658940346089261e-04
7.048199389999999767e+02 3.867646890151672941e-04 3.428638903521306187e-04
7.048202515000000403e+02 3.695411102945476154e-04 3.421112846089080874e-04
7.048205639999999903e+02 3.126572483596963461e-04 3.413060936977119577e-04
7.048208764999999403e+02 3.526987444725903764e-04 3.404462481052037532e-04
7.048211890000000039e+02 3.254403842018639822e-04 3.395295882530317160e-04
7.048215014999999539e+02 3.026975753447280152e-04 3.385538607471490755e-04
7.048218140000000176e+02 3.061562125508521639e-04 3.375167145415146602e-04
7.048221264999999676e+02 3.061772929362243561e-04 3.364156970375959473e-04
7.048224390000000312e+02 3.578726014461699589e-04 3.352482501244550693e-04
7.048227514999999812e+02 2.788716912024750646e-04 3.340117061910797863e-04
7.048230640000000449e+02 3.125488499547453692e-04 3.327032841219565418e-04
7.048233764999999948e+02 3.207189712887021922e-04 3.313200853182874479e-04
7.048236889999999448e+02 3.114659954523549051e-04 3.298590897654729960e-04
7.048240015000000085e+02 3.479858799687139269e-04 3.283171521993709526e-04
7.048243139999999585e+02 2.866202205378960135e-04 3.266909984159052671e-04
7.048246265000000221e+02 2.902109403510029582e-04 3.249772217749939880e-04
7.048249389999999721e+02 3.182896195730360251e-04 3.231722799805550588e-04
7.048252515000000358e+02 3.086084168286706841e-04 3.212724921966236239e-04
7.048255639999999858e+02 3.294552460763379995e-04 3.192740366109446154e-04
7.048258765000000494e+02 3.112167659537697670e-04 3.171729485309776175e-04
7.048261889999999994e+02 3.384814468579894274e-04 3.149651191570013273e-04
7.048265014999999494e+02 3.266561961915313752e-04 3.126462951510833982e-04
7.048268140000000130e+02 2.790787310375346386e-04 3.102120791825881433e-04
7.048271264999999630e+02 3.171892455779384661e-04 3.076579316293785401e-04
7.048274390000000267e+02 2.871563066350118153e-04 3.049791736369660065e-04
7.048277514999999767e+02 3.234810497240721652e-04 3.021709917999376304e-04
7.048280640000000403e+02 2.843782522878773368e-04 2.992284447105348516e-04
7.048283764999999903e+02 2.958095035386008572e-04 2.961464717152149104e-04
7.048286889999999403e+02 3.117730197973498469e-04 2.929199041963574278e-04
7.048290015000000039e+02 2.447249219305785203e-04 2.895434797962112409e-04
7.048293139999999539e+02 2.657601974215161229e-04 2.860118600106649196e-04
7.048296265000000176e+02 2.680117469495613049e-04 2.823196516250593095e-04
7.048299389999999676e+02 2.734573240439874516e-04 2.784614325610422990e-04
7.048302515000000312e+02 2.527176304715330127e-04 2.744317826851434242e-04
7.048305639999999812e+02 2.467473015107054146e-04 2.702253202672864549e-04
7.048308765000000449e+02 2.158255764023533929e-04 2.658367447434988929e-04
7.048311889999999948e+02 3.026551411066788402e-04 2.612608865808411607e-04
7.048315014999999448e+02 2.273551507637316526e-04 2.564927649955550041e-04
7.048318140000000085e+02 2.634655935121749527e-04 2.515276544008745053e-04
7.048321264999999585e+02 2.416547373331216970e-04 2.463611604357378369e-04
7.048324390000000221e+02 2.246425114495615707e-04 2.409893064312938792e-04
7.048327514999999721e+02 2.224358487924345523e-04 2.354086312271390466e-04
7.048330640000000358e+02 2.208351772667500618e-04 2.296162991034854199e-04
7.048333764999999858e+02 2.041092270694343344e-04 2.236102226379671801e-04
7.048336890000000494e+02 1.912621494971840407e-04 2.173891990421181436e-04
7.048340014999999994e+02 1.835135555399610688e-04 2.109530604805836466e-04
7.048343139999999494e+02 1.667805345294491039e-04 2.043028384865942131e-04
7.048346265000000130e+02 1.941752579783544348e-04 1.974409423724967489e-04
7.048349389999999630e+02 2.405568987935317394e-04 1.903713510251834999e-04
7.048352515000000267e+02 1.964271678470498118e-04 1.830998169291379331e-04
7.048355639999999767e+02 1.587532599890905077e-04 1.756340806911157147e-04
7.048358765000000403e+02 1.601172466896991166e-04 1.679840934116670018e-04
7.048361889999999903e+02 1.582210980889878888e-04 1.601622434998444899e-04
7.048365014999999403e+02 1.689786904480471456e-04 1.521835833222074210e-04
7.048368140000000039e+02 1.437626521857035512e-04 1.440660500840352934e-04
7.048371264999999539e+02 1.447497150476296200e-04 1.358306740188937366e-04
7.048374390000000176e+02 1.244064839707054453e-04 1.275017656925512177e-04
7.048377514999999676e+02 1.133159276195046825e-04 1.191070730892157065e-04
7.048380640000000312e+02 1.443130882175439457e-04 1.106778978397180568e-04
7.048383764999999812e+02 9.081759886026330767e-05 1.022491592031465185e-04
7.048386890000000449e+02 1.049733141482812675e-04 9.385939360431799956e-05
7.048390014999999948e+02 8.583816869211927450e-05 8.555067756603102510e-05
7.048393139999999448e+02 8.659143340118319906e-05 7.736846212073631248e-05
7.048396265000000085e+02 7.841294352800611271e-05 6.936130812903343963e-05
7.048399389999999585e+02 7.695182479241917969e-05 6.158051384530586732e-05
7.048402515000000221e+02 5.483960214703437040e-05 5.407962902458885389e-05
7.048405639999999721e+02 5.501529679650169651e-05 4.691385386470835271e-05
7.048408765000000358e+02 6.467069667419718870e-05 4.013932571514641280e-05
7.048411889999999858e+02 3.959636106360709133e-05 3.381230220059431576e-05
7.048415015000000494e+02 3.881096133575271154e-05 2.798825527639846309e-05
7.048418139999999994e+02 4.240579840490879386e-05 2.272089707800894573e-05
7.048421264999999494e+02 2.268777482876217763e-05 1.806116416787854607e-05
7.048424390000000130e+02 1.438947032689520813e-05 1.405619201630533424e-05
7.048427514999999630e+02 3.229663110949904911e-05 1.074831528366037963e-05
7.048430640000000267e+02 1.761402363700987166e-05 8.174131548222486648e-06
7.048433764999999767e+02 1.251589130519198680e-05 6.363666107703568151e-06
7.048436890000000403e+02 1.521613762238988862e-05 5.339673035552385344e-06
7.048440014999999903e+02 1.437827458423767000e-05 5.117103031520890725e-06
7.048443139999999403e+02 1.480576495257124294e-05 5.702761730516731326e-06
7.048446265000000039e+02 8.888861920628686136e-06 7.095173650736487714e-06
7.048449389999999539e+02 7.805101863154525609e-06 9.284657323611461758e-06
7.048452515000000176e+02 2.089005978870583799e-05 1.225360717908697650e-05
7.048455639999999676e+02 9.333177947982446837e-06 1.597696811197668376e-05
7.048458765000000312e+02 1.485321569148137370e-05 2.042288016544577448e-05
7.048461889999999812e+02 1.383902305592498313e-05 2.555346384990613451e-05
7.048465015000000449e+02 3.426302563495995518e-05 3.132571192267681197e-05
7.048468139999999948e+02 2.165215335915561084e-05 3.769245087900224947e-05
7.048471264999999448e+02 4.051994359883252301e-05 4.460333531056471422e-05
7.048474390000000085e+02 4.171468880398669502e-05 5.200584005293326959e-05
7.048477514999999585e+02 4.827888872631549554e-05 5.984621869649047843e-05
7.048480640000000221e+02 6.083557117358173488e-05 6.807040190708853265e-05
7.048483764999999721e+02 5.116079768186481406e-05 7.662481453436317965e-05
7.048486890000000358e+02 7.827275531270167798e-05 8.545709657977048571e-05
7.048490014999999858e+02 6.316251807192089639e-05 9.451671872912906973e-05
7.048493140000000494e+02 6.620560208912614907e-05 1.037554887085620340e-04
7.048496264999999994e+02 1.145922424794600981e-04 1.131279491832206183e-04
7.048499389999999494e+02 1.094141450058621419e-04 1.225916719421068742e-04
7.048502515000000130e+02 1.100292087208143405e-04 1.321074558504303071e-04
7.048505639999999630e+02 1.203623491581179970e-04 1.416394382089719746e-04
7.048508765000000267e+02 1.273889833493653762e-04 1.511551303966207052e-04
7.048511889999999767e+02 1.499595827742652792e-04 1.606253890831970451e-04
7.048515015000000403e+02 1.695607537036021302e-04 1.700243344519589226e-04
7.048518139999999903e+02 1.607186596890621271e-04 1.793292261679133807e-04
7.048521264999999403e+02 1.798825611795232303e-04 1.885203072409666000e-04
7.048524390000000039e+02 1.837432155722908047e-04 1.975806247294453559e-04
7.048527514999999539e+02 2.008155398228765793e-04 2.064958352283591660e-04
7.048530640000000176e+02 2.130547209342246008e-04 2.152540019264448802e-04
7.048533764999999676e+02 2.299853051289954900e-04 2.238453887692962651e-04
7.048536890000000312e+02 2.236663873628484179e-04 2.322622563798694894e-04
7.048540014999999812e+02 2.224666697917862101e-04 2.404986632106758445e-04
7.048543140000000449e+02 2.582100262920625851e-04 2.485502747374174377e-04
7.048546264999999948e+02 2.651303212709845108e-04 2.564141825543070135e-04
7.048549389999999448e+02 2.664365813659002398e-04 2.640887347847206408e-04
7.048552515000000085e+02 3.100455053308416825e-04 2.715733785241890947e-04
7.048555639999999585e+02 3.283913664736739244e-04 2.788685147087446880e-04
7.048558765000000221e+02 2.886212220629125733e-04 2.859753654559746717e-04
7.048561889999999721e+02 3.318725440482507148e-04 2.928958535715746889e-04
7.048565015000000358e+02 3.410471304424620375e-04 2.996324938676590962e-04
7.048568139999999858e+02 3.256477267797734968e-04 3.061882956348578383e-04
7.048571265000000494e+02 2.879547712526498403e-04 3.125666756802620823e-04
7.048574389999999994e+02 3.202000559962262958e-04 3.187713811282184232e-04
7.048577514999999494e+02 3.236294993763440698e-04 3.248064213071214803e-04
7.048580640000000130e+02 3.574771282921750939e-04 3.306760079084221978e-04
7.048583764999999630e+02 3.483215154400810939e-04 3.363845027016186236e-04
7.048586890000000267e+02 3.580523969397561633e-04 3.419363721103337982e-04
7.048590014999999767e+02 3.294847008884517741e-04 3.473361479175033424e-04
7.048593140000000403e+02 3.442554456825044819e-04 3.525883935251142211e-04
7.048596264999999903e+02 3.779559992646966187e-04 3.576976751092571542e-04
7.048599389999999403e+02 3.792907469873872109e-04 3.626685371827520206e-04
7.048602515000000039e+02 3.779262051855562083e-04 3.675054820135443255e-04
7.048605639999999539e+02 3.720032141511955110e-04 3.722129524609422220e-04
7.048608765000000176e+02 3.824461000798029422e-04 3.767953178307951838e-04
7.048611889999999676e+02 4.233888089149565222e-04 3.812568623320460579e-04
7.048615015000000312e+02 3.878622279826316279e-04 3.856017758514822995e-04
7.048618139999999812e+02 3.960331285423276146e-04 3.898341466927218073e-04
7.048621265000000449e+02 4.648132923321272652e-04 3.939579560635869779e-04
7.048624389999999948e+02 4.443366257488381987e-04 3.979770740234032261e-04
7.048627514999999448e+02 4.046394858614424817e-04 4.018952567275600415e-04
7.048630640000000085e+02 4.222175512605266605e-04 4.057161447452797571e-04
7.048633764999999585e+02 4.588439711101841944e-04 4.094432623029181043e-04
7.048636890000000221e+02 4.506197628591860618e-04 4.130800173221725277e-04
7.048640014999999721e+02 3.985587985556560912e-04 4.166297020933134579e-04
7.048643140000000358e+02 4.270593805239769982e-04 4.200954945155969240e-04
7.048646264999999858e+02 4.008461555844366683e-04 4.234804597668751836e-04
7.048649390000000494e+02 4.308816372258065554e-04 4.267875523607331397e-04
7.048652514999999994e+02 4.304915223469357472e-04 4.300196184788601032e-04
7.048655639999999494e+02 4.533270205799968589e-04 4.331793985548671225e-04
7.048658765000000130e+02 4.189769240844083264e-04 4.362695300255359731e-04
7.048661889999999630e+02 4.771584726166093558e-04 4.392925502163505438e-04
7.048665015000000267e+02 4.331186578727748340e-04 4.422508993327193953e-04
7.048668139999999767e+02 4.605368477523292159e-04 4.451469234958760671e-04
7.048671265000000403e+02 4.277739534834179786e-04 4.479828778292338715e-04
7.048674389999999903e+02 5.000147238620127705e-04 4.507609295369333470e-04
7.048677514999999403e+02 4.417329888846950690e-04 4.534831609874036057e-04
7.048680640000000039e+02 5.076320855566035170e-04 4.561515727591908959e-04
7.048683764999999539e+02 4.238804162683848476e-04 4.587680866462191939e-04
7.048686890000000176e+02 4.770243295575810863e-04 4.613345486205413419e-04
7.048690014999999676e+02 5.037797959060020094e-04 4.638527317196703727e-04
7.048693140000000312e+02 4.673411584994995190e-04 4.663243388808422816e-04
7.048696264999999812e+02 4.682266455933900800e-04 4.687510056868127270e-04
7.048699390000000449e+02 4.751497622859330661e-04 4.711343030483899907e-04
7.048702514999999948e+02 4.889865801738955357e-04 4.734757397919515508e-04
7.048705639999999448e+02 4.859962007499725131e-04 4.757767651774132047e-04
7.048708765000000085e+02 4.407812680677625477e-04 4.780387713235702469e-04
7.048711889999999585e+02 3.822282386085534074e-04 4.802630955494298923e-04
7.048715015000000221e+02 5.079759889637159610e-04 4.824510226395679609e-04
7.048718139999999721e+02 4.733845010762905195e-04 4.846037870138377888e-04
7.048721265000000358e+02 4.486304322547371502e-04 4.867225748275435626e-04
7.048724389999999858e+02 4.358530210471219879e-04 4.888085259779888919e-04
7.048727515000000494e+02 5.116370290984765656e-04 4.908627360441324399e-04
7.048730639999999994e+02 4.990015618004487201e-04 4.928862581365433876e-04
7.048733764999999494e+02 4.524070118410246821e-04 4.948801046832647203e-04
7.048736890000000130e+02 4.584928684023569282e-04 4.968452491348545556e-04
7.048740014999999630e+02 5.303503641613467644e-04 4.987826275985969213e-04
7.048743140000000267e+02 5.073281639827435406e-04 5.006931404110645826e-04
7.048746264999999767e+02 5.046565878237936837e-04 5.025776536336790112e-04
7.048749390000000403e+02 5.254706520537278476e-04 5.044370004954404352e-04
7.048752514999999903e+02 5.067619941362491200e-04 5.062719827629286315e-04
7.048755639999999403e+02 4.692098231996508066e-04 5.080833720611951064e-04
7.048758765000000039e+02 5.117006573047847354e-04 5.098719111307838418e-04
7.048761889999999539e+02 5.585202947823529997e-04 5.116383150301206115e-04
7.048765015000000176e+02 5.222741769475332122e-04 5.133832722917820723e-04
7.048768139999999676e+02 4.514270674629275643e-04 5.151074460186866105e-04
7.048771265000000312e+02 4.925919193442300980e-04 5.168114749422074656e-04
7.048774389999999812e+02 4.373732239613792967e-04 5.184959744239362898e-04
7.048777515000000449e+02 5.445311402731472725e-04 5.201615374231566453e-04
