7.148208184999999730e+02 3.806611190319230103e-04 3.391529609390042123e-04
7.148211310000000367e+02 3.811612772050409093e-04 3.396472059920366835e-04
7.148214434999999867e+02 3.892638969212303102e-04 3.401275684133095488e-04
7.148217560000000503e+02 3.736749058217305581e-04 3.405934823900768141e-04
7.148220685000000003e+02 3.281006823333292217e-04 3.410443539127816590e-04
7.148223810000000640e+02 3.679497909265869301e-04 3.414795591274735970e-04
7.148226935000000140e+02 3.272044736891740872e-04 3.418984425760196000e-04
7.148230060000000776e+02 3.607804404915543632e-04 3.423003153213255542e-04
7.148233185000000276e+02 3.387983556186246808e-04 3.426844529438532691e-04
7.148236309999999776e+02 4.172086791607101139e-04 3.430500934048394900e-04
7.148239435000000412e+02 4.034173408867283402e-04 3.433964347623868888e-04
7.148242559999999912e+02 3.110090045699209424e-04 3.437226327311997099e-04
7.148245685000000549e+02 3.579377997793108243e-04 3.440277980753444218e-04
7.148248810000000049e+02 3.554375870601410108e-04 3.443109938183860539e-04
7.148251935000000685e+02 3.626379756765721590e-04 3.445712322609296237e-04
7.148255060000000185e+02 3.364932414532365739e-04 3.448074717873417044e-04
7.148258184999999685e+02 3.329307099302997132e-04 3.450186134490439995e-04
7.148261310000000321e+02 3.779451885958011134e-04 3.452034973048137383e-04
7.148264434999999821e+02 3.483831042718242631e-04 3.453608985008999976e-04
7.148267560000000458e+02 3.524361810255899428e-04 3.454895230716277174e-04
7.148270684999999958e+02 3.449351542237781608e-04 3.455880034377163917e-04
7.148273810000000594e+02 3.404560672742357099e-04 3.456548935811798429e-04
7.148276935000000094e+02 3.067346394976976022e-04 3.456886638707741370e-04
7.148280060000000731e+02 3.131294330554196931e-04 3.456876955127883796e-04
7.148283185000000231e+02 3.512966892899592225e-04 3.456502745982037396e-04
7.148286309999999730e+02 3.790289508832625953e-04 3.455745857164569659e-04
7.148289435000000367e+02 3.279155480598405325e-04 3.454587051033818621e-04
7.148292559999999867e+02 3.552507289029164204e-04 3.453005932893588753e-04
7.148295685000000503e+02 3.210867840087275088e-04 3.450980872104526267e-04
7.148298810000000003e+02 3.388228800198024885e-04 3.448488917452616469e-04
7.148301935000000640e+02 3.523170996192413447e-04 3.445505706349118809e-04
7.148305060000000140e+02 3.674538475262363732e-04 3.442005367458184366e-04
7.148308185000000776e+02 3.258299381654245516e-04 3.437960416276440397e-04
7.148311310000000276e+02 3.374566825380307896e-04 3.433341643236401336e-04
7.148314434999999776e+02 3.278173517951834203e-04 3.428117993818416941e-04
7.148317560000000412e+02 3.711601100199413356e-04 3.422256440219683879e-04
7.148320684999999912e+02 3.218815154602169262e-04 3.415721844084481490e-04
7.148323810000000549e+02 3.288862010559325043e-04 3.408476809789032290e-04
7.148326935000000049e+02 3.043069395425832837e-04 3.400481527877253097e-04
7.148330060000000685e+02 3.118565553313090450e-04 3.391693608144537861e-04
7.148333185000000185e+02 3.141433760820406358e-04 3.382067902078823851e-04
7.148336309999999685e+02 3.174277512575039142e-04 3.371556314270894410e-04
7.148339435000000321e+02 3.519123710909991985e-04 3.360107602678069649e-04
7.148342559999999821e+02 2.623077274015127563e-04 3.347667167673448177e-04
7.148345685000000458e+02 2.833035862212121385e-04 3.334176829982588301e-04
7.148348809999999958e+02 3.235399467334554866e-04 3.319574598026007995e-04
7.148351935000000594e+02 3.334042698408363429e-04 3.303794425265106096e-04
7.148355060000000094e+02 2.826101467704974276e-04 3.286765958873550525e-04
7.148358185000000731e+02 3.422174553182749657e-04 3.268414281267352593e-04
7.148361310000000231e+02 2.706349404471398794e-04 3.248659647061964109e-04
7.148364434999999730e+02 3.140435983998205415e-04 3.227417218501284235e-04
7.148367560000000367e+02 2.556278563982478059e-04 3.204596803813793723e-04
7.148370684999999867e+02 3.052163745651802229e-04 3.180102604053661880e-04
7.148373810000000503e+02 2.670763691803790187e-04 3.153832975561091188e-04
7.148376935000000003e+02 3.095170844018152196e-04 3.125680217477205878e-04
7.148380060000000640e+02 2.465536234937513072e-04 3.095530395674326728e-04
7.148383185000000140e+02 2.959338958513067254e-04 3.063263217988347522e-04
7.148386310000000776e+02 3.046994447611392313e-04 3.028751978550563704e-04
7.148389435000000276e+02 2.724452170143212924e-04 2.991863593948486844e-04
7.148392559999999776e+02 2.612901124511871564e-04 2.952458758290542155e-04
7.148395685000000412e+02 2.433498381323632802e-04 2.910392250883683438e-04
7.148398809999999912e+02 3.007201637875754423e-04 2.865513436813346541e-04
7.148401935000000549e+02 2.759304967481195493e-04 2.817667008711603966e-04
7.148405060000000049e+02 2.615383172149759821e-04 2.766694027770695672e-04
7.148408185000000685e+02 2.097149181084017548e-04 2.712433331439105207e-04
7.148411310000000185e+02 2.240461144370677754e-04 2.654723387562060786e-04
7.148414434999999685e+02 2.450686314490470546e-04 2.593404685527601699e-04
7.148417560000000321e+02 2.468632809760163771e-04 2.528322768113991413e-04
7.148420684999999821e+02 2.157660948327700485e-04 2.459332018521230069e-04
7.148423810000000458e+02 2.338037322491937455e-04 2.386300326475511229e-04
7.148426934999999958e+02 2.489437647744647901e-04 2.309114763986668927e-04
7.148430060000000594e+02 2.273754945074730940e-04 2.227688399560546128e-04
7.148433185000000094e+02 2.538354010256234600e-04 2.141968371453656633e-04
7.148436310000000731e+02 1.888424816433924519e-04 2.051945315283510243e-04
7.148439435000000231e+02 1.771136585973091858e-04 1.957664200831925653e-04
7.148442559999999730e+02 1.853009529654516181e-04 1.859236563929618231e-04
7.148445685000000367e+02 1.819780232333489316e-04 1.756854022993373666e-04
7.148448809999999867e+02 1.512196019309833728e-04 1.650802833645689089e-04
7.148451935000000503e+02 1.436683535813559063e-04 1.541479058331537521e-04
7.148455060000000003e+02 1.333686569747135101e-04 1.429403710606175725e-04
7.148458185000000640e+02 1.374391629751336562e-04 1.315236975890126043e-04
7.148461310000000140e+02 1.492352092287898419e-04 1.199790334119714430e-04
7.148464435000000776e+02 1.358375703762269696e-04 1.084035131178244196e-04
7.148467560000000276e+02 9.970175744377374476e-05 9.691059156504260312e-05
7.148470684999999776e+02 1.233454136639848401e-04 8.562967194784207043e-05
7.148473810000000412e+02 1.167621135938730955e-04 7.470484913958259064e-05
7.148476934999999912e+02 8.846049133184648186e-05 6.429261500831815769e-05
7.148480060000000549e+02 7.510814981422997763e-05 5.455842717471210210e-05
7.148483185000000049e+02 6.940106037820363896e-05 4.567212892327210866e-05
7.148486310000000685e+02 5.202883042459779017e-05 3.780232248159349340e-05
7.148489435000000185e+02 3.526453526040637811e-05 3.110993177430892428e-05
7.148492559999999685e+02 6.010647527964831668e-05 2.574132615637384047e-05
7.148495685000000321e+02 3.135733353883692862e-05 2.182149160703879574e-05
7.148498809999999821e+02 3.671236425964558253e-05 1.944780513698126772e-05
7.148501935000000458e+02 2.781428831631418760e-05 1.868497147191671771e-05
7.148505059999999958e+02 1.558284735569148049e-05 1.956160757608484262e-05
7.148508185000000594e+02 2.734269787293254164e-05 2.206881405995727747e-05
7.148511310000000094e+02 1.335752886519785547e-05 2.616087255346357814e-05
7.148514435000000731e+02 2.477902136178703182e-05 3.175798617833228881e-05
7.148517560000000231e+02 1.539213349483082511e-05 3.875077293694357536e-05
7.148520684999999730e+02 2.830793260923442534e-05 4.700606228919599445e-05
7.148523810000000367e+02 2.765276889719498011e-05 5.637345500321500687e-05
7.148526934999999867e+02 3.460999841974121748e-05 6.669209254664492618e-05
7.148530060000000503e+02 3.746572254387459328e-05 7.779713659628510563e-05
7.148533185000000003e+02 7.226403621697689806e-05 8.952556265337479984e-05
7.148536310000000640e+02 7.483564273569356354e-05 1.017210010234457704e-04
7.148539435000000140e+02 1.313419533310886470e-04 1.142374898986372658e-04
7.148542560000000776e+02 8.418066496955196702e-05 1.269421221181235885e-04
7.148545685000000276e+02 1.014738475313680126e-04 1.397166575033412575e-04
7.148548809999999776e+02 1.319102997143451958e-04 1.524582336034668753e-04
7.148551935000000412e+02 1.430505739711050272e-04 1.650793396112253683e-04
7.148555059999999912e+02 1.809617784884476875e-04 1.775072269404282888e-04
7.148558185000000549e+02 1.681917821000519743e-04 1.896829212767106175e-04
7.148561310000000049e+02 1.759005321661521212e-04 2.015599811917553126e-04
7.148564435000000685e+02 2.018680967302361384e-04 2.131031236796822412e-04
7.148567560000000185e+02 2.312152415470035915e-04 2.242868104289883499e-04
7.148570684999999685e+02 2.216577201210099646e-04 2.350938641601580845e-04
7.148573810000000321e+02 2.790624344061594874e-04 2.455141624709671348e-04
7.148576934999999821e+02 2.883393849320244930e-04 2.555434389462876862e-04
7.148580060000000458e+02 3.126533919817981247e-04 2.651822073205664589e-04
7.148583184999999958e+02 2.954852784281874686e-04 2.744348139639025139e-04
7.148586310000000594e+02 3.085058727428175102e-04 2.833086168363186958e-04
7.148589435000000094e+02 3.380133427030158314e-04 2.918132839846423673e-04
7.148592560000000731e+02 2.509267138598213014e-04 2.999602019608158497e-04
7.148595685000000231e+02 2.901720829295172566e-04 3.077619828487288727e-04
7.148598809999999730e+02 3.425643377034843259e-04 3.152320583272573374e-04
7.148601935000000367e+02 3.324006146733096494e-04 3.223843492560753902e-04
7.148605059999999867e+02 3.112282154392879193e-04 3.292330000491394139e-04
7.148608185000000503e+02 3.835083899889471840e-04 3.357921680106824738e-04
7.148611310000000003e+02 3.116180704860379560e-04 3.420758587588849193e-04
7.148614435000000640e+02 3.948920873046422343e-04 3.480978000645375812e-04
7.148617560000000140e+02 3.751894111337002744e-04 3.538713473070417012e-04
7.148620685000000776e+02 3.940677762804364772e-04 3.594094148589144070e-04
7.148623810000000276e+02 3.588890685835085951e-04 3.647244284369432848e-04
7.148626934999999776e+02 4.054579008266788942e-04 3.698282943681056802e-04
7.148630060000000412e+02 4.774313375242647257e-04 3.747323822787952782e-04
7.148633184999999912e+02 4.086710252339506621e-04 3.794475183757580502e-04
7.148636310000000549e+02 3.952195202725721879e-04 3.839839869822345608e-04
7.148639435000000049e+02 3.346466305531446044e-04 3.883515383585928898e-04
7.148642560000000685e+02 4.327712174460338155e-04 3.925594012910028755e-04
7.148645685000000185e+02 4.426256493285165585e-04 3.966162991251085518e-04
7.148648809999999685e+02 4.489770420112540483e-04 4.005304682730340257e-04
7.148651935000000321e+02 4.106002397554312801e-04 4.043096783391986085e-04
7.148655059999999821e+02 4.160459343841092891e-04 4.079612532358982131e-04
7.148658185000000458e+02 3.942316926340830503e-04 4.114920927944378881e-04
7.148661309999999958e+02 4.713780519943064828e-04 4.149086944449946381e-04
7.148664435000000594e+02 3.985542867808941907e-04 4.182171747051290772e-04
7.148667560000000094e+02 3.856750542143600889e-04 4.214232902090987026e-04
7.148670685000000731e+02 4.344323010051066403e-04 4.245324581510415531e-04
7.148673810000000231e+02 5.098062260283890571e-04 4.275497759846403093e-04
7.148676934999999730e+02 4.752696524060047683e-04 4.304800403348953749e-04
7.148680060000000367e+02 5.093979820391055001e-04 4.333277650425367065e-04
7.148683184999999867e+02 4.816938920901456212e-04 4.360971983261865644e-04
7.148686310000000503e+02 4.402798922677257599e-04 4.387923390631405973e-04
7.148689435000000003e+02 4.228385386700624191e-04 4.414169521686684317e-04
7.148692560000000640e+02 4.569100099814098377e-04 4.439745831208542575e-04
7.148695685000000140e+02 4.522199327572979017e-04 4.464685716232152284e-04
7.148698810000000776e+02 4.469000822708303058e-04 4.489020644649227587e-04
7.148701935000000276e+02 5.549405525891209145e-04 4.512780275818902205e-04
7.148705059999999776e+02 4.927460677729092074e-04 4.535992573824803513e-04
7.148708185000000412e+02 4.802137218478344407e-04 4.558683913522150726e-04
7.148711309999999912e+02 4.515298644399724499e-04 4.580879179842744045e-04
7.148714435000000549e+02 5.439467420429802431e-04 4.602601860808674451e-04
7.148717560000000049e+02 4.816945440859905217e-04 4.623874134418866052e-04
7.148720685000000685e+02 4.228114784968403910e-04 4.644716950016069298e-04
7.148723810000000185e+02 5.347285400330925110e-04 4.665150104226887281e-04
7.148726934999999685e+02 4.922002294736304564e-04 4.685192312047206024e-04
7.148730060000000321e+02 4.841169325014995045e-04 4.704861273197501691e-04
7.148733184999999821e+02 4.473736913278661973e-04 4.724173734128466373e-04
7.148736310000000458e+02 4.892588135550700020e-04 4.743145546030007168e-04
7.148739434999999958e+02 4.910420345069046229e-04 4.761791718936107505e-04
7.148742560000000594e+02 4.692223827329694910e-04 4.780126472396299371e-04
7.148745685000000094e+02 4.374011743522437110e-04 4.798163282730717998e-04
7.148748810000000731e+02 4.649004047211473538e-04 4.815914927309024296e-04
7.148751935000000231e+02 4.669467262844922755e-04 4.833393525848502610e-04
7.148755059999999730e+02 4.638717204271500965e-04 4.850610579130446498e-04
7.148758185000000367e+02 4.635425038355984605e-04 4.867577005153921554e-04
7.148761309999999867e+02 4.844000691450761772e-04 4.884303172963982325e-04
7.148764435000000503e+02 4.844630076956368521e-04 4.900798934372274478e-04
7.148767560000000003e+02 4.979132634370396536e-04 4.917073653564965488e-04
7.148770685000000640e+02 4.659848662894334331e-04 4.933136234923929126e-04
7.148773810000000140e+02 5.162995161276097379e-04 4.948995148997054798e-04
7.148776935000000776e+02 5.123123284381062579e-04 4.964658456926296110e-04
7.148780060000000276e+02 4.887691327865345981e-04 4.980133833257112917e-04
7.148783184999999776e+02 4.492963757638783083e-04 4.995428587411452053e-04
7.148786310000000412e+02 4.274162108095904485e-04 5.010549683776322231e-04
7.148789434999999912e+02 4.377154643709066156e-04 5.025503760555597842e-04
7.148792560000000549e+02 4.590172742081525896e-04 5.040297147521186245e-04
7.148795685000000049e+02 5.093603534746477066e-04 5.054935882604014163e-04
7.148798810000000685e+02 5.049334229082746419e-04 5.069425727564853866e-04
7.148801935000000185e+02 5.057717480703968803e-04 5.083772182639192689e-04
7.148805059999999685e+02 5.019750924812173363e-04 5.097980500383310094e-04
7.148808185000000321e+02 5.026925180502285874e-04 5.112055698646347920e-04
7.148811309999999821e+02 4.687870450336942448e-04 5.126002572775830183e-04
7.148814435000000458e+02 5.165847210102037434e-04 5.139825707156374683e-04
7.148817559999999958e+02 5.185847114142017392e-04 5.153529486000713858e-04
7.148820685000000594e+02 4.906163362154427818e-04 5.167118103593268353e-04
7.148823810000000094e+02 5.107068335356751464e-04 5.180595573865481255e-04
7.148826935000000731e+02 4.722462232957983603e-04 5.193965739499824697e-04
7.148830060000000231e+02 4.836563941106613207e-04 5.207232280439077132e-04
