7.061048749999999927e+02 4.469764700929080388e-04 4.084793618645321577e-04
7.061051874999999427e+02 4.588660343678654810e-04 4.084431724807395764e-04
7.061055000000000064e+02 4.165219141536496885e-04 4.083622657873603868e-04
7.061058124999999563e+02 3.896459950829911996e-04 4.082350037471212220e-04
7.061061250000000200e+02 4.829451615580315250e-04 4.080596796662512896e-04
7.061064374999999700e+02 3.994060536560780522e-04 4.078345151703126445e-04
7.061067500000000337e+02 4.718136759585959180e-04 4.075576570609672276e-04
7.061070624999999836e+02 4.255156429239665685e-04 4.072271740546263663e-04
7.061073750000000473e+02 3.523360804941018040e-04 4.068410533999020843e-04
7.061076874999999973e+02 4.425394587835667325e-04 4.063971973774597730e-04
7.061079999999999472e+02 4.483880139317793722e-04 4.058934196799234614e-04
7.061083125000000109e+02 4.004400823758727870e-04 4.053274416774513712e-04
7.061086249999999609e+02 4.358272703287497957e-04 4.046968885719363159e-04
7.061089375000000246e+02 3.827175957823359840e-04 4.039992854426301366e-04
7.061092499999999745e+02 4.157652414790751405e-04 4.032320531960245755e-04
7.061095625000000382e+02 4.542176399799690081e-04 4.023925044222320170e-04
7.061098749999999882e+02 3.803253752278513283e-04 4.014778391780064000e-04
7.061101874999999382e+02 3.955598268314889352e-04 4.004851407027687298e-04
7.061105000000000018e+02 3.846126499724139948e-04 3.994113710931635375e-04
7.061108124999999518e+02 3.647443710668564032e-04 3.982533669560977749e-04
7.061111250000000155e+02 3.606382150006374500e-04 3.970078350624787491e-04
7.061114374999999654e+02 4.030901249715089355e-04 3.956713480440104957e-04
7.061117500000000291e+02 3.703526866003445123e-04 3.942403401579014323e-04
7.061120624999999791e+02 3.661455357752449284e-04 3.927111031789084117e-04
7.061123750000000427e+02 4.014714774374210111e-04 3.910797824558424288e-04
7.061126874999999927e+02 3.689455409127870267e-04 3.893423732108557611e-04
7.061129999999999427e+02 4.129651389472930711e-04 3.874947171361176339e-04
7.061133125000000064e+02 3.170858577705549337e-04 3.855324993853041673e-04
7.061136249999999563e+02 3.770252437062467685e-04 3.834512460512049491e-04
7.061139375000000200e+02 3.322254364041988682e-04 3.812463222322155353e-04
7.061142499999999700e+02 3.680763322210065143e-04 3.789129308337489135e-04
7.061145625000000337e+02 3.532802021993437271e-04 3.764461122268851273e-04
7.061148749999999836e+02 3.753378695744575807e-04 3.738407449567074988e-04
7.061151875000000473e+02 3.014541922929744487e-04 3.710915476629931230e-04
7.061154999999999973e+02 3.315171754004864841e-04 3.681930824576336607e-04
7.061158124999999472e+02 3.213146004621353705e-04 3.651397599736193019e-04
7.061161250000000109e+02 3.830929286142368542e-04 3.619258463851158310e-04
7.061164374999999609e+02 3.645741802756439099e-04 3.585454726998544010e-04
7.061167500000000246e+02 3.600639101166711389e-04 3.549926466580055097e-04
7.061170624999999745e+02 3.238671772530794910e-04 3.512612676556376812e-04
7.061173750000000382e+02 3.438614197076936686e-04 3.473451450857032059e-04
7.061176874999999882e+02 3.074275988786106389e-04 3.432380206155691434e-04
7.061179999999999382e+02 3.452997633155007341e-04 3.389335948854366220e-04
7.061183125000000018e+02 3.756369069402723873e-04 3.344255592387518350e-04
7.061186249999999518e+02 3.199593971817734500e-04 3.297076331001736783e-04
7.061189375000000155e+02 2.980603610727772571e-04 3.247736076620531516e-04
7.061192499999999654e+02 3.078452547202587247e-04 3.196173966502357275e-04
7.061195625000000291e+02 2.825980679559672495e-04 3.142330948896354540e-04
7.061198749999999791e+02 2.530895805486576655e-04 3.086150455400921903e-04
7.061201875000000427e+02 3.221868389817622862e-04 3.027579167847831414e-04
7.061204999999999927e+02 3.272930265544210819e-04 2.966567888918843405e-04
7.061208124999999427e+02 2.643352044808764951e-04 2.903072524413392733e-04
7.061211250000000064e+02 3.052060297990446115e-04 2.837055185959888874e-04
7.061214374999999563e+02 2.266683531651350950e-04 2.768485421667722006e-04
7.061217500000000200e+02 2.979240732285252696e-04 2.697341581165553742e-04
7.061220624999999700e+02 2.462454693956119770e-04 2.623612320890157754e-04
7.061223750000000337e+02 2.347550579505395065e-04 2.547298252055954049e-04
7.061226874999999836e+02 2.242165734116189778e-04 2.468413732613160380e-04
7.061230000000000473e+02 2.214616471617868870e-04 2.386988799291946367e-04
7.061233124999999973e+02 2.315570189230747693e-04 2.303071233146857086e-04
7.061236249999999472e+02 1.956427871495982642e-04 2.216728744805278274e-04
7.061239375000000109e+02 1.747189930397680135e-04 2.128051260709924513e-04
7.061242499999999609e+02 1.769790894332613480e-04 2.037153282982707677e-04
7.061245625000000246e+02 1.883135365171925550e-04 1.944176286659778422e-04
7.061248749999999745e+02 1.168410985149849626e-04 1.849291109323684523e-04
7.061251875000000382e+02 1.475385552637807109e-04 1.752700275489338854e-04
7.061254999999999882e+02 1.741554644981195760e-04 1.654640188710697324e-04
7.061258124999999382e+02 1.420133231299220409e-04 1.555383110444633120e-04
7.061261250000000018e+02 1.157676774285235869e-04 1.455238835112753122e-04
7.061264374999999518e+02 1.442752531926350676e-04 1.354555959019531448e-04
7.061267500000000155e+02 1.247984836463005736e-04 1.253722632000857547e-04
7.061270624999999654e+02 1.579339733404492218e-04 1.153166676060938118e-04
7.061273750000000291e+02 1.195756618651107930e-04 1.053354951286854545e-04
7.061276874999999791e+02 1.302945993255380736e-04 9.547918548943382902e-05
7.061280000000000427e+02 1.389595987340511033e-04 8.580168465390303006e-05
7.061283124999999927e+02 9.314370310338001429e-05 7.636009123520054074e-05
7.061286249999999427e+02 1.004237520599982178e-04 6.721419030263867545e-05
7.061289375000000064e+02 1.027194504677849443e-04 5.842587168637140355e-05
7.061292499999999563e+02 9.413647253075476729e-05 5.005843391630536025e-05
7.061295625000000200e+02 4.505115531554179924e-05 4.217577983236150263e-05
7.061298749999999700e+02 7.237596000084816814e-05 3.484151543280367770e-05
7.061301875000000337e+02 4.643645207549500681e-05 2.811796904639098080e-05
7.061304999999999836e+02 4.835467657805622612e-05 2.206515371197441611e-05
7.061308125000000473e+02 2.472936138625335373e-05 1.673970060965034257e-05
7.061311249999999973e+02 3.934509054670054604e-05 1.219379578049742643e-05
7.061314374999999472e+02 1.581941732270379422e-05 8.474155131691328896e-06
7.061317500000000109e+02 2.242762323553640469e-05 5.621074064999776916e-06
7.061320624999999609e+02 1.232795651889958413e-05 3.667587258147148668e-06
7.061323750000000246e+02 2.309929910317689170e-05 2.638771355725588754e-06
7.061326874999999745e+02 5.238241645663213528e-06 2.551218532965583380e-06
7.061330000000000382e+02 1.004087724374150239e-05 3.412702244997236076e-06
7.061333124999999882e+02 9.347484619348693052e-06 5.222048497150008045e-06
7.061336249999999382e+02 1.694591384487673889e-05 7.969217076013669816e-06
7.061339375000000018e+02 1.058748877386348200e-05 1.163558803899978692e-05
7.061342499999999518e+02 1.488010904555216272e-05 1.619443998900358254e-05
7.061345625000000155e+02 9.872782853838854103e-06 2.161159888898137586e-05
7.061348749999999654e+02 2.190519804197940633e-05 2.784622977489407218e-05
7.061351875000000291e+02 1.381266147301804711e-05 3.485173929573997170e-05
7.061354999999999791e+02 3.243819670825296136e-05 4.257675437001815340e-05
7.061358125000000427e+02 3.767704007295320085e-05 5.096614186320257443e-05
7.061361249999999927e+02 2.737651380036551805e-05 5.996203537302557344e-05
7.061364374999999427e+02 3.825086554237673879e-05 6.950483828932963912e-05
7.061367500000000064e+02 5.455840835922400766e-05 7.953417626422870504e-05
7.061370624999999563e+02 6.179371323393246824e-05 8.998977726084503683e-05
7.061373750000000200e+02 6.600871166669326361e-05 1.008122627014457711e-04
7.061376874999999700e+02 8.903784931098859779e-05 1.119438384671828324e-04
7.061380000000000337e+02 9.456487494232673091e-05 1.233288797985453459e-04
7.061383124999999836e+02 1.140003963764641554e-04 1.349144084677894617e-04
7.061386250000000473e+02 1.305163692804417106e-04 1.466504647365320406e-04
7.061389374999999973e+02 1.333521273146460150e-04 1.584903794763367288e-04
7.061392499999999472e+02 1.492405898553821227e-04 1.703909544379755391e-04
7.061395625000000109e+02 1.476749385945850385e-04 1.823125600190576151e-04
7.061398749999999609e+02 1.582526941506039696e-04 1.942191609533819752e-04
7.061401875000000246e+02 1.941378464389871127e-04 2.060782806944659899e-04
7.061404999999999745e+02 1.854800319439275577e-04 2.178609149891253514e-04
7.061408125000000382e+02 2.301530322764415871e-04 2.295414048918009307e-04
7.061411249999999882e+02 2.349550967541970913e-04 2.410972784499479263e-04
7.061414374999999382e+02 2.532552629119827394e-04 2.525090696430439810e-04
7.061417500000000018e+02 2.826714478682698325e-04 2.637601219075517435e-04
7.061420624999999518e+02 2.589105143892865904e-04 2.748363826908964240e-04
7.061423750000000155e+02 2.711455479470143478e-04 2.857261944524114566e-04
7.061426874999999654e+02 2.663519442911167203e-04 2.964200864215073587e-04
7.061430000000000291e+02 3.103832625952629301e-04 3.069105707600126853e-04
7.061433124999999791e+02 3.326141479634648420e-04 3.171919457268955380e-04
7.061436250000000427e+02 3.527284838464299506e-04 3.272601079952526678e-04
7.061439374999999927e+02 3.488557692460076244e-04 3.371123754241234639e-04
7.061442499999999427e+02 3.451618830171966591e-04 3.467473213199937843e-04
7.061445625000000064e+02 3.725041174368145147e-04 3.561646205961979260e-04
7.061448749999999563e+02 3.909945549329773141e-04 3.653649080325495628e-04
7.061451875000000200e+02 3.805882233776676634e-04 3.743496485649019825e-04
7.061454999999999700e+02 3.742547146040125995e-04 3.831210192132097382e-04
7.061458125000000337e+02 3.797756723870004091e-04 3.916818022925711972e-04
7.061461249999999836e+02 4.249237169612438570e-04 4.000352892359522743e-04
7.061464375000000473e+02 4.196775167286471487e-04 4.081851944928327372e-04
7.061467499999999973e+02 4.570906281990809190e-04 4.161355787244942566e-04
7.061470624999999472e+02 4.594577984212416940e-04 4.238907806926486659e-04
7.061473750000000109e+02 4.801874771019664701e-04 4.314553570682727037e-04
7.061476874999999609e+02 4.153964398721740094e-04 4.388340295083271851e-04
7.061480000000000246e+02 4.530840218499551414e-04 4.460316383665492907e-04
7.061483124999999745e+02 4.332996460177771956e-04 4.530531023425558444e-04
7.061486250000000382e+02 5.289577479010563370e-04 4.599033835603136148e-04
7.061489374999999882e+02 4.762438222016292634e-04 4.665874574392149489e-04
7.061492499999999382e+02 4.634599133990738740e-04 4.731102869246335226e-04
7.061495625000000018e+02 5.263507558532067119e-04 4.794768005425226274e-04
7.061498749999999518e+02 5.611654077645610202e-04 4.856918738721897346e-04
7.061501875000000155e+02 5.353543954515148882e-04 4.917603140651216143e-04
7.061504999999999654e+02 5.201893011265063286e-04 4.976868469957221536e-04
7.061508125000000291e+02 5.440380586997304582e-04 5.034761067912290602e-04
7.061511249999999791e+02 5.901515240607041425e-04 5.091326273797009555e-04
7.061514375000000427e+02 5.470135187574090476e-04 5.146608358646110421e-04
7.061517499999999927e+02 5.552650397156390794e-04 5.200650474256573704e-04
7.061520624999999427e+02 5.850631033737897042e-04 5.253494616020755069e-04
7.061523750000000064e+02 5.752025858759100959e-04 5.305181597226617512e-04
7.061526874999999563e+02 6.056125307002043238e-04 5.355751033399025474e-04
7.061530000000000200e+02 5.364447966961148574e-04 5.405241335409991313e-04
7.061533124999999700e+02 5.297784420079490767e-04 5.453689709615809535e-04
7.061536250000000337e+02 6.081447212229140970e-04 5.501132164463967992e-04
7.061539374999999836e+02 6.382896932631648658e-04 5.547603522003968389e-04
7.061542500000000473e+02 6.191114121605749724e-04 5.593137433999412992e-04
7.061545624999999973e+02 5.443031915199568992e-04 5.637766401330788048e-04
7.061548749999999472e+02 5.461603950582013915e-04 5.681521796553573676e-04
7.061551875000000109e+02 5.783166284450864947e-04 5.724433888616795724e-04
7.061554999999999609e+02 5.400552834727089619e-04 5.766531869417206718e-04
7.061558125000000246e+02 5.090570185735525692e-04 5.807843881906195023e-04
7.061561249999999745e+02 5.908864469237332584e-04 5.848397048992883289e-04
7.061564375000000382e+02 6.300258083985807011e-04 5.888217503398303137e-04
7.061567499999999882e+02 6.064429447850773263e-04 5.927330417706527105e-04
7.061570624999999382e+02 5.866895722655131274e-04 5.965760034838873613e-04
7.061573750000000018e+02 6.841102005038793765e-04 6.003529698387472489e-04
7.061576874999999518e+02 6.559519259812991200e-04 6.040661882793546718e-04
7.061580000000000155e+02 5.829652829024371125e-04 6.077178223362957607e-04
7.061583124999999654e+02 5.782697807743143043e-04 6.113099545664581972e-04
7.061586250000000291e+02 5.812598706444507260e-04 6.148445894635208792e-04
7.061589374999999791e+02 5.938380728383855665e-04 6.183236562889102023e-04
7.061592500000000427e+02 5.546415842609004341e-04 6.217490118589457911e-04
7.061595624999999927e+02 6.334559733192167809e-04 6.251224432422379258e-04
7.061598749999999427e+02 6.491273961771157385e-04 6.284456704030306606e-04
7.061601875000000064e+02 5.815865513905135818e-04 6.317203487563643940e-04
7.061604999999999563e+02 6.499244252220916620e-04 6.349480716461863589e-04
7.061608125000000200e+02 7.046857080689389102e-04 6.381303727568052309e-04
7.061611249999999700e+02 6.352179912464656466e-04 6.412687284277483095e-04
7.061614375000000337e+02 6.558750655673939532e-04 6.443645599084349635e-04
7.061617499999999836e+02 6.620704260574875304e-04 6.474192355160995590e-04
7.061620625000000473e+02 6.058573597321015389e-04 6.504340727343657039e-04
7.061623749999999973e+02 5.815049618842280240e-04 6.534103402175714479e-04
7.061626874999999472e+02 6.966607869367463313e-04 6.563492597367505269e-04
7.061630000000000109e+02 6.483927435034840623e-04 6.592520080411899295e-04
7.061633124999999609e+02 6.662539858415427374e-04 6.621197186486238668e-04
7.061636250000000246e+02 6.754502670243388036e-04 6.649534835761496381e-04
7.061639374999999745e+02 6.856300516719375689e-04 6.677543549876529920e-04
7.061642500000000382e+02 5.675238269441411007e-04 6.705233467920660015e-04
7.061645624999999882e+02 6.487094397051184789e-04 6.732614361615286373e-04
7.061648749999999382e+02 6.285316503556733847e-04 6.759695650031722920e-04
7.061651875000000018e+02 5.935989583892172482e-04 6.786486413612413627e-04
7.061654999999999518e+02 7.236642836695557834e-04 6.812995407619895595e-04
7.061658125000000155e+02 7.122958600063826733e-04 6.839231075128997511e-04
7.061661249999999654e+02 6.084700107555612164e-04 6.865201559340928204e-04
7.061664375000000291e+02 6.627472014935873205e-04 6.890914715538036745e-04
7.061667499999999791e+02 6.818167404435730109e-04 6.916378122393540551e-04
7.061670625000000427e+02 6.303540590565564821e-04 6.941599092957870688e-04
