7.167594794999999976e+02 2.753292947822259112e-04 3.021679015190419765e-04
7.167597920000000613e+02 3.259027685884548003e-04 3.024077755520119680e-04
7.167601045000000113e+02 3.582423830502320396e-04 3.026336291091329123e-04
7.167604170000000749e+02 3.553751443426507927e-04 3.028449046120179188e-04
7.167607295000000249e+02 3.273245225649051783e-04 3.030410175213905759e-04
7.167610420000000886e+02 2.786449072662282745e-04 3.032213548205697383e-04
7.167613545000000386e+02 3.467732663581709067e-04 3.033852734019984519e-04
7.167616670000001022e+02 3.246929222781209132e-04 3.035320983525615214e-04
7.167619795000000522e+02 3.419162896499063791e-04 3.036611211286065941e-04
7.167622920000000022e+02 2.642540586025062649e-04 3.037715976150539491e-04
7.167626045000000659e+02 3.276492243942181657e-04 3.038627460591513188e-04
7.167629170000000158e+02 2.742096598986150575e-04 3.039337448710247697e-04
7.167632295000000795e+02 2.631920514404712235e-04 3.039837302820541957e-04
7.167635420000000295e+02 2.801968240931979504e-04 3.040117938506200330e-04
7.167638545000000931e+02 3.394296611242502673e-04 3.040169798055873565e-04
7.167641670000000431e+02 3.044823188648671441e-04 3.039982822158670888e-04
7.167644794999999931e+02 2.621114375399346066e-04 3.039546419745886119e-04
7.167647920000000568e+02 3.191651137027433989e-04 3.038849435851392563e-04
7.167651045000000067e+02 3.092948765012644690e-04 3.037880117359858666e-04
7.167654170000000704e+02 3.430406230170872156e-04 3.036626076496706057e-04
7.167657295000000204e+02 3.271893304672548802e-04 3.035074251918424074e-04
7.167660420000000840e+02 3.287346936263578078e-04 3.033210867234125275e-04
7.167663545000000340e+02 3.172296220252301328e-04 3.031021386807050211e-04
7.167666670000000977e+02 3.102819385910383118e-04 3.028490468643619464e-04
7.167669795000000477e+02 3.165234700316974610e-04 3.025601914209775966e-04
7.167672919999999976e+02 2.481247915668862683e-04 3.022338614960770088e-04
7.167676045000000613e+02 2.892533369247591462e-04 3.018682495409091534e-04
7.167679170000000113e+02 2.824326039013207645e-04 3.014614452523101118e-04
7.167682295000000749e+02 2.978695175278566463e-04 3.010114291233933494e-04
7.167685420000000249e+02 2.793840401105555904e-04 3.005160655878855126e-04
7.167688545000000886e+02 2.810599670189151459e-04 2.999730957327454979e-04
7.167691670000000386e+02 3.307530508826305024e-04 2.993801295640244635e-04
7.167694795000001022e+02 2.987209391388896337e-04 2.987346378007137084e-04
7.167697920000000522e+02 2.805855004035423040e-04 2.980339431848488103e-04
7.167701045000000022e+02 2.547633401829675973e-04 2.972752112852277600e-04
7.167704170000000659e+02 2.891510244834050191e-04 2.964554407872087012e-04
7.167707295000000158e+02 2.601339806858487830e-04 2.955714532576878451e-04
7.167710420000000795e+02 2.767111008367287382e-04 2.946198823779717208e-04
7.167713545000000295e+02 2.711755736533387169e-04 2.935971626555436442e-04
7.167716670000000931e+02 3.017354101499395347e-04 2.924995176166521153e-04
7.167719795000000431e+02 2.858014418409243859e-04 2.913229475140996787e-04
7.167722919999999931e+02 2.918540418428532124e-04 2.900632165761880994e-04
7.167726045000000568e+02 3.011719588677716757e-04 2.887158398614096829e-04
7.167729170000000067e+02 2.610719114865959795e-04 2.872760697926284284e-04
7.167732295000000704e+02 2.493218917876823763e-04 2.857388824690600192e-04
7.167735420000000204e+02 2.812422232730308843e-04 2.840989639059468032e-04
7.167738545000000840e+02 2.877646714416046050e-04 2.823506963629651267e-04
7.167741670000000340e+02 2.582543240410764399e-04 2.804881450057859315e-04
7.167744795000000977e+02 2.807174215920288005e-04 2.785050451674503098e-04
7.167747920000000477e+02 2.798779569365984201e-04 2.763947905872488346e-04
7.167751044999999976e+02 2.627419374291659060e-04 2.741504230492296766e-04
7.167754170000000613e+02 2.817630334479051773e-04 2.717646239830476002e-04
7.167757295000000113e+02 2.253860090118584253e-04 2.692297086884048963e-04
7.167760420000000749e+02 2.604435267206233482e-04 2.665376239845676423e-04
7.167763545000000249e+02 2.814581878343081671e-04 2.636799502886643352e-04
7.167766670000000886e+02 2.688534472595982224e-04 2.606479092735183227e-04
7.167769795000000386e+02 2.314686974803105955e-04 2.574323785467623341e-04
7.167772920000001022e+02 2.529890615361524348e-04 2.540239149942728715e-04
7.167776045000000522e+02 2.311912730953769360e-04 2.504127888036809975e-04
7.167779170000000022e+02 2.476169354481057858e-04 2.465890304557418985e-04
7.167782295000000659e+02 2.792920219370079778e-04 2.425424934201286179e-04
7.167785420000000158e+02 2.068036084885681043e-04 2.382629356717297017e-04
7.167788545000000795e+02 2.161978971101919094e-04 2.337401235875079524e-04
7.167791670000000295e+02 2.238258631754127983e-04 2.289639623078179272e-04
7.167794795000000931e+02 2.289972578776794864e-04 2.239246570277433207e-04
7.167797920000000431e+02 1.729422449401172191e-04 2.186129102249018802e-04
7.167801044999999931e+02 1.663681031461027601e-04 2.130201600926879299e-04
7.167804170000000568e+02 1.922502068382204174e-04 2.071388657863844200e-04
7.167807295000000067e+02 1.761269689941700328e-04 2.009628450648512441e-04
7.167810420000000704e+02 1.867548454846551010e-04 1.944876696315634389e-04
7.167813545000000204e+02 1.822578988586984509e-04 1.877111228547250561e-04
7.167816670000000840e+02 1.933371805282366965e-04 1.806337231309400055e-04
7.167819795000000340e+02 1.579270019802115211e-04 1.732593142466853030e-04
7.167822920000000977e+02 1.690910696572215711e-04 1.655957209178022507e-04
7.167826045000000477e+02 1.470852949488879100e-04 1.576554636616753051e-04
7.167829169999999976e+02 1.559398965329054356e-04 1.494565214541576724e-04
7.167832295000000613e+02 1.292224937236332834e-04 1.410231237582727217e-04
7.167835420000000113e+02 1.139984047658927884e-04 1.323865449052250161e-04
7.167838545000000749e+02 1.332116788973545076e-04 1.235858639463451860e-04
7.167841670000000249e+02 1.283516219481816410e-04 1.146686424197648665e-04
7.167844795000000886e+02 1.129495286978052541e-04 1.056914613289159201e-04
7.167847920000000386e+02 1.185282277863196739e-04 9.672024882135084800e-05
7.167851045000001022e+02 9.679585127111345257e-05 8.783032238769910118e-05
7.167854170000000522e+02 8.126435673078920882e-05 7.910606665796483090e-05
7.167857295000000022e+02 1.000091466374210616e-04 7.064017143737096028e-05
7.167860420000000659e+02 1.061697579769557839e-04 6.253236744790438269e-05
7.167863545000000158e+02 6.063847199641126605e-05 5.488762030653874434e-05
7.167866670000000795e+02 7.952351438452606659e-05 4.781377763549325504e-05
7.167869795000000295e+02 5.110555172267485646e-05 4.141870886916043507e-05
7.167872920000000931e+02 5.025720087570097780e-05 3.580702894785757050e-05
7.167876045000000431e+02 3.723697194915142581e-05 3.107655105553030692e-05
7.167879169999999931e+02 3.247891086973534017e-05 2.731466218587075233e-05
7.167882295000000568e+02 2.567419583408314020e-05 2.459485122495194378e-05
7.167885420000000067e+02 2.867515643926862249e-05 2.297363440431100044e-05
7.167888545000000704e+02 1.234344858977114750e-05 2.248811235344373358e-05
7.167891670000000204e+02 2.627842003654311254e-05 2.315435472258266258e-05
7.167894795000000840e+02 2.582659367696241802e-05 2.496674525150015104e-05
7.167897920000000340e+02 3.115171086476584893e-05 2.789833965946093687e-05
7.167901045000000977e+02 2.857584213831953834e-05 3.190220138761970216e-05
7.167904170000000477e+02 2.072876693468264690e-05 3.691359796788576864e-05
7.167907294999999976e+02 3.166785463526608052e-05 4.285287462058440781e-05
7.167910420000000613e+02 4.431959423567652135e-05 4.962877917201346292e-05
7.167913545000000113e+02 5.546545011336125454e-05 5.714199714283502482e-05
7.167916670000000749e+02 3.687125841427594619e-05 6.528866663353669118e-05
7.167919795000000249e+02 7.436785295168099337e-05 7.396367441481885492e-05
7.167922920000000886e+02 5.817139985660336316e-05 8.306358061569559198e-05
7.167926045000000386e+02 7.378234850794904100e-05 9.248907118615472375e-05
7.167929170000001022e+02 8.575096104529157616e-05 1.021468885496898746e-04
7.167932295000000522e+02 9.921194072590128015e-05 1.119512354516293841e-04
7.167935420000000022e+02 1.073112906752743943e-04 1.218246825363400324e-04
7.167938545000000659e+02 1.113627090738522011e-04 1.316986346148468095e-04
7.167941670000000158e+02 1.174125821319030728e-04 1.415134250187206151e-04
7.167944795000000795e+02 1.327309613201731620e-04 1.512181129054501814e-04
7.167947920000000295e+02 1.907143797735194124e-04 1.607700568757880900e-04
7.167951045000000931e+02 1.778559621608398630e-04 1.701343323482907687e-04
7.167954170000000431e+02 1.435740224441689646e-04 1.792830509855589799e-04
7.167957294999999931e+02 2.014125702431643090e-04 1.881946305205561842e-04
7.167960420000000568e+02 1.920746299587282801e-04 1.968530529021888219e-04
7.167963545000000067e+02 1.975143777852903621e-04 2.052471392798774891e-04
7.167966670000000704e+02 2.139717102338770018e-04 2.133698619842852020e-04
7.167969795000000204e+02 2.414997838111861486e-04 2.212177065645811011e-04
7.167972920000000840e+02 2.660985902976747671e-04 2.287900915089577023e-04
7.167976045000000340e+02 2.329960926204629654e-04 2.360888487722256467e-04
7.167979170000000977e+02 2.303605865915752098e-04 2.431177652396321017e-04
7.167982295000000477e+02 2.435615230958591577e-04 2.498821828462402550e-04
7.167985419999999976e+02 2.473677765945959950e-04 2.563886537778224868e-04
7.167988545000000613e+02 2.736418593672539849e-04 2.626446461625190818e-04
7.167991670000000113e+02 2.526254719480196470e-04 2.686582953351366243e-04
7.167994795000000749e+02 2.845024976912687931e-04 2.744381956511114727e-04
7.167997920000000249e+02 2.790125405512925067e-04 2.799932278778639047e-04
7.168001045000000886e+02 3.196601690231406297e-04 2.853324175867108276e-04
7.168004170000000386e+02 2.973397892793420592e-04 2.904648201932078281e-04
7.168007295000001022e+02 3.479594371797950850e-04 2.953994288294749227e-04
7.168010420000000522e+02 3.088364567685606874e-04 3.001451015218483081e-04
7.168013545000000022e+02 3.651356934990410098e-04 3.047105046767347846e-04
7.168016670000000659e+02 3.021728878044669525e-04 3.091040701611183299e-04
7.168019795000000158e+02 3.100650879405437294e-04 3.133339636886233164e-04
7.168022920000000795e+02 3.370028221129974530e-04 3.174080625422652925e-04
7.168026045000000295e+02 2.935658663401320375e-04 3.213339409026956897e-04
7.168029170000000931e+02 3.363104504774236305e-04 3.251188613941628672e-04
7.168032295000000431e+02 3.449372098251020846e-04 3.287697715900608016e-04
7.168035419999999931e+02 3.212379858187603787e-04 3.322933045068212862e-04
7.168038545000000568e+02 3.509955862755205318e-04 3.356957822028975094e-04
7.168041670000000067e+02 4.005096577916129105e-04 3.389832217934625599e-04
7.168044795000000704e+02 3.435108607092051845e-04 3.421613433100057010e-04
7.168047920000000204e+02 4.245460332607869577e-04 3.452355788961422286e-04
7.168051045000000840e+02 3.542480375698611088e-04 3.482110829855043365e-04
7.168054170000000340e+02 3.162624586083888291e-04 3.510927431069303791e-04
7.168057295000000977e+02 4.479067742330909187e-04 3.538851910964764969e-04
7.168060420000000477e+02 4.058145152636153047e-04 3.565928144764410205e-04
7.168063544999999976e+02 4.110494171885427459e-04 3.592197678714542783e-04
7.168066670000000613e+02 3.568555932521027142e-04 3.617699843082637602e-04
7.168069795000000113e+02 3.902145520486889358e-04 3.642471863117163235e-04
7.168072920000000749e+02 4.135676688750266478e-04 3.666548967309016141e-04
7.168076045000000249e+02 3.405281836949526847e-04 3.689964492176113129e-04
7.168079170000000886e+02 3.731434714673510962e-04 3.712749983456947386e-04
7.168082295000000386e+02 3.755950147129528049e-04 3.734935293167619404e-04
7.168085420000001022e+02 3.774682330101253530e-04 3.756548672633262093e-04
7.168088545000000522e+02 3.834571512407468396e-04 3.777616861148381253e-04
7.168091670000000022e+02 3.633032949679175375e-04 3.798165170502256025e-04
7.168094795000000659e+02 3.972127558038085135e-04 3.818217565204828304e-04
7.168097920000000158e+02 3.371836296144715213e-04 3.837796738571222824e-04
7.168101045000000795e+02 3.845803950469746596e-04 3.856924184837427013e-04
7.168104170000000295e+02 3.844399029835922875e-04 3.875620267253870269e-04
7.168107295000000931e+02 4.337219553872289409e-04 3.893904282518879825e-04
7.168110420000000431e+02 3.727625522357658032e-04 3.911794521481207188e-04
7.168113544999999931e+02 4.033552366429642199e-04 3.929308326481575019e-04
7.168116670000000568e+02 4.179273248929939221e-04 3.946462145325984618e-04
7.168119795000000067e+02 4.320974061136588626e-04 3.963271582122945315e-04
7.168122920000000704e+02 3.557605170410781332e-04 3.979751445204507388e-04
7.168126045000000204e+02 3.563185787262306199e-04 3.995915792135201132e-04
7.168129170000000840e+02 4.118434841959682123e-04 4.011777972152031518e-04
7.168132295000000340e+02 3.681736707783357762e-04 4.027350665992493212e-04
7.168135420000000977e+02 4.146320725557892410e-04 4.042645923442368563e-04
7.168138545000000477e+02 4.203985746582476323e-04 4.057675198556080168e-04
7.168141669999999976e+02 3.785106948391561352e-04 4.072449382857041438e-04
7.168144795000000613e+02 3.967815362749145796e-04 4.086978836502276093e-04
7.168147920000000113e+02 4.158025848026132912e-04 4.101273417588085211e-04
7.168151045000000749e+02 4.110492873353289523e-04 4.115342509759946192e-04
7.168154170000000249e+02 3.958968250743682212e-04 4.129195048102425798e-04
7.168157295000000886e+02 4.204255475878956958e-04 4.142839543570668885e-04
7.168160420000000386e+02 4.460884736367702955e-04 4.156284105894305909e-04
7.168163545000001022e+02 4.570141468086723140e-04 4.169536465204384942e-04
7.168166670000000522e+02 4.513849283488567590e-04 4.182603992308306829e-04
7.168169795000000022e+02 4.225814046837266858e-04 4.195493717843566282e-04
7.168172920000000659e+02 4.260265446528606575e-04 4.208212350262594014e-04
7.168176045000000158e+02 4.077500050826675403e-04 4.220766292768027739e-04
7.168179170000000795e+02 3.906066789372401350e-04 4.233161659308239014e-04
7.168182295000000295e+02 3.790478378254203470e-04 4.245404289579561216e-04
7.168185420000000931e+02 4.081702191962613109e-04 4.257499763233891653e-04
7.168188545000000431e+02 4.292692351699663178e-04 4.269453413200894058e-04
7.168191669999999931e+02 4.112390575090028606e-04 4.281270338313318763e-04
7.168194795000000568e+02 3.826979271575727611e-04 4.292955415171487783e-04
7.168197920000000067e+02 3.929574445767189026e-04 4.304513309336224542e-04
7.168201045000000704e+02 4.203845479970564703e-04 4.315948485932655774e-04
7.168204170000000204e+02 4.280091657007923625e-04 4.327265219597999026e-04
7.168207295000000840e+02 4.589543759896835850e-04 4.338467603939625780e-04
7.168210420000000340e+02 4.185582519196310160e-04 4.349559560404000027e-04
7.168213545000000977e+02 4.349506106489563423e-04 4.360544846719877749e-04
7.168216670000000477e+02 3.794776584152530089e-04 4.371427064814917534e-04
