7.076794710000000350e+02 3.621308010193192918e-04 3.624259218719294746e-04
7.076797834999999850e+02 3.599486527023549091e-04 3.621760640339419094e-04
7.076800960000000487e+02 3.764744105109387329e-04 3.618370017232713722e-04
7.076804084999999986e+02 3.858051423152372554e-04 3.614046604332288954e-04
7.076807210000000623e+02 3.613432140888421669e-04 3.608747621857047558e-04
7.076810335000000123e+02 3.831983550026265379e-04 3.602428160437907393e-04
7.076813459999999623e+02 3.350607688108442860e-04 3.595041084380991227e-04
7.076816585000000259e+02 3.386722433680992047e-04 3.586536933656105965e-04
7.076819709999999759e+02 3.433637985402810582e-04 3.576863825289510238e-04
7.076822835000000396e+02 3.621545115357085965e-04 3.565967354976967490e-04
7.076825959999999895e+02 3.647186399676729173e-04 3.553790500056424359e-04
7.076829085000000532e+02 3.428249247248232271e-04 3.540273525016231909e-04
7.076832210000000032e+02 3.551870551634085356e-04 3.525353891225057137e-04
7.076835335000000669e+02 3.501409973475482764e-04 3.508966172617037824e-04
7.076838460000000168e+02 3.319073892479439819e-04 3.491041979734804744e-04
7.076841584999999668e+02 3.469604379435793488e-04 3.471509894635694637e-04
7.076844710000000305e+02 3.526375491982449242e-04 3.450295419966891266e-04
7.076847834999999804e+02 3.506849698542840467e-04 3.427320945899194450e-04
7.076850960000000441e+02 3.432600827621545684e-04 3.402505739214376672e-04
7.076854084999999941e+02 3.296770103568723233e-04 3.375765959881784815e-04
7.076857210000000578e+02 3.050172352506512995e-04 3.347014710840210956e-04
7.076860335000000077e+02 3.083100541226037046e-04 3.316162128209777641e-04
7.076863459999999577e+02 3.108768691682376774e-04 3.283115519644913874e-04
7.076866585000000214e+02 2.904368167923598583e-04 3.247779560288635483e-04
7.076869709999999714e+02 2.922861240819502266e-04 3.210056556784994172e-04
7.076872835000000350e+02 2.876112357127690272e-04 3.169846791202068199e-04
7.076875959999999850e+02 2.543544587929975009e-04 3.127048958786352939e-04
7.076879085000000487e+02 2.844386155442161601e-04 3.081560714398155114e-04
7.076882209999999986e+02 2.465053148637483000e-04 3.033279345158380229e-04
7.076885335000000623e+02 2.349743187360125085e-04 2.982102587702402407e-04
7.076888460000000123e+02 2.646090607380651989e-04 2.927929611297172075e-04
7.076891584999999623e+02 2.583425560270327941e-04 2.870662188756673656e-04
7.076894710000000259e+02 2.493064211402212490e-04 2.810206079647128508e-04
7.076897834999999759e+02 2.526610806639374967e-04 2.746472650914491055e-04
7.076900960000000396e+02 2.223506722056013056e-04 2.679380760723541538e-04
7.076904084999999895e+02 2.251090757731103907e-04 2.608858932138822325e-04
7.076907210000000532e+02 2.352540711621399635e-04 2.534847841002714204e-04
7.076910335000000032e+02 2.193834224571199014e-04 2.457303141551408056e-04
7.076913460000000669e+02 2.020031282675249893e-04 2.376198647651336904e-04
7.076916585000000168e+02 1.922146307889442576e-04 2.291529882978455971e-04
7.076919709999999668e+02 1.785422102234014436e-04 2.203318002796203381e-04
7.076922835000000305e+02 1.774429495625536816e-04 2.111614079416896175e-04
7.076925959999999804e+02 1.921577551378055406e-04 2.016503726545759213e-04
7.076929085000000441e+02 1.978905750987706253e-04 1.918112017466923336e-04
7.076932209999999941e+02 1.935174643193598542e-04 1.816608628525651602e-04
7.076935335000000578e+02 1.663690492566197035e-04 1.712213107964271068e-04
7.076938460000000077e+02 1.514651022247765638e-04 1.605200138358078941e-04
7.076941584999999577e+02 1.384395692347975028e-04 1.495904620649036283e-04
7.076944710000000214e+02 1.402610572811270574e-04 1.384726369181136802e-04
7.076947834999999714e+02 1.259501464460051421e-04 1.272134164469281470e-04
7.076950960000000350e+02 9.899022631248872723e-05 1.158668871119608129e-04
7.076954084999999850e+02 1.310573845327794135e-04 1.044945296427171822e-04
7.076957210000000487e+02 1.021774326027563595e-04 9.316524401343893739e-05
7.076960334999999986e+02 1.010351114828314680e-04 8.195517816243910389e-05
7.076963460000000623e+02 9.588284597573793594e-05 7.094732630941001780e-05
7.076966585000000123e+02 9.023320816879187108e-05 6.023086719798395237e-05
7.076969709999999623e+02 7.193979753442187577e-05 4.990021971180842562e-05
7.076972835000000259e+02 6.523448908345100413e-05 4.005380433788263889e-05
7.076975959999999759e+02 8.616948023807938673e-05 3.079251297598141441e-05
7.076979085000000396e+02 5.775908715365329969e-05 2.221790670732159406e-05
7.076982209999999895e+02 4.146662561401726201e-05 1.443018039759896100e-05
7.076985335000000532e+02 2.639371018537527649e-05 7.525952652479180310e-06
7.076988460000000032e+02 3.340857933450762894e-05 1.595958617123019218e-06
7.076991585000000669e+02 1.947858722296420616e-05 -3.277261358647678828e-06
7.076994710000000168e+02 3.275207707026754747e-05 -7.021573342982956220e-06
7.076997834999999668e+02 2.260578341735372936e-05 -9.577254183941987995e-06
7.077000960000000305e+02 1.985859412272647176e-05 -1.089868508591722693e-05
7.077004084999999804e+02 1.003106901347856908e-05 -1.095564346515210869e-05
7.077007210000000441e+02 1.332561022437755962e-05 -9.734122412659632932e-06
7.077010334999999941e+02 8.603426370906444917e-06 -7.236633641103562320e-06
7.077013460000000578e+02 4.663863089662045799e-06 -3.481980244422885633e-06
7.077016585000000077e+02 1.413601742782876208e-05 1.495482888219447273e-06
7.077019709999999577e+02 8.213117923268190202e-06 7.647053633295636374e-06
7.077022835000000214e+02 1.044806158675430588e-05 1.491127979290012691e-05
7.077025959999999714e+02 1.412384790674790819e-05 2.321585822635969658e-05
7.077029085000000350e+02 1.362401713739355706e-05 3.247973493259822988e-05
7.077032209999999850e+02 2.951538824862436246e-05 4.261530260919253705e-05
7.077035335000000487e+02 2.842245169804188842e-05 5.353059746869399623e-05
7.077038459999999986e+02 4.618094694130111703e-05 6.513140806602473398e-05
7.077041585000000623e+02 4.241989548202148300e-05 7.732322460419919011e-05
7.077044710000000123e+02 7.109594843291974829e-05 9.001297482692251738e-05
7.077047834999999623e+02 7.832188266210479461e-05 1.031105113245403060e-04
7.077050960000000259e+02 7.944038437746635056e-05 1.165298323541720456e-04
7.077054084999999759e+02 6.496488360715716598e-05 1.301900338485703211e-04
7.077057210000000396e+02 9.070774914993578173e-05 1.440160029367923953e-04
7.077060334999999895e+02 1.162425895519308229e-04 1.579388726672473480e-04
7.077063460000000532e+02 1.068834181925275089e-04 1.718962643801873072e-04
7.077066585000000032e+02 1.462719725242216725e-04 1.858323475491809008e-04
7.077069710000000669e+02 1.516047771066207053e-04 1.996977485513682792e-04
7.077072835000000168e+02 1.804589391274790289e-04 2.134493389489757343e-04
7.077075959999999668e+02 1.803333634883186505e-04 2.270499322593460287e-04
7.077079085000000305e+02 2.032879660774491244e-04 2.404679150767558926e-04
7.077082209999999804e+02 2.375603161804816673e-04 2.536768352479536887e-04
7.077085335000000441e+02 2.341783185975229904e-04 2.666549662694288488e-04
7.077088459999999941e+02 2.898060292848482922e-04 2.793848634264353096e-04
7.077091585000000578e+02 3.026353344730739036e-04 2.918529241998594885e-04
7.077094710000000077e+02 2.666442583595582654e-04 3.040489622254316710e-04
7.077097834999999577e+02 2.763843105415000824e-04 3.159658018179385165e-04
7.077100960000000214e+02 3.250649042822534784e-04 3.275988976400139312e-04
7.077104084999999714e+02 3.257936439287059866e-04 3.389459824660037354e-04
7.077107210000000350e+02 3.237923703195576177e-04 3.500067445459219143e-04
7.077110334999999850e+02 3.423707903014046577e-04 3.607825348102692339e-04
7.077113460000000487e+02 3.680101534924157670e-04 3.712761035422561229e-04
7.077116584999999986e+02 3.992214400136289993e-04 3.814913652734947978e-04
7.077119710000000623e+02 3.828539344672913093e-04 3.914331904902455979e-04
7.077122835000000123e+02 4.154840394786949256e-04 4.011072222199759210e-04
7.077125959999999623e+02 4.353316535350126837e-04 4.105197156568496765e-04
7.077129085000000259e+02 4.394879631235178575e-04 4.196773987206330893e-04
7.077132209999999759e+02 4.461461742037409173e-04 4.285873515867675339e-04
7.077135335000000396e+02 4.438736094665091179e-04 4.372569032799207122e-04
7.077138459999999895e+02 5.106811167325134380e-04 4.456935434069007928e-04
7.077141585000000532e+02 4.988432941631680074e-04 4.539048474047993630e-04
7.077144710000000032e+02 5.433537687835156890e-04 4.618984136094312384e-04
7.077147835000000669e+02 4.975944095618732056e-04 4.696818107840977966e-04
7.077150960000000168e+02 5.291977566638374035e-04 4.772625346904232836e-04
7.077154084999999668e+02 5.064891181436029146e-04 4.846479726011141721e-04
7.077157210000000305e+02 5.366657233179935801e-04 4.918453746175906150e-04
7.077160334999999804e+02 5.377278425430719825e-04 4.988618308754833985e-04
7.077163460000000441e+02 6.316654509259097888e-04 5.057042538243257564e-04
7.077166584999999941e+02 5.481678180812312416e-04 5.123793647788908853e-04
7.077169710000000578e+02 5.383426207412678795e-04 5.188936841734951818e-04
7.077172835000000077e+02 5.861483205063725129e-04 5.252535248735784590e-04
7.077175959999999577e+02 5.736505522900258716e-04 5.314649881272487993e-04
7.077179085000000214e+02 5.900922847690006582e-04 5.375339616688007763e-04
7.077182209999999714e+02 5.928282989477931661e-04 5.434661196292591258e-04
7.077185335000000350e+02 5.671723565030489887e-04 5.492669239556204237e-04
7.077188459999999850e+02 5.910781985038438772e-04 5.549416270102076280e-04
7.077191585000000487e+02 6.177690101264545798e-04 5.604952751818917519e-04
7.077194709999999986e+02 5.879976306266697416e-04 5.659327132408829147e-04
7.077197835000000623e+02 6.416476882513604896e-04 5.712585893323593325e-04
7.077200960000000123e+02 6.446393482222701572e-04 5.764773603993510317e-04
7.077204084999999623e+02 6.504017970786566544e-04 5.815932979739953448e-04
7.077207210000000259e+02 6.963209785107097975e-04 5.866104941850842349e-04
7.077210334999999759e+02 6.175240721488970373e-04 5.915328679160674393e-04
7.077213460000000396e+02 6.539748029291032883e-04 5.963641710591172269e-04
7.077216584999999895e+02 6.208741913699602349e-04 6.011079947609123449e-04
7.077219710000000532e+02 6.716729772438391304e-04 6.057677756668627738e-04
7.077222835000000032e+02 6.356633865691049216e-04 6.103468020678682856e-04
7.077225960000000669e+02 6.732192259188814415e-04 6.148482199729780710e-04
7.077229085000000168e+02 6.367197972611939125e-04 6.192750390283524586e-04
7.077232209999999668e+02 6.671103448613890669e-04 6.236301383145470079e-04
7.077235335000000305e+02 6.832642794569645638e-04 6.279162719656475496e-04
7.077238459999999804e+02 5.768612204256031361e-04 6.321360746162170072e-04
7.077241585000000441e+02 6.285998822946495344e-04 6.362920666832416099e-04
7.077244709999999941e+02 6.681823637502378507e-04 6.403866594395466469e-04
7.077247835000000578e+02 6.353880483272796465e-04 6.444221599235224135e-04
7.077250960000000077e+02 6.854422761520776331e-04 6.484007756359852753e-04
7.077254084999999577e+02 6.877766673104958924e-04 6.523246190712206349e-04
7.077257210000000214e+02 6.811075383011175712e-04 6.561957120471759294e-04
7.077260334999999714e+02 6.939579105205539566e-04 6.600159898530499111e-04
7.077263460000000350e+02 7.002180948552865587e-04 6.637873052317277978e-04
7.077266584999999850e+02 6.747879887412322692e-04 6.675114321666719957e-04
7.077269710000000487e+02 6.645065206173456042e-04 6.711900695212755664e-04
7.077272834999999986e+02 7.008740993367034528e-04 6.748248444920668544e-04
7.077275960000000623e+02 7.162266386305461609e-04 6.784173159247076793e-04
7.077279085000000123e+02 6.439117159973066322e-04 6.819689774556533367e-04
7.077282209999999623e+02 6.665581948101261846e-04 6.854812605263465274e-04
7.077285335000000259e+02 7.181306298314806815e-04 6.889555372428212950e-04
7.077288459999999759e+02 6.350120268738288030e-04 6.923931230999544068e-04
7.077291585000000396e+02 6.850837067003351464e-04 6.957952795883810132e-04
7.077294709999999895e+02 7.249010482325596739e-04 6.991632166583508067e-04
7.077297835000000532e+02 7.713633366446891832e-04 7.024980950847731394e-04
7.077300960000000032e+02 6.885280137020294115e-04 7.058010286992050545e-04
7.077304085000000669e+02 6.968331287057990577e-04 7.090730865332216205e-04
7.077307210000000168e+02 7.508634870897364349e-04 7.123152948393838505e-04
7.077310334999999668e+02 7.078266720818115858e-04 7.155286390319723008e-04
7.077313460000000305e+02 7.883003096414176744e-04 7.187140655222331101e-04
7.077316584999999804e+02 7.332503528398841156e-04 7.218724834648120514e-04
7.077319710000000441e+02 6.905597625711421775e-04 7.250047664310334521e-04
7.077322834999999941e+02 6.909283711129194164e-04 7.281117539843761635e-04
7.077325960000000578e+02 7.308108882912951526e-04 7.311942531977044541e-04
7.077329085000000077e+02 7.170417043088118687e-04 7.342530400795707710e-04
7.077332209999999577e+02 7.277121786114114019e-04 7.372888609482899881e-04
7.077335335000000214e+02 7.022270715868927015e-04 7.403024337290388781e-04
7.077338459999999714e+02 7.306841519083861515e-04 7.432944491886998286e-04
7.077341585000000350e+02 7.370751435924352644e-04 7.462655721223278912e-04
7.077344709999999850e+02 7.193770755115362538e-04 7.492164424669524314e-04
7.077347835000000487e+02 7.339906264262869391e-04 7.521476763792641143e-04
7.077350959999999986e+02 7.235527044461174603e-04 7.550598672452854413e-04
7.077354085000000623e+02 7.053855140537153897e-04 7.579535866589370450e-04
7.077357210000000123e+02 7.854713089066559396e-04 7.608293853378003809e-04
7.077360334999999623e+02 7.190139019696147830e-04 7.636877940112510440e-04
7.077363460000000259e+02 7.731836319089424765e-04 7.665293242567150717e-04
7.077366584999999759e+02 7.612322305703424739e-04 7.693544692968102682e-04
7.077369710000000396e+02 7.184578165124099131e-04 7.721637047695196262e-04
7.077372834999999895e+02 7.576882873302800796e-04 7.749574894475281346e-04
7.077375960000000532e+02 7.268646200683907561e-04 7.777362659403345415e-04
7.077379085000000032e+02 7.983706767607727083e-04 7.805004613481108080e-04
7.077382210000000669e+02 7.029503934866099778e-04 7.832504879014274678e-04
7.077385335000000168e+02 7.397383019663323483e-04 7.859867435560021626e-04
7.077388459999999668e+02 7.992654642702509997e-04 7.887096125750932578e-04
7.077391585000000305e+02 7.752098975813974564e-04 7.914194660757997192e-04
7.077394709999999804e+02 7.639913344576290156e-04 7.941166625506725129e-04
7.077397835000000441e+02 7.607438081175612894e-04 7.968015483755985957e-04
7.077400959999999941e+02 7.535097148344675234e-04 7.994744582805458867e-04
7.077404085000000578e+02 7.777539435328817679e-04 8.021357158146691932e-04
7.077407210000000077e+02 7.504965127489151774e-04 8.047856337755551759e-04
7.077410334999999577e+02 7.372304880591934971e-04 8.074245146337556949e-04
7.077413460000000214e+02 7.753380135483293242e-04 8.100526509292611376e-04
7.077416584999999714e+02 7.115839874147528339e-04 8.126703256505841185e-04
