7.160794979999999441e+02 3.979821843308681273e-04 3.302475934531788355e-04
7.160798104999998941e+02 3.565803999591770561e-04 3.305042673669365523e-04
7.160801229999999578e+02 3.460431956676659690e-04 3.307477657268925340e-04
7.160804354999999077e+02 3.543819263962730282e-04 3.309775650235106579e-04
7.160807479999999714e+02 3.464761669338358623e-04 3.311931163299033096e-04
7.160810604999999214e+02 3.280724213011984081e-04 3.313938438557969559e-04
7.160813729999999850e+02 3.588657363041093044e-04 3.315791434097442895e-04
7.160816854999999350e+02 3.584099728908139888e-04 3.317483807605106682e-04
7.160819979999999987e+02 3.448091426402328618e-04 3.319008898929020875e-04
7.160823104999999487e+02 2.965992476867498374e-04 3.320359711482968185e-04
7.160826229999998986e+02 3.262685391462222424e-04 3.321528892436498531e-04
7.160829354999999623e+02 3.483104945278078140e-04 3.322508711587116004e-04
7.160832479999999123e+02 3.503914916889715203e-04 3.323291038827658563e-04
7.160835604999999759e+02 3.405712120568714818e-04 3.323867320109635077e-04
7.160838729999999259e+02 3.400835958547581426e-04 3.324228551786247697e-04
7.160841854999999896e+02 3.049098537782638169e-04 3.324365253227042007e-04
7.160844979999999396e+02 3.180917683870706060e-04 3.324267437572440845e-04
7.160848104999998895e+02 3.447253750512194008e-04 3.323924580498330739e-04
7.160851229999999532e+02 3.746075899677106438e-04 3.323325586844202485e-04
7.160854354999999032e+02 3.513421022512805067e-04 3.322458754953607255e-04
7.160857479999999669e+02 3.377403513172193500e-04 3.321311738557752575e-04
7.160860604999999168e+02 3.353893998469202327e-04 3.319871506033316767e-04
7.160863729999999805e+02 3.474898761280614638e-04 3.318124296836357455e-04
7.160866854999999305e+02 3.291524512581827668e-04 3.316055574925507745e-04
7.160869979999999941e+02 3.378311929329923073e-04 3.313649978944514861e-04
7.160873104999999441e+02 3.428943574242686223e-04 3.310891268958407463e-04
7.160876229999998941e+02 3.471870162426068636e-04 3.307762269480753149e-04
7.160879354999999578e+02 3.078081034141711249e-04 3.304244808558793722e-04
7.160882479999999077e+02 3.450022324154123970e-04 3.300319652644932255e-04
7.160885604999999714e+02 3.086508037287327049e-04 3.295966436959502544e-04
7.160888729999999214e+02 2.794295830642706227e-04 3.291163591088635339e-04
7.160891854999999850e+02 2.850604680589217108e-04 3.285888259470911492e-04
7.160894979999999350e+02 2.610725629033485502e-04 3.280116216513692304e-04
7.160898104999999987e+02 3.501729435618729973e-04 3.273821775966988257e-04
7.160901229999999487e+02 3.455455481771931448e-04 3.266977694298134078e-04
7.160904354999998986e+02 2.863112618022319424e-04 3.259555067686665869e-04
7.160907479999999623e+02 3.545386118084140970e-04 3.251523222385979944e-04
7.160910604999999123e+02 3.080692359703776314e-04 3.242849598143453943e-04
7.160913729999999759e+02 2.885876160098954169e-04 3.233499624380829622e-04
7.160916854999999259e+02 3.112095448853972272e-04 3.223436588988170723e-04
7.160919979999999896e+02 3.069557864661568792e-04 3.212621499464893629e-04
7.160923104999999396e+02 3.174164555845807468e-04 3.201012936425985623e-04
7.160926229999998895e+02 3.081972228693154680e-04 3.188566899371241535e-04
7.160929354999999532e+02 3.258935365016367956e-04 3.175236644954713451e-04
7.160932479999999032e+02 2.874396210152899839e-04 3.160972518037736797e-04
7.160935604999999669e+02 2.602904853136818095e-04 3.145721776003243086e-04
7.160938729999999168e+02 3.037336668090528935e-04 3.129428407268946503e-04
7.160941854999999805e+02 2.869508904973736029e-04 3.112032944994316992e-04
7.160944979999999305e+02 3.127672799029780561e-04 3.093472277749361376e-04
7.160948104999999941e+02 3.304305117618788518e-04 3.073679459080979563e-04
7.160951229999999441e+02 2.606659372841096858e-04 3.052583518967004559e-04
7.160954354999998941e+02 2.903084794478158395e-04 3.030109280547684382e-04
7.160957479999999578e+02 2.590608072545288239e-04 3.006177186895151658e-04
7.160960604999999077e+02 3.101028384991997948e-04 2.980703143554007568e-04
7.160963729999999714e+02 2.688415806232470964e-04 2.953598384003064577e-04
7.160966854999999214e+02 2.436572804682890167e-04 2.924769367270375268e-04
7.160969979999999850e+02 3.083296583939478495e-04 2.894117718518914267e-04
7.160973104999999350e+02 2.458841032186290438e-04 2.861540226532141551e-04
7.160976229999999987e+02 2.653219812229703372e-04 2.826928914342591694e-04
7.160979354999999487e+02 2.367919785403434848e-04 2.790171203430132801e-04
7.160982479999998986e+02 2.555229203699052858e-04 2.751150195263033556e-04
7.160985604999999623e+02 2.752315326080538734e-04 2.709745099325106574e-04
7.160988729999999123e+02 2.731659725295103379e-04 2.665831841737227462e-04
7.160991854999999759e+02 2.185451011698168839e-04 2.619283894567186414e-04
7.160994979999999259e+02 2.828002405639845206e-04 2.569973373183648832e-04
7.160998104999999896e+02 3.035815942972272942e-04 2.517772455364056727e-04
7.161001229999999396e+02 2.143043059658574542e-04 2.462555184509679948e-04
7.161004354999998895e+02 2.618331831473988836e-04 2.404199725853436043e-04
7.161007479999999532e+02 2.642262165070833127e-04 2.342591152705205131e-04
7.161010604999999032e+02 2.299559811309688441e-04 2.277624845083305971e-04
7.161013729999999669e+02 2.253907916505191002e-04 2.209210586628556142e-04
7.161016854999999168e+02 2.221675925608336012e-04 2.137277446452806129e-04
7.161019979999999805e+02 1.672742603453133124e-04 2.061779525572889212e-04
7.161023104999999305e+02 2.073885261463505282e-04 1.982702635443018169e-04
7.161026229999999941e+02 1.908732820675730613e-04 1.900071949894808186e-04
7.161029354999999441e+02 1.947370224317752441e-04 1.813960634681121772e-04
7.161032479999998941e+02 1.799937732670225802e-04 1.724499400313897533e-04
7.161035604999999578e+02 1.841948871407098976e-04 1.631886847268298525e-04
7.161038729999999077e+02 1.247655647997802301e-04 1.536400368963406913e-04
7.161041854999999714e+02 1.235614772655694638e-04 1.438407249338680128e-04
7.161044979999999214e+02 1.277791369729670509e-04 1.338375440077654431e-04
7.161048104999999850e+02 1.403269123459070723e-04 1.236883328657377662e-04
7.161051229999999350e+02 1.184337083962110716e-04 1.134627631171354742e-04
7.161054354999999987e+02 1.222589395618641091e-04 1.032428373412567010e-04
7.161057479999999487e+02 9.195784864517758304e-05 9.312297961184642816e-05
7.161060604999998986e+02 9.977830685748281597e-05 8.320959609124657620e-05
7.161063729999999623e+02 6.659860465683249914e-05 7.361998909842778290e-05
7.161066854999999123e+02 9.058118147427334486e-05 6.448052862072208501e-05
7.161069979999999759e+02 6.882462809635054148e-05 5.592402409707431345e-05
7.161073104999999259e+02 5.630287918497072007e-05 4.808629742570328145e-05
7.161076229999999896e+02 5.028235416345292944e-05 4.110203300300985783e-05
7.161079354999999396e+02 2.783977544087474923e-05 3.510006678363652906e-05
7.161082479999998895e+02 5.042168223987666389e-05 3.019836289705841306e-05
7.161085604999999532e+02 3.811502963129708045e-05 2.649900060929238633e-05
7.161088729999999032e+02 1.381654226424317869e-05 2.408354131004442945e-05
7.161091854999999669e+02 4.453817814299438070e-05 2.300915265629203247e-05
7.161094979999999168e+02 2.167730864428360228e-05 2.330582771596524441e-05
7.161098104999999805e+02 9.518070472948626093e-06 2.497495162587972918e-05
7.161101229999999305e+02 2.461412745982604784e-05 2.798934669482701080e-05
7.161104354999999941e+02 3.913395527373718792e-05 3.229478604314033285e-05
7.161107479999999441e+02 2.712792969423028142e-05 3.781282702750626205e-05
7.161110604999998941e+02 2.855452157220172329e-05 4.444469964996688533e-05
7.161113729999999578e+02 4.490740469079531521e-05 5.207590746439829494e-05
7.161116854999999077e+02 6.578403403375837480e-05 6.058116720751251976e-05
7.161119979999999714e+02 4.726335518096133425e-05 6.982932746694678653e-05
7.161123104999999214e+02 7.126249034326517405e-05 7.968795769760669519e-05
7.161126229999999850e+02 7.437862541265064832e-05 9.002737434713881505e-05
7.161129354999999350e+02 8.912227602867646968e-05 1.007239559249742731e-04
7.161132479999999987e+02 1.012930025506177242e-04 1.116626817341397646e-04
7.161135604999999487e+02 1.212158650714050369e-04 1.227388995773767309e-04
7.161138729999998986e+02 8.699211035601358980e-05 1.338593817776417881e-04
7.161141854999999623e+02 1.519762877693242218e-04 1.449427639198592370e-04
7.161144979999999123e+02 1.472274893094028018e-04 1.559194789926191644e-04
7.161148104999999759e+02 1.472907067423830216e-04 1.667313036768264560e-04
7.161151229999999259e+02 1.875915454945651273e-04 1.773306271792871405e-04
7.161154354999999896e+02 1.864705700802080242e-04 1.876795404864034392e-04
7.161157479999999396e+02 1.806134429534076097e-04 1.977488275862137018e-04
7.161160604999998895e+02 1.932801352609371276e-04 2.075169235022831463e-04
7.161163729999999532e+02 2.880375080983345044e-04 2.169688876377520378e-04
7.161166854999999032e+02 2.093888047413764505e-04 2.260954267664855365e-04
7.161169979999999669e+02 2.540729763222945381e-04 2.348919900141105248e-04
7.161173104999999168e+02 2.690992545688627546e-04 2.433579484818861386e-04
7.161176229999999805e+02 3.145897839649594032e-04 2.514958650460499996e-04
7.161179354999999305e+02 2.579330472298345845e-04 2.593108543433429334e-04
7.161182479999999941e+02 2.812364205833813567e-04 2.668100294937649354e-04
7.161185604999999441e+02 2.623921536151968071e-04 2.740020295774432202e-04
7.161188729999998941e+02 2.524654356403443307e-04 2.808966207356473335e-04
7.161191854999999578e+02 3.071500403666729069e-04 2.875043630208638616e-04
7.161194979999999077e+02 2.785061669149670703e-04 2.938363351593702654e-04
7.161198104999999714e+02 2.797898181705974754e-04 2.999039096707189242e-04
7.161201229999999214e+02 2.759855144436761565e-04 3.057185712174262946e-04
7.161204354999999850e+02 3.056431840171652489e-04 3.112917718174207913e-04
7.161207479999999350e+02 3.323922507452047492e-04 3.166348170912029573e-04
7.161210604999999987e+02 3.457291604283672286e-04 3.217587785393077882e-04
7.161213729999999487e+02 3.189946768677728926e-04 3.266744273706599622e-04
7.161216854999998986e+02 3.395301186891209739e-04 3.313921861397650746e-04
7.161219979999999623e+02 3.785341699133160337e-04 3.359220948977652645e-04
7.161223104999999123e+02 3.380702737263120098e-04 3.402737891266524096e-04
7.161226229999999759e+02 3.399431462805882227e-04 3.444564871563058381e-04
7.161229354999999259e+02 3.509904306336309940e-04 3.484789850885365602e-04
7.161232479999999896e+02 3.879525672681559531e-04 3.523496576679677303e-04
7.161235604999999396e+02 3.074488523462342703e-04 3.560764637210047756e-04
7.161238729999998895e+02 3.581505392930698956e-04 3.596669551154147316e-04
7.161241854999999532e+02 3.880638899215743264e-04 3.631282883110308079e-04
7.161244979999999032e+02 3.498118236627535097e-04 3.664672377912174756e-04
7.161248104999999669e+02 4.398511096001323016e-04 3.696902108006983414e-04
7.161251229999999168e+02 3.927593869556892910e-04 3.728032628896102560e-04
7.161254354999999805e+02 4.153691427413878966e-04 3.758121139281476769e-04
7.161257479999999305e+02 4.248981256394887725e-04 3.787221642603692058e-04
7.161260604999999941e+02 3.792921216628068770e-04 3.815385108047304958e-04
7.161263729999999441e+02 3.860036392331133250e-04 3.842659628907486966e-04
7.161266854999998941e+02 3.901231451433837807e-04 3.869090577325729591e-04
7.161269979999999578e+02 4.513230528899342961e-04 3.894720754161138114e-04
7.161273104999999077e+02 3.901650804014610311e-04 3.919590533418608144e-04
7.161276229999999714e+02 3.756571358766901060e-04 3.943738000856827105e-04
7.161279354999999214e+02 3.985966806594710369e-04 3.967199086265040279e-04
7.161282479999999850e+02 4.007463607240583183e-04 3.990007689547459013e-04
7.161285604999999350e+02 4.684944059207588832e-04 4.012195800303716285e-04
7.161288729999999987e+02 3.995023816618010516e-04 4.033793611234208140e-04
7.161291854999999487e+02 3.653100902730220057e-04 4.054829625224816176e-04
7.161294979999998986e+02 3.681657952866420930e-04 4.075330756530931272e-04
7.161298104999999623e+02 3.982398383325855815e-04 4.095322426064206250e-04
7.161301229999999123e+02 4.413699058868733767e-04 4.114828651093394864e-04
7.161304354999999759e+02 3.946144426415040167e-04 4.133872129670709849e-04
7.161307479999999259e+02 4.234717063384843636e-04 4.152474319857481070e-04
7.161310604999999896e+02 4.583177376557329066e-04 4.170655514224822120e-04
7.161313729999999396e+02 4.542315968990537660e-04 4.188434909663091266e-04
7.161316854999998895e+02 4.485099625800884299e-04 4.205830672962799664e-04
7.161319979999999532e+02 4.188640234675020503e-04 4.222860002245152461e-04
7.161323104999999032e+02 4.516307286755780583e-04 4.239539184550490192e-04
7.161326229999999669e+02 4.590992649092069059e-04 4.255883649872797846e-04
7.161329354999999168e+02 4.049429838573190602e-04 4.271908021707697856e-04
7.161332479999999805e+02 4.460295716987575294e-04 4.287626164511507175e-04
7.161335604999999305e+02 4.160683508299611259e-04 4.303051228080316689e-04
7.161338729999999941e+02 4.776128550785889697e-04 4.318195689224645930e-04
7.161341854999999441e+02 4.348374623455561927e-04 4.333071390734996413e-04
7.161344979999998941e+02 3.969235605079835948e-04 4.347689577980960794e-04
7.161348104999999578e+02 4.593540161848770945e-04 4.362060933162673288e-04
7.161351229999999077e+02 4.312048285210934480e-04 4.376195607420785695e-04
7.161354354999999714e+02 4.317462977252611075e-04 4.390103250994465897e-04
7.161357479999999214e+02 4.591417899289453215e-04 4.403793041428983863e-04
7.161360604999999850e+02 4.087270770711749139e-04 4.417273710114487167e-04
7.161363729999999350e+02 4.036658099596744089e-04 4.430553567108469828e-04
7.161366854999999987e+02 4.077538260768042485e-04 4.443640524508426495e-04
7.161369979999999487e+02 4.090942588468684561e-04 4.456542118317670517e-04
7.161373104999998986e+02 4.411074350185191896e-04 4.469265529047739905e-04
7.161376229999999623e+02 4.331041276250071530e-04 4.481817601024318666e-04
7.161379354999999123e+02 4.992177748718340568e-04 4.494204860527200619e-04
7.161382479999999759e+02 4.228375375436013912e-04 4.506433532884228507e-04
7.161385604999999259e+02 4.183203584880948065e-04 4.518509558476829107e-04
7.161388729999999896e+02 4.757209686625549585e-04 4.530438607862673304e-04
7.161391854999999396e+02 4.271990825441036193e-04 4.542226095934561196e-04
7.161394979999998895e+02 4.352142687530194160e-04 4.553877195309290020e-04
7.161398104999999532e+02 4.174606420064331819e-04 4.565396848890614263e-04
7.161401229999999032e+02 4.835363795448528084e-04 4.576789781700772090e-04
7.161404354999999669e+02 4.686554084173894853e-04 4.588060512067805943e-04
7.161407479999999168e+02 4.842659693752212604e-04 4.599213362108064995e-04
7.161410604999999805e+02 4.265102873720257601e-04 4.610252467672737680e-04
7.161413729999999305e+02 4.339158521047941090e-04 4.621181787664899697e-04
7.161416854999999941e+02 4.550326131254187794e-04 4.632005112892153761e-04
