7.160589494999999260e+02 3.502274623894920851e-04 3.013395735381585580e-04
7.160592619999999897e+02 2.951049725055119102e-04 3.016981700874738740e-04
7.160595744999999397e+02 3.241224215662024495e-04 3.020448041868637043e-04
7.160598870000000034e+02 2.421316749615646971e-04 3.023789983141931506e-04
7.160601994999999533e+02 3.233600095016448805e-04 3.027002516564381322e-04
7.160605120000000170e+02 2.765190425123616050e-04 3.030080387793274155e-04
7.160608244999999670e+02 3.455661780256632262e-04 3.033018082088051806e-04
7.160611370000000306e+02 2.736890618548474445e-04 3.035809809219006355e-04
7.160614494999999806e+02 2.953782419194181494e-04 3.038449487368156173e-04
7.160617619999999306e+02 3.154486241906743192e-04 3.040930725984405687e-04
7.160620744999999943e+02 2.694386002505894584e-04 3.043246807490152862e-04
7.160623869999999442e+02 3.045274761420966908e-04 3.045390667768579614e-04
7.160626995000000079e+02 3.111195187552615125e-04 3.047354875350056277e-04
7.160630119999999579e+02 2.975844636583286251e-04 3.049131609182421910e-04
7.160633245000000215e+02 3.364437499636928363e-04 3.050712634906635533e-04
7.160636369999999715e+02 3.161579345572649788e-04 3.052089279504899494e-04
7.160639494999999215e+02 3.026334546253371194e-04 3.053252404223155822e-04
7.160642619999999852e+02 3.113695496775032009e-04 3.054192375625233886e-04
7.160645744999999351e+02 2.714122641804539438e-04 3.054899034649854843e-04
7.160648869999999988e+02 3.293902297932881735e-04 3.055361663525569703e-04
7.160651994999999488e+02 3.175687455505639455e-04 3.055568950379582041e-04
7.160655120000000124e+02 3.382254535031892066e-04 3.055508951379944625e-04
7.160658244999999624e+02 3.041877743066261205e-04 3.055169050225954195e-04
7.160661370000000261e+02 2.872453753047632787e-04 3.054535914796878914e-04
7.160664494999999761e+02 3.201935278078938828e-04 3.053595450754735823e-04
7.160667619999999260e+02 2.860722772634623602e-04 3.052332751879207056e-04
7.160670744999999897e+02 3.050016682664492872e-04 3.050732046906443149e-04
7.160673869999999397e+02 3.745080566931304009e-04 3.048776642626338323e-04
7.160676995000000034e+02 2.908475836111207497e-04 3.046448862969450885e-04
7.160680119999999533e+02 2.807592129985734771e-04 3.043729983826493589e-04
7.160683245000000170e+02 3.636961306201188290e-04 3.040600163290502395e-04
7.160686369999999670e+02 2.944955776895920503e-04 3.037038367049256157e-04
7.160689495000000306e+02 2.964675792704537269e-04 3.033022288585266704e-04
7.160692619999999806e+02 3.345434566939711860e-04 3.028528263900090423e-04
7.160695744999999306e+02 3.147572997010362138e-04 3.023531180397026293e-04
7.160698869999999943e+02 3.424116540667532715e-04 3.018004379627269745e-04
7.160701994999999442e+02 3.248633274775742426e-04 3.011919553563596383e-04
7.160705120000000079e+02 3.056823166229671483e-04 3.005246634060443844e-04
7.160708244999999579e+02 3.268329794259696255e-04 2.997953675255788709e-04
7.160711370000000215e+02 3.507294993744007540e-04 2.990006728575981469e-04
7.160714494999999715e+02 2.701648439943085071e-04 2.981369710195313355e-04
7.160717619999999215e+02 2.343659672670094321e-04 2.972004260703172253e-04
7.160720744999999852e+02 2.631913123791654709e-04 2.961869596964114646e-04
7.160723869999999351e+02 2.551092641795268869e-04 2.950922356176059378e-04
7.160726994999999988e+02 2.532941080104435163e-04 2.939116432254871409e-04
7.160730119999999488e+02 2.396983336774005375e-04 2.926402805000872316e-04
7.160733245000000124e+02 3.065229315786139903e-04 2.912729362518742858e-04
7.160736369999999624e+02 2.655190927184675914e-04 2.898040717926577076e-04
7.160739495000000261e+02 2.769402684240583590e-04 2.882278021482332026e-04
7.160742619999999761e+02 3.007959672495839985e-04 2.865378770037312582e-04
7.160745744999999260e+02 2.542243472928150546e-04 2.847276615989171710e-04
7.160748869999999897e+02 2.604394792009218952e-04 2.827901178933415680e-04
7.160751994999999397e+02 2.755724209813779284e-04 2.807177863920711880e-04
7.160755120000000034e+02 2.392575602363833159e-04 2.785027691282120446e-04
7.160758244999999533e+02 2.902649227850499628e-04 2.761367144577304045e-04
7.160761370000000170e+02 2.327828450813509346e-04 2.736108044406890065e-04
7.160764494999999670e+02 2.815081434394781524e-04 2.709157458261619964e-04
7.160767620000000306e+02 3.041882029528436538e-04 2.680417658367625542e-04
7.160770744999999806e+02 2.244422397996100906e-04 2.649786142825065580e-04
7.160773869999999306e+02 2.523277256068812732e-04 2.617155738015137199e-04
7.160776994999999943e+02 2.338628619605232395e-04 2.582414804650646351e-04
7.160780119999999442e+02 2.539111099695160801e-04 2.545447573989794115e-04
7.160783245000000079e+02 2.564205923462533612e-04 2.506134645838204236e-04
7.160786369999999579e+02 2.261903094357696519e-04 2.464353686313712857e-04
7.160789495000000215e+02 2.376228236185756531e-04 2.419980369176679205e-04
7.160792619999999715e+02 2.381470422774235548e-04 2.372889612627887372e-04
7.160795744999999215e+02 2.275313654964249014e-04 2.322957170262233463e-04
7.160798869999999852e+02 2.017985015492574968e-04 2.270061643662677766e-04
7.160801994999999351e+02 1.646299807789666802e-04 2.214086991329235427e-04
7.160805119999999988e+02 2.282018734984020609e-04 2.154925615421222527e-04
7.160808244999999488e+02 2.290796642887235363e-04 2.092482113556370254e-04
7.160811370000000124e+02 1.862410597843242141e-04 2.026677783677132360e-04
7.160814494999999624e+02 1.472680400911381866e-04 1.957455968307837864e-04
7.160817620000000261e+02 1.573672975535234868e-04 1.884788312891528639e-04
7.160820744999999761e+02 1.720164115441340181e-04 1.808681994122810573e-04
7.160823869999999260e+02 1.745650761245642326e-04 1.729187938959845020e-04
7.160826994999999897e+02 1.451385909542060940e-04 1.646410005528558954e-04
7.160830119999999397e+02 1.697754903990344978e-04 1.560515024302131437e-04
7.160833245000000034e+02 1.503580143565700906e-04 1.471743501361846645e-04
7.160836369999999533e+02 1.489618361792955899e-04 1.380420663451679161e-04
7.160839495000000170e+02 1.562620935340871078e-04 1.286967373113379086e-04
7.160842619999999670e+02 1.271318168430612624e-04 1.191910272204931302e-04
7.160845745000000306e+02 1.195328827459100809e-04 1.095890325608606889e-04
7.160848869999999806e+02 1.033184182168833275e-04 9.996687595292558931e-05
7.160851994999999306e+02 1.233453030824642016e-04 9.041292378144667036e-05
7.160855119999999943e+02 9.927877378398182896e-05 8.102750379680799097e-05
7.160858244999999442e+02 6.958621131436713522e-05 7.192200095142388318e-05
7.160861370000000079e+02 8.218180338151447604e-05 6.321722675929318806e-05
7.160864494999999579e+02 5.190973351528448967e-05 5.504099290331210850e-05
7.160867620000000215e+02 8.026796510965023327e-05 4.752487491314913242e-05
7.160870744999999715e+02 5.583877747701862721e-05 4.080022578025281328e-05
7.160873869999999215e+02 4.653402039678946711e-05 3.499358610391372233e-05
7.160876994999999852e+02 3.322207234663813536e-05 3.022172761819112607e-05
7.160880119999999351e+02 2.430832633881453090e-05 2.658664651485769759e-05
7.160883244999999988e+02 2.866809348515796655e-05 2.417087702717370093e-05
7.160886369999999488e+02 3.276403299123435112e-05 2.303351044068160271e-05
7.160889495000000124e+02 3.744546204607145887e-05 2.320727131629455174e-05
7.160892619999999624e+02 3.504586081687011069e-05 2.469692103493583470e-05
7.160895745000000261e+02 2.608775389899970531e-05 2.747913748634013187e-05
7.160898869999999761e+02 2.602096698006691608e-05 3.150387620850158085e-05
7.160901994999999260e+02 1.718680866369013969e-05 3.669707455217437501e-05
7.160905119999999897e+02 2.608534124777078575e-05 4.296443846019328699e-05
7.160908244999999397e+02 1.529730272599645770e-05 5.019596844783549188e-05
7.160911370000000034e+02 4.009070091515000759e-05 5.827084618905223492e-05
7.160914494999999533e+02 4.136056319710682043e-05 6.706231517713614218e-05
7.160917620000000170e+02 7.550702232503782188e-05 7.644224020224742644e-05
7.160920744999999670e+02 9.611216472661649303e-05 8.628510690419829423e-05
7.160923870000000306e+02 1.061411310406585614e-04 9.647131023158940564e-05
7.160926994999999806e+02 8.286081778366480419e-05 1.068896652269044040e-04
7.160930119999999306e+02 7.655558543675270681e-05 1.174391462941526935e-04
7.160933244999999943e+02 1.217342348850578525e-04 1.280299157275625616e-04
7.160936369999999442e+02 1.064759056425107725e-04 1.385837380515818297e-04
7.160939495000000079e+02 1.550119072995860851e-04 1.490338946864163371e-04
7.160942619999999579e+02 1.466635263610307181e-04 1.593247168709316700e-04
7.160945745000000215e+02 1.765698504706753665e-04 1.694108481245510777e-04
7.160948869999999715e+02 1.398739800494324173e-04 1.792563338983992516e-04
7.160951994999999215e+02 2.021213574555736703e-04 1.888336196897584507e-04
7.160955119999999852e+02 2.117885802597656373e-04 1.981225213576565483e-04
7.160958244999999351e+02 2.069205953494543371e-04 2.071092151651998377e-04
7.160961369999999988e+02 2.264373502600565684e-04 2.157852806981961269e-04
7.160964494999999488e+02 2.194725423932256721e-04 2.241468177497929753e-04
7.160967620000000124e+02 2.725729575674044978e-04 2.321936489846757642e-04
7.160970744999999624e+02 2.341913592088782400e-04 2.399286128448618915e-04
7.160973870000000261e+02 2.278498207723671112e-04 2.473569462139043294e-04
7.160976994999999761e+02 3.371139435306590897e-04 2.544857526757375869e-04
7.160980119999999260e+02 2.760544038816843595e-04 2.613235502013867752e-04
7.160983244999999897e+02 2.926120271417233134e-04 2.678798907444300396e-04
7.160986369999999397e+02 2.909704958560647460e-04 2.741650438500410993e-04
7.160989495000000034e+02 2.941222954883964064e-04 2.801897363996391538e-04
7.160992619999999533e+02 3.025661133067242899e-04 2.859649408892387420e-04
7.160995745000000170e+02 2.639707652216559332e-04 2.915017053233257319e-04
7.160998869999999670e+02 3.070095724489450319e-04 2.968110183259457563e-04
7.161001995000000306e+02 3.202382846160447953e-04 3.019037039079662706e-04
7.161005119999999806e+02 3.022621416814761492e-04 3.067903408913703433e-04
7.161008244999999306e+02 3.231634476279636762e-04 3.114812027755694559e-04
7.161011369999999943e+02 3.360190300498639739e-04 3.159862143309377430e-04
7.161014494999999442e+02 3.175623494504232081e-04 3.203149218214567154e-04
7.161017620000000079e+02 3.278474272160464276e-04 3.244764742392843189e-04
7.161020744999999579e+02 3.456521097788277418e-04 3.284796133054074469e-04
7.161023870000000215e+02 3.117719100663946061e-04 3.323326704475233610e-04
7.161026994999999715e+02 3.215202678290455607e-04 3.360435691850725088e-04
7.161030119999999215e+02 3.615415210965487779e-04 3.396198317141332630e-04
7.161033244999999852e+02 3.483822210211739642e-04 3.430685886307214519e-04
7.161036369999999351e+02 3.420610264397148958e-04 3.463965909732134624e-04
7.161039494999999988e+02 3.451430540351903427e-04 3.496102239202693524e-04
7.161042619999999488e+02 3.660766069631856681e-04 3.527155215714591180e-04
7.161045745000000124e+02 3.752732531637298580e-04 3.557181824157398331e-04
7.161048869999999624e+02 3.669266862475648538e-04 3.586235851086777885e-04
7.161051995000000261e+02 4.044810846685801360e-04 3.614368043274154081e-04
7.161055119999999761e+02 3.313470662996237338e-04 3.641626264620276667e-04
7.161058244999999260e+02 3.925392492830307042e-04 3.668055650193899407e-04
7.161061369999999897e+02 3.509209268647093399e-04 3.693698755967321436e-04
7.161064494999999397e+02 4.154079985492756710e-04 3.718595703515840956e-04
7.161067620000000034e+02 4.014491870305427574e-04 3.742784319183533204e-04
7.161070744999999533e+02 3.552223103515488034e-04 3.766300267110154836e-04
7.161073870000000170e+02 3.692337363224745708e-04 3.789177176185977826e-04
7.161076994999999670e+02 3.897954579895384014e-04 3.811446760567208949e-04
7.161080120000000306e+02 4.292514178648801360e-04 3.833138934039930727e-04
7.161083244999999806e+02 3.834709028267209484e-04 3.854281918055507683e-04
7.161086369999999306e+02 4.244861726551176482e-04 3.874902343836040966e-04
7.161089494999999943e+02 4.562170555079424531e-04 3.895025348537012712e-04
7.161092619999999442e+02 4.086271565588202727e-04 3.914674665768323432e-04
7.161095745000000079e+02 3.620627238326894421e-04 3.933872710779407812e-04
7.161098869999999579e+02 3.866281366280092794e-04 3.952640660377629745e-04
7.161101995000000215e+02 4.462205425560819235e-04 3.970998528056268848e-04
7.161105119999999715e+02 3.983672953603501670e-04 3.988965234364788776e-04
7.161108244999999215e+02 4.548229431450817443e-04 4.006558672987800811e-04
7.161111369999999852e+02 4.137508926955734420e-04 4.023795772612137286e-04
7.161114494999999351e+02 3.692507533269591392e-04 4.040692554894198866e-04
7.161117619999999988e+02 3.930440165769240237e-04 4.057264188820292939e-04
7.161120744999999488e+02 4.228061137228556940e-04 4.073525041529309221e-04
7.161123870000000124e+02 4.244687429129256786e-04 4.089488726001705215e-04
7.161126994999999624e+02 4.549616525214040803e-04 4.105168145625042375e-04
7.161130120000000261e+02 3.808158351497045518e-04 4.120575536018150674e-04
7.161133244999999761e+02 4.151433097920370543e-04 4.135722504110049373e-04
7.161136369999999260e+02 4.314456085609926416e-04 4.150620064822589618e-04
7.161139494999999897e+02 3.823056451165496371e-04 4.165278675376523168e-04
7.161142619999999397e+02 4.101083875481238120e-04 4.179708267431114549e-04
7.161145745000000034e+02 4.472101626910358506e-04 4.193918277250707999e-04
7.161148869999999533e+02 4.257271152432850602e-04 4.207917673899772503e-04
7.161151995000000170e+02 4.410528416717072022e-04 4.221714985753748269e-04
7.161155119999999670e+02 3.695376502399563032e-04 4.235318325276855650e-04
7.161158245000000306e+02 4.102664033694626740e-04 4.248735412338960080e-04
7.161161369999999806e+02 4.661933380791895894e-04 4.261973596012572042e-04
7.161164494999999306e+02 3.806851959085657557e-04 4.275039875098713771e-04
7.161167619999999943e+02 3.997640885265956031e-04 4.287940917347044965e-04
7.161170744999999442e+02 3.989508576942590607e-04 4.300683077503277474e-04
7.161173870000000079e+02 4.068779952006293041e-04 4.313272414306303288e-04
7.161176994999999579e+02 3.508296798204897085e-04 4.325714706390514693e-04
7.161180120000000215e+02 3.656045014889348563e-04 4.338015467303787866e-04
7.161183244999999715e+02 4.243044484340265880e-04 4.350179959556878750e-04
7.161186369999999215e+02 4.830208404220429595e-04 4.362213207902850519e-04
7.161189494999999852e+02 3.892211370871006019e-04 4.374120011787950503e-04
7.161192619999999351e+02 4.578909430089160397e-04 4.385904957070293933e-04
7.161195744999999988e+02 4.172561034005095809e-04 4.397572427095533401e-04
7.161198869999999488e+02 4.109851026757908258e-04 4.409126613065809572e-04
7.161201995000000124e+02 4.366177998423345467e-04 4.420571523875617024e-04
7.161205119999999624e+02 4.709270380202862458e-04 4.431910995316789659e-04
7.161208245000000261e+02 4.544125674826132136e-04 4.443148698822658440e-04
7.161211369999999761e+02 4.583837221440718412e-04 4.454288149651217999e-04
