7.087992209999999886e+02 3.476554300359308469e-04 4.691617736911754739e-04
7.087995334999999386e+02 3.499522002366843294e-04 4.607329316504533913e-04
7.087998460000000023e+02 3.485001725274018843e-04 4.521953225689408673e-04
7.088001584999999523e+02 3.206383289833636516e-04 4.435509890054742171e-04
7.088004710000000159e+02 3.246245214340650080e-04 4.348023042197283767e-04
7.088007834999999659e+02 3.747468495544955115e-04 4.259519922735005505e-04
7.088010959999999159e+02 3.076695395830365072e-04 4.170031484355345803e-04
7.088014084999999795e+02 3.155726781144229244e-04 4.079592598724617134e-04
7.088017209999999295e+02 3.408435917959158363e-04 3.988242264832325473e-04
7.088020334999999932e+02 3.161446026618280761e-04 3.896023817151813423e-04
7.088023459999999432e+02 3.360051159201477271e-04 3.802985132991484624e-04
7.088026585000000068e+02 3.238738653038737139e-04 3.709178836369869995e-04
7.088029709999999568e+02 3.363795681526894317e-04 3.614662497663038423e-04
7.088032835000000205e+02 3.273338171268867346e-04 3.519498825923293543e-04
7.088035959999999704e+02 2.922699415232596419e-04 3.423755852745091559e-04
7.088039084999999204e+02 2.906960978309716865e-04 3.327507104200911193e-04
7.088042209999999841e+02 2.890836353870854854e-04 3.230831759101535192e-04
7.088045334999999341e+02 2.731119407407605541e-04 3.133814790444717341e-04
7.088048459999999977e+02 2.983145556853786695e-04 3.036547086724936703e-04
7.088051584999999477e+02 2.468965437889735154e-04 2.939125550853900477e-04
7.088054710000000114e+02 2.841092153727173817e-04 2.841653172326402362e-04
7.088057834999999614e+02 3.008913941374615625e-04 2.744239070378924790e-04
7.088060959999999113e+02 2.996880832981390513e-04 2.646998503579607717e-04
7.088064084999999750e+02 2.576669559231846668e-04 2.550052843232859866e-04
7.088067209999999250e+02 2.888898679761468130e-04 2.453529506746465944e-04
7.088070334999999886e+02 2.911633244075730064e-04 2.357561847174523772e-04
7.088073459999999386e+02 2.735511956439585775e-04 2.262288996500038296e-04
7.088076585000000023e+02 2.256623534586746642e-04 2.167855658441912646e-04
7.088079709999999523e+02 2.956355517458810638e-04 2.074411849033160418e-04
7.088082835000000159e+02 2.506337112033453452e-04 1.982112581330383854e-04
7.088085959999999659e+02 2.312238233995273721e-04 1.891117493238009782e-04
7.088089084999999159e+02 2.222300533496719482e-04 1.801590415780527353e-04
7.088092209999999795e+02 2.268090351827694207e-04 1.713698881643062528e-04
7.088095334999999295e+02 2.674984500265372139e-04 1.627613573273946248e-04
7.088098459999999932e+02 2.159525870714339147e-04 1.543507710634511908e-04
7.088101584999999432e+02 2.163344707111322554e-04 1.461556380597675369e-04
7.088104710000000068e+02 1.951221796007297619e-04 1.381935809128379032e-04
7.088107834999999568e+02 1.928618253184131482e-04 1.304822580263375893e-04
7.088110960000000205e+02 1.856907965848534378e-04 1.230392804956200565e-04
7.088114084999999704e+02 1.878873986877193660e-04 1.158821245730198000e-04
7.088117209999999204e+02 1.868253970355921215e-04 1.090280402286501505e-04
7.088120334999999841e+02 1.770474938906426853e-04 1.024939565759929729e-04
7.088123459999999341e+02 1.603316363189029987e-04 9.629638492594525868e-05
7.088126584999999977e+02 1.476019993150830473e-04 9.045132032845143216e-05
7.088129709999999477e+02 1.696845828871040591e-04 8.497414261629719309e-05
7.088132835000000114e+02 1.370160984198250554e-04 7.987951790416857858e-05
7.088135959999999614e+02 1.349255758359604168e-04 7.518130168407059874e-05
7.088139084999999113e+02 1.109884920297496956e-04 7.089244456236271010e-05
7.088142209999999750e+02 1.139271223733472228e-04 6.702490181029584627e-05
7.088145334999999250e+02 1.040784347176067356e-04 6.358954782469240601e-05
7.088148459999999886e+02 1.002390614536222477e-04 6.059609658207733117e-05
7.088151584999999386e+02 1.212479218467235218e-04 5.805302916563885883e-05
7.088154710000000023e+02 1.037250850817299377e-04 5.596752930576387274e-05
7.088157834999999523e+02 8.450842841157131221e-05 5.434542785904368842e-05
7.088160960000000159e+02 6.858730855378928877e-05 5.319115697826578063e-05
7.088164084999999659e+02 8.288440729210119697e-05 5.250771465422927870e-05
7.088167209999999159e+02 7.610960312988690739e-05 5.229664012678769246e-05
7.088170334999999795e+02 7.624031321511491122e-05 5.255800054259399226e-05
7.088173459999999295e+02 4.840057031656356477e-05 5.329038905427316563e-05
7.088176584999999932e+02 5.599413837770408382e-05 5.449093440383668294e-05
7.088179709999999432e+02 3.757159322213081127e-05 5.615532185588376220e-05
7.088182835000000068e+02 3.370018462812387117e-05 5.827782519654467263e-05
7.088185959999999568e+02 3.591440748323028594e-05 6.085134933421506258e-05
7.088189085000000205e+02 1.671705202317514495e-05 6.386748292445222153e-05
7.088192209999999704e+02 1.488153969902464428e-05 6.731656026393639043e-05
7.088195334999999204e+02 1.493046915509659018e-05 7.118773163416492204e-05
7.088198459999999841e+02 1.120887699392584622e-05 7.546904112369133099e-05
7.088201584999999341e+02 9.941363451380931781e-06 8.014751091081767100e-05
7.088204709999999977e+02 8.292212987612570613e-06 8.520923094345049693e-05
7.088207834999999477e+02 1.332180108897245884e-05 9.063945285615039008e-05
7.088210960000000114e+02 1.018087857627721483e-05 9.642268704466765096e-05
7.088214084999999614e+02 5.044547941037145670e-06 1.025428017126886221e-04
7.088217209999999113e+02 1.136173587925011890e-05 1.089831228507700536e-04
7.088220334999999750e+02 2.326765210720742485e-05 1.157265340399645496e-04
7.088223459999999250e+02 3.181713867613005848e-05 1.227555751003734643e-04
7.088226584999999886e+02 2.842574332514990614e-05 1.300525386868287535e-04
7.088229709999999386e+02 4.725392923352289510e-05 1.375995639268420671e-04
7.088232835000000023e+02 3.456046485172687560e-05 1.453787264304791545e-04
7.088235959999999523e+02 6.830460790549466225e-05 1.533721239351409937e-04
7.088239085000000159e+02 7.387417170405747094e-05 1.615619571215631107e-04
7.088242209999999659e+02 6.389849558294363719e-05 1.699306050610672157e-04
7.088245334999999159e+02 9.224794930284093873e-05 1.784606950348324446e-04
7.088248459999999795e+02 1.195573818052441257e-04 1.871351664004520686e-04
7.088251584999999295e+02 1.200600162761977823e-04 1.959373283753930981e-04
7.088254709999999932e+02 1.201356542856828712e-04 2.048509116984202280e-04
7.088257834999999432e+02 1.450905379575722959e-04 2.138601140969999303e-04
7.088260960000000068e+02 1.368211048509224831e-04 2.229496397395405402e-04
7.088264084999999568e+02 1.816732398352613313e-04 2.321047327118914711e-04
7.088267210000000205e+02 1.753271040572883363e-04 2.413112048207616365e-04
7.088270334999999704e+02 1.965288563034978217e-04 2.505554578625952930e-04
7.088273459999999204e+02 2.308315651912942106e-04 2.598245007430228094e-04
7.088276584999999841e+02 2.574918864190903559e-04 2.691059616752535422e-04
7.088279709999999341e+02 2.748796525253668107e-04 2.783880958245131651e-04
7.088282834999999977e+02 2.618205074313122572e-04 2.876597887813541485e-04
7.088285959999999477e+02 3.050999519332815236e-04 2.969105561367944954e-04
7.088289085000000114e+02 3.090071385455347769e-04 3.061305396240181025e-04
7.088292209999999614e+02 3.130471994947801786e-04 3.153105000766188016e-04
7.088295334999999113e+02 3.118185926642509567e-04 3.244418076587750571e-04
7.088298459999999750e+02 2.843042072101221421e-04 3.335164296239959483e-04
7.088301584999999250e+02 3.662659108652841357e-04 3.425269159636594191e-04
7.088304709999999886e+02 3.802210080962065164e-04 3.514663832893033849e-04
7.088307834999999386e+02 4.296676760868268271e-04 3.603284971602334287e-04
7.088310960000000023e+02 4.144249580504143801e-04 3.691074532325988871e-04
7.088314084999999523e+02 4.343431277062667433e-04 3.777979573807317953e-04
7.088317210000000159e+02 4.698563981323576437e-04 3.863952051283233878e-04
7.088320334999999659e+02 4.621527182819424044e-04 3.948948605013443509e-04
7.088323459999999159e+02 5.016871187820729459e-04 4.032930345946400758e-04
7.088326584999999795e+02 5.141094474188641177e-04 4.115862639475172981e-04
7.088329709999999295e+02 4.357155568002573612e-04 4.197714889155407464e-04
7.088332834999999932e+02 4.930186431798922820e-04 4.278460322045692620e-04
7.088335959999999432e+02 5.176456911991818288e-04 4.358075776117734850e-04
7.088339085000000068e+02 5.176369877151111186e-04 4.436541491690257420e-04
7.088342209999999568e+02 4.921902629748437126e-04 4.513840906827610916e-04
7.088345335000000205e+02 5.301707250533135591e-04 4.589960458370229601e-04
7.088348459999999704e+02 4.977491081138607672e-04 4.664889388295161187e-04
7.088351584999999204e+02 5.519892150421463247e-04 4.738619556773687388e-04
7.088354709999999841e+02 5.838099818622312972e-04 4.811145261613462517e-04
7.088357834999999341e+02 5.253652334377162825e-04 4.882463064664221866e-04
7.088360959999999977e+02 5.962888802535799273e-04 4.952571625645495277e-04
7.088364084999999477e+02 5.890653632377865819e-04 5.021471542873748566e-04
7.088367210000000114e+02 5.869967700182160755e-04 5.089165201754115245e-04
7.088370334999999614e+02 5.635111758088716307e-04 5.155656630224401743e-04
7.088373459999999113e+02 5.514341107779568551e-04 5.220951361883155971e-04
7.088376584999999750e+02 5.779201124150791947e-04 5.285056306088309645e-04
7.088379709999999250e+02 6.133628889385027774e-04 5.347979625156558782e-04
7.088382834999999886e+02 5.959547273699196054e-04 5.409730618728136615e-04
7.088385959999999386e+02 5.676135307339282834e-04 5.470319614538441799e-04
7.088389085000000023e+02 6.299297931013437060e-04 5.529757866101293927e-04
7.088392209999999523e+02 6.162922729437997783e-04 5.588057456365329865e-04
7.088395335000000159e+02 6.531004304650882622e-04 5.645231207817358928e-04
7.088398459999999659e+02 6.386968636694183299e-04 5.701292598100191501e-04
7.088401584999999159e+02 6.734343991632474758e-04 5.756255681557778149e-04
7.088404709999999795e+02 7.160441115227828609e-04 5.810135015931255573e-04
7.088407834999999295e+02 5.724071673016506521e-04 5.862945594173681226e-04
7.088410959999999932e+02 6.910775782896602009e-04 5.914702781320374482e-04
7.088414084999999432e+02 6.012843291503366504e-04 5.965422255685191941e-04
7.088417210000000068e+02 6.579098743266182997e-04 6.015119954734658063e-04
7.088420334999999568e+02 6.905627335014380072e-04 6.063812024800055477e-04
7.088423460000000205e+02 6.071080490775941771e-04 6.111514774986973649e-04
7.088426584999999704e+02 6.242570438421866322e-04 6.158244634479381795e-04
7.088429709999999204e+02 6.846829253061496694e-04 6.204018113571927199e-04
7.088432834999999841e+02 6.578805747467226638e-04 6.248851767781479381e-04
7.088435959999999341e+02 7.065288604705024633e-04 6.292762165019384580e-04
7.088439084999999977e+02 5.899068877583920397e-04 6.335765855786589743e-04
7.088442209999999477e+02 7.185972977736714614e-04 6.377879345805878434e-04
7.088445335000000114e+02 6.837219795319905485e-04 6.419119071410085784e-04
7.088448459999999614e+02 6.510743125070661986e-04 6.459501377018618019e-04
7.088451584999999113e+02 7.253264757480280909e-04 6.499042495020006336e-04
7.088454709999999750e+02 6.817745299857894212e-04 6.537758527529616628e-04
7.088457834999999250e+02 6.327193943979455204e-04 6.575665430038022405e-04
7.088460959999999886e+02 6.640378155095031602e-04 6.612778996948916578e-04
7.088464084999999386e+02 7.160348132445176761e-04 6.649114848532799386e-04
7.088467210000000023e+02 6.506736678823251243e-04 6.684688419603627280e-04
7.088470334999999523e+02 7.114648881567074441e-04 6.719514949373803095e-04
7.088473460000000159e+02 7.551009440701154625e-04 6.753609472805039956e-04
7.088476584999999659e+02 6.350045371933756054e-04 6.786986812941731353e-04
7.088479709999999159e+02 6.497736846455607045e-04 6.819661574527668578e-04
7.088482834999999795e+02 6.843657102721173099e-04 6.851648138504399903e-04
7.088485959999999295e+02 6.742403292227474752e-04 6.882960657440258083e-04
7.088489084999999932e+02 7.326800739008367154e-04 6.913613051924004686e-04
7.088492209999999432e+02 6.941489247349196152e-04 6.943619007565485614e-04
7.088495335000000068e+02 6.496855258862237800e-04 6.972991972889440448e-04
7.088498459999999568e+02 7.352008685248883832e-04 7.001745157703816126e-04
7.088501585000000205e+02 7.302503529669624035e-04 7.029891532234573606e-04
7.088504709999999704e+02 7.615377111579626612e-04 7.057443826631509603e-04
7.088507834999999204e+02 7.346008263117267999e-04 7.084414531120604343e-04
7.088510959999999841e+02 6.975457642713880826e-04 7.110815896496982267e-04
7.088514084999999341e+02 7.517638634826876061e-04 7.136659935023467348e-04
7.088517209999999977e+02 6.967238588668408237e-04 7.161958421785901948e-04
7.088520334999999477e+02 7.151795005656284756e-04 7.186722896232026515e-04
7.088523460000000114e+02 6.900494552347412672e-04 7.210964664150821841e-04
7.088526584999999614e+02 6.909910450109977079e-04 7.234694799766394017e-04
7.088529709999999113e+02 6.527256592119933106e-04 7.257924148197452373e-04
7.088532834999999750e+02 6.936117249890937260e-04 7.280663328031943774e-04
7.088535959999999250e+02 7.331802022982776817e-04 7.302922734084975635e-04
7.088539084999999886e+02 6.845156417153381093e-04 7.324712540395601681e-04
7.088542209999999386e+02 7.059216403200181244e-04 7.346042703237883401e-04
7.088545335000000023e+02 6.885206974000598759e-04 7.366922964377600270e-04
7.088548459999999523e+02 6.961204373667744666e-04 7.387362854303337022e-04
7.088551585000000159e+02 6.906533472995064846e-04 7.407371695664209015e-04
7.088554709999999659e+02 6.931043442757711366e-04 7.426958606656375306e-04
7.088557834999999159e+02 7.535131576653468499e-04 7.446132504576014706e-04
7.088560959999999795e+02 6.576005122549922685e-04 7.464902109341758777e-04
7.088564084999999295e+02 7.767579283601835308e-04 7.483275947051950486e-04
7.088567209999999932e+02 7.029368012423520143e-04 7.501262353631114269e-04
7.088570334999999432e+02 7.396372898800980273e-04 7.518869478388157937e-04
7.088573460000000068e+02 7.318502189433747501e-04 7.536105287684749044e-04
7.088576584999999568e+02 6.958927455254287561e-04 7.552977568496769406e-04
7.088579710000000205e+02 7.053661899600566047e-04 7.569493932067090881e-04
7.088582834999999704e+02 7.254145077800484408e-04 7.585661817442722072e-04
7.088585959999999204e+02 7.093202447440329203e-04 7.601488495081654053e-04
7.088589084999999841e+02 6.666196845442907406e-04 7.616981070371913907e-04
7.088592209999999341e+02 7.208836676724949448e-04 7.632146487121670066e-04
7.088595334999999977e+02 7.115285377991959186e-04 7.646991531069671864e-04
7.088598459999999477e+02 7.119536216667513668e-04 7.661522833273800908e-04
7.088601585000000114e+02 6.976216661396092335e-04 7.675746873545290141e-04
7.088604709999999614e+02 6.666983708992082298e-04 7.689669983753106425e-04
7.088607834999999113e+02 7.574362169383415345e-04 7.703298351160454797e-04
7.088610959999999750e+02 7.331986428599909442e-04 7.716638021660123404e-04
7.088614084999999250e+02 7.656598265683736649e-04 7.729694902961381942e-04
