7.056012650000000122e+02 4.083745181768055855e-04 4.312982019261573708e-04
7.056015774999999621e+02 5.044873446776686459e-04 4.312280458485949117e-04
7.056018900000000258e+02 4.225702518835768094e-04 4.311114030222375714e-04
7.056022024999999758e+02 4.630107910820553587e-04 4.309465970859061934e-04
7.056025150000000394e+02 4.427384760718187148e-04 4.307318826062837467e-04
7.056028274999999894e+02 4.565101986314290452e-04 4.304654420960620626e-04
7.056031400000000531e+02 4.024774725074831616e-04 4.301453829179105372e-04
7.056034525000000031e+02 3.920129466523850211e-04 4.297697340759982685e-04
7.056037650000000667e+02 4.252824156133356019e-04 4.293364428918254789e-04
7.056040775000000167e+02 4.478843465091532491e-04 4.288433715687829445e-04
7.056043899999999667e+02 4.262277384595130995e-04 4.282882936428755076e-04
7.056047025000000303e+02 4.368058759906862012e-04 4.276688903259145275e-04
7.056050149999999803e+02 4.399851638883420213e-04 4.269827467442182853e-04
7.056053275000000440e+02 4.599463685178238181e-04 4.262273480755893987e-04
7.056056399999999940e+02 4.083239331021651830e-04 4.254000755980251675e-04
7.056059525000000576e+02 4.209334872322093479e-04 4.244982026518133943e-04
7.056062650000000076e+02 3.879044478409507434e-04 4.235188905357613505e-04
7.056065774999999576e+02 4.677638367589503779e-04 4.224591843430506731e-04
7.056068900000000212e+02 4.202640733824127223e-04 4.213160087624382875e-04
7.056072024999999712e+02 4.983845757114675843e-04 4.200861638639893426e-04
7.056075150000000349e+02 3.831941819616079491e-04 4.187663208904846435e-04
7.056078274999999849e+02 4.064912869478155334e-04 4.173530180964158320e-04
7.056081400000000485e+02 4.008579083975672515e-04 4.158426566571592382e-04
7.056084524999999985e+02 4.434500399263749414e-04 4.142314967067587707e-04
7.056087650000000622e+02 3.667804440688161513e-04 4.125156535381817595e-04
7.056090775000000122e+02 4.075713552907906214e-04 4.106910940423424646e-04
7.056093899999999621e+02 3.902818615274019623e-04 4.087536334359331358e-04
7.056097025000000258e+02 4.192951865541860289e-04 4.066989323717847471e-04
7.056100149999999758e+02 4.158311964639382951e-04 4.045224945173743025e-04
7.056103275000000394e+02 4.066855919753743190e-04 4.022196646973827394e-04
7.056106399999999894e+02 3.928181559290370626e-04 3.997856277394242928e-04
7.056109525000000531e+02 3.610414699018509250e-04 3.972154081349529961e-04
7.056112650000000031e+02 4.043026643289353880e-04 3.945038706980261438e-04
7.056115775000000667e+02 4.397183816807407990e-04 3.916457223706072146e-04
7.056118900000000167e+02 3.607710916021560554e-04 3.886355154050091668e-04
7.056122024999999667e+02 3.513353096670043156e-04 3.854676521197166936e-04
7.056125150000000303e+02 4.029722801112855970e-04 3.821363915089621738e-04
7.056128274999999803e+02 3.386587711268480676e-04 3.786358579837697472e-04
7.056131400000000440e+02 3.893520589274227645e-04 3.749600525517353443e-04
7.056134524999999940e+02 3.198540184639060810e-04 3.711028668246683579e-04
7.056137650000000576e+02 3.853951337438321092e-04 3.670581002117515707e-04
7.056140775000000076e+02 3.254037276616269592e-04 3.628194807806368839e-04
7.056143899999999576e+02 3.438083712400070774e-04 3.583806902271190523e-04
7.056147025000000212e+02 3.655865927311801027e-04 3.537353935190443231e-04
7.056150149999999712e+02 3.467066191761677052e-04 3.488772737787616926e-04
7.056153275000000349e+02 3.485804694106566935e-04 3.438000730097922307e-04
7.056156399999999849e+02 2.696876596581393188e-04 3.384976393816663135e-04
7.056159525000000485e+02 3.010466405742483935e-04 3.329639817311662265e-04
7.056162649999999985e+02 3.086729902869166662e-04 3.271933320903643049e-04
7.056165775000000622e+02 3.006785381433241971e-04 3.211802169609333886e-04
7.056168900000000122e+02 2.900032273348456587e-04 3.149195381992988055e-04
7.056172024999999621e+02 2.758617147393995221e-04 3.084066642514644895e-04
7.056175150000000258e+02 2.930034302280787079e-04 3.016375325776767284e-04
7.056178274999999758e+02 3.086521108036042191e-04 2.946087639918082619e-04
7.056181400000000394e+02 2.687689044655301534e-04 2.873177895578569075e-04
7.056184524999999894e+02 2.765412839447147940e-04 2.797629906607534858e-04
7.056187650000000531e+02 2.705965917909830347e-04 2.719438525618527347e-04
7.056190775000000031e+02 2.290101309473991417e-04 2.638611316921823328e-04
7.056193900000000667e+02 2.733894566005619061e-04 2.555170364743382795e-04
7.056197025000000167e+02 2.118529881002794986e-04 2.469154212762219181e-04
7.056200149999999667e+02 2.167151582858688425e-04 2.380619924645949051e-04
7.056203275000000303e+02 2.086078463607933021e-04 2.289645251431201634e-04
7.056206399999999803e+02 2.278759654538764544e-04 2.196330884078235993e-04
7.056209525000000440e+02 2.163497919933564070e-04 2.100802761923550865e-04
7.056212649999999940e+02 2.204340690632069057e-04 2.003214400400061103e-04
7.056215775000000576e+02 1.535560259940559253e-04 1.903749190016083641e-04
7.056218900000000076e+02 1.821113151305599307e-04 1.802622610506059533e-04
7.056222024999999576e+02 1.501009041917256864e-04 1.700084291127346874e-04
7.056225150000000212e+02 1.485392262848893676e-04 1.596419839243310877e-04
7.056228274999999712e+02 1.655446374894069923e-04 1.491952347705849955e-04
7.056231400000000349e+02 1.292889616683017126e-04 1.387043482239664997e-04
7.056234524999999849e+02 1.376617883556158640e-04 1.282094044031426515e-04
7.056237650000000485e+02 1.470373890057223099e-04 1.177543896144228754e-04
7.056240774999999985e+02 1.056877141149113080e-04 1.073871144225934098e-04
7.056243900000000622e+02 1.168832386556514736e-04 9.715904639809806026e-05
7.056247025000000122e+02 1.078786393942034899e-04 8.712504807423391477e-05
7.056250149999999621e+02 7.978105914541031756e-05 7.734301214061274198e-05
7.056253275000000258e+02 7.243965188110422038e-05 6.787338858616916138e-05
7.056256399999999758e+02 7.055246088540922142e-05 5.877860161160088092e-05
7.056259525000000394e+02 7.576151885648548141e-05 5.012235810567490030e-05
7.056262649999999894e+02 4.942617079738902635e-05 4.196885418813416752e-05
7.056265775000000531e+02 7.451952663915491562e-05 3.438189118005074323e-05
7.056268900000000031e+02 4.146000792242839880e-05 2.742391781164181004e-05
7.056272025000000667e+02 4.962930634417509981e-05 2.115502042223592035e-05
7.056275150000000167e+02 3.965061126489731588e-05 1.563188775948582036e-05
7.056278274999999667e+02 2.698857698317194375e-05 1.090678063776888937e-05
7.056281400000000303e+02 2.142969689911350482e-05 7.026539454638421177e-06
7.056284524999999803e+02 1.696099530127517782e-05 4.031663531971845616e-06
7.056287650000000440e+02 2.000580698653354149e-05 1.955495563031352771e-06
7.056290774999999940e+02 2.273674728909658404e-05 8.235419027593959460e-07
7.056293900000000576e+02 1.640719329262996300e-05 6.529549676008188383e-07
7.056297025000000076e+02 5.048486648957069179e-06 1.452198029310020191e-06
7.056300149999999576e+02 2.508102329322419330e-06 3.220905327418799238e-06
7.056303275000000212e+02 1.115947093098512542e-05 5.949942305017071132e-06
7.056306399999999712e+02 1.087981578267965444e-05 9.621662335480106731e-06
7.056309525000000349e+02 5.647394338057459248e-06 1.421034820275646847e-05
7.056312649999999849e+02 9.694148662432836998e-06 1.968281923664132310e-05
7.056315775000000485e+02 2.282278936941701224e-05 2.599917904021844834e-05
7.056318899999999985e+02 3.509532276326414273e-05 3.311367421935538710e-05
7.056322025000000622e+02 2.301273334339293123e-05 4.097563199982317547e-05
7.056325150000000122e+02 3.713446427887814042e-05 4.953044366462912540e-05
7.056328274999999621e+02 3.546459592329532715e-05 5.872056179484003217e-05
7.056331400000000258e+02 5.761299584195442753e-05 6.848648153910323708e-05
7.056334524999999758e+02 5.153617007034231283e-05 7.876767979324042989e-05
7.056337650000000394e+02 6.472472560875313535e-05 8.950349057959701947e-05
7.056340774999999894e+02 7.118571337735811184e-05 1.006338996310351372e-04
7.056343900000000531e+02 8.098809694706867715e-05 1.121002463584298457e-04
7.056347025000000031e+02 8.745181000506805139e-05 1.238458259282953513e-04
7.056350150000000667e+02 9.701216445740850562e-05 1.358163888090329588e-04
7.056353275000000167e+02 1.184179886073761530e-04 1.479605386871390169e-04
7.056356399999999667e+02 1.342795986337325977e-04 1.602300330540738305e-04
7.056359525000000303e+02 1.889970578457652261e-04 1.725799929540778634e-04
7.056362649999999803e+02 1.926575719423684070e-04 1.849690302702200028e-04
7.056365775000000440e+02 1.803792915327917653e-04 1.973593020275044116e-04
7.056368899999999940e+02 1.858928073258560168e-04 2.097165015694550053e-04
7.056372025000000576e+02 2.024050662874582538e-04 2.220097967833311898e-04
7.056375150000000076e+02 2.177278502130262818e-04 2.342117249595175588e-04
7.056378274999999576e+02 2.575474504856446701e-04 2.462980535687207947e-04
7.056381400000000212e+02 2.578358193289588866e-04 2.582476152117093443e-04
7.056384524999999712e+02 2.312016350962773780e-04 2.700421242595375153e-04
7.056387650000000349e+02 2.604352672570499827e-04 2.816659817494742584e-04
7.056390774999999849e+02 2.952326752397996571e-04 2.931060739974284193e-04
7.056393900000000485e+02 3.042267457078907792e-04 3.043515697063982274e-04
7.056397024999999985e+02 3.070324247633214100e-04 3.153937192201008684e-04
7.056400150000000622e+02 3.435081333739719331e-04 3.262256590531226511e-04
7.056403275000000122e+02 3.375959656994658104e-04 3.368422238648829145e-04
7.056406399999999621e+02 3.677122112670619695e-04 3.472397676895482162e-04
7.056409525000000258e+02 3.124208895785605478e-04 3.574159954870842915e-04
7.056412649999999758e+02 4.182087608134210438e-04 3.673698057836236215e-04
7.056415775000000394e+02 4.021393086025455699e-04 3.771011448024233275e-04
7.056418899999999894e+02 3.780220446577017921e-04 3.866108720700591915e-04
7.056422025000000531e+02 4.040133671260929767e-04 3.959006374570332590e-04
7.056425150000000031e+02 4.263584701307590835e-04 4.049727692117680911e-04
7.056428275000000667e+02 4.623283422442923908e-04 4.138301726417228715e-04
7.056431400000000167e+02 4.065339375680191445e-04 4.224762387855072348e-04
7.056434524999999667e+02 4.694601375932709727e-04 4.309147625712271535e-04
7.056437650000000303e+02 4.178133327221313737e-04 4.391498697379043158e-04
7.056440774999999803e+02 5.204620029016846080e-04 4.471859518993220699e-04
7.056443900000000440e+02 4.752527661837101279e-04 4.550276091259184796e-04
7.056447024999999940e+02 4.458379385531509222e-04 4.626795993329909165e-04
7.056450150000000576e+02 5.062424713290296883e-04 4.701467939507248880e-04
7.056453275000000076e+02 5.203570264680462253e-04 4.774341391992824681e-04
7.056456399999999576e+02 5.058593868646134740e-04 4.845466225037030230e-04
7.056459525000000212e+02 4.831651624655433240e-04 4.914892434637732404e-04
7.056462649999999712e+02 5.359167497930196608e-04 4.982669889290624763e-04
7.056465775000000349e+02 5.111638504992856071e-04 5.048848117615106984e-04
7.056468899999999849e+02 5.773750893600320495e-04 5.113476128188159785e-04
7.056472025000000485e+02 5.638882258727679914e-04 5.176602258655989839e-04
7.056475149999999985e+02 5.195798132275913266e-04 5.238274049997206474e-04
7.056478275000000622e+02 5.493249417792055254e-04 5.298538143653586194e-04
7.056481400000000122e+02 5.435402656633734784e-04 5.357440198054428749e-04
7.056484524999999621e+02 6.113790315321335688e-04 5.415024822770436253e-04
7.056487650000000258e+02 5.435528538041542110e-04 5.471335527533874353e-04
7.056490774999999758e+02 5.635957235840534200e-04 5.526414684384689871e-04
7.056493900000000394e+02 5.976257946604163120e-04 5.580303501378166848e-04
7.056497024999999894e+02 6.104077026701298578e-04 5.633042005787428910e-04
7.056500150000000531e+02 6.238738233386680173e-04 5.684669036034940056e-04
7.056503275000000031e+02 5.330259364287473836e-04 5.735222240498973707e-04
7.056506400000000667e+02 6.288704045745833766e-04 5.784738082726866579e-04
7.056509525000000167e+02 6.199855173211208173e-04 5.833251851500075112e-04
7.056512649999999667e+02 5.364642753268528477e-04 5.880797675484793425e-04
7.056515775000000303e+02 6.340942169059218033e-04 5.927408541276539327e-04
7.056518899999999803e+02 6.192915597519929160e-04 5.973116314385099870e-04
7.056522025000000440e+02 5.452736014657986975e-04 6.017951762760005447e-04
7.056525149999999940e+02 6.411219982303629833e-04 6.061944581950593717e-04
7.056528275000000576e+02 5.530062157926196511e-04 6.105123421991911960e-04
7.056531400000000076e+02 6.246066793836502380e-04 6.147515915128089724e-04
7.056534524999999576e+02 6.995751269925655751e-04 6.189148704554895113e-04
7.056537650000000212e+02 5.855276268298808271e-04 6.230047473512435267e-04
7.056540774999999712e+02 5.824793181802717396e-04 6.270236974660149459e-04
7.056543900000000349e+02 6.521568340419085438e-04 6.309741059678493705e-04
7.056547024999999849e+02 6.310934663738192261e-04 6.348582708562685922e-04
7.056550150000000485e+02 6.054486133993456070e-04 6.386784058920337960e-04
7.056553274999999985e+02 6.321201636702191004e-04 6.424366434695273631e-04
7.056556400000000622e+02 6.294678062133573409e-04 6.461350374672630631e-04
7.056559525000000122e+02 6.626629172924943011e-04 6.497755660240615025e-04
7.056562649999999621e+02 6.746859681516972213e-04 6.533601342769265654e-04
7.056565775000000258e+02 6.456905630038856786e-04 6.568905770214991929e-04
7.056568899999999758e+02 6.401870077980124137e-04 6.603686613050929787e-04
7.056572025000000394e+02 6.465606420256000183e-04 6.637960889616756170e-04
7.056575149999999894e+02 6.556745914043647953e-04 6.671744990549056693e-04
7.056578275000000531e+02 7.042355154695059422e-04 6.705054702670030240e-04
7.056581400000000031e+02 7.531418666015377407e-04 6.737905231927692308e-04
7.056584525000000667e+02 7.712604252401967456e-04 6.770311225778654230e-04
7.056587650000000167e+02 6.639450063627551444e-04 6.802286794627563022e-04
7.056590774999999667e+02 6.515749012638788820e-04 6.833845532700272198e-04
7.056593900000000303e+02 6.960014631201522734e-04 6.865000538062080142e-04
7.056597024999999803e+02 5.925264373920962951e-04 6.895764431914306160e-04
7.056600150000000440e+02 7.173737338712530371e-04 6.926149377292416210e-04
7.056603274999999940e+02 7.038481200024500079e-04 6.956167096900177198e-04
7.056606400000000576e+02 6.878770855575249733e-04 6.985828890443097428e-04
7.056609525000000076e+02 6.041291585996785450e-04 7.015145651125008269e-04
7.056612649999999576e+02 6.960770868151113303e-04 7.044127881665366653e-04
7.056615775000000212e+02 6.575893385195977518e-04 7.072785709584318873e-04
7.056618899999999712e+02 6.877314112286620363e-04 7.101128901885870627e-04
7.056622025000000349e+02 6.669933210053115812e-04 7.129166879260030168e-04
7.056625149999999849e+02 7.120832621266467424e-04 7.156908729564887255e-04
7.056628275000000485e+02 6.982059758876006834e-04 7.184363220927601551e-04
7.056631399999999985e+02 6.605241394466820730e-04 7.211538814157168742e-04
7.056634525000000622e+02 7.325852369928426751e-04 7.238443674811181981e-04
