7.070267934999999397e+02 4.102633857232608526e-04 3.938061273447882689e-04
7.070271060000000034e+02 4.035092909981447722e-04 3.940928881821330050e-04
7.070274184999999534e+02 4.348093693814864750e-04 3.943290616209327065e-04
7.070277310000000170e+02 4.709429698248112977e-04 3.945127264840862878e-04
7.070280434999999670e+02 3.655985790281552489e-04 3.946418785897775282e-04
7.070283560000000307e+02 4.058460674427177145e-04 3.947144270166101708e-04
7.070286684999999807e+02 4.215425446382943813e-04 3.947281902229527926e-04
7.070289810000000443e+02 3.868412077088953494e-04 3.946808920215550461e-04
7.070292934999999943e+02 4.386701745265781391e-04 3.945701574092401681e-04
7.070296059999999443e+02 3.547213941199791731e-04 3.943935082537824749e-04
7.070299185000000080e+02 4.109705775702915918e-04 3.941483588414038922e-04
7.070302309999999579e+02 4.114179617422822430e-04 3.938320112904953327e-04
7.070305435000000216e+02 4.696475010438521443e-04 3.934416508373594999e-04
7.070308559999999716e+02 3.893332711664513343e-04 3.929743410064225170e-04
7.070311685000000352e+02 4.202538956561140430e-04 3.924270186739061599e-04
7.070314809999999852e+02 3.579000032309537249e-04 3.917964890455921364e-04
7.070317934999999352e+02 3.319658910397708137e-04 3.910794205634882375e-04
7.070321059999999989e+02 4.113571050558875448e-04 3.902723397704362801e-04
7.070324184999999488e+02 3.847635202652672712e-04 3.893716261613237558e-04
7.070327310000000125e+02 3.695400561447552022e-04 3.883735070531519240e-04
7.070330434999999625e+02 3.852175664537847385e-04 3.872740525249155751e-04
7.070333560000000261e+02 4.085988241708558909e-04 3.860691704680961340e-04
7.070336684999999761e+02 3.966680521552407154e-04 3.847546018198072146e-04
7.070339810000000398e+02 3.591169011444226276e-04 3.833259160367355131e-04
7.070342934999999898e+02 3.725427377821018083e-04 3.817785069070251335e-04
7.070346059999999397e+02 3.700535403802534184e-04 3.801075887822375626e-04
7.070349185000000034e+02 3.959360913232529405e-04 3.783081933541299589e-04
7.070352309999999534e+02 4.003905855183756261e-04 3.763751671023548217e-04
7.070355435000000170e+02 4.089584059039603559e-04 3.743031695555832619e-04
7.070358559999999670e+02 3.403469156886784709e-04 3.720866725559592090e-04
7.070361685000000307e+02 3.350152046925360637e-04 3.697199607028382609e-04
7.070364809999999807e+02 3.496609080762861591e-04 3.671971332262248533e-04
7.070367935000000443e+02 2.995018331878153222e-04 3.645121075217842778e-04
7.070371059999999943e+02 4.371373214607982330e-04 3.616586246677247723e-04
7.070374184999999443e+02 3.429070978770052628e-04 3.586302572265322565e-04
7.070377310000000080e+02 3.229761753766622950e-04 3.554204197285969940e-04
7.070380434999999579e+02 3.092042151250227111e-04 3.520223822494644066e-04
7.070383560000000216e+02 3.099182942102185348e-04 3.484292875374800803e-04
7.070386684999999716e+02 2.719898478509226490e-04 3.446341722461323089e-04
7.070389810000000352e+02 2.836182593810033506e-04 3.406299928137000743e-04
7.070392934999999852e+02 2.900963171510683694e-04 3.364096566735598460e-04
7.070396059999999352e+02 3.092214606630069125e-04 3.319660594563807903e-04
7.070399184999999989e+02 3.162795626311101435e-04 3.272921289864542992e-04
7.070402309999999488e+02 2.897122882340722643e-04 3.223808768895379106e-04
7.070405435000000125e+02 2.626644768568448820e-04 3.172254586831590268e-04
7.070408559999999625e+02 3.120538866174259770e-04 3.118192433379958755e-04
7.070411685000000261e+02 2.954334872225574402e-04 3.061558932448490305e-04
7.070414809999999761e+02 2.454005890951955864e-04 3.002294556698272845e-04
7.070417935000000398e+02 2.380777315075319070e-04 2.940344666707835433e-04
7.070421059999999898e+02 2.844269435038188597e-04 2.875660685651324714e-04
7.070424184999999397e+02 2.046979178756887533e-04 2.808201418615544434e-04
7.070427310000000034e+02 2.382875752102711013e-04 2.737934526017512561e-04
7.070430434999999534e+02 2.510208642140756468e-04 2.664838158433179547e-04
7.070433560000000170e+02 2.187979949319194433e-04 2.588902758014779656e-04
7.070436684999999670e+02 2.429788358809810260e-04 2.510133029781988620e-04
7.070439810000000307e+02 2.622836543203655043e-04 2.428550080841464622e-04
7.070442934999999807e+02 2.172322147784904942e-04 2.344193722500427003e-04
7.070446060000000443e+02 2.240296949138470258e-04 2.257124922448822623e-04
7.070449184999999943e+02 2.231760654862046268e-04 2.167428388753810987e-04
7.070452309999999443e+02 1.705064612079516687e-04 2.075215256825053186e-04
7.070455435000000080e+02 2.206139305092017378e-04 1.980625842117596052e-04
7.070458559999999579e+02 1.987542476495856951e-04 1.883832408770930947e-04
7.070461685000000216e+02 1.853993291902417346e-04 1.785041891565143017e-04
7.070464809999999716e+02 1.523654444833213604e-04 1.684498496095336454e-04
7.070467935000000352e+02 1.320432516942798211e-04 1.582486085830166298e-04
7.070471059999999852e+02 1.794146435358356505e-04 1.479330252757925213e-04
7.070474184999999352e+02 1.695079189098217442e-04 1.375399952727648098e-04
7.070477309999999989e+02 1.428643584273779263e-04 1.271108577239028834e-04
7.070480434999999488e+02 1.276028998806286337e-04 1.166914323898948693e-04
7.070483560000000125e+02 1.295138553495468249e-04 1.063319724035819542e-04
7.070486684999999625e+02 9.791192364506164396e-05 9.608701896369845356e-05
7.070489810000000261e+02 9.116371901774576844e-05 8.601514495301439015e-05
7.070492934999999761e+02 8.586862559945727328e-05 7.617857658498947170e-05
7.070496060000000398e+02 9.151224559018429812e-05 6.664268480788932639e-05
7.070499184999999898e+02 9.022610992283510269e-05 5.747534233188420882e-05
7.070502309999999397e+02 8.608385611284669341e-05 4.874614683204430272e-05
7.070505435000000034e+02 5.317596899462051643e-05 4.052551689325329965e-05
7.070508559999999534e+02 6.479623833401113096e-05 3.288367362980582976e-05
7.070511685000000170e+02 5.865587341086861975e-05 2.588952777455338209e-05
7.070514809999999670e+02 4.110186754326317820e-05 1.960949891097321174e-05
7.070517935000000307e+02 6.079662462428663883e-05 1.410629958123457562e-05
7.070521059999999807e+02 3.706130652786266582e-05 9.437722284107957123e-06
7.070524185000000443e+02 3.408236928191981155e-05 5.655470716211236009e-06
7.070527309999999943e+02 2.405332842648924638e-05 2.804078166888699945e-06
7.070530434999999443e+02 9.256654433656086325e-06 9.199548891572770006e-07
7.070533560000000080e+02 1.120169811603202397e-05 3.060286102297368900e-08
7.070536684999999579e+02 1.829633737657086940e-05 1.540303332516660358e-07
7.070539810000000216e+02 1.270419154451128612e-05 1.298390479302824879e-06
7.070542934999999716e+02 1.101900520330133049e-05 3.461858707432235909e-06
7.070546060000000352e+02 8.975136554002710596e-06 6.632752472940424059e-06
7.070549184999999852e+02 1.075018247499341693e-05 1.078988648665751454e-05
7.070552309999999352e+02 1.367737568221764109e-05 1.590314590794895814e-05
7.070555434999999989e+02 1.129096733404993880e-05 2.193425102135701453e-05
7.070558559999999488e+02 1.134467382174799510e-05 2.883767975943797278e-05
7.070561685000000125e+02 2.187905948177667687e-05 3.656170957310714460e-05
7.070564809999999625e+02 2.486124893127720405e-05 4.504953761833242938e-05
7.070567935000000261e+02 3.121364235285603345e-05 5.424043833149972082e-05
7.070571059999999761e+02 3.634367154706750775e-05 6.407091943650334751e-05
7.070574185000000398e+02 4.255370327348317471e-05 7.447584154855970047e-05
7.070577309999999898e+02 6.013474921157924125e-05 8.538947159465096312e-05
7.070580434999999397e+02 7.027420992534200053e-05 9.674644656499278698e-05
7.070583560000000034e+02 7.233904670935709861e-05 1.084826303158862459e-04
7.070586684999999534e+02 1.126047351894269368e-04 1.205358525690012342e-04
7.070589810000000170e+02 1.053960990360364300e-04 1.328465251065653755e-04
7.070592934999999670e+02 9.293322205223902236e-05 1.453581351345299222e-04
7.070596060000000307e+02 1.217842102416481450e-04 1.580176202880238139e-04
7.070599184999999807e+02 1.248906948557392774e-04 1.707756327943960018e-04
7.070602310000000443e+02 1.611896122917769907e-04 1.835867029864425093e-04
7.070605434999999943e+02 1.838282289373514736e-04 1.964093135904820418e-04
7.070608559999999443e+02 1.749747949701591684e-04 2.092058972668951560e-04
7.070611685000000080e+02 1.800281537921907251e-04 2.219427697479392546e-04
7.070614809999999579e+02 2.081637358932231815e-04 2.345900107049635967e-04
7.070617935000000216e+02 2.105737106108765432e-04 2.471213037281696709e-04
7.070621059999999716e+02 2.307475021265878727e-04 2.595137456384366353e-04
7.070624185000000352e+02 2.935397126438470876e-04 2.717476344550028293e-04
7.070627309999999852e+02 2.658485504979763662e-04 2.838062438350686723e-04
7.070630434999999352e+02 2.920934501383844629e-04 2.956755908672192108e-04
7.070633559999999989e+02 3.173030900260172477e-04 3.073442026782757775e-04
7.070636684999999488e+02 3.155173335217725046e-04 3.188028863849649125e-04
7.070639810000000125e+02 3.526262041706963897e-04 3.300445059343477881e-04
7.070642934999999625e+02 3.638946293516053584e-04 3.410637683650563786e-04
7.070646060000000261e+02 3.316591332289930407e-04 3.518570215072111757e-04
7.070649184999999761e+02 3.845737016639915904e-04 3.624220642467793313e-04
7.070652310000000398e+02 3.965515015318416426e-04 3.727579702153405042e-04
7.070655434999999898e+02 3.653882047220276524e-04 3.828649250874994548e-04
7.070658559999999397e+02 3.872481765828956340e-04 3.927440775765697807e-04
7.070661685000000034e+02 4.369178611256178523e-04 4.023974037444366767e-04
7.070664809999999534e+02 4.179219963510981688e-04 4.118275841825535404e-04
7.070667935000000170e+02 3.937227076703907072e-04 4.210378934755186421e-04
7.070671059999999670e+02 4.201903340711816612e-04 4.300321011459602109e-04
7.070674185000000307e+02 4.335004140848867883e-04 4.388143834155700624e-04
7.070677309999999807e+02 4.963064021000812738e-04 4.473892448768435970e-04
7.070680435000000443e+02 4.818144996261479137e-04 4.557614493780659027e-04
7.070683559999999943e+02 5.424949039776690062e-04 4.639359592304692615e-04
7.070686684999999443e+02 4.236850621739148134e-04 4.719178820720387572e-04
7.070689810000000080e+02 5.241378552908398198e-04 4.797124245833811799e-04
7.070692934999999579e+02 5.246992313056640742e-04 4.873248524021676475e-04
7.070696060000000216e+02 6.029063672115334829e-04 4.947604556221490719e-04
7.070699184999999716e+02 4.987598347442983009e-04 5.020245192132696040e-04
7.070702310000000352e+02 5.510378320217124756e-04 5.091222979019785662e-04
7.070705434999999852e+02 5.250094909186738771e-04 5.160589949249848579e-04
7.070708559999999352e+02 5.872606252096497156e-04 5.228397442833589972e-04
7.070711684999999989e+02 5.729030186216517873e-04 5.294695960188663909e-04
7.070714809999999488e+02 6.370819255873105260e-04 5.359535041675843456e-04
7.070717935000000125e+02 5.761136105138870084e-04 5.422963170789342350e-04
7.070721059999999625e+02 6.283453322402869200e-04 5.485027697410583018e-04
7.070724185000000261e+02 5.764136553248547234e-04 5.545774779178756298e-04
7.070727309999999761e+02 6.627628419793275220e-04 5.605249337856432800e-04
7.070730435000000398e+02 6.099187195578094790e-04 5.663495029297399086e-04
7.070733559999999898e+02 6.222773835998887974e-04 5.720554224435443627e-04
7.070736684999999397e+02 5.889098074619192498e-04 5.776468000311708872e-04
7.070739810000000034e+02 5.567911274858297838e-04 5.831276139144619258e-04
7.070742934999999534e+02 6.307512421901199885e-04 5.885017134382794371e-04
7.070746060000000170e+02 6.147989380119887794e-04 5.937728202805591955e-04
7.070749184999999670e+02 6.107521358101108749e-04 5.989445301196078420e-04
7.070752310000000307e+02 6.946439971324336934e-04 6.040203147332928475e-04
7.070755434999999807e+02 6.036208392514428884e-04 6.090035243940028270e-04
7.070758560000000443e+02 6.190114011732066740e-04 6.138973905547333776e-04
7.070761684999999943e+02 6.240743535907729419e-04 6.187050287110093657e-04
7.070764809999999443e+02 7.006923384857081504e-04 6.234294414464969757e-04
7.070767935000000080e+02 6.673204733654965410e-04 6.280735215755213138e-04
7.070771059999999579e+02 5.966485568506204890e-04 6.326400553653035563e-04
7.070774185000000216e+02 6.339378124610534028e-04 6.371317258235371060e-04
7.070777309999999716e+02 6.774541639717889148e-04 6.415511159836216571e-04
7.070780435000000352e+02 6.440709250947866411e-04 6.459007122170492589e-04
7.070783559999999852e+02 6.491963872463973797e-04 6.501829075021982969e-04
7.070786684999999352e+02 6.925765352784602055e-04 6.544000046841100563e-04
7.070789809999999989e+02 6.694483302522775698e-04 6.585542196725263685e-04
7.070792934999999488e+02 6.432293611388026095e-04 6.626476845841939526e-04
7.070796060000000125e+02 6.946092389000784340e-04 6.666824508355444993e-04
7.070799184999999625e+02 6.331502316076877482e-04 6.706604921416664013e-04
7.070802310000000261e+02 7.042500250458874709e-04 6.745837074624656468e-04
7.070805434999999761e+02 6.729885574978247209e-04 6.784539238451073795e-04
7.070808560000000398e+02 6.869389372829602311e-04 6.822728992062315452e-04
7.070811684999999898e+02 7.397893277597083995e-04 6.860423250063623062e-04
7.070814809999999397e+02 6.448041888799344945e-04 6.897638288591394478e-04
7.070817935000000034e+02 6.629614815712433834e-04 6.934389770398849753e-04
7.070821059999999534e+02 6.857056744046393336e-04 6.970692769079840949e-04
7.070824185000000170e+02 6.782695236664350921e-04 7.006561792566263830e-04
7.070827309999999670e+02 7.236199009431269584e-04 7.042010805577790912e-04
7.070830435000000307e+02 6.588923469982419954e-04 7.077053251446241032e-04
7.070833559999999807e+02 7.465951366041647915e-04 7.111702072912748666e-04
7.070836685000000443e+02 7.262227531496204692e-04 7.145969732328650258e-04
7.070839809999999943e+02 6.845970652769393493e-04 7.179868230871713298e-04
7.070842934999999443e+02 6.644397396207824382e-04 7.213409127190012916e-04
7.070846060000000080e+02 6.937439641661264159e-04 7.246603555181350227e-04
7.070849184999999579e+02 6.761615204130940133e-04 7.279462241058697524e-04
7.070852310000000216e+02 7.283139004175733650e-04 7.311995519842217619e-04
7.070855434999999716e+02 6.497379610094578331e-04 7.344213351001344569e-04
7.070858560000000352e+02 7.196733929223039523e-04 7.376125333640378432e-04
7.070861684999999852e+02 6.815419307525311717e-04 7.407740720871955125e-04
7.070864809999999352e+02 7.208324870930263133e-04 7.439068433765120896e-04
7.070867934999999989e+02 7.595213343053180011e-04 7.470117074598465719e-04
7.070871059999999488e+02 7.355710896452877972e-04 7.500894939559261910e-04
7.070874185000000125e+02 6.646393929981132907e-04 7.531410031020731007e-04
7.070877309999999625e+02 7.611443002804707926e-04 7.561670069137995829e-04
7.070880435000000261e+02 7.225712955890113611e-04 7.591682503130247088e-04
7.070883559999999761e+02 7.369696829704450343e-04 7.621454521913884885e-04
7.070886685000000398e+02 7.213900861353814099e-04 7.650993064458468758e-04
7.070889809999999898e+02 7.529031338025423672e-04 7.680304829534871560e-04
