7.074317394999999351e+02 4.020058152445011223e-04 3.670011353784396785e-04
7.074320519999999988e+02 4.239495071815689489e-04 3.674557755464863905e-04
7.074323644999999487e+02 3.615160990260363259e-04 3.678660934814265973e-04
7.074326770000000124e+02 3.445551257593028435e-04 3.682303140613489112e-04
7.074329894999999624e+02 3.512647036066900044e-04 3.685465798158316640e-04
7.074333020000000261e+02 3.988526357222247493e-04 3.688129467991684636e-04
7.074336144999999760e+02 4.085019406099455884e-04 3.690273802616974718e-04
7.074339270000000397e+02 3.640054945244732736e-04 3.691877501165844486e-04
7.074342394999999897e+02 4.054420437594596503e-04 3.692918261931743117e-04
7.074345519999999397e+02 3.615477078205363271e-04 3.693372732742513363e-04
7.074348645000000033e+02 3.328220577478459264e-04 3.693216459111527258e-04
7.074351769999999533e+02 3.640489196411921457e-04 3.692423830147205659e-04
7.074354895000000170e+02 4.105898085834274770e-04 3.690968022197708824e-04
7.074358019999999669e+02 3.865745427985427013e-04 3.688820940236415841e-04
7.074361145000000306e+02 3.793564099135948936e-04 3.685953156999674605e-04
7.074364269999999806e+02 3.550822757841732213e-04 3.682333849941437525e-04
7.074367394999999306e+02 3.593686269594556981e-04 3.677930736059910875e-04
7.074370519999999942e+02 3.380418040333639474e-04 3.672710004733898965e-04
7.074373644999999442e+02 3.184092506677478097e-04 3.666636248726549041e-04
7.074376770000000079e+02 3.783495611663683028e-04 3.659672393544675896e-04
7.074379894999999578e+02 3.657410755957266123e-04 3.651779625484038875e-04
7.074383020000000215e+02 3.616543787005822223e-04 3.642917318642634053e-04
7.074386144999999715e+02 4.257808263969500634e-04 3.633042961422948262e-04
7.074389270000000352e+02 3.993254165006159136e-04 3.622112082973010980e-04
7.074392394999999851e+02 3.502540146367127787e-04 3.610078180331860519e-04
7.074395519999999351e+02 3.202519130656721904e-04 3.596892646970835925e-04
7.074398644999999988e+02 3.902674059409814815e-04 3.582504703787517441e-04
7.074401769999999487e+02 3.443481598835332965e-04 3.566861333675336982e-04
7.074404895000000124e+02 3.190220504160116662e-04 3.549907220975919136e-04
7.074408019999999624e+02 3.114319120043622011e-04 3.531584697573623044e-04
7.074411145000000261e+02 3.431495515954807751e-04 3.511833697362621979e-04
7.074414269999999760e+02 3.689691982581755261e-04 3.490591721523340885e-04
7.074417395000000397e+02 3.855389298666705273e-04 3.467793817010171695e-04
7.074420519999999897e+02 2.886343747341893863e-04 3.443372571525703490e-04
7.074423644999999397e+02 3.394330100817897198e-04 3.417258128274183542e-04
7.074426770000000033e+02 3.264105350319107708e-04 3.389378224771115748e-04
7.074429894999999533e+02 3.282544794938032696e-04 3.359658260337292372e-04
7.074433020000000170e+02 3.286431205346417202e-04 3.328021397545058088e-04
7.074436144999999669e+02 2.929021314684406756e-04 3.294388704031777954e-04
7.074439270000000306e+02 2.839535723490315420e-04 3.258679341335808471e-04
7.074442394999999806e+02 2.762135270696655610e-04 3.220810809040418159e-04
7.074445519999999306e+02 2.889779895863172905e-04 3.180699252764443647e-04
7.074448644999999942e+02 3.039756582203846668e-04 3.138259846297641138e-04
7.074451769999999442e+02 3.044342858539481706e-04 3.093407258887212723e-04
7.074454895000000079e+02 2.558069848936403001e-04 3.046056219787364201e-04
7.074458019999999578e+02 2.461359544264444805e-04 2.996122193944593501e-04
7.074461145000000215e+02 2.786755418748980721e-04 2.943522182941262682e-04
7.074464269999999715e+02 2.403145761818485334e-04 2.888175667466518024e-04
7.074467395000000352e+02 2.599709321576897884e-04 2.830005707389980489e-04
7.074470519999999851e+02 1.954895582253688682e-04 2.768940217416438810e-04
7.074473644999999351e+02 2.755091312390132085e-04 2.704913435427810106e-04
7.074476769999999988e+02 2.154206082302033659e-04 2.637867601628806247e-04
7.074479894999999487e+02 2.329164466017866707e-04 2.567754865140984785e-04
7.074483020000000124e+02 2.040967815222568139e-04 2.494539432972140065e-04
7.074486144999999624e+02 2.345799014631684944e-04 2.418199974465700243e-04
7.074489270000000261e+02 2.181781696502776285e-04 2.338732288830800798e-04
7.074492394999999760e+02 2.160766808871049133e-04 2.256152239270486437e-04
7.074495520000000397e+02 1.738950975440997518e-04 2.170498947792871239e-04
7.074498644999999897e+02 1.630003092721025342e-04 2.081838236641800962e-04
7.074501769999999397e+02 1.511592334610172494e-04 1.990266287912976367e-04
7.074504895000000033e+02 1.926610865790056876e-04 1.895913479306380440e-04
7.074508019999999533e+02 1.845090521724258761e-04 1.798948334712908135e-04
7.074511145000000170e+02 1.514242537384897114e-04 1.699581507172789364e-04
7.074514269999999669e+02 1.558407443687137475e-04 1.598069689311409631e-04
7.074517395000000306e+02 1.642462220893572934e-04 1.494719318684819079e-04
7.074520519999999806e+02 1.286521268769158077e-04 1.389889920941737042e-04
7.074523644999999306e+02 1.626910476371314540e-04 1.283996904978212895e-04
7.074526769999999942e+02 1.501202772102228815e-04 1.177513602147080285e-04
7.074529894999999442e+02 1.192425302930498091e-04 1.070972320790819396e-04
7.074533020000000079e+02 1.126869634048293132e-04 9.649641754238564163e-05
7.074536144999999578e+02 7.839768596081923564e-05 8.601374501754458250e-05
7.074539270000000215e+02 1.113020266338818939e-04 7.571942670562491998e-05
7.074542394999999715e+02 7.509938278930968348e-05 6.568853625025783394e-05
7.074545520000000352e+02 7.957095132188330127e-05 5.600028235234082082e-05
7.074548644999999851e+02 6.595776875089160395e-05 4.673707086668462128e-05
7.074551769999999351e+02 8.369504875459860200e-05 3.798335689803790952e-05
7.074554894999999988e+02 6.556255688746042819e-05 2.982429966606821273e-05
7.074558019999999487e+02 6.536168387845226716e-05 2.234424513761037366e-05
7.074561145000000124e+02 4.473808110600466139e-05 1.562507433848725358e-05
7.074564269999999624e+02 4.469469749259805081e-05 9.744467793352933218e-06
7.074567395000000261e+02 4.507818716088124613e-05 4.774147218704859027e-06
7.074570519999999760e+02 2.122786344985931275e-05 7.781637767716795335e-07
7.074573645000000397e+02 2.956036412223319749e-05 -2.188693824421093477e-06
7.074576769999999897e+02 3.120303418375417452e-05 -4.082298582114726389e-06
7.074579894999999397e+02 2.048807540765980290e-05 -4.870324864671415244e-06
7.074583020000000033e+02 1.802030887653482304e-05 -4.533072310643754769e-06
7.074586144999999533e+02 7.601121047219000116e-06 -3.063933105628550249e-06
7.074589270000000170e+02 4.715616159723083300e-06 -4.694803172929156177e-07
7.074592394999999669e+02 5.069335875175659084e-06 3.230824676834968012e-06
7.074595520000000306e+02 1.212077269208710432e-06 8.005287302816357787e-06
7.074598644999999806e+02 9.946751597621822838e-06 1.381096037445924351e-05
7.074601769999999306e+02 7.252149245173957916e-06 2.059489770254084947e-05
7.074604894999999942e+02 2.647681173823659699e-05 2.829561708552577772e-05
7.074608019999999442e+02 1.981324163230556600e-05 3.684470289467325346e-05
7.074611145000000079e+02 2.110560270519825141e-05 4.616847731190607343e-05
7.074614269999999578e+02 3.494325637655835038e-05 5.618967257344597259e-05
7.074617395000000215e+02 2.762805487700416266e-05 6.682904394154241454e-05
7.074620519999999715e+02 6.314486857125421705e-05 7.800687286701404476e-05
7.074623645000000352e+02 4.487390480698555650e-05 8.964432158840130544e-05
7.074626769999999851e+02 5.961588617984570261e-05 1.016646122583888796e-04
7.074629894999999351e+02 8.459313731063411673e-05 1.139940156030641355e-04
7.074633019999999988e+02 7.945730853845908606e-05 1.265626444146535686e-04
7.074636144999999487e+02 8.461096056395631582e-05 1.393050562127286674e-04
7.074639270000000124e+02 1.344223843883759009e-04 1.521606764254572659e-04
7.074642394999999624e+02 1.346473814626814838e-04 1.650740583505666461e-04
7.074645520000000261e+02 1.089960321371448177e-04 1.779949996578374962e-04
7.074648644999999760e+02 1.153296812368815417e-04 1.908785365318380934e-04
7.074651770000000397e+02 1.892056389797706407e-04 2.036848371452619488e-04
7.074654894999999897e+02 1.772514801262914407e-04 2.163790151085301459e-04
7.074658019999999397e+02 1.967136774884903827e-04 2.289308823452382063e-04
7.074661145000000033e+02 1.976669223669033290e-04 2.413146586064803748e-04
7.074664269999999533e+02 2.423197521890593114e-04 2.535086527667166560e-04
7.074667395000000170e+02 2.606356891059680354e-04 2.654949287218461886e-04
7.074670519999999669e+02 2.552923447594253889e-04 2.772589662878968729e-04
7.074673645000000306e+02 2.756354348320694801e-04 2.887893256245644379e-04
7.074676769999999806e+02 3.233662628683033036e-04 3.000773215117747165e-04
7.074679894999999306e+02 2.895178560847949450e-04 3.111167123947563662e-04
7.074683019999999942e+02 3.171731689821106603e-04 3.219034074335671474e-04
7.074686144999999442e+02 3.393898492181913183e-04 3.324351937426395101e-04
7.074689270000000079e+02 3.474261615508888947e-04 3.427114850217087148e-04
7.074692394999999578e+02 3.687520775946244336e-04 3.527330918712422614e-04
7.074695520000000215e+02 3.838941965172706851e-04 3.625020137031424684e-04
7.074698644999999715e+02 3.510474375923367711e-04 3.720212514740552242e-04
7.074701770000000352e+02 4.446393947869021535e-04 3.812946403867794242e-04
7.074704894999999851e+02 4.266612410015817010e-04 3.903267012609190471e-04
7.074708019999999351e+02 4.411457752389017113e-04 3.991225093650959104e-04
7.074711144999999988e+02 4.409579619820364689e-04 4.076875792448688145e-04
7.074714269999999487e+02 4.322180738128138266e-04 4.160277641880346495e-04
7.074717395000000124e+02 4.450719339347442190e-04 4.241491689853798554e-04
7.074720519999999624e+02 4.389069313698903659e-04 4.320580745896890015e-04
7.074723645000000261e+02 4.984695176624291723e-04 4.397608735148124349e-04
7.074726769999999760e+02 5.064489289762784440e-04 4.472640147086298819e-04
7.074729895000000397e+02 4.103374770842135367e-04 4.545739569074736149e-04
7.074733019999999897e+02 5.135165307050369851e-04 4.616971293872566134e-04
7.074736144999999397e+02 5.161695501856215871e-04 4.686398992903493513e-04
7.074739270000000033e+02 5.323944042728297838e-04 4.754085446412522091e-04
7.074742394999999533e+02 5.520360789460571549e-04 4.820092323427070712e-04
7.074745520000000170e+02 5.481783216663265726e-04 4.884480005163454805e-04
7.074748644999999669e+02 5.553538056901334997e-04 4.947307445407074901e-04
7.074751770000000306e+02 5.307989918729657825e-04 5.008632063406939262e-04
7.074754894999999806e+02 5.856434979010043378e-04 5.068509663939104121e-04
7.074758019999999306e+02 5.326716198881050086e-04 5.126994381205063778e-04
7.074761144999999942e+02 5.306336876248390943e-04 5.184138642448958209e-04
7.074764269999999442e+02 5.535341861377907850e-04 5.239993148425609124e-04
7.074767395000000079e+02 5.495553894805856607e-04 5.294606868207997127e-04
7.074770519999999578e+02 6.289422974653509184e-04 5.348027045469338353e-04
7.074773645000000215e+02 5.824470751051831832e-04 5.400299214828065391e-04
7.074776769999999715e+02 5.881640042687671585e-04 5.451467225855555600e-04
7.074779895000000352e+02 5.463943172283201779e-04 5.501573273848545890e-04
7.074783019999999851e+02 5.449522917215281420e-04 5.550657935450768569e-04
7.074786144999999351e+02 6.398744988238024879e-04 5.598760208583382272e-04
7.074789269999999988e+02 6.358005581637712293e-04 5.645917555266383517e-04
7.074792394999999487e+02 6.354695144772202087e-04 5.692165946709692526e-04
7.074795520000000124e+02 6.307091918774427762e-04 5.737539910148297491e-04
7.074798644999999624e+02 6.016199209779090219e-04 5.782072576417985905e-04
7.074801770000000261e+02 6.507907112177180146e-04 5.825795728305436941e-04
7.074804894999999760e+02 6.308918252517660809e-04 5.868739848738080672e-04
7.074808020000000397e+02 5.907889606179606880e-04 5.910934168996153076e-04
7.074811144999999897e+02 6.419656980080662607e-04 5.952406716161387067e-04
7.074814269999999397e+02 6.714836501007972590e-04 5.993184360063179067e-04
7.074817395000000033e+02 5.948949595090919718e-04 6.033292859153275428e-04
7.074820519999999533e+02 6.674890351313767086e-04 6.072756905326121045e-04
7.074823645000000170e+02 6.125469927031699374e-04 6.111600167713992886e-04
7.074826769999999669e+02 6.623197518741911344e-04 6.149845335013077530e-04
7.074829895000000306e+02 6.679699271073849228e-04 6.187514156724845636e-04
7.074833019999999806e+02 5.285051362645750046e-04 6.224627482819739856e-04
7.074836144999999306e+02 6.394093039144334040e-04 6.261205302231189667e-04
7.074839269999999942e+02 6.015593609039926633e-04 6.297266779823179053e-04
7.074842394999999442e+02 6.815963791852756512e-04 6.332830291974063212e-04
7.074845520000000079e+02 6.382414325634952262e-04 6.367913460913107162e-04
7.074848644999999578e+02 6.590631151469308240e-04 6.402533187502705602e-04
7.074851770000000215e+02 6.057841164953158344e-04 6.436705682890707988e-04
7.074854894999999715e+02 6.287683384430524814e-04 6.470446498653057137e-04
7.074858020000000352e+02 6.443452637683074868e-04 6.503770555862494135e-04
7.074861144999999851e+02 7.072842773309624210e-04 6.536692172720908953e-04
7.074864269999999351e+02 6.842122518405387805e-04 6.569225091174177083e-04
7.074867394999999988e+02 6.650510197966587236e-04 6.601382502242961452e-04
7.074870519999999487e+02 6.493638845703802922e-04 6.633177070234450717e-04
7.074873645000000124e+02 6.754263791079202078e-04 6.664620955989177149e-04
7.074876769999999624e+02 6.637216607141377357e-04 6.695725838913636502e-04
7.074879895000000261e+02 6.481423268030713555e-04 6.726502938197517377e-04
7.074883019999999760e+02 7.156356139927423383e-04 6.756963032889665762e-04
7.074886145000000397e+02 6.252416080881089593e-04 6.787116481234575999e-04
7.074889269999999897e+02 6.815065694684036566e-04 6.816973238949792938e-04
7.074892394999999397e+02 6.506749755080252270e-04 6.846542876826176719e-04
7.074895520000000033e+02 5.923286858396486750e-04 6.875834597411613390e-04
7.074898644999999533e+02 6.168580356539542578e-04 6.904857250926343861e-04
7.074901770000000170e+02 5.956559679195740824e-04 6.933619350548398492e-04
7.074904894999999669e+02 6.295603336627645557e-04 6.962129086837939894e-04
7.074908020000000306e+02 6.760050073117201616e-04 6.990394341659693844e-04
7.074911144999999806e+02 5.851551261050717693e-04 7.018422701299562114e-04
7.074914269999999306e+02 7.005729099954004311e-04 7.046221469127054342e-04
7.074917394999999942e+02 6.686142115290684505e-04 7.073797677573491829e-04
7.074920519999999442e+02 6.231337055875353376e-04 7.101158099558236431e-04
7.074923645000000079e+02 6.610177439888619087e-04 7.128309259487412017e-04
7.074926769999999578e+02 6.503694018645781068e-04 7.155257443600703850e-04
7.074929895000000215e+02 7.140384111157735414e-04 7.182008709998537318e-04
7.074933019999999715e+02 7.035287290255468843e-04 7.208568898056296479e-04
7.074936145000000352e+02 7.107929517237412866e-04 7.234943637561202590e-04
7.074939269999999851e+02 7.116346663412507828e-04 7.261138357281117332e-04
