7.083594980000000305e+02 3.828138209625315397e-04 3.402221625147179335e-04
7.083598104999999805e+02 4.012737844807096727e-04 3.409517299772921910e-04
7.083601230000000442e+02 3.736897512721970875e-04 3.416411371635110763e-04
7.083604354999999941e+02 3.060864094938772935e-04 3.422887056291990600e-04
7.083607480000000578e+02 3.534078438316379462e-04 3.428926748425738811e-04
7.083610605000000078e+02 3.757560340441131624e-04 3.434511977557811401e-04
7.083613730000000714e+02 3.906575509040925644e-04 3.439623361373664876e-04
7.083616855000000214e+02 3.396466721001802319e-04 3.444240556475492527e-04
7.083619980000000851e+02 3.861135425502539584e-04 3.448342206516754509e-04
7.083623105000000351e+02 3.629884985092274568e-04 3.451905887549674610e-04
7.083626229999999850e+02 3.531663804248737584e-04 3.454908050531834600e-04
7.083629355000000487e+02 3.457566555008577641e-04 3.457323960849880123e-04
7.083632479999999987e+02 3.781778441753648056e-04 3.459127634786413963e-04
7.083635605000000623e+02 3.745137490607775271e-04 3.460291772850155288e-04
7.083638730000000123e+02 3.763094138692066109e-04 3.460787689881502727e-04
7.083641855000000760e+02 3.454390784105208713e-04 3.460585241901084738e-04
7.083644980000000260e+02 3.020631073360051941e-04 3.459652749659253529e-04
7.083648104999999759e+02 3.420079248951900242e-04 3.457956918892913893e-04
7.083651230000000396e+02 3.187194930262553152e-04 3.455462757323150879e-04
7.083654354999999896e+02 3.308668919181777962e-04 3.452133488480313298e-04
7.083657480000000533e+02 3.009207879408991445e-04 3.447930462475142042e-04
7.083660605000000032e+02 2.893374733577407792e-04 3.442813063944507646e-04
7.083663730000000669e+02 3.411956489734207674e-04 3.436738617412974750e-04
7.083666855000000169e+02 3.523340748455338419e-04 3.429662290495285801e-04
7.083669980000000805e+02 3.515500620265394564e-04 3.421536995369986824e-04
7.083673105000000305e+02 2.517283373346450802e-04 3.412313289221879345e-04
7.083676229999999805e+02 3.714528798009544548e-04 3.401939274362899028e-04
7.083679355000000442e+02 3.399515254109231684e-04 3.390360499078557050e-04
7.083682479999999941e+02 2.998013168682049450e-04 3.377519860386655527e-04
7.083685605000000578e+02 3.153559549966873264e-04 3.363357510126996179e-04
7.083688730000000078e+02 3.100539647450168594e-04 3.347810766277990280e-04
7.083691855000000714e+02 2.949052242837760501e-04 3.330814031499314525e-04
7.083694980000000214e+02 3.392732397904100919e-04 3.312298721635387059e-04
7.083698105000000851e+02 3.082892974259006423e-04 3.292193207058321234e-04
7.083701230000000351e+02 3.190762336910579386e-04 3.270422770676983102e-04
7.083704354999999850e+02 3.053298755759775154e-04 3.246909586686780075e-04
7.083707480000000487e+02 3.020726146243271995e-04 3.221572725264853728e-04
7.083710604999999987e+02 2.622794421535882929e-04 3.194328189041671607e-04
7.083713730000000623e+02 3.222105796273785580e-04 3.165088988101983193e-04
7.083716855000000123e+02 2.679114043130296878e-04 3.133765261717294808e-04
7.083719980000000760e+02 2.847719193734827951e-04 3.100264455691513748e-04
7.083723105000000260e+02 2.868968854397519808e-04 3.064491566224980448e-04
7.083726229999999759e+02 2.454460291584788212e-04 3.026349462023005693e-04
7.083729355000000396e+02 2.613673155744677414e-04 2.985739298668585364e-04
7.083732479999999896e+02 2.587464012607430764e-04 2.942561040666324371e-04
7.083735605000000533e+02 2.371924892086357340e-04 2.896714108379800355e-04
7.083738730000000032e+02 2.691255048539645646e-04 2.848098169593671434e-04
7.083741855000000669e+02 2.532637018907116125e-04 2.796614096525297847e-04
7.083744980000000169e+02 2.326601349777141848e-04 2.742165112045086609e-04
7.083748105000000805e+02 2.853318185596586906e-04 2.684658149503589986e-04
7.083751230000000305e+02 2.164392129764616541e-04 2.624005453159486824e-04
7.083754354999999805e+02 2.398579461267504357e-04 2.560126445921721882e-04
7.083757480000000442e+02 2.413118222009566179e-04 2.492949892426760583e-04
7.083760604999999941e+02 1.926025898827759500e-04 2.422416383947251857e-04
7.083763730000000578e+02 1.816473612620958175e-04 2.348481169297173313e-04
7.083766855000000078e+02 1.715159736897274654e-04 2.271117352740948932e-04
7.083769980000000714e+02 1.893586680549470401e-04 2.190319472096459615e-04
7.083773105000000214e+02 1.924764010582980271e-04 2.106107462623331157e-04
7.083776230000000851e+02 1.775683787588893693e-04 2.018530997803656311e-04
7.083779355000000351e+02 2.181025914616221311e-04 1.927674183186879229e-04
7.083782479999999850e+02 1.691118063989194829e-04 1.833660556216056481e-04
7.083785605000000487e+02 1.300297284905995885e-04 1.736658320301818787e-04
7.083788729999999987e+02 1.398198138795681889e-04 1.636885708793540386e-04
7.083791855000000623e+02 1.558942282334935009e-04 1.534616337858463143e-04
7.083794980000000123e+02 1.475523090030919258e-04 1.430184367717517331e-04
7.083798105000000760e+02 1.573203064595391604e-04 1.323989245907459676e-04
7.083801230000000260e+02 1.257560774209160121e-04 1.216499764126802559e-04
7.083804354999999759e+02 1.199061468382474398e-04 1.108257115988017989e-04
7.083807480000000396e+02 1.065199880381586958e-04 9.998766100788195142e-05
7.083810604999999896e+02 1.092112343749874169e-04 8.920476684590378843e-05
7.083813730000000533e+02 1.176540333339409224e-04 7.855317359188876620e-05
7.083816855000000032e+02 8.819425226415372873e-05 6.811577464800177163e-05
7.083819980000000669e+02 7.680229216146171821e-05 5.798148417849354874e-05
7.083823105000000169e+02 7.213405847627140288e-05 4.824421241291017862e-05
7.083826230000000805e+02 9.181511116567134148e-05 3.900153477359619587e-05
7.083829355000000305e+02 5.972822840325097836e-05 3.035306138611431332e-05
7.083832479999999805e+02 5.115527065162613860e-05 2.239853230703715459e-05
7.083835605000000442e+02 6.075075262161775753e-05 1.523568493220147659e-05
7.083838729999999941e+02 4.883873964651229367e-05 8.957961156249460259e-06
7.083841855000000578e+02 3.571180160753669407e-05 3.652141372343109210e-06
7.083844980000000078e+02 3.789126876248077001e-05 -6.039920150015059198e-07
7.083848105000000714e+02 2.707876671809842482e-05 -3.743849695061231597e-06
7.083851230000000214e+02 2.503069627747609081e-05 -5.713975812854761043e-06
7.083854355000000851e+02 1.991567260422556562e-05 -6.475627983865864038e-06
7.083857480000000351e+02 1.140253894475747479e-05 -6.005907986191207865e-06
7.083860604999999850e+02 1.048117680476374996e-05 -4.298378943725278483e-06
7.083863730000000487e+02 2.014439292329784182e-06 -1.363135425933579799e-06
7.083866854999999987e+02 1.868966377111378442e-05 2.773673405410624842e-06
7.083869980000000623e+02 4.903983934066320489e-06 8.070834104024411410e-06
7.083873105000000123e+02 1.076032568110652414e-05 1.447350925069274917e-05
7.083876230000000760e+02 1.409311795884143907e-05 2.191504073094333675e-05
7.083879355000000260e+02 1.842386766488720722e-05 3.031901324228090421e-05
7.083882479999999759e+02 2.431353864571745863e-05 3.960146871060966087e-05
7.083885605000000396e+02 1.762973855807566234e-05 4.967316405564611972e-05
7.083888729999999896e+02 1.436036705447030054e-05 6.044177415223178700e-05
7.083891855000000533e+02 3.418387145065789322e-05 7.181395681905666892e-05
7.083894980000000032e+02 3.860686493112763811e-05 8.369721500608457300e-05
7.083898105000000669e+02 4.604177871972137793e-05 9.600151146291689122e-05
7.083901230000000169e+02 4.092574547169234320e-05 1.086406103665349464e-04
7.083904355000000805e+02 1.029231178160512167e-04 1.215331382177351394e-04
7.083907480000000305e+02 9.370087490014666139e-05 1.346033707501366038e-04
7.083910604999999805e+02 1.203749132943787053e-04 1.477817642604699734e-04
7.083913730000000442e+02 1.223672700119695050e-04 1.610052574807905755e-04
7.083916854999999941e+02 1.159345962942564628e-04 1.742173750644733781e-04
7.083919980000000578e+02 1.359579826710217835e-04 1.873681658075041325e-04
7.083923105000000078e+02 1.478443450699165184e-04 2.004140084017168994e-04
7.083926230000000714e+02 1.728606356196593316e-04 2.133173159940340575e-04
7.083929355000000214e+02 2.096212937062297515e-04 2.260461676295467287e-04
7.083932480000000851e+02 2.523727568820790948e-04 2.385738914245446479e-04
7.083935605000000351e+02 2.334403967441976767e-04 2.508786202121740506e-04
7.083938729999999850e+02 2.469762859976313814e-04 2.629428369125564593e-04
7.083941855000000487e+02 2.745359742001527445e-04 2.747529230526980933e-04
7.083944979999999987e+02 2.751330955733495781e-04 2.862987207992917157e-04
7.083948105000000623e+02 2.685455026805652753e-04 2.975731160449189864e-04
7.083951230000000123e+02 3.250936862173874780e-04 3.085716475578549915e-04
7.083954355000000760e+02 2.499330922898451257e-04 3.192921454800400614e-04
7.083957480000000260e+02 3.233275354284298269e-04 3.297344006280815290e-04
7.083960604999999759e+02 3.207210032007476040e-04 3.398998650896403371e-04
7.083963730000000396e+02 3.416784529145952499e-04 3.497913834690454839e-04
7.083966854999999896e+02 3.827209593759239945e-04 3.594129536169342050e-04
7.083969980000000533e+02 3.808495884288718163e-04 3.687695152200819496e-04
7.083973105000000032e+02 3.917129035096605406e-04 3.778667642227985187e-04
7.083976230000000669e+02 3.258708223260222943e-04 3.867109910955619724e-04
7.083979355000000169e+02 4.728822197058305042e-04 3.953089406968763285e-04
7.083982480000000805e+02 4.710538963102626413e-04 4.036676917103796986e-04
7.083985605000000305e+02 4.385304775118463254e-04 4.117945535037283600e-04
7.083988729999999805e+02 4.741908218223294660e-04 4.196969785650410661e-04
7.083991855000000442e+02 4.913562704124965156e-04 4.273824886289248333e-04
7.083994979999999941e+02 4.637432662717775982e-04 4.348586128572423204e-04
7.083998105000000578e+02 4.864879321729468709e-04 4.421328365808430399e-04
7.084001230000000078e+02 5.090407590138282343e-04 4.492125591605533575e-04
7.084004355000000714e+02 5.025379312282641543e-04 4.561050598200379184e-04
7.084007480000000214e+02 5.300453645530217063e-04 4.628174702684642225e-04
7.084010605000000851e+02 4.788728584457291933e-04 4.693567532232753472e-04
7.084013730000000351e+02 4.982875718607770836e-04 4.757296858957940308e-04
7.084016854999999850e+02 5.601185791712215813e-04 4.819428477636850594e-04
7.084019980000000487e+02 5.825498492921382665e-04 4.880026119126520804e-04
7.084023104999999987e+02 5.431580584243046392e-04 4.939151394007060833e-04
7.084026230000000623e+02 5.597199140759404534e-04 4.996863761695988877e-04
7.084029355000000123e+02 5.935849066137531202e-04 5.053220520205601663e-04
7.084032480000000760e+02 5.452725971576887149e-04 5.108276813515968268e-04
7.084035605000000260e+02 6.007485620119946837e-04 5.162085652720708930e-04
7.084038729999999759e+02 5.989639246001904555e-04 5.214697948870026731e-04
7.084041855000000396e+02 5.810755591251198088e-04 5.266162554688154146e-04
7.084044979999999896e+02 5.619267754961834640e-04 5.316526313409829360e-04
7.084048105000000533e+02 6.519767680305698808e-04 5.365834113246950978e-04
7.084051230000000032e+02 5.335244161839633329e-04 5.414128945619888422e-04
7.084054355000000669e+02 5.839857793532355658e-04 5.461451966540830424e-04
7.084057480000000169e+02 6.153212765081122505e-04 5.507842559589030702e-04
7.084060605000000805e+02 5.894924847240942505e-04 5.553338400221175973e-04
7.084063730000000305e+02 5.045266632335179517e-04 5.597975520188799414e-04
7.084066854999999805e+02 6.234836354728646307e-04 5.641788372032475150e-04
7.084069980000000442e+02 6.017066539609858700e-04 5.684809892782334475e-04
7.084073104999999941e+02 5.959006025361172562e-04 5.727071566675324531e-04
7.084076230000000578e+02 6.705014490824127461e-04 5.768603486750572542e-04
7.084079355000000078e+02 5.955582288853172130e-04 5.809434414712078953e-04
7.084082480000000714e+02 6.171042398649199652e-04 5.849591839363665934e-04
7.084085605000000214e+02 6.483598054903144670e-04 5.889102033006205850e-04
7.084088730000000851e+02 6.408417266082191890e-04 5.927990106184130234e-04
7.084091855000000351e+02 6.023095832791955416e-04 5.966280060255963434e-04
7.084094979999999850e+02 5.823363710257179913e-04 6.003994838203863650e-04
7.084098105000000487e+02 6.767572048450923305e-04 6.041156373314216996e-04
7.084101229999999987e+02 6.333574389705930304e-04 6.077785635883034207e-04
7.084104355000000623e+02 6.756684269338458435e-04 6.113902678097239002e-04
7.084107480000000123e+02 6.728506729694466726e-04 6.149526676789594196e-04
7.084110605000000760e+02 5.675165341920838024e-04 6.184675974521102858e-04
7.084113730000000260e+02 6.935552244429342861e-04 6.219368118618299503e-04
7.084116854999999759e+02 6.426153647957242535e-04 6.253619898621296056e-04
7.084119980000000396e+02 6.858475348832954871e-04 6.287447381876987759e-04
7.084123104999999896e+02 6.408667679457084616e-04 6.320865947469133045e-04
7.084126230000000533e+02 5.757835849823470268e-04 6.353890318665769612e-04
7.084129355000000032e+02 6.480339792986858794e-04 6.386534593641236563e-04
7.084132480000000669e+02 5.916059246272349506e-04 6.418812274911770083e-04
7.084135605000000169e+02 5.580921298414053639e-04 6.450736297162220061e-04
7.084138730000000805e+02 7.494197504546835052e-04 6.482319053905420334e-04
7.084141855000000305e+02 6.556351328734263528e-04 6.513572422658615380e-04
7.084144979999999805e+02 5.871248177895906691e-04 6.544507789056387692e-04
7.084148105000000442e+02 6.537955204789154843e-04 6.575136069667981975e-04
7.084151229999999941e+02 6.797061758956996717e-04 6.605467733692395533e-04
7.084154355000000578e+02 6.383232009603996820e-04 6.635512823693509544e-04
7.084157480000000078e+02 6.835229160259642753e-04 6.665280975150335904e-04
7.084160605000000714e+02 6.608782260796638303e-04 6.694781435213971758e-04
7.084163730000000214e+02 6.267508200942841770e-04 6.724023080369191099e-04
7.084166855000000851e+02 6.537903953571534959e-04 6.753014433393075442e-04
7.084169980000000351e+02 6.141135053385877139e-04 6.781763679311017708e-04
7.084173104999999850e+02 5.980663439854675681e-04 6.810278680722074967e-04
7.084176230000000487e+02 5.889393297079315503e-04 6.838566992268388031e-04
7.084179354999999987e+02 6.211713739646363905e-04 6.866635874394328267e-04
7.084182480000000623e+02 7.055406276229359876e-04 6.894492306532421302e-04
7.084185605000000123e+02 6.769231343866259154e-04 6.922142999494701248e-04
7.084188730000000760e+02 6.143731552357301756e-04 6.949594407418572747e-04
7.084191855000000260e+02 6.735391783788263753e-04 6.976852738974041864e-04
7.084194979999999759e+02 6.664525214811894971e-04 7.003923968174023814e-04
7.084198105000000396e+02 6.539884316924379683e-04 7.030813844564926147e-04
7.084201229999999896e+02 7.318325302235019003e-04 7.057527902925713218e-04
7.084204355000000533e+02 6.074775903297211259e-04 7.084071472596881495e-04
7.084207480000000032e+02 6.757203013971516906e-04 7.110449686219918368e-04
7.084210605000000669e+02 6.362151253620324746e-04 7.136667488210999156e-04
7.084213730000000169e+02 6.075171876551349387e-04 7.162729642681465612e-04
7.084216855000000805e+02 6.506612464868460942e-04 7.188640741132564871e-04
