7.161115414999999302e+02 3.258095942545752191e-04 3.231759777249310550e-04
7.161118539999999939e+02 2.842319743473663762e-04 3.234648385209416247e-04
7.161121664999999439e+02 3.329161684515183546e-04 3.237386136755158496e-04
7.161124790000000075e+02 3.470488892491580620e-04 3.239966986676486981e-04
7.161127914999999575e+02 3.172847613456121854e-04 3.242384595198845136e-04
7.161131040000000212e+02 3.297628846806174375e-04 3.244632311282733537e-04
7.161134164999999712e+02 3.604474091595204059e-04 3.246703154845108504e-04
7.161137290000000348e+02 3.867721670496528812e-04 3.248589797857484910e-04
7.161140414999999848e+02 3.498069142676724520e-04 3.250284544216216890e-04
7.161143539999999348e+02 3.567546585979520873e-04 3.251779308324519234e-04
7.161146664999999985e+02 3.343412564274604723e-04 3.253065592278051553e-04
7.161149789999999484e+02 3.300949288925199374e-04 3.254134461566612403e-04
7.161152915000000121e+02 3.088877252089049035e-04 3.254976519192044962e-04
7.161156039999999621e+02 3.274743776109428016e-04 3.255581878082227927e-04
7.161159165000000257e+02 3.364957263744163679e-04 3.255940131695669046e-04
7.161162289999999757e+02 3.623813293601505338e-04 3.256040322681953941e-04
7.161165414999999257e+02 3.158663727347816664e-04 3.255870909471908167e-04
7.161168539999999894e+02 3.336935358402605954e-04 3.255419730650855855e-04
7.161171664999999393e+02 3.229205790186216556e-04 3.254673966968054701e-04
7.161174790000000030e+02 3.293719261494759188e-04 3.253620100818363460e-04
7.161177914999999530e+02 3.159109110276830099e-04 3.252243873032877367e-04
7.161181040000000166e+02 3.527402479410817696e-04 3.250530236790870179e-04
7.161184164999999666e+02 3.288384781654634130e-04 3.248463308477108269e-04
7.161187290000000303e+02 3.460865233662110529e-04 3.246026315270592781e-04
7.161190414999999803e+02 3.246544436654902094e-04 3.243201539277893635e-04
7.161193539999999302e+02 3.272266325458470415e-04 3.239970257972585028e-04
7.161196664999999939e+02 3.111045628794436657e-04 3.236312680737304828e-04
7.161199789999999439e+02 3.093265617999593764e-04 3.232207881273444590e-04
7.161202915000000075e+02 3.063930923588429776e-04 3.227633725626863218e-04
7.161206039999999575e+02 2.843356565128126812e-04 3.222566795628612640e-04
7.161209165000000212e+02 3.438092525432114282e-04 3.216982307467051994e-04
7.161212289999999712e+02 3.248228501434055984e-04 3.210854025212647256e-04
7.161215415000000348e+02 2.797089950649383648e-04 3.204154169013490017e-04
7.161218539999999848e+02 2.937043427213171382e-04 3.196853317819777591e-04
7.161221664999999348e+02 3.504422750791576571e-04 3.188920306385353105e-04
7.161224789999999985e+02 2.705176153593766395e-04 3.180322116453876782e-04
7.161227914999999484e+02 3.133837688112811625e-04 3.171023762007251813e-04
7.161231040000000121e+02 3.219329984365974307e-04 3.160988168496648484e-04
7.161234164999999621e+02 2.927396669799664053e-04 3.150176046176082138e-04
7.161237290000000257e+02 3.067899608724433181e-04 3.138545757572585681e-04
7.161240414999999757e+02 3.073457677362566678e-04 3.126053179480977337e-04
7.161243539999999257e+02 3.113753946233302895e-04 3.112651559797459605e-04
7.161246664999999894e+02 3.076074727317854637e-04 3.098291369933833437e-04
7.161249789999999393e+02 3.136973928726995847e-04 3.082920153675026216e-04
7.161252915000000030e+02 2.725888281683051329e-04 3.066482373631587732e-04
7.161256039999999530e+02 2.712652036196294843e-04 3.048919257023658953e-04
7.161259165000000166e+02 3.198027742076310544e-04 3.030168642694173998e-04
7.161262289999999666e+02 2.658777687587440298e-04 3.010164832191762401e-04
7.161265415000000303e+02 2.512138379527739771e-04 2.988838448064293522e-04
7.161268539999999803e+02 3.066586881231579188e-04 2.966116303769145233e-04
7.161271664999999302e+02 2.634622767401274563e-04 2.941921290173271815e-04
7.161274789999999939e+02 2.914519431075782239e-04 2.916172285234169153e-04
7.161277914999999439e+02 2.632220663834569131e-04 2.888784094641106293e-04
7.161281040000000075e+02 2.970899236008631627e-04 2.859667432856013275e-04
7.161284164999999575e+02 2.708372741320119129e-04 2.828728956350952612e-04
7.161287290000000212e+02 2.729475606401555576e-04 2.795871362630414098e-04
7.161290414999999712e+02 2.993881714149402261e-04 2.760993572006698407e-04
7.161293540000000348e+02 2.773144659213297512e-04 2.723991011540654759e-04
7.161296664999999848e+02 2.415700091859818155e-04 2.684756024894779112e-04
7.161299789999999348e+02 2.402762058161449850e-04 2.643178435121127214e-04
7.161302914999999985e+02 2.325281744142041016e-04 2.599146292625289980e-04
7.161306039999999484e+02 2.430954661607136842e-04 2.552546845030120577e-04
7.161309165000000121e+02 2.412791541125283267e-04 2.503267770840330686e-04
7.161312289999999621e+02 2.129897135648384460e-04 2.451198724823779257e-04
7.161315415000000257e+02 2.423333750678874593e-04 2.396233247417115821e-04
7.161318539999999757e+02 2.320612913768523467e-04 2.338271096454776839e-04
7.161321664999999257e+02 2.125446089303719495e-04 2.277221062263377297e-04
7.161324789999999894e+02 1.958044390967133869e-04 2.213004330411333191e-04
7.161327914999999393e+02 2.030641940983945082e-04 2.145558455231879312e-04
7.161331040000000030e+02 2.103945664017726840e-04 2.074842002663300977e-04
7.161334164999999530e+02 1.955924061449667455e-04 2.000839911784737851e-04
7.161337290000000166e+02 1.880565013961237064e-04 1.923569605576506449e-04
7.161340414999999666e+02 1.950637045824212012e-04 1.843087855910443087e-04
7.161343540000000303e+02 1.953286127834671275e-04 1.759498366986105477e-04
7.161346664999999803e+02 1.486165717683189040e-04 1.672959989756391387e-04
7.161349789999999302e+02 1.713528621393575670e-04 1.583695408353032739e-04
7.161352914999999939e+02 1.835884463128530943e-04 1.492000054031815317e-04
7.161356039999999439e+02 1.355411437299590145e-04 1.398250897046290843e-04
7.161359165000000075e+02 1.388370586891118919e-04 1.302914648591058425e-04
7.161362289999999575e+02 1.230422463732884616e-04 1.206554780108878600e-04
7.161365415000000212e+02 1.306133865346767345e-04 1.109836641988598706e-04
7.161368539999999712e+02 1.053505298454300625e-04 1.013529860684096658e-04
7.161371665000000348e+02 1.203794834991842868e-04 9.185071246403583032e-05
7.161374789999999848e+02 7.019298463864810374e-05 8.257384684703941648e-05
7.161377914999999348e+02 7.451207853577684773e-05 7.362802487232331084e-05
7.161381039999999985e+02 8.028095562132909514e-05 6.512582052306417710e-05
7.161384164999999484e+02 8.047891941719589838e-05 5.718443268533718511e-05
7.161387290000000121e+02 6.772125281158108826e-05 4.992276935062302489e-05
7.161390414999999621e+02 5.738954065952922047e-05 4.345800250679182847e-05
7.161393540000000257e+02 3.243556192953728846e-05 3.790172810255554401e-05
7.161396664999999757e+02 4.022865400873995437e-05 3.335592562230093580e-05
7.161399789999999257e+02 2.637552909058336133e-05 2.990896117457128586e-05
7.161402914999999894e+02 2.584587150316861612e-05 2.763190791013840411e-05
7.161406039999999393e+02 2.740385148640435648e-05 2.657545981826958312e-05
7.161409165000000030e+02 3.252675468151355041e-05 2.676768563109546023e-05
7.161412289999999530e+02 3.534602936995293851e-05 2.821280935252302712e-05
7.161415415000000166e+02 2.765701223370759044e-05 3.089111908038696903e-05
7.161418539999999666e+02 2.110522628071003596e-05 3.476000731888253268e-05
7.161421665000000303e+02 3.584012783953533329e-05 3.975604747313594024e-05
7.161424789999999803e+02 3.960906479173543278e-05 4.579792616762237402e-05
7.161427914999999302e+02 4.840278480666948920e-05 5.278999045444958871e-05
7.161431039999999939e+02 5.683294526547480886e-05 6.062613875719311202e-05
7.161434164999999439e+02 6.531752470204403235e-05 6.919378554070376014e-05
7.161437290000000075e+02 5.878428931692212958e-05 7.837765788688236691e-05
7.161440414999999575e+02 7.107884524098717302e-05 8.806322968601825211e-05
7.161443540000000212e+02 9.010025556806336997e-05 9.813965738128635919e-05
7.161446664999999712e+02 9.592529697253225943e-05 1.085021407523411777e-04
7.161449790000000348e+02 1.176916290608427586e-04 1.190536868663622763e-04
7.161452914999999848e+02 1.085967660491639510e-04 1.297062995602470993e-04
7.161456039999999348e+02 1.225005079381462922e-04 1.403816493722591407e-04
7.161459164999999985e+02 1.492383666119766401e-04 1.510112987133675939e-04
7.161462289999999484e+02 1.365879925198370138e-04 1.615365664172164540e-04
7.161465415000000121e+02 1.578278072145313340e-04 1.719081163558960229e-04
7.161468539999999621e+02 1.696474049287532450e-04 1.820853490201407667e-04
7.161471665000000257e+02 1.583024453929022233e-04 1.920356656575087826e-04
7.161474789999999757e+02 2.118788502963674482e-04 2.017336629040902645e-04
7.161477914999999257e+02 2.544555514717239202e-04 2.111603042580158674e-04
7.161481039999999894e+02 2.153076416891514173e-04 2.203021033400210488e-04
7.161484164999999393e+02 2.213931759510941210e-04 2.291503440672507238e-04
7.161487290000000030e+02 2.615233068246536254e-04 2.377003544541804480e-04
7.161490414999999530e+02 2.606208464822032693e-04 2.459508438495830798e-04
7.161493540000000166e+02 2.608841568704412970e-04 2.539033083330553072e-04
7.161496664999999666e+02 2.690700528087240249e-04 2.615615048848674191e-04
7.161499790000000303e+02 2.749927511727889547e-04 2.689309923726451203e-04
7.161502914999999803e+02 2.868890724077931644e-04 2.760187353723802845e-04
7.161506039999999302e+02 3.106386493338530877e-04 2.828327659090091803e-04
7.161509164999999939e+02 2.934896245434580960e-04 2.893818974818347396e-04
7.161512289999999439e+02 3.079476253220682531e-04 2.956754856714135312e-04
7.161515415000000075e+02 3.136499721788541212e-04 3.017232297261857174e-04
7.161518539999999575e+02 2.961382096856704006e-04 3.075350097391417871e-04
7.161521665000000212e+02 3.051174627884867176e-04 3.131207545545720470e-04
7.161524789999999712e+02 3.646484899913142019e-04 3.184903358617279640e-04
7.161527915000000348e+02 3.313353703100551198e-04 3.236534845477895598e-04
7.161531039999999848e+02 3.430780376392543679e-04 3.286197257205801937e-04
7.161534164999999348e+02 3.600557147217527771e-04 3.333983293853544903e-04
7.161537289999999985e+02 3.929512540723704549e-04 3.379982740656926107e-04
7.161540414999999484e+02 3.335574038023400405e-04 3.424282211040362658e-04
7.161543540000000121e+02 3.523890779652082811e-04 3.466964977087669026e-04
7.161546664999999621e+02 3.401106039028328190e-04 3.508110870563717950e-04
7.161549790000000257e+02 3.352297101122212884e-04 3.547796241077586909e-04
7.161552914999999757e+02 4.171251791032590944e-04 3.586093959234848286e-04
7.161556039999999257e+02 3.350876854828023824e-04 3.623073455529026701e-04
7.161559164999999894e+02 4.092911111295851842e-04 3.658800786542545642e-04
7.161562289999999393e+02 3.605172387493022065e-04 3.693338721963005441e-04
7.161565415000000030e+02 4.070244956754794194e-04 3.726746847074142782e-04
7.161568539999999530e+02 4.145234805047108648e-04 3.759081675949404685e-04
7.161571665000000166e+02 3.654581406120366999e-04 3.790396772123915390e-04
7.161574789999999666e+02 3.520132397436619674e-04 3.820742873446232352e-04
7.161577915000000303e+02 3.874381083451277231e-04 3.850168019163337533e-04
7.161581039999999803e+02 3.752274765249522057e-04 3.878717677035946245e-04
7.161584164999999302e+02 4.143604390530758073e-04 3.906434869391229550e-04
7.161587289999999939e+02 3.806189743427334962e-04 3.933360296732922958e-04
7.161590414999999439e+02 4.023398866647132609e-04 3.959532458187445866e-04
7.161593540000000075e+02 3.932793019388920882e-04 3.984987768261047500e-04
7.161596664999999575e+02 4.202200603548539391e-04 4.009760669231629657e-04
7.161599790000000212e+02 4.491660061322582504e-04 4.033883739177914992e-04
7.161602914999999712e+02 4.038635368688475204e-04 4.057387795173383709e-04
7.161606040000000348e+02 4.110761054914359729e-04 4.080301991849931333e-04
7.161609164999999848e+02 4.197197636418450008e-04 4.102653915039021493e-04
7.161612289999999348e+02 4.057090390274659120e-04 4.124469670801898151e-04
7.161615414999999985e+02 3.865414280504233515e-04 4.145773969725635570e-04
7.161618539999999484e+02 4.422799833475463604e-04 4.166590206694967095e-04
7.161621665000000121e+02 4.225240940489257877e-04 4.186940536358168706e-04
7.161624789999999621e+02 4.259473964602421650e-04 4.206845944258902912e-04
7.161627915000000257e+02 4.642811788258561774e-04 4.226326314042135155e-04
7.161631039999999757e+02 4.113753957622487759e-04 4.245400490677470420e-04
7.161634164999999257e+02 4.023663214101482551e-04 4.264086340108714460e-04
7.161637289999999894e+02 4.186628714070244305e-04 4.282400805333665215e-04
7.161640414999999393e+02 4.116587743655308125e-04 4.300359959170523840e-04
7.161643540000000030e+02 4.263083415126506497e-04 4.317979053952418380e-04
7.161646664999999530e+02 4.399708280702097638e-04 4.335272568159255794e-04
7.161649790000000166e+02 4.430370945321677589e-04 4.352254250356850005e-04
7.161652914999999666e+02 4.139766948684889562e-04 4.368937160399378387e-04
7.161656040000000303e+02 3.737527029826811088e-04 4.385333708251098334e-04
7.161659164999999803e+02 4.304824850908888336e-04 4.401455690376910668e-04
7.161662289999999302e+02 4.508749239428618146e-04 4.417314324030556928e-04
7.161665414999999939e+02 4.322047947884169895e-04 4.432920279422547082e-04
7.161668539999999439e+02 4.140032125344094240e-04 4.448283709955778769e-04
7.161671665000000075e+02 4.350710915240678747e-04 4.463414280702211441e-04
7.161674789999999575e+02 4.522874587344276158e-04 4.478321195092416457e-04
7.161677915000000212e+02 5.175768378962563449e-04 4.493013220096732526e-04
7.161681039999999712e+02 4.467405680998473788e-04 4.507498709821209705e-04
7.161684165000000348e+02 4.898927490064062867e-04 4.521785627785412367e-04
7.161687289999999848e+02 4.949779175988820376e-04 4.535881567798697345e-04
7.161690414999999348e+02 5.285719277827282802e-04 4.549793773680967275e-04
7.161693539999999985e+02 4.712929839869002069e-04 4.563529157773888009e-04
7.161696664999999484e+02 4.524842217167137411e-04 4.577094318368566295e-04
7.161699790000000121e+02 4.481629974423848137e-04 4.590495556165753201e-04
7.161702914999999621e+02 4.379000914018625515e-04 4.603738889708183226e-04
7.161706040000000257e+02 4.481462131710997653e-04 4.616830069997260528e-04
7.161709164999999757e+02 4.448384953404664242e-04 4.629774594193600268e-04
7.161712289999999257e+02 4.619256328064415989e-04 4.642577718603018398e-04
7.161715414999999894e+02 4.712072918818434731e-04 4.655244470876599002e-04
7.161718539999999393e+02 4.303663580119324429e-04 4.667779661519287854e-04
7.161721665000000030e+02 4.308669922443512630e-04 4.680187894794358224e-04
7.161724789999999530e+02 4.652799217007967149e-04 4.692473578949250693e-04
7.161727915000000166e+02 4.498948363418089035e-04 4.704640935941250450e-04
7.161731039999999666e+02 4.489238948830928644e-04 4.716694010553379468e-04
7.161734165000000303e+02 4.444291103132604623e-04 4.728636679076151901e-04
7.161737289999999803e+02 4.772479973335769774e-04 4.740472657444020255e-04
