7.169171199999999544e+02 3.391420533919831224e-04 2.993784375519180840e-04
7.169174324999999044e+02 2.806029767948596456e-04 2.996144413354229815e-04
7.169177449999999681e+02 2.954295531788566644e-04 2.998385448255824607e-04
7.169180574999999180e+02 3.213875184120322331e-04 3.000502806171740852e-04
7.169183699999999817e+02 2.623070377361192231e-04 3.002491588950541692e-04
7.169186824999999317e+02 3.106868077692306949e-04 3.004346661766349371e-04
7.169189949999999953e+02 3.169315567847162110e-04 3.006062639758785653e-04
7.169193074999999453e+02 2.594816846506229160e-04 3.007633873809719793e-04
7.169196200000000090e+02 2.863270430887424381e-04 3.009054435419049930e-04
7.169199324999999590e+02 3.091917481288195837e-04 3.010318100595986619e-04
7.169202449999999089e+02 3.481635972191952878e-04 3.011418332715425279e-04
7.169205574999999726e+02 3.143860975664503022e-04 3.012348264252284855e-04
7.169208699999999226e+02 3.214427597400982693e-04 3.013100677321924677e-04
7.169211824999999862e+02 3.199850799541840139e-04 3.013667982944293272e-04
7.169214949999999362e+02 2.798718912474049288e-04 3.014042198934220639e-04
7.169218074999999999e+02 3.350190805325654647e-04 3.014214926329322362e-04
7.169221199999999499e+02 2.841944591102665515e-04 3.014177324245437620e-04
7.169224324999998998e+02 3.288182527490375552e-04 3.013920083053156268e-04
7.169227449999999635e+02 2.955582749879536505e-04 3.013433395754053700e-04
7.169230574999999135e+02 3.164344667317514322e-04 3.012706927432575268e-04
7.169233699999999772e+02 3.169450012490997908e-04 3.011729782644606990e-04
7.169236824999999271e+02 2.919623209054863144e-04 3.010490470604554238e-04
7.169239949999999908e+02 3.076752257095736825e-04 3.008976868008903047e-04
7.169243074999999408e+02 3.162455275124613301e-04 3.007176179344694228e-04
7.169246200000000044e+02 3.497418126698473620e-04 3.005074894495379616e-04
7.169249324999999544e+02 2.619123237290197693e-04 3.002658743478746730e-04
7.169252449999999044e+02 2.221208402032731882e-04 2.999912648103642780e-04
7.169255574999999681e+02 2.792971443288900049e-04 2.996820670359385489e-04
7.169258699999999180e+02 3.162666329175283344e-04 2.993365957320073801e-04
7.169261824999999817e+02 2.926548148700866569e-04 2.989530682327158867e-04
7.169264949999999317e+02 3.226114290588814057e-04 2.985295982249898503e-04
7.169268074999999953e+02 3.401829580387910027e-04 2.980641890546171873e-04
7.169271199999999453e+02 3.122409606639375921e-04 2.975547265925134279e-04
7.169274325000000090e+02 2.442242215815723975e-04 2.969989716315841414e-04
7.169277449999999590e+02 3.317835238815823118e-04 2.963945517949999461e-04
7.169280574999999089e+02 2.411994232716141212e-04 2.957389529259832187e-04
7.169283699999999726e+02 2.971527236918026279e-04 2.950295099406276852e-04
7.169286824999999226e+02 2.514281566334713764e-04 2.942633971205904924e-04
7.169289949999999862e+02 2.589395160807469532e-04 2.934376178234943664e-04
7.169293074999999362e+02 2.777442821921864095e-04 2.925489936023091585e-04
7.169296199999999999e+02 3.069664563298269409e-04 2.915941527143294095e-04
7.169299324999999499e+02 2.646388234091028740e-04 2.905695180253087002e-04
7.169302449999998998e+02 2.959096377532490982e-04 2.894712943033053796e-04
7.169305574999999635e+02 2.642487555939061501e-04 2.882954549261357064e-04
7.169308699999999135e+02 3.086223459896133029e-04 2.870377280294650248e-04
7.169311824999999772e+02 3.226830224399354760e-04 2.856935821383826957e-04
7.169314949999999271e+02 2.909154317497122510e-04 2.842582113640122993e-04
7.169318074999999908e+02 2.994338549479313972e-04 2.827265202492511937e-04
7.169321199999999408e+02 2.726238497795329232e-04 2.810931084125406097e-04
7.169324325000000044e+02 2.681614875935609010e-04 2.793522551489684320e-04
7.169327449999999544e+02 2.965330280632300455e-04 2.774979042351944009e-04
7.169330574999999044e+02 2.571662447320656377e-04 2.755236492125943395e-04
7.169333699999999681e+02 2.701745833956256779e-04 2.734227195343989130e-04
7.169336824999999180e+02 2.268988704613758664e-04 2.711879680364524207e-04
7.169339949999999817e+02 2.564409687934891477e-04 2.688118603012162097e-04
7.169343074999999317e+02 2.609341305914166334e-04 2.662864666493956842e-04
7.169346199999999953e+02 2.458516942490293058e-04 2.636034576104633064e-04
7.169349324999999453e+02 2.556904645179451999e-04 2.607541039690664062e-04
7.169352450000000090e+02 2.313312535600262586e-04 2.577292826541703044e-04
7.169355574999999590e+02 2.593889903399593895e-04 2.545194900645984738e-04
7.169358699999999089e+02 2.469887353435574898e-04 2.511148646705354572e-04
7.169361824999999726e+02 2.122873119664823462e-04 2.475052211450569340e-04
7.169364949999999226e+02 2.339752078591262143e-04 2.436800986498696025e-04
7.169368074999999862e+02 2.695583536575929398e-04 2.396288263498914310e-04
7.169371199999999362e+02 2.291998409116335921e-04 2.353406097847113385e-04
7.169374324999999999e+02 2.490489760920659842e-04 2.308046421929878689e-04
7.169377449999999499e+02 2.223573610437151195e-04 2.260102455504445196e-04
7.169380574999998998e+02 2.403418528272160005e-04 2.209470465662196682e-04
7.169383699999999635e+02 2.181631619905049992e-04 2.156051935204160073e-04
7.169386824999999135e+02 1.990319859572548986e-04 2.099756202417623230e-04
7.169389949999999772e+02 1.769923408979776004e-04 2.040503638335467048e-04
7.169393074999999271e+02 2.374366358755023668e-04 1.978229428943245800e-04
7.169396199999999908e+02 1.846097501835353486e-04 1.912888025513973975e-04
7.169399324999999408e+02 1.955067676395010317e-04 1.844458318993165912e-04
7.169402450000000044e+02 1.474339314715883745e-04 1.772949576897602452e-04
7.169405574999999544e+02 1.886736342995543015e-04 1.698408156822494327e-04
7.169408699999999044e+02 1.515407448149004045e-04 1.620924970850994202e-04
7.169411824999999681e+02 1.404924535025270989e-04 1.540643623216168356e-04
7.169414949999999180e+02 1.496360349255427657e-04 1.457769071933564555e-04
7.169418074999999817e+02 1.171997912997774531e-04 1.372576575327608009e-04
7.169421199999999317e+02 1.501708726524000285e-04 1.285420576859608701e-04
7.169424324999999953e+02 1.244559833555727380e-04 1.196743055161118732e-04
7.169427449999999453e+02 1.192653237940747001e-04 1.107080733340696767e-04
7.169430575000000090e+02 1.162235156986178575e-04 1.017070406030511206e-04
7.169433699999999590e+02 8.310528335695946270e-05 9.274515289525198135e-05
7.169436824999999089e+02 7.557446853577261714e-05 8.390651384073511765e-05
7.169439949999999726e+02 6.493445034878217697e-05 7.528481621847330906e-05
7.169443074999999226e+02 7.729155807836452928e-05 6.698222713344061270e-05
7.169446199999999862e+02 7.669205441415414865e-05 5.910766345587223982e-05
7.169449324999999362e+02 5.387933519975616624e-05 5.177442902789067687e-05
7.169452449999999999e+02 5.710644786366210934e-05 4.509723411197612812e-05
7.169455574999999499e+02 3.520796217231998476e-05 3.918867822198728403e-05
7.169458699999998998e+02 3.040202889983772104e-05 3.415534363375545763e-05
7.169461824999999635e+02 2.878785865419360236e-05 3.009371090465270932e-05
7.169464949999999135e+02 3.202471747545414027e-05 2.708615890591936900e-05
7.169468074999999772e+02 2.318138646284387087e-05 2.519734021895778602e-05
7.169471199999999271e+02 3.510695833251502095e-05 2.447121990384536376e-05
7.169474324999999908e+02 6.171633636313445177e-05 2.492902759406470276e-05
7.169477449999999408e+02 2.890867380720353973e-05 2.656830183991724755e-05
7.169480575000000044e+02 1.873451647523931952e-05 2.936310966152839644e-05
7.169483699999999544e+02 3.917897356138551069e-05 3.326541671461883326e-05
7.169486824999999044e+02 3.662302466189098322e-05 3.820747989471524290e-05
7.169489949999999681e+02 3.398914954268994043e-05 4.410504923797686717e-05
7.169493074999999180e+02 4.760146042314984265e-05 5.086111055819150095e-05
7.169496199999999817e+02 2.738929542383071114e-05 5.836987938225493821e-05
7.169499324999999317e+02 4.814312535414534087e-05 6.652076912433115214e-05
7.169502449999999953e+02 7.196050019890999714e-05 7.520209611833021668e-05
7.169505574999999453e+02 7.924302962554600788e-05 8.430434114916369873e-05
7.169508700000000090e+02 1.034025849102471325e-04 9.372285184507467086e-05
7.169511824999999590e+02 8.394589004151555608e-05 1.033599328400697812e-04
7.169514949999999089e+02 1.117496885397228267e-04 1.131263249869634478e-04
7.169518074999999726e+02 9.599890864452374295e-05 1.229421164095794480e-04
7.169521199999999226e+02 1.280309332078919901e-04 1.327371562814561327e-04
7.169524324999999862e+02 1.597833321781184381e-04 1.424510573255171448e-04
7.169527449999999362e+02 1.463543114353828419e-04 1.520328772622090265e-04
7.169530574999999999e+02 1.688947352970065498e-04 1.614405659663191385e-04
7.169533699999999499e+02 1.797865316889018389e-04 1.706402559212154594e-04
7.169536824999998998e+02 1.794290627997403083e-04 1.796054619563580939e-04
7.169539949999999635e+02 1.964176675912952873e-04 1.883162432566287117e-04
7.169543074999999135e+02 2.123509219435723864e-04 1.967583683170655426e-04
7.169546199999999772e+02 2.200295928858159123e-04 2.049225122802351192e-04
7.169549324999999271e+02 2.022749942916759656e-04 2.128035064028202734e-04
7.169552449999999908e+02 2.097963153697956758e-04 2.203996517722366880e-04
7.169555574999999408e+02 2.112140772958714322e-04 2.277121031319999606e-04
7.169558700000000044e+02 2.215317354884089088e-04 2.347443243380978295e-04
7.169561824999999544e+02 2.596805184599242241e-04 2.415016135819139328e-04
7.169564949999999044e+02 2.600612027216869467e-04 2.479906945505068049e-04
7.169568074999999681e+02 2.348047677118654032e-04 2.542193682474458557e-04
7.169571199999999180e+02 2.329082234490397483e-04 2.601962196225306384e-04
7.169574324999999817e+02 2.888722185223605477e-04 2.659303729389063159e-04
7.169577449999999317e+02 2.744089837237436509e-04 2.714312898350430478e-04
7.169580574999999953e+02 2.450719926486935748e-04 2.767086044722114014e-04
7.169583699999999453e+02 2.961268803402672270e-04 2.817719904590693038e-04
7.169586825000000090e+02 3.035827057968076576e-04 2.866310548744763014e-04
7.169589949999999590e+02 3.123779936764411189e-04 2.912952551033239990e-04
7.169593074999999089e+02 2.961038128234254091e-04 2.957738348304034715e-04
7.169596199999999726e+02 2.856224121980366869e-04 3.000757759190826363e-04
7.169599324999999226e+02 2.853192183040746026e-04 3.042097634136784108e-04
7.169602449999999862e+02 3.766252260140635368e-04 3.081841613034301151e-04
7.169605574999999362e+02 3.004030561174997837e-04 3.120069969939177424e-04
7.169608699999999999e+02 3.524008730048270666e-04 3.156859528326412491e-04
7.169611824999999499e+02 3.460197442808938964e-04 3.192283632178136415e-04
7.169614949999998998e+02 2.992109622293789156e-04 3.226412161463831571e-04
7.169618074999999635e+02 3.696194182017523751e-04 3.259311581826496575e-04
7.169621199999999135e+02 3.396815962787067380e-04 3.291045020504922559e-04
7.169624324999999772e+02 3.739306887258267149e-04 3.321672361945208303e-04
7.169627449999999271e+02 3.098386227189635226e-04 3.351250357384026623e-04
7.169630574999999908e+02 3.352198234161053096e-04 3.379832744364255495e-04
7.169633699999999408e+02 3.342885660720198472e-04 3.407470372288384157e-04
7.169636825000000044e+02 3.770780916386763941e-04 3.434211331530328203e-04
7.169639949999999544e+02 3.609731903488997838e-04 3.460101083538435324e-04
7.169643074999999044e+02 3.184197492996282733e-04 3.485182590495323400e-04
7.169646199999999681e+02 3.702201103801445211e-04 3.509496442937346059e-04
7.169649324999999180e+02 3.687258941265263764e-04 3.533080984416375313e-04
7.169652449999999817e+02 3.583666846388164416e-04 3.555972432528540887e-04
7.169655574999999317e+02 3.739210594682354982e-04 3.578204995551858051e-04
7.169658699999999953e+02 3.469821170977274217e-04 3.599810984589433042e-04
7.169661824999999453e+02 3.496914245826349024e-04 3.620820920721139918e-04
7.169664950000000090e+02 3.686074937092943295e-04 3.641263637302358074e-04
7.169668074999999590e+02 3.551473553087459599e-04 3.661166377123780649e-04
7.169671199999999089e+02 3.683910004157554601e-04 3.680554884703104231e-04
7.169674324999999726e+02 3.958596798113528056e-04 3.699453493603457161e-04
7.169677449999999226e+02 3.213080509666077999e-04 3.717885208980717046e-04
7.169680574999999862e+02 3.127851807181344077e-04 3.735871785575225947e-04
7.169683699999999362e+02 4.121215340341968488e-04 3.753433801150499378e-04
7.169686824999999999e+02 3.941297261764081837e-04 3.770590725771192373e-04
7.169689949999999499e+02 4.479755945845958391e-04 3.787360986903651932e-04
7.169693074999998998e+02 3.693892759813026676e-04 3.803762030734549483e-04
7.169696199999999635e+02 3.818140604535107552e-04 3.819810379746433823e-04
7.169699324999999135e+02 3.593630033875701941e-04 3.835521686811418115e-04
7.169702449999999772e+02 3.743815882691292293e-04 3.850910786049719812e-04
7.169705574999999271e+02 3.847322565805919394e-04 3.865991740495529306e-04
7.169708699999999908e+02 3.945364283838281578e-04 3.880777886927088164e-04
7.169711824999999408e+02 4.325989656886248982e-04 3.895281877854580156e-04
7.169714950000000044e+02 3.631972227868153079e-04 3.909515721006925080e-04
7.169718074999999544e+02 3.175755745875266005e-04 3.923490816302795288e-04
7.169721199999999044e+02 3.844409364858265474e-04 3.937217990619547672e-04
7.169724324999999681e+02 3.965599560653044488e-04 3.950707530370676222e-04
7.169727449999999180e+02 3.753572690492428909e-04 3.963969212079845460e-04
7.169730574999999817e+02 4.509288409225007039e-04 3.977012331124721756e-04
7.169733699999999317e+02 3.977787800770826265e-04 3.989845728648364737e-04
7.169736824999999953e+02 4.046289216241560904e-04 4.002477816899456336e-04
7.169739949999999453e+02 4.165333590644920247e-04 4.014916602954489823e-04
7.169743075000000090e+02 4.315249562002105611e-04 4.027169711069991339e-04
7.169746199999999590e+02 4.058701927413705681e-04 4.039244403610054769e-04
7.169749324999999089e+02 3.687942607113700610e-04 4.051147600776288044e-04
7.169752449999999726e+02 3.828714841744270737e-04 4.062885899108569085e-04
7.169755574999999226e+02 4.700911792009805613e-04 4.074465588878527201e-04
7.169758699999999862e+02 4.580735552211885543e-04 4.085892670487776776e-04
7.169761824999999362e+02 4.314008148957082273e-04 4.097172869831362373e-04
7.169764949999999999e+02 4.177647268952205495e-04 4.108311652818773881e-04
7.169768074999999499e+02 3.747575553161926914e-04 4.119314238977244140e-04
7.169771199999998998e+02 4.001239467836108796e-04 4.130185614318785487e-04
7.169774324999999635e+02 4.219910388413065602e-04 4.140930543419205382e-04
7.169777449999999135e+02 3.972177505650929352e-04 4.151553580797932527e-04
7.169780574999999772e+02 3.698868165736300456e-04 4.162059081680557896e-04
7.169783699999999271e+02 3.647605872950467933e-04 4.172451212088222291e-04
7.169786824999999908e+02 4.113197405885002985e-04 4.182733958411922743e-04
7.169789949999999408e+02 4.030179445936956143e-04 4.192911136385213573e-04
7.169793075000000044e+02 4.379145206771579328e-04 4.202986399609809028e-04
