7.070372539999999617e+02 4.061582848675294641e-04 3.957135514787849038e-04
7.070375664999999117e+02 3.866745656015537565e-04 3.959679804013330868e-04
7.070378789999999753e+02 4.112233327576001775e-04 3.961722383563326378e-04
7.070381914999999253e+02 4.529897395564317698e-04 3.963244250730934594e-04
7.070385039999999890e+02 3.962880592551202988e-04 3.964225583046692130e-04
7.070388164999999390e+02 4.334505240647926389e-04 3.964645701357199029e-04
7.070391290000000026e+02 4.265947998512722127e-04 3.964483031467052579e-04
7.070394414999999526e+02 4.499871598042434599e-04 3.963715064325991073e-04
7.070397540000000163e+02 4.155945002947038637e-04 3.962318314769004961e-04
7.070400664999999663e+02 4.066480884044542353e-04 3.960268278826585922e-04
7.070403789999999162e+02 4.189062321856907353e-04 3.957539389626384260e-04
7.070406914999999799e+02 3.805346849349363226e-04 3.954104971941212795e-04
7.070410039999999299e+02 3.827533944169827975e-04 3.949937195450831887e-04
7.070413164999999935e+02 3.335349030315678392e-04 3.945007026788711923e-04
7.070416289999999435e+02 4.140678661176287398e-04 3.939284180527273505e-04
7.070419415000000072e+02 4.413751269703266493e-04 3.932737069203388089e-04
7.070422539999999572e+02 4.628801436013349653e-04 3.925332752629387759e-04
7.070425664999999071e+02 4.121865183324436308e-04 3.917036886657186082e-04
7.070428789999999708e+02 3.798528477056219198e-04 3.907813671731663672e-04
7.070431914999999208e+02 3.991802194858489394e-04 3.897625801557993096e-04
7.070435039999999844e+02 3.521720519476901701e-04 3.886434412249008393e-04
7.070438164999999344e+02 3.708614371797653696e-04 3.874199032527907713e-04
7.070441289999999981e+02 3.829874565495134157e-04 3.860877535444075552e-04
7.070444414999999481e+02 3.676687858347424702e-04 3.846426092408629263e-04
7.070447540000000117e+02 3.534357981858350607e-04 3.830799130198906310e-04
7.070450664999999617e+02 3.875999652541239448e-04 3.813949292011747320e-04
7.070453789999999117e+02 3.515870221402741993e-04 3.795827403478390229e-04
7.070456914999999753e+02 4.478918024431380448e-04 3.776382445020518702e-04
7.070460039999999253e+02 3.031325016084480397e-04 3.755561531939693174e-04
7.070463164999999890e+02 3.404610447989635485e-04 3.733309903812256025e-04
7.070466289999999390e+02 3.581227158338290049e-04 3.709570925273684094e-04
7.070469415000000026e+02 3.721393100331384942e-04 3.684286100126785710e-04
7.070472539999999526e+02 3.970658096251537513e-04 3.657395101509355634e-04
7.070475665000000163e+02 3.177897861309546745e-04 3.628835820658834360e-04
7.070478789999999663e+02 3.358594129805861817e-04 3.598544437757657559e-04
7.070481914999999162e+02 3.140819336798976284e-04 3.566455518158200325e-04
7.070485039999999799e+02 3.398186665606531135e-04 3.532502138287321671e-04
7.070488164999999299e+02 3.038786901396713157e-04 3.496616045682990402e-04
7.070491289999999935e+02 3.088031730421643287e-04 3.458727858090436470e-04
7.070494414999999435e+02 3.205586933736384288e-04 3.418767307568998880e-04
7.070497540000000072e+02 2.629894141868616055e-04 3.376663535426139965e-04
7.070500664999999572e+02 2.989997893248567658e-04 3.332345445262699011e-04
7.070503789999999071e+02 3.000961137744626375e-04 3.285742121155465242e-04
7.070506914999999708e+02 2.716230477089688535e-04 3.236783319452748563e-04
7.070510039999999208e+02 3.389274193067767348e-04 3.185400042769361961e-04
7.070513164999999844e+02 2.641077221292574030e-04 3.131525205268495147e-04
7.070516289999999344e+02 2.567694186540728967e-04 3.075094399467884448e-04
7.070519414999999981e+02 2.539608866813580714e-04 3.016046774135764264e-04
7.070522539999999481e+02 2.566629164497938233e-04 2.954326034255709446e-04
7.070525665000000117e+02 2.855974000978125297e-04 2.889881572725567453e-04
7.070528789999999617e+02 2.806790903402495369e-04 2.822669744467240331e-04
7.070531914999999117e+02 2.706122741356406644e-04 2.752655291516256349e-04
7.070535039999999753e+02 2.426116547375058012e-04 2.679812927701039852e-04
7.070538164999999253e+02 2.456220634546085117e-04 2.604129088914662257e-04
7.070541289999999890e+02 2.424173346959450110e-04 2.525603852336169054e-04
7.070544414999999390e+02 2.157308183456865943e-04 2.444253025494603571e-04
7.070547540000000026e+02 1.870088112774978269e-04 2.360110400085496424e-04
7.070550664999999526e+02 2.007854539493406651e-04 2.273230161626725782e-04
7.070553790000000163e+02 2.011310303039881152e-04 2.183689437313400170e-04
7.070556914999999663e+02 1.759780283103229187e-04 2.091590958120372534e-04
7.070560039999999162e+02 2.039881975867983489e-04 1.997065799585656437e-04
7.070563164999999799e+02 1.761053633018260368e-04 1.900276156410247606e-04
7.070566289999999299e+02 1.666641979794073792e-04 1.801418092530142183e-04
7.070569414999999935e+02 2.007079068512399359e-04 1.700724194784404618e-04
7.070572539999999435e+02 1.539312140503511477e-04 1.598466045397999209e-04
7.070575665000000072e+02 1.505309648185862545e-04 1.494956412155992850e-04
7.070578789999999572e+02 1.437196836364100928e-04 1.390551043687319078e-04
7.070581914999999071e+02 1.331946349140438108e-04 1.285649942765871266e-04
7.070585039999999708e+02 1.019587369326689424e-04 1.180697983151705855e-04
7.070588164999999208e+02 1.554860453805394769e-04 1.076184728796841935e-04
7.070591289999999844e+02 1.005119166029841334e-04 9.726433143866401254e-05
7.070594414999999344e+02 1.087566959552024577e-04 8.706482547474527227e-05
7.070597539999999981e+02 1.053290267614969973e-04 7.708120642208301566e-05
7.070600664999999481e+02 9.890248042578525045e-05 6.737805947936928311e-05
7.070603790000000117e+02 8.090046849975033488e-05 5.802270350175397709e-05
7.070606914999999617e+02 7.117234137065571735e-05 4.908445600480011576e-05
7.070610039999999117e+02 8.075159387971745707e-05 4.063376763550096332e-05
7.070613164999999753e+02 7.641283031393922634e-05 3.274123697655104354e-05
7.070616289999999253e+02 6.716399005301088140e-05 2.547652321601682915e-05
7.070619414999999890e+02 5.214240298143335518e-05 1.890718110458239112e-05
7.070622539999999390e+02 4.780871199196966824e-05 1.309744919686614233e-05
7.070625665000000026e+02 4.565965788426544763e-05 8.107027784541017350e-06
7.070628789999999526e+02 1.875099622135452339e-05 3.989887188704568165e-06
7.070631915000000163e+02 3.080109769690800309e-05 7.931491007497442213e-07
7.070635039999999663e+02 3.319956202466349451e-05 -1.443916359168792069e-06
7.070638164999999162e+02 2.657832433335152565e-05 -2.690737961044305627e-06
7.070641289999999799e+02 1.642731545981104474e-05 -2.926100246452178026e-06
7.070644414999999299e+02 1.201436210350110805e-05 -2.138582671480001373e-06
7.070647539999999935e+02 1.514782548495460672e-05 -3.267629813604536098e-07
7.070650664999999435e+02 2.590438385721581033e-06 2.500822685011516546e-06
7.070653790000000072e+02 1.371554103351535210e-05 6.325959492923975824e-06
7.070656914999999572e+02 9.306294231242753803e-06 1.112125925165310669e-05
7.070660039999999071e+02 7.130715434366052967e-06 1.685086770080010990e-05
7.070663164999999708e+02 7.413238431752089646e-06 2.347134211392636673e-05
7.070666289999999208e+02 9.159055123092009010e-06 3.093266192225989093e-05
7.070669414999999844e+02 1.368909942036403862e-05 3.917933180895784480e-05
7.070672539999999344e+02 2.137750090183720194e-05 4.815153579911245511e-05
7.070675664999999981e+02 2.795938249700628483e-05 5.778630247335663574e-05
7.070678789999999481e+02 2.984728460825201575e-05 6.801864464840221675e-05
7.070681915000000117e+02 3.797190859093049937e-05 7.878264195844986444e-05
7.070685039999999617e+02 3.917382946448109461e-05 9.001244044072048028e-05
7.070688164999999117e+02 8.537102372413288059e-05 1.016431498289773795e-04
7.070691289999999753e+02 6.976653124119817646e-05 1.136116254559426736e-04
7.070694414999999253e+02 9.283650556231946957e-05 1.258571278488479072e-04
7.070697539999999890e+02 1.003153936350423178e-04 1.383218585255291844e-04
7.070700664999999390e+02 1.077807741143479693e-04 1.509513749200678905e-04
7.070703790000000026e+02 1.337395935270399767e-04 1.636948912664405145e-04
7.070706914999999526e+02 1.635432863109454273e-04 1.765054746925699789e-04
7.070710040000000163e+02 1.404068369597639564e-04 1.893401478785794445e-04
7.070713164999999663e+02 1.397751800010456130e-04 2.021599103459025969e-04
7.070716289999999162e+02 1.834421807025453984e-04 2.149296910608423819e-04
7.070719414999999799e+02 2.052529665409082149e-04 2.276182445508649795e-04
7.070722539999999299e+02 1.855162132435639105e-04 2.401980022540508208e-04
7.070725664999999935e+02 2.635779619445971392e-04 2.526448898859329022e-04
7.070728789999999435e+02 2.444509176695687036e-04 2.649381203284544386e-04
7.070731915000000072e+02 3.164800784409251477e-04 2.770599705900895463e-04
7.070735039999999572e+02 2.723843135507659444e-04 2.889955498678616996e-04
7.070738164999999071e+02 3.109541305315356176e-04 3.007325648283827482e-04
7.070741289999999708e+02 3.149319881110910070e-04 3.122610868521022627e-04
7.070744414999999208e+02 2.883055980163074655e-04 3.235733251187842305e-04
7.070747539999999844e+02 2.799883997652394155e-04 3.346634084966803474e-04
7.070750664999999344e+02 3.525706665825292666e-04 3.455271782633508450e-04
7.070753789999999981e+02 3.549964181314167527e-04 3.561619932435724795e-04
7.070756914999999481e+02 3.500566910911606005e-04 3.665665481319547287e-04
7.070760040000000117e+02 3.930658358895035612e-04 3.767407055648051232e-04
7.070763164999999617e+02 4.338693356969383760e-04 3.866853418892786626e-04
7.070766289999999117e+02 4.039704528533143331e-04 3.964022065340280700e-04
7.070769414999999753e+02 3.794813761835493524e-04 4.058937944584229828e-04
7.070772539999999253e+02 4.669060806496823585e-04 4.151632311338659216e-04
7.070775664999999890e+02 4.663781351934453458e-04 4.242141693963904299e-04
7.070778789999999390e+02 4.722268305615559070e-04 4.330506973245075810e-04
7.070781915000000026e+02 4.833302611306188870e-04 4.416772564495607717e-04
7.070785039999999526e+02 4.184900910895068002e-04 4.500985693853145719e-04
7.070788165000000163e+02 4.948087045259510434e-04 4.583195761802109111e-04
7.070791289999999663e+02 4.972105414326175900e-04 4.663453785150477099e-04
7.070794414999999162e+02 5.107747346589470386e-04 4.741811910975938637e-04
7.070797539999999799e+02 6.609309046833645746e-04 4.818322994743755999e-04
7.070800664999999299e+02 5.301530579084381403e-04 4.893040236319888114e-04
7.070803789999999935e+02 5.435667559421597734e-04 4.966016868015356170e-04
7.070806914999999435e+02 5.256607147940150528e-04 5.037305888327429579e-04
7.070810040000000072e+02 5.662059225249651282e-04 5.106959837039077481e-04
7.070813164999999572e+02 5.739565195079298710e-04 5.175030606104511150e-04
7.070816289999999071e+02 5.351232162571611375e-04 5.241569282842820305e-04
7.070819414999999708e+02 6.025844761477133554e-04 5.306626020925268731e-04
7.070822539999999208e+02 6.630241247225905589e-04 5.370249935940492542e-04
7.070825664999999844e+02 5.614184178150599452e-04 5.432489022637063212e-04
7.070828789999999344e+02 6.048960211863973124e-04 5.493390090469184132e-04
7.070831914999999981e+02 5.719679793199739046e-04 5.552998715673945198e-04
7.070835039999999481e+02 6.079942341009123138e-04 5.611359206944527929e-04
7.070838165000000117e+02 6.133113143257833480e-04 5.668514583449755237e-04
7.070841289999999617e+02 5.788865208133381216e-04 5.724506562773844969e-04
7.070844414999999117e+02 5.710283373261658153e-04 5.779375557909446730e-04
7.070847539999999753e+02 5.992739923366272514e-04 5.833160681433185264e-04
7.070850664999999253e+02 7.476939254291348116e-04 5.885899755903225422e-04
7.070853789999999890e+02 6.039111960954956886e-04 5.937629329632357041e-04
7.070856914999999390e+02 6.414117624630586616e-04 5.988384696452937663e-04
7.070860040000000026e+02 5.927428283729603391e-04 6.038199919282337923e-04
7.070863164999999526e+02 6.037150685774494941e-04 6.087107856204235787e-04
7.070866290000000163e+02 6.025437659984438001e-04 6.135140189065945056e-04
7.070869414999999663e+02 6.736287007275129158e-04 6.182327453501014350e-04
7.070872539999999162e+02 7.226804641349121030e-04 6.228699070490381628e-04
7.070875664999999799e+02 6.670654146639512852e-04 6.274283378642523876e-04
7.070878789999999299e+02 6.765273301425167411e-04 6.319107667052376682e-04
7.070881914999999935e+02 6.457962102637169414e-04 6.363198208623166950e-04
7.070885039999999435e+02 6.376110547250322903e-04 6.406580293209175516e-04
7.070888165000000072e+02 6.438293406177932532e-04 6.449278260888664750e-04
7.070891289999999572e+02 6.419913696831723799e-04 6.491315534689954094e-04
7.070894414999999071e+02 6.972010876742456252e-04 6.532714653125448702e-04
7.070897539999999708e+02 6.156442355344413867e-04 6.573497302029552821e-04
7.070900664999999208e+02 6.638282589868372803e-04 6.613684345771374739e-04
7.070903789999999844e+02 6.299820742553179998e-04 6.653295857912643312e-04
7.070906914999999344e+02 5.827858965921832533e-04 6.692351150887236111e-04
7.070910039999999981e+02 6.806007354043477247e-04 6.730868805111944872e-04
7.070913164999999481e+02 7.141257264430022397e-04 6.768866697035649804e-04
7.070916290000000117e+02 6.315945277514622936e-04 6.806362026560206337e-04
7.070919414999999617e+02 6.276819934720912104e-04 6.843371343371232709e-04
7.070922539999999117e+02 7.202438569470908389e-04 6.879910572602083952e-04
7.070925664999999753e+02 6.965984536914224170e-04 6.915995039486729293e-04
7.070928789999999253e+02 6.848833483090418280e-04 6.951639493147252977e-04
7.070931914999999890e+02 6.471821498645528945e-04 6.986858129652107714e-04
7.070935039999999390e+02 6.887380308087129397e-04 7.021664614032433567e-04
7.070938165000000026e+02 7.258861288313721337e-04 7.056072101673336455e-04
7.070941289999999526e+02 6.299144073031237101e-04 7.090093258687745923e-04
7.070944415000000163e+02 6.829421155842153434e-04 7.123740281697619808e-04
7.070947539999999663e+02 7.096173260799959644e-04 7.157024916642690032e-04
7.070950664999999162e+02 6.618646664074775586e-04 7.189958477022935024e-04
7.070953789999999799e+02 6.862183298898118060e-04 7.222551861289009095e-04
7.070956914999999299e+02 7.556359414680246861e-04 7.254815569529388889e-04
7.070960039999999935e+02 7.003455465323441247e-04 7.286759719593048417e-04
7.070963164999999435e+02 7.034373482626083210e-04 7.318394062376793168e-04
7.070966290000000072e+02 6.496240322382926691e-04 7.349727996664241932e-04
7.070969414999999572e+02 6.805607260052579490e-04 7.380770583167650060e-04
7.070972539999999071e+02 8.047650908393364161e-04 7.411530558152793022e-04
7.070975664999999708e+02 6.774139228908414127e-04 7.442016346382510214e-04
7.070978789999999208e+02 7.300155770593105831e-04 7.472236073517612076e-04
7.070981914999999844e+02 7.598472966965834439e-04 7.502197578105073740e-04
7.070985039999999344e+02 7.490527568479646682e-04 7.531908422898985715e-04
7.070988164999999981e+02 6.933544629936720226e-04 7.561375905875210952e-04
7.070991289999999481e+02 6.959616338221968077e-04 7.590607070610735224e-04
7.070994415000000117e+02 7.385995805109167285e-04 7.619608716392852745e-04
