7.163199039999999513e+02 3.163531515554329288e-04 3.091305235724062044e-04
7.163202164999999013e+02 3.301703643345093035e-04 3.093327388229730689e-04
7.163205289999999650e+02 3.520810501219770634e-04 3.095218233944088551e-04
7.163208414999999150e+02 3.131959773640979102e-04 3.096972594756930474e-04
7.163211539999999786e+02 3.221599554537740175e-04 3.098585043733825101e-04
7.163214664999999286e+02 3.122610852444216399e-04 3.100049891159953352e-04
7.163217789999999923e+02 2.826135244949386097e-04 3.101361169713074501e-04
7.163220914999999422e+02 3.638660775511641824e-04 3.102512618686475835e-04
7.163224040000000059e+02 3.263560384844973040e-04 3.103497667214132668e-04
7.163227164999999559e+02 3.107593278373276761e-04 3.104309416413531561e-04
7.163230289999999059e+02 2.789450849804156691e-04 3.104940620385006648e-04
7.163233414999999695e+02 3.378080374177130137e-04 3.105383665978050781e-04
7.163236539999999195e+02 3.054083860017278284e-04 3.105630551244690910e-04
7.163239664999999832e+02 3.408754860790407654e-04 3.105672862488848213e-04
7.163242789999999331e+02 2.859351440113396025e-04 3.105501749811562869e-04
7.163245914999999968e+02 2.748220410877193058e-04 3.105107901050545229e-04
7.163249039999999468e+02 3.128841804952965872e-04 3.104481514002640770e-04
7.163252164999998968e+02 3.017450507119635102e-04 3.103612266809062424e-04
7.163255289999999604e+02 2.829934414779681075e-04 3.102489286379391713e-04
7.163258414999999104e+02 3.792773181347058832e-04 3.101101114720847068e-04
7.163261539999999741e+02 3.065130587234446836e-04 3.099435673023875990e-04
7.163264664999999241e+02 3.488309720356873528e-04 3.097480223364664875e-04
7.163267789999999877e+02 3.063736569532907877e-04 3.095221327848329969e-04
7.163270914999999377e+02 2.766415323055776507e-04 3.092644805043179334e-04
7.163274040000000014e+02 3.299406761078148374e-04 3.089735683505065618e-04
7.163277164999999513e+02 2.777627207066480893e-04 3.086478152231321112e-04
7.163280289999999013e+02 2.869332833188456100e-04 3.082855507820079404e-04
7.163283414999999650e+02 3.186936658242284269e-04 3.078850098155897852e-04
7.163286539999999150e+02 2.935050895075451503e-04 3.074443262403889036e-04
7.163289664999999786e+02 3.225655549530518002e-04 3.069615267078058601e-04
7.163292789999999286e+02 2.817645894374875290e-04 3.064345238002296043e-04
7.163295914999999923e+02 2.650791075322515367e-04 3.058611087891180587e-04
7.163299039999999422e+02 3.102843693998506326e-04 3.052389439385662481e-04
7.163302165000000059e+02 2.879224024636066839e-04 3.045655543265603162e-04
7.163305289999999559e+02 3.046184135314774968e-04 3.038383191699554529e-04
7.163308414999999059e+02 2.999764407591731666e-04 3.030544626271524907e-04
7.163311539999999695e+02 3.253446844222562633e-04 3.022110440676013311e-04
7.163314664999999195e+02 2.793544942595671348e-04 3.013049477928835245e-04
7.163317789999999832e+02 3.518423437431369787e-04 3.003328721970504201e-04
7.163320914999999331e+02 2.874171472902423293e-04 2.992913183716036348e-04
7.163324039999999968e+02 2.759153867581210298e-04 2.981765781500064793e-04
7.163327164999999468e+02 3.133622155582801820e-04 2.969847216184235729e-04
7.163330289999998968e+02 3.022177396428241168e-04 2.957115841092203441e-04
7.163333414999999604e+02 2.672718818915691260e-04 2.943527527312953754e-04
7.163336539999999104e+02 2.932647287505183754e-04 2.929035524985482792e-04
7.163339664999999741e+02 2.760321522998088889e-04 2.913590321405054671e-04
7.163342789999999241e+02 2.685952269842692159e-04 2.897139497286866272e-04
7.163345914999999877e+02 2.936432408675477570e-04 2.879627582608440929e-04
7.163349039999999377e+02 3.148272306888012318e-04 2.860995914261193411e-04
7.163352165000000014e+02 2.711053263477835955e-04 2.841182497933249468e-04
7.163355289999999513e+02 2.771545226041174752e-04 2.820121877725031631e-04
7.163358414999999013e+02 2.790833063050946893e-04 2.797745017408982812e-04
7.163361539999999650e+02 2.412469932994664693e-04 2.773979198615048112e-04
7.163364664999999150e+02 2.359579415098352821e-04 2.748747942172327088e-04
7.163367789999999786e+02 2.392319858977212503e-04 2.721970960204614484e-04
7.163370914999999286e+02 2.673435656518298106e-04 2.693564148565212070e-04
7.163374039999999923e+02 2.796648193539149002e-04 2.663439630641916485e-04
7.163377164999999422e+02 2.736237168610735596e-04 2.631505866452524224e-04
7.163380290000000059e+02 2.507361977963811005e-04 2.597667842965306942e-04
7.163383414999999559e+02 2.424691949930752471e-04 2.561827365322084135e-04
7.163386539999999059e+02 2.356787595308478455e-04 2.523883471418324068e-04
7.163389664999999695e+02 2.497014686222604222e-04 2.483732996873914685e-04
7.163392789999999195e+02 2.480574374465657739e-04 2.441271321380814171e-04
7.163395914999999832e+02 1.907017596134548626e-04 2.396393332086513858e-04
7.163399039999999331e+02 2.310326023524016744e-04 2.348994645238142729e-04
7.163402164999999968e+02 2.290536661520882207e-04 2.298973131592879280e-04
7.163405289999999468e+02 2.277632407730654336e-04 2.246230797113350742e-04
7.163408414999998968e+02 1.819352476494774890e-04 2.190676073897359819e-04
7.163411539999999604e+02 2.137993519538078173e-04 2.132226580681429731e-04
7.163414664999999104e+02 1.994172163481446047e-04 2.070812413269157177e-04
7.163417789999999741e+02 1.783857256246009404e-04 2.006380023955534270e-04
7.163420914999999241e+02 1.983951664743595258e-04 1.938896744532904849e-04
7.163424039999999877e+02 1.837048608126643423e-04 1.868355995289824715e-04
7.163427164999999377e+02 1.876533103616974158e-04 1.794783205399820677e-04
7.163430290000000014e+02 1.665759899157659191e-04 1.718242440428568323e-04
7.163433414999999513e+02 1.436428106351196631e-04 1.638843694217242410e-04
7.163436539999999013e+02 1.575498639835761351e-04 1.556750746541527898e-04
7.163439664999999650e+02 1.367817595258734461e-04 1.472189419354859210e-04
7.163442789999999150e+02 1.322191534384003478e-04 1.385455976732499035e-04
7.163445914999999786e+02 1.426219778322016050e-04 1.296925311009864226e-04
7.163449039999999286e+02 1.352569915177626091e-04 1.207058443797125164e-04
7.163452164999999923e+02 1.288930599196476813e-04 1.116408748356336313e-04
7.163455289999999422e+02 1.078849165358929021e-04 1.025626187086097477e-04
7.163458415000000059e+02 1.108111676459569515e-04 9.354587627926941491e-05
7.163461539999999559e+02 1.128234169378144878e-04 8.467503340059408343e-05
7.163464664999999059e+02 8.421484412741735614e-05 7.604339586513848392e-05
7.163467789999999695e+02 7.203046891640342781e-05 6.775200397430336031e-05
7.163470914999999195e+02 5.230843804793220477e-05 5.990787653725780318e-05
7.163474039999999832e+02 6.355623597421842272e-05 5.262166784862628508e-05
7.163477164999999331e+02 7.797022318747562223e-05 4.600476741369463206e-05
7.163480289999999968e+02 3.863948968850383110e-05 4.016592721405958633e-05
7.163483414999999468e+02 5.754735842169304453e-05 3.520756050248065468e-05
7.163486539999998968e+02 3.919195649299075950e-05 3.122191135062170938e-05
7.163489664999999604e+02 2.861707242662508546e-05 2.828733722729502055e-05
7.163492789999999104e+02 2.843991097837222188e-05 2.646496854522436168e-05
7.163495914999999741e+02 2.899952399936376110e-05 2.579600305029926930e-05
7.163499039999999241e+02 3.922912335258374906e-05 2.629985620584687352e-05
7.163502164999999877e+02 2.072344400608715402e-05 2.797332354828252422e-05
7.163505289999999377e+02 1.628829004501345911e-05 3.079082493533095733e-05
7.163508415000000014e+02 4.475878322189060345e-05 3.470570508659113037e-05
7.163511539999999513e+02 2.255374891726711527e-05 3.965247319654440671e-05
7.163514664999999013e+02 4.756817249384366066e-05 4.554978930435105942e-05
7.163517789999999650e+02 3.766195680282877705e-05 5.230395557873351587e-05
7.163520914999999150e+02 5.871698543746445612e-05 5.981265128245066815e-05
7.163524039999999786e+02 4.409028285717415876e-05 6.796865997248606852e-05
7.163527164999999286e+02 4.510551244172172891e-05 7.666337113007192698e-05
7.163530289999999923e+02 6.311870914506531615e-05 8.578988831756150565e-05
7.163533414999999422e+02 7.469346290397658203e-05 9.524563274220719479e-05
7.163536540000000059e+02 7.300079274355934030e-05 1.049343874829128165e-04
7.163539664999999559e+02 9.397066367971373512e-05 1.147677767680802983e-04
7.163542789999999059e+02 1.236721186083070047e-04 1.246662137211104727e-04
7.163545914999999695e+02 1.335360659746156261e-04 1.345593767150119651e-04
7.163549039999999195e+02 1.613273015422869987e-04 1.443862900672162957e-04
7.163552164999999832e+02 1.382687187684559257e-04 1.540950904905333686e-04
7.163555289999999331e+02 1.671302522438445801e-04 1.636425587517920707e-04
7.163558414999999968e+02 1.781941335756525820e-04 1.729934892038477348e-04
7.163561539999999468e+02 1.942447185370216225e-04 1.821199596482783050e-04
7.163564664999998968e+02 2.009003620776411757e-04 1.910005529641313330e-04
7.163567789999999604e+02 2.300452719064846976e-04 1.996195705250786514e-04
7.163570914999999104e+02 2.188195921040875008e-04 2.079662671958869107e-04
7.163574039999999741e+02 2.203873120966407971e-04 2.160341286781173274e-04
7.163577164999999241e+02 2.617551499710082854e-04 2.238202043903312472e-04
7.163580289999999877e+02 2.419195359602221659e-04 2.313245032954716878e-04
7.163583414999999377e+02 2.716699552935638619e-04 2.385494553726444410e-04
7.163586540000000014e+02 2.477122638737572387e-04 2.454994383174421719e-04
7.163589664999999513e+02 2.443739598150880175e-04 2.521803666006614637e-04
7.163592789999999013e+02 2.145766458453272647e-04 2.585993387234813198e-04
7.163595914999999650e+02 2.813412771975215033e-04 2.647643375268139134e-04
7.163599039999999150e+02 2.778947451546316216e-04 2.706839781372951423e-04
7.163602164999999786e+02 2.516093884826527539e-04 2.763672980889986534e-04
7.163605289999999286e+02 3.012764415577787376e-04 2.818235842753058192e-04
7.163608414999999923e+02 2.738449728760492820e-04 2.870622318398433678e-04
7.163611539999999422e+02 3.181670972267183263e-04 2.920926303982157601e-04
7.163614665000000059e+02 2.613585705666365811e-04 2.969240735653113999e-04
7.163617789999999559e+02 2.850713715668079431e-04 3.015656880979586071e-04
7.163620914999999059e+02 3.133758497428345419e-04 3.060263795262480892e-04
7.163624039999999695e+02 2.990321271173299739e-04 3.103147914626758447e-04
7.163627164999999195e+02 3.201763270540419759e-04 3.144392762261126375e-04
7.163630289999999832e+02 3.413092663157676508e-04 3.184078747577368841e-04
7.163633414999999331e+02 3.240914076728649597e-04 3.222283040609234448e-04
7.163636539999999968e+02 3.470952856840203954e-04 3.259079507507801421e-04
7.163639664999999468e+02 3.935687601619327594e-04 3.294538694406792876e-04
7.163642789999998968e+02 3.556207490242874322e-04 3.328727849849159978e-04
7.163645914999999604e+02 3.237437016802452460e-04 3.361710976922106212e-04
7.163649039999999104e+02 3.117918502479564698e-04 3.393548908212980111e-04
7.163652164999999741e+02 3.713362848349076100e-04 3.424299397912363655e-04
7.163655289999999241e+02 3.125718354290947586e-04 3.454017226044615190e-04
7.163658414999999877e+02 3.691993880555302144e-04 3.482754311342808320e-04
7.163661539999999377e+02 3.611159492186253738e-04 3.510559829309434178e-04
7.163664665000000014e+02 3.627147270887425500e-04 3.537480333326591987e-04
7.163667789999999513e+02 3.362214950296455221e-04 3.563559876510238845e-04
7.163670914999999013e+02 3.886566560670599727e-04 3.588840133076824992e-04
7.163674039999999650e+02 3.919940993177357860e-04 3.613360517773950590e-04
7.163677164999999150e+02 3.734209318700297759e-04 3.637158302568561821e-04
7.163680289999999786e+02 3.957982017070941095e-04 3.660268729996516085e-04
7.163683414999999286e+02 4.174959036156782001e-04 3.682725122466852280e-04
7.163686539999999923e+02 3.982026268597338328e-04 3.704558987453646459e-04
7.163689664999999422e+02 3.723176798296857571e-04 3.725800118094398333e-04
7.163692790000000059e+02 3.686891722508867921e-04 3.746476689343265299e-04
7.163695914999999559e+02 4.172471376827699549e-04 3.766615349388855913e-04
7.163699039999999059e+02 3.840499109355356841e-04 3.786241306601968943e-04
7.163702164999999695e+02 3.968516299703080553e-04 3.805378411893330527e-04
7.163705289999999195e+02 3.585958483847170972e-04 3.824049236668428066e-04
7.163708414999999832e+02 4.095952060190641243e-04 3.842275146577827597e-04
7.163711539999999331e+02 4.178046379946108359e-04 3.860076371044105750e-04
7.163714664999999968e+02 3.825315675276398197e-04 3.877472068940530773e-04
7.163717789999999468e+02 3.817728427293980414e-04 3.894480390381997313e-04
7.163720914999998968e+02 3.840374717752730320e-04 3.911118535006781493e-04
7.163724039999999604e+02 3.948945356824146765e-04 3.927402806766488986e-04
7.163727164999999104e+02 3.685239327451925477e-04 3.943348665467942635e-04
7.163730289999999741e+02 4.172171905713474398e-04 3.958970775296858854e-04
7.163733414999999241e+02 4.005604104483852408e-04 3.974283050347037307e-04
7.163736539999999877e+02 3.471100507968688021e-04 3.989298697498829698e-04
7.163739664999999377e+02 3.935937332792795521e-04 4.004030256623075873e-04
7.163742790000000014e+02 4.275011466777288265e-04 4.018489638440521025e-04
7.163745914999999513e+02 4.072018674931747267e-04 4.032688160006578609e-04
7.163749039999999013e+02 3.619817098326368315e-04 4.046636578125839025e-04
7.163752164999999650e+02 4.468971134788227747e-04 4.060345120693884067e-04
7.163755289999999150e+02 3.912075872118629801e-04 4.073823516145172029e-04
7.163758414999999786e+02 4.354961445750848742e-04 4.087081021171650700e-04
7.163761539999999286e+02 4.061882834183518651e-04 4.100126446699288397e-04
7.163764664999999923e+02 4.233548463071499287e-04 4.112968182378341103e-04
7.163767789999999422e+02 3.809656385967824239e-04 4.125614219530734841e-04
7.163770915000000059e+02 3.692295944538738733e-04 4.138072172798477910e-04
7.163774039999999559e+02 4.638245328852845604e-04 4.150349300429821871e-04
7.163777164999999059e+02 3.993065320035578403e-04 4.162452523427079103e-04
7.163780289999999695e+02 4.197870876372650911e-04 4.174388443517480351e-04
7.163783414999999195e+02 3.945412064471837729e-04 4.186163360065141888e-04
7.163786539999999832e+02 3.940079007477972428e-04 4.197783286032556000e-04
7.163789664999999331e+02 3.884831294362134976e-04 4.209253962946448314e-04
7.163792789999999968e+02 4.182181041246303991e-04 4.220580875058961958e-04
7.163795914999999468e+02 3.991787526582997589e-04 4.231769262623427479e-04
7.163799039999998968e+02 4.346855738662859557e-04 4.242824134465349845e-04
7.163802164999999604e+02 4.223486753830495784e-04 4.253750279792435141e-04
7.163805289999999104e+02 4.162746301296253509e-04 4.264552279330737915e-04
7.163808414999999741e+02 4.173205809611963552e-04 4.275234515867204575e-04
7.163811539999999241e+02 4.441372405164135278e-04 4.285801184139098282e-04
7.163814664999999877e+02 4.047947998964697945e-04 4.296256300228481215e-04
7.163817789999999377e+02 4.170257156079494295e-04 4.306603710371509006e-04
7.163820915000000014e+02 4.305581631099713235e-04 4.316847099337502917e-04
