7.073556820000000016e+02 4.072484223569128184e-04 3.771645179254346728e-04
7.073559945000000653e+02 4.068762783122368350e-04 3.776215628981736245e-04
7.073563070000000153e+02 4.197765668189692165e-04 3.780153346904472776e-04
7.073566195000000789e+02 4.235103077611634395e-04 3.783430805321698603e-04
7.073569320000000289e+02 4.340249140573056250e-04 3.786019108942828017e-04
7.073572445000000926e+02 4.111076105882646476e-04 3.787887923594896182e-04
7.073575570000000425e+02 4.055411358941920976e-04 3.789005401630970256e-04
7.073578694999999925e+02 3.849999022226716994e-04 3.789338104037412642e-04
7.073581820000000562e+02 3.800041029700996532e-04 3.788850919213353728e-04
7.073584945000000062e+02 3.730067603374625325e-04 3.787506978464760983e-04
7.073588070000000698e+02 4.003820997840556550e-04 3.785267568273935216e-04
7.073591195000000198e+02 4.114935634873672526e-04 3.782092039474365319e-04
7.073594320000000835e+02 3.447252365815179297e-04 3.777937713495462674e-04
7.073597445000000334e+02 3.869780596933135590e-04 3.772759785958191745e-04
7.073600570000000971e+02 3.853404344608772885e-04 3.766511227926859409e-04
7.073603695000000471e+02 3.845346401775072659e-04 3.759142685313618935e-04
7.073606819999999971e+02 3.372862721151728520e-04 3.750602376951080934e-04
7.073609945000000607e+02 3.550483155174161826e-04 3.740835992103818232e-04
7.073613070000000107e+02 3.376618852030922554e-04 3.729786588302281040e-04
7.073616195000000744e+02 3.584408769085485049e-04 3.717394490554192595e-04
7.073619320000000243e+02 3.237087905076189705e-04 3.703597193373060932e-04
7.073622445000000880e+02 3.197898211390184453e-04 3.688329267121949191e-04
7.073625570000000380e+02 2.936094981123189298e-04 3.671522270771313337e-04
7.073628695000001017e+02 3.374914649332743733e-04 3.653104673245962134e-04
7.073631820000000516e+02 3.108226291608890096e-04 3.633001786318958907e-04
7.073634945000000016e+02 3.096548081768982609e-04 3.611135712155343828e-04
7.073638070000000653e+02 3.336643854642899450e-04 3.587425309542399948e-04
7.073641195000000153e+02 3.413624986859012779e-04 3.561786183309508576e-04
7.073644320000000789e+02 3.415656482808720183e-04 3.534130702159211978e-04
7.073647445000000289e+02 3.110350331155551989e-04 3.504368051335977354e-04
7.073650570000000926e+02 3.318878800382821042e-04 3.472404327027334148e-04
7.073653695000000425e+02 3.131035703720074512e-04 3.438142681117422922e-04
7.073656819999999925e+02 3.113939301165690289e-04 3.401483525495282230e-04
7.073659945000000562e+02 2.975428316988544043e-04 3.362324807101480136e-04
7.073663070000000062e+02 2.924838638510054967e-04 3.320562366029028043e-04
7.073666195000000698e+02 3.179202278786557971e-04 3.276090390555136248e-04
7.073669320000000198e+02 2.758490332232284162e-04 3.228801985261207257e-04
7.073672445000000835e+02 2.963411099367398746e-04 3.178589869383966404e-04
7.073675570000000334e+02 2.649868679172300966e-04 3.125347225419406664e-04
7.073678695000000971e+02 2.949616172045691344e-04 3.068968718811743244e-04
7.073681820000000471e+02 2.690741473306963684e-04 3.009351712494830774e-04
7.073684944999999971e+02 2.881445349683394276e-04 2.946397700479624839e-04
7.073688070000000607e+02 2.323399444053224718e-04 2.880013987049818134e-04
7.073691195000000107e+02 2.763176879678215904e-04 2.810115638226146919e-04
7.073694320000000744e+02 2.589894482158725626e-04 2.736627732086252020e-04
7.073697445000000243e+02 2.231936207896345983e-04 2.659487934421586640e-04
7.073700570000000880e+02 2.198521327252502867e-04 2.578649422420496392e-04
7.073703695000000380e+02 2.319270519213894872e-04 2.494084176569206124e-04
7.073706820000001017e+02 1.961782192023527526e-04 2.405786652824821526e-04
7.073709945000000516e+02 2.290652207673330744e-04 2.313777839823123142e-04
7.073713070000000016e+02 1.644043630705648170e-04 2.218109691572322422e-04
7.073716195000000653e+02 1.918098892733679215e-04 2.118869911561044534e-04
7.073719320000000153e+02 1.812718270926158245e-04 2.016187042569978589e-04
7.073722445000000789e+02 1.710548251044557533e-04 1.910235791109318336e-04
7.073725570000000289e+02 1.703240448493787589e-04 1.801242486611909070e-04
7.073728695000000926e+02 1.498198824620757810e-04 1.689490538633307045e-04
7.073731820000000425e+02 1.628724505010179142e-04 1.575325718853460948e-04
7.073734944999999925e+02 1.685909772421199731e-04 1.459161050553117029e-04
7.073738070000000562e+02 1.478524087046569980e-04 1.341481047968907329e-04
7.073741195000000062e+02 1.504379255766199693e-04 1.222845006096549771e-04
7.073744320000000698e+02 1.070294758338876946e-04 1.103889006865931124e-04
7.073747445000000198e+02 1.126500922784579197e-04 9.853262851275881710e-05
7.073750570000000835e+02 1.211644583857228327e-04 8.679455875157277033e-05
7.073753695000000334e+02 8.062340386602455703e-05 7.526071738794679793e-05
7.073756820000000971e+02 8.784737889704798803e-05 6.402361496572044357e-05
7.073759945000000471e+02 7.565356552611691835e-05 5.318128939087827666e-05
7.073763069999999971e+02 7.610070644836614798e-05 4.283604535617594920e-05
7.073766195000000607e+02 7.126765084956363633e-05 3.309289198879263705e-05
7.073769320000000107e+02 6.189371579074970961e-05 2.405769752858872559e-05
7.073772445000000744e+02 5.543885741334311779e-05 1.583509938145179170e-05
7.073775570000000243e+02 3.367197849029043762e-05 8.526228350231236950e-06
7.073778695000000880e+02 4.478247335095909576e-05 2.226325069910372335e-06
7.073781820000000380e+02 3.220440511009834523e-05 -2.977656676221222409e-06
7.073784945000001017e+02 3.217077046456086282e-05 -7.009353816213536517e-06
7.073788070000000516e+02 2.300827560805671228e-05 -9.805094300854190814e-06
7.073791195000000016e+02 1.868411040569488372e-05 -1.131568673939255001e-05
7.073794320000000653e+02 1.340609314035624719e-05 -1.150780414800777700e-05
7.073797445000000153e+02 2.087160669158514054e-05 -1.036488674777225599e-05
7.073800570000000789e+02 8.822454997582211418e-06 -7.887515370075894082e-06
7.073803695000000289e+02 1.606483813070892671e-05 -4.093237965730013242e-06
7.073806820000000926e+02 5.536459880546023273e-06 9.841359950993565946e-07
7.073809945000000425e+02 1.052666677977726478e-05 7.295727735591488830e-06
7.073813069999999925e+02 9.515370578266853691e-06 1.477919634081175292e-05
7.073816195000000562e+02 1.125931067588352292e-05 2.336066953096849834e-05
7.073819320000000062e+02 2.057222254689658309e-05 3.295689504776255058e-05
7.073822445000000698e+02 2.457371320679928965e-05 4.347750628770389675e-05
7.073825570000000198e+02 2.695834306986880015e-05 5.482729999677832310e-05
7.073828695000000835e+02 2.268462941358180947e-05 6.690843476271823495e-05
7.073831820000000334e+02 5.413571791858128897e-05 7.962247419732644299e-05
7.073834945000000971e+02 4.459003558913042975e-05 9.287221704913224923e-05
7.073838070000000471e+02 6.780849585003206664e-05 1.065632751430431989e-04
7.073841194999999971e+02 6.494020890172442194e-05 1.206053784792220990e-04
7.073844320000000607e+02 7.374500579504814990e-05 1.349134027306549371e-04
7.073847445000000107e+02 9.592150076278207625e-05 1.494081279397821308e-04
7.073850570000000744e+02 1.145993624944917312e-04 1.640167474901727419e-04
7.073853695000000243e+02 1.180238283183843737e-04 1.786731533574544364e-04
7.073856820000000880e+02 1.587024483825854682e-04 1.933180281468353887e-04
7.073859945000000380e+02 1.715460799791434122e-04 2.078987758072733027e-04
7.073863070000001017e+02 1.755398661663853618e-04 2.223693229710548870e-04
7.073866195000000516e+02 2.101362514056271736e-04 2.366898207641656132e-04
7.073869320000000016e+02 2.070740403317410561e-04 2.508262745015392837e-04
7.073872445000000653e+02 2.178363305301316184e-04 2.647501250342643121e-04
7.073875570000000153e+02 2.860708815801893596e-04 2.784378021057564117e-04
7.073878695000000789e+02 2.481404964747713346e-04 2.918702664838272016e-04
7.073881820000000289e+02 3.363691904330950652e-04 3.050325540709440762e-04
7.073884945000000926e+02 2.980826168726776913e-04 3.179133323950623382e-04
7.073888070000000425e+02 3.016151086480033322e-04 3.305044768698259272e-04
7.073891194999999925e+02 3.156030595714613913e-04 3.428006722135342778e-04
7.073894320000000562e+02 3.356064916426463110e-04 3.547990422377631349e-04
7.073897445000000062e+02 3.298323429826194200e-04 3.664988098424440139e-04
7.073900570000000698e+02 3.471751118248958827e-04 3.779009878347177492e-04
7.073903695000000198e+02 3.991110644058582587e-04 3.890081001189781983e-04
7.073906820000000835e+02 4.294540478043890942e-04 3.998239323681529499e-04
7.073909945000000334e+02 4.354356001804123889e-04 4.103533105491356347e-04
7.073913070000000971e+02 4.791252036535972999e-04 4.206019056292036756e-04
7.073916195000000471e+02 4.070832729873464649e-04 4.305760623569712090e-04
7.073919319999999971e+02 4.710527071830600656e-04 4.402826501790372475e-04
7.073922445000000607e+02 4.932691352283083246e-04 4.497289341373440709e-04
7.073925570000000107e+02 5.452237113422434174e-04 4.589224637798130645e-04
7.073928695000000744e+02 4.921238575530595058e-04 4.678709782001041475e-04
7.073931820000000243e+02 5.133692517364702758e-04 4.765823253221586147e-04
7.073934945000000880e+02 5.160753826072288393e-04 4.850643938637358454e-04
7.073938070000000380e+02 5.219850954540513309e-04 4.933250563432987033e-04
7.073941195000001017e+02 4.892182623814073225e-04 5.013721218393759737e-04
7.073944320000000516e+02 5.914799590185195518e-04 5.092132971473245463e-04
7.073947445000000016e+02 5.457871592447990396e-04 5.168561553010520742e-04
7.073950570000000653e+02 5.468451036179825886e-04 5.243081103818831266e-04
7.073953695000000153e+02 6.148311818303809750e-04 5.315763977562900028e-04
7.073956820000000789e+02 5.329945657971630951e-04 5.386680589830501742e-04
7.073959945000000289e+02 5.958911995402817359e-04 5.455899306336930163e-04
7.073963070000000926e+02 6.187583112590754400e-04 5.523486365044809896e-04
7.073966195000000425e+02 6.573228694616486262e-04 5.589505826109251140e-04
7.073969319999999925e+02 6.145238217776932688e-04 5.654019545856396904e-04
7.073972445000000562e+02 6.485109035191897325e-04 5.717087170206504093e-04
7.073975570000000062e+02 6.589247757459969213e-04 5.778766144377987714e-04
7.073978695000000698e+02 6.837408191263525314e-04 5.839111736140994427e-04
7.073981820000000198e+02 6.664165461748645285e-04 5.898177069526386491e-04
7.073984945000000835e+02 6.574730897381454069e-04 5.956013167520430706e-04
7.073988070000000334e+02 6.658097697474318725e-04 6.012669001197096024e-04
7.073991195000000971e+02 6.529234953921624280e-04 6.068191544408401946e-04
7.073994320000000471e+02 6.697721276371030458e-04 6.122625832032125301e-04
7.073997444999999971e+02 6.493604672541922369e-04 6.176015021299188735e-04
7.074000570000000607e+02 7.027471457075347818e-04 6.228400454750122580e-04
7.074003695000000107e+02 7.024605234104569235e-04 6.279821724248927425e-04
7.074006820000000744e+02 6.993217238216456683e-04 6.330316735585498006e-04
7.074009945000000243e+02 6.270511185148935343e-04 6.379921772660927413e-04
7.074013070000000880e+02 6.048575143247919431e-04 6.428671561397059650e-04
7.074016195000000380e+02 7.193590992589598112e-04 6.476599332428113450e-04
7.074019320000001017e+02 7.140576716118917895e-04 6.523736882869363802e-04
7.074022445000000516e+02 7.279232960184640845e-04 6.570114636372610586e-04
7.074025570000000016e+02 6.762087012219288040e-04 6.615761701838976643e-04
7.074028695000000653e+02 6.632739100185657422e-04 6.660705930227155125e-04
7.074031820000000153e+02 7.318856809450687137e-04 6.704973969543477977e-04
7.074034945000000789e+02 7.262478310648018973e-04 6.748591318109140556e-04
7.074038070000000289e+02 7.077556501809379678e-04 6.791582375663920328e-04
7.074041195000000926e+02 6.757648377117717259e-04 6.833970492789592528e-04
7.074044320000000425e+02 7.361727574664235670e-04 6.875778018146917704e-04
7.074047444999999925e+02 7.592303609554388851e-04 6.917026344027862568e-04
7.074050570000000562e+02 7.478440862665609564e-04 6.957735949860919785e-04
7.074053695000000062e+02 7.203502518442141296e-04 6.997926443865187243e-04
7.074056820000000698e+02 6.690122577758415498e-04 7.037616603039555151e-04
7.074059945000000198e+02 6.931430140056649147e-04 7.076824411168989269e-04
7.074063070000000835e+02 7.603752449148170342e-04 7.115567095353553988e-04
7.074066195000000334e+02 7.235030693181855382e-04 7.153861160653800016e-04
7.074069320000000971e+02 7.185265693969339383e-04 7.191722423366997711e-04
7.074072445000000471e+02 6.549740266831452842e-04 7.229166042541962552e-04
7.074075569999999971e+02 6.984274896925705099e-04 7.266206550224561756e-04
7.074078695000000607e+02 8.171800837645572810e-04 7.302857880146252376e-04
7.074081820000000107e+02 7.311804938022129895e-04 7.339133395056012497e-04
7.074084945000000744e+02 7.006028156726058862e-04 7.375045912883505762e-04
7.074088070000000243e+02 7.747853197091904938e-04 7.410607731459486125e-04
7.074091195000000880e+02 7.610989573882010351e-04 7.445830652257809899e-04
7.074094320000000380e+02 7.066186684478809260e-04 7.480726002794913865e-04
7.074097445000001017e+02 6.983371305855874201e-04 7.515304658153303553e-04
7.074100570000000516e+02 7.783979715267424181e-04 7.549577061269577977e-04
7.074103695000000016e+02 7.276897618286021609e-04 7.583553242429849454e-04
7.074106820000000653e+02 7.710411511561630861e-04 7.617242837703116923e-04
7.074109945000000153e+02 7.939553161296125563e-04 7.650655106486212555e-04
7.074113070000000789e+02 7.388769179230423364e-04 7.683798948323552645e-04
7.074116195000000289e+02 7.542746678531176254e-04 7.716682918738460408e-04
7.074119320000000926e+02 7.256224888066508489e-04 7.749315244492286986e-04
7.074122445000000425e+02 8.166841730250655506e-04 7.781703837923215029e-04
7.074125569999999925e+02 7.149979403477781451e-04 7.813856310772135990e-04
7.074128695000000562e+02 7.311193457866912906e-04 7.845779987231659694e-04
7.074131820000000062e+02 7.664148716401419925e-04 7.877481916371928839e-04
7.074134945000000698e+02 7.952078414415646775e-04 7.908968884088484657e-04
7.074138070000000198e+02 7.516134889282102436e-04 7.940247424312957486e-04
7.074141195000000835e+02 7.984858227179481667e-04 7.971323829872154930e-04
7.074144320000000334e+02 7.138209171837380223e-04 8.002204162655749938e-04
7.074147445000000971e+02 7.612900742549400575e-04 8.032894263482292900e-04
7.074150570000000471e+02 7.604468007499677606e-04 8.063399761325911992e-04
7.074153694999999971e+02 7.035805223369467898e-04 8.093726082275277392e-04
7.074156820000000607e+02 7.682222477139737278e-04 8.123878457966300258e-04
7.074159945000000107e+02 6.807054219815113476e-04 8.153861933622587972e-04
7.074163070000000744e+02 7.938520345933336789e-04 8.183681375831372475e-04
7.074166195000000243e+02 7.861324264362276257e-04 8.213341479800400670e-04
7.074169320000000880e+02 8.240722797773663340e-04 8.242846776451431216e-04
7.074172445000000380e+02 7.661817120556426407e-04 8.272201639019933616e-04
7.074175570000001017e+02 7.578277567596768214e-04 8.301410289522181789e-04
7.074178695000000516e+02 7.400300214160718520e-04 8.330476804761328610e-04
