7.169595849999999473e+02 2.136702426362690468e-04 2.218550188228927847e-04
7.169598974999998973e+02 2.248277818017052501e-04 2.217817615508144581e-04
7.169602099999999609e+02 2.074773058492832022e-04 2.216990108431965726e-04
7.169605224999999109e+02 2.327187401719538152e-04 2.216064078656031135e-04
7.169608349999999746e+02 2.228872622114364921e-04 2.215035772873813198e-04
7.169611474999999245e+02 2.370879753328654176e-04 2.213901264011517724e-04
7.169614599999999882e+02 2.018359335291521279e-04 2.212656441891967536e-04
7.169617724999999382e+02 2.558894560693398212e-04 2.211297003345894505e-04
7.169620850000000019e+02 2.191382542663146697e-04 2.209818441721636540e-04
7.169623974999999518e+02 2.026080642459466251e-04 2.208216035769733734e-04
7.169627099999999018e+02 2.249782003952791737e-04 2.206484837846748833e-04
7.169630224999999655e+02 2.118448473995290869e-04 2.204619661407991745e-04
7.169633349999999155e+02 2.140536139181428493e-04 2.202615067739264771e-04
7.169636474999999791e+02 2.474715556363476718e-04 2.200465351871189331e-04
7.169639599999999291e+02 2.120921675480203676e-04 2.198164527642593907e-04
7.169642724999999928e+02 2.215091075010595099e-04 2.195706311835707552e-04
7.169645849999999427e+02 2.034918174961873420e-04 2.193084107350713155e-04
7.169648974999998927e+02 2.080303515427763873e-04 2.190290985333099628e-04
7.169652099999999564e+02 2.175492086708966295e-04 2.187319666211095474e-04
7.169655224999999064e+02 2.241212231955280634e-04 2.184162499568410366e-04
7.169658349999999700e+02 2.431822477075340537e-04 2.180811442769167632e-04
7.169661474999999200e+02 2.141422419810056648e-04 2.177258038289202758e-04
7.169664599999999837e+02 2.116221494517756766e-04 2.173493389640569458e-04
7.169667724999999336e+02 2.091776894819803050e-04 2.169508135848055791e-04
7.169670849999999973e+02 2.146893934939237011e-04 2.165292424353156919e-04
7.169673974999999473e+02 2.014470789007250895e-04 2.160835882303880349e-04
7.169677099999998973e+02 2.093747877947130546e-04 2.156127586098146773e-04
7.169680224999999609e+02 2.267252105483088176e-04 2.151156029128833990e-04
7.169683349999999109e+02 2.162294004105808510e-04 2.145909087628118455e-04
7.169686474999999746e+02 2.008473986288250275e-04 2.140373984502048346e-04
7.169689599999999245e+02 2.100271488996013078e-04 2.134537251115641943e-04
7.169692724999999882e+02 2.236394187077728852e-04 2.128384686885909192e-04
7.169695849999999382e+02 2.190065176396703279e-04 2.121901316670251150e-04
7.169698975000000019e+02 2.186333997481684647e-04 2.115071345813527280e-04
7.169702099999999518e+02 1.895438282450557079e-04 2.107878112868663404e-04
7.169705224999999018e+02 2.021997921151003389e-04 2.100304039876796738e-04
7.169708349999999655e+02 2.056415463731908636e-04 2.092330580246179819e-04
7.169711474999999155e+02 1.950672975720860256e-04 2.083938164214116991e-04
7.169714599999999791e+02 1.899514701287939112e-04 2.075106141898572275e-04
7.169717724999999291e+02 2.157632019077581730e-04 2.065812724095702222e-04
7.169720849999999928e+02 2.177316567531386140e-04 2.056034920861235613e-04
7.169723974999999427e+02 2.075359977323860332e-04 2.045748478176413244e-04
7.169727099999998927e+02 2.313815705042164723e-04 2.034927812870832833e-04
7.169730224999999564e+02 1.921536701676184226e-04 2.023545946261163522e-04
7.169733349999999064e+02 1.943471861010620115e-04 2.011574436965264721e-04
7.169736474999999700e+02 1.915277705865168351e-04 1.998983313477291780e-04
7.169739599999999200e+02 1.837658856406650392e-04 1.985741007413479350e-04
7.169742724999999837e+02 2.220672068679328045e-04 1.971814288299676243e-04
7.169745849999999336e+02 1.958959354700049197e-04 1.957168201299166912e-04
7.169748974999999973e+02 2.040731137136474215e-04 1.941766009269284764e-04
7.169752099999999473e+02 1.918868217411825311e-04 1.925569141197988490e-04
7.169755224999998973e+02 1.791066229287490319e-04 1.908537149153400594e-04
7.169758349999999609e+02 1.995344764593813254e-04 1.890627676660493672e-04
7.169761474999999109e+02 1.727444672863892008e-04 1.871796441800142267e-04
7.169764599999999746e+02 1.889421871450589928e-04 1.851997238960868862e-04
7.169767724999999245e+02 1.774184467490055612e-04 1.831181964181392851e-04
7.169770849999999882e+02 1.859969590266338899e-04 1.809300669524768919e-04
7.169773974999999382e+02 1.867785949726870234e-04 1.786301653386308504e-04
7.169777100000000019e+02 1.830039139213504866e-04 1.762131594322296406e-04
7.169780224999999518e+02 1.631248356193201092e-04 1.736735737793801849e-04
7.169783349999999018e+02 2.060886650537078471e-04 1.710058146170771970e-04
7.169786474999999655e+02 1.947652500673545829e-04 1.682042024429930105e-04
7.169789599999999155e+02 1.578281919557610134e-04 1.652630135451077910e-04
7.169792724999999791e+02 1.470363563157282448e-04 1.621765320655931767e-04
7.169795849999999291e+02 1.564957218908621765e-04 1.589391144061308946e-04
7.169798974999999928e+02 1.573709936187546498e-04 1.555452679175952973e-04
7.169802099999999427e+02 1.455453543331706231e-04 1.519897460721623267e-04
7.169805224999998927e+02 1.270629670990549155e-04 1.482676624050826577e-04
7.169808349999999564e+02 1.357240055194363249e-04 1.443746256970118182e-04
7.169811474999999064e+02 1.354574056518837615e-04 1.403068988740289829e-04
7.169814599999999700e+02 1.333317690264891240e-04 1.360615840399701784e-04
7.169817724999999200e+02 1.476315132640397597e-04 1.316368359026759058e-04
7.169820849999999837e+02 1.430250889245541829e-04 1.270321053679312714e-04
7.169823974999999336e+02 1.286065136778093219e-04 1.222484145033690868e-04
7.169827099999999973e+02 1.235453723447425193e-04 1.172886629745745099e-04
7.169830224999999473e+02 1.105567561170690382e-04 1.121579647542752508e-04
7.169833349999998973e+02 1.035756161917095788e-04 1.068640119093676151e-04
7.169836474999999609e+02 1.043273031314409613e-04 1.014174599314723646e-04
7.169839599999999109e+02 8.384526028037679493e-05 9.583232598854137733e-05
7.169842724999999746e+02 7.524702089287935202e-05 9.012638784966679555e-05
7.169845849999999245e+02 7.506140513406832034e-05 8.432156715445838808e-05
7.169848974999999882e+02 6.919759662225807601e-05 7.844427605175263371e-05
7.169852099999999382e+02 6.830808963308223074e-05 7.252570171610107973e-05
7.169855225000000019e+02 7.023061336585586481e-05 6.660199876819116610e-05
7.169858349999999518e+02 5.487612975405191189e-05 6.071435627116365482e-05
7.169861474999999018e+02 5.990742249277218649e-05 5.490890391709556914e-05
7.169864599999999655e+02 5.398926135989511906e-05 4.923642259437323288e-05
7.169867724999999155e+02 3.768899749222506525e-05 4.375182812288110935e-05
7.169870849999999791e+02 3.919594326888139292e-05 3.851340456936321488e-05
7.169873974999999291e+02 3.520846949252376873e-05 3.358177566158106946e-05
7.169877099999999928e+02 3.884213410656580295e-05 2.901861915532697632e-05
7.169880224999999427e+02 2.530919821639603296e-05 2.488514933987353610e-05
7.169883349999998927e+02 1.765481273154277496e-05 2.124041531044939822e-05
7.169886474999999564e+02 1.968710073600211342e-05 1.813948546135345607e-05
7.169889599999999064e+02 2.055390157406288440e-05 1.563160869172716916e-05
7.169892724999999700e+02 1.450355108559236132e-05 1.375845726147575335e-05
7.169895849999999200e+02 1.617629059426777422e-05 1.255256221470878472e-05
7.169898974999999837e+02 2.066511074842084341e-05 1.203604770104950544e-05
7.169902099999999336e+02 2.077670080475775696e-05 1.221975487640579198e-05
7.169905224999999973e+02 2.497040267526774997e-05 1.310282012816911637e-05
7.169908349999999473e+02 7.049413635486724847e-06 1.467273888119653202e-05
7.169911474999998973e+02 1.033720677365549403e-05 1.690590900657898096e-05
7.169914599999999609e+02 1.794403059367196391e-05 1.976861142946184110e-05
7.169917724999999109e+02 1.611057766637707752e-05 2.321835429892586073e-05
7.169920849999999746e+02 2.450825993764700557e-05 2.720548452245397938e-05
7.169923974999999245e+02 3.330827694493180429e-05 3.167495851057196114e-05
7.169927099999999882e+02 3.289117587498169320e-05 3.656816314992147616e-05
7.169930224999999382e+02 4.352736148050499195e-05 4.182468686201498947e-05
7.169933350000000019e+02 5.574044455536198285e-05 4.738395711518162865e-05
7.169936474999999518e+02 3.991981493033084678e-05 5.318668162777054559e-05
7.169939599999999018e+02 6.672259478858832515e-05 5.917605319466690992e-05
7.169942724999999655e+02 6.274557927191654993e-05 6.529869957840797720e-05
7.169945849999999155e+02 6.525098886388820804e-05 7.150537873741184868e-05
7.169948974999999791e+02 7.943965423992739344e-05 7.775143446156544636e-05
7.169952099999999291e+02 8.784605794993353338e-05 8.399703782465728125e-05
7.169955224999999928e+02 9.522157776353211433e-05 9.020724620791627669e-05
7.169958349999999427e+02 1.139794284727317154e-04 9.635191408397932532e-05
7.169961474999998927e+02 8.664701688763466801e-05 1.024054895921526194e-04
7.169964599999999564e+02 1.008492168204673111e-04 1.083467284462650415e-04
7.169967724999999064e+02 1.089625398580578662e-04 1.141583531337276637e-04
7.169970849999999700e+02 1.085494018761296037e-04 1.198266810419572185e-04
7.169973974999999200e+02 1.050425564131967959e-04 1.253412405947810007e-04
7.169977099999999837e+02 1.389767589603144551e-04 1.306943903125648945e-04
7.169980224999999336e+02 1.238729231842407188e-04 1.358809517059045475e-04
7.169983349999999973e+02 1.546594177676248265e-04 1.408978637024137508e-04
7.169986474999999473e+02 1.386725323641159555e-04 1.457438634112724000e-04
7.169989599999998973e+02 1.339428635249389587e-04 1.504191959399417053e-04
7.169992724999999609e+02 1.728375341917130661e-04 1.549253541700873124e-04
7.169995849999999109e+02 1.668059657456440041e-04 1.592648482077353299e-04
7.169998974999999746e+02 1.657072557884518252e-04 1.634410033306619005e-04
7.170002099999999245e+02 1.658459554504049596e-04 1.674577846148690675e-04
7.170005224999999882e+02 1.564681928824848797e-04 1.713196461601507398e-04
7.170008349999999382e+02 1.747071135771811000e-04 1.750314025660135631e-04
7.170011475000000019e+02 2.017348605070791293e-04 1.785981203649459291e-04
7.170014599999999518e+02 1.881472747105323163e-04 1.820250270813203875e-04
7.170017724999999018e+02 2.038644039545166179e-04 1.853174357865594005e-04
7.170020849999999655e+02 1.967965950651194714e-04 1.884806830995366912e-04
7.170023974999999155e+02 1.810169475184849675e-04 1.915200788033408425e-04
7.170027099999999791e+02 1.683642141581399821e-04 1.944408654281265839e-04
7.170030224999999291e+02 2.030402703458268415e-04 1.972481862928834829e-04
7.170033349999999928e+02 2.040553355310472522e-04 1.999470607352327493e-04
7.170036474999999427e+02 2.036221324242494188e-04 2.025423653532338047e-04
7.170039599999998927e+02 1.998261397490905353e-04 2.050388202989268183e-04
7.170042724999999564e+02 2.052549665491993302e-04 2.074409797419292476e-04
7.170045849999999064e+02 1.878523044643373306e-04 2.097532257787048640e-04
7.170048974999999700e+02 2.352937155678769775e-04 2.119797651677109553e-04
7.170052099999999200e+02 1.995804839891556479e-04 2.141246283359009403e-04
7.170055224999999837e+02 2.230793221465470649e-04 2.161916702316430978e-04
7.170058349999999336e+02 1.980545322307212175e-04 2.181845726185099919e-04
7.170061474999999973e+02 2.422568499414309222e-04 2.201068475168788303e-04
7.170064599999999473e+02 1.974338606064849797e-04 2.219618415039567789e-04
7.170067724999998973e+02 2.459647313162249089e-04 2.237527406746382349e-04
7.170070849999999609e+02 2.393985178355397892e-04 2.254825760634498653e-04
7.170073974999999109e+02 2.479116769807077850e-04 2.271542293858910605e-04
7.170077099999999746e+02 2.385961917914581666e-04 2.287704389830963676e-04
7.170080224999999245e+02 2.036741172227491011e-04 2.303338058558230357e-04
7.170083349999999882e+02 2.438296772407781731e-04 2.318467997273472949e-04
7.170086474999999382e+02 2.182301226277436285e-04 2.333117650534584267e-04
7.170089600000000019e+02 2.402763193440313227e-04 2.347309269483456064e-04
7.170092724999999518e+02 2.381970135823089393e-04 2.361063969705534942e-04
7.170095849999999018e+02 2.288551312482326090e-04 2.374401787567187677e-04
7.170098974999999655e+02 2.609086834510910397e-04 2.387341734686621996e-04
7.170102099999999155e+02 2.632061853910087380e-04 2.399901850444324520e-04
7.170105224999999791e+02 2.605268757533269722e-04 2.412099252477985310e-04
7.170108349999999291e+02 2.721106647513465743e-04 2.423950184989770754e-04
7.170111474999999928e+02 2.434367363583749152e-04 2.435470064983668583e-04
7.170114599999999427e+02 2.565158927626856296e-04 2.446673526293717820e-04
7.170117724999998927e+02 2.149488080338300753e-04 2.457574461561202257e-04
7.170120849999999564e+02 2.460301390241296116e-04 2.468186062094094332e-04
7.170123974999999064e+02 2.543067764944174718e-04 2.478520855705967354e-04
7.170127099999999700e+02 2.586241366711555627e-04 2.488590742632049439e-04
7.170130224999999200e+02 2.454747700002058233e-04 2.498407029496099046e-04
7.170133349999999837e+02 2.448781570908049052e-04 2.507980461517359092e-04
7.170136474999999336e+02 2.364019184594101858e-04 2.517321252916006704e-04
7.170139599999999973e+02 2.633725662318008661e-04 2.526439115708672793e-04
7.170142724999999473e+02 2.606250386078662589e-04 2.535343286860023814e-04
7.170145849999998973e+02 2.543125381218936439e-04 2.544042553973071023e-04
7.170148974999999609e+02 2.569991843369694054e-04 2.552545279509665878e-04
7.170152099999999109e+02 2.608998330110649496e-04 2.560859423650230639e-04
7.170155224999999746e+02 2.539146606563192515e-04 2.568992565893710557e-04
7.170158349999999245e+02 2.786876315855007602e-04 2.576951925391070589e-04
7.170161474999999882e+02 2.373480097940088571e-04 2.584744380172788254e-04
7.170164599999999382e+02 2.745485367023407742e-04 2.592376485239644007e-04
7.170167725000000019e+02 2.734815872616396058e-04 2.599854489670822195e-04
7.170170849999999518e+02 2.642453950401221167e-04 2.607184352716935866e-04
7.170173974999999018e+02 2.524916181705316146e-04 2.614371759019859000e-04
7.170177099999999655e+02 2.719073431853436386e-04 2.621422132943139450e-04
7.170180224999999155e+02 2.900500082405026571e-04 2.628340652091501841e-04
7.170183349999999791e+02 2.675783544442970788e-04 2.635132260091138179e-04
7.170186474999999291e+02 2.671692133473130585e-04 2.641801678612239798e-04
7.170189599999999928e+02 2.526863538618018528e-04 2.648353418753933322e-04
7.170192724999999427e+02 2.457374201761318932e-04 2.654791791752341627e-04
7.170195849999998927e+02 2.409334201335036759e-04 2.661120919124766422e-04
7.170198974999999564e+02 2.486909751389074262e-04 2.667344742225025460e-04
7.170202099999999064e+02 2.339887137507263518e-04 2.673467031268116144e-04
7.170205224999999700e+02 2.855561192837978608e-04 2.679491393877187259e-04
7.170208349999999200e+02 2.667826101100006283e-04 2.685421283126374027e-04
7.170211474999999837e+02 2.606950773669346601e-04 2.691260005176118438e-04
7.170214599999999336e+02 2.558190237003022576e-04 2.697010726456905275e-04
7.170217724999999973e+02 2.553667380198926294e-04 2.702676480494917610e-04
