7.071938380000000279e+02 4.277662398215726454e-04 3.782007635426474341e-04
7.071941504999999779e+02 3.613225676811863138e-04 3.785679303856378445e-04
7.071944630000000416e+02 3.837045003144580598e-04 3.788887426657501544e-04
7.071947754999999916e+02 4.141434325462119647e-04 3.791613734094580689e-04
7.071950880000000552e+02 4.192189896470422230e-04 3.793839126335105485e-04
7.071954005000000052e+02 3.873162741074887309e-04 3.795543633075877817e-04
7.071957130000000689e+02 3.781356633372908956e-04 3.796706371337920977e-04
7.071960255000000188e+02 3.771965778964183258e-04 3.797305501358707756e-04
7.071963380000000825e+02 4.081324014454066089e-04 3.797318180562873294e-04
7.071966505000000325e+02 4.182109939508964918e-04 3.796720515568303717e-04
7.071969629999999825e+02 3.684299434777445854e-04 3.795487512216070614e-04
7.071972755000000461e+02 3.300253500445175271e-04 3.793593023614889935e-04
7.071975879999999961e+02 3.648122816320883131e-04 3.791009696216974395e-04
7.071979005000000598e+02 3.954581287037163117e-04 3.787708913943574232e-04
7.071982130000000097e+02 4.027923245360045309e-04 3.783660740436899507e-04
7.071985255000000734e+02 3.349496830950382921e-04 3.778833859492095764e-04
7.071988380000000234e+02 4.270873846949324159e-04 3.773195513826230825e-04
7.071991504999999734e+02 4.154517259077620183e-04 3.766711442298319341e-04
7.071994630000000370e+02 3.297148463015357354e-04 3.759345815826285416e-04
7.071997754999999870e+02 3.870115072858035720e-04 3.751061172254522148e-04
7.072000880000000507e+02 3.826623792514185487e-04 3.741818350467440062e-04
7.072004005000000006e+02 4.338414570956886877e-04 3.731576424229307619e-04
7.072007130000000643e+02 4.168739869564537970e-04 3.720292636153485293e-04
7.072010255000000143e+02 3.619249781824569225e-04 3.707922332512223157e-04
7.072013380000000780e+02 3.651630865307889363e-04 3.694418899492574919e-04
7.072016505000000279e+02 3.113283260802054107e-04 3.679733701896476623e-04
7.072019629999999779e+02 3.547577856999427478e-04 3.663816025175641489e-04
7.072022755000000416e+02 4.225723924652025542e-04 3.646613022133118952e-04
7.072025879999999916e+02 3.338226654827236182e-04 3.628069665684825556e-04
7.072029005000000552e+02 3.687601081802871971e-04 3.608128709284361547e-04
7.072032130000000052e+02 3.617992626234810640e-04 3.586730657133921384e-04
7.072035255000000689e+02 3.634541332800807992e-04 3.563813746247020977e-04
7.072038380000000188e+02 3.226025515678564506e-04 3.539313943234608027e-04
7.072041505000000825e+02 3.267891233059778597e-04 3.513164958612307199e-04
7.072044630000000325e+02 3.232492999652772890e-04 3.485298282403290052e-04
7.072047754999999825e+02 2.631761440876360307e-04 3.455643244783757821e-04
7.072050880000000461e+02 3.337754502249021954e-04 3.424127106593343318e-04
7.072054004999999961e+02 3.118073736569457622e-04 3.390675184861615277e-04
7.072057130000000598e+02 2.935682847858310041e-04 3.355211019148554900e-04
7.072060255000000097e+02 2.524035770715227309e-04 3.317656585689842102e-04
7.072063380000000734e+02 3.061285095000815769e-04 3.277932566484060293e-04
7.072066505000000234e+02 3.019137839363876552e-04 3.235958682136423994e-04
7.072069629999999734e+02 2.479448869100780366e-04 3.191654097371623825e-04
7.072072755000000370e+02 2.876806252781981526e-04 3.144937909866303604e-04
7.072075879999999870e+02 2.505113116859516531e-04 3.095729733565973996e-04
7.072079005000000507e+02 2.658981321571935895e-04 3.043950388556548067e-04
7.072082130000000006e+02 2.775065841483485168e-04 2.989522711115550333e-04
7.072085255000000643e+02 2.626067311129407227e-04 2.932372497390887955e-04
7.072088380000000143e+02 2.662431038983835950e-04 2.872429595973566524e-04
7.072091505000000780e+02 2.435356596452776558e-04 2.809629163800541935e-04
7.072094630000000279e+02 2.460184874092380533e-04 2.743913101180637387e-04
7.072097754999999779e+02 2.385152420072063643e-04 2.675231679977887827e-04
7.072100880000000416e+02 2.144738062247508780e-04 2.603545379167194898e-04
7.072104004999999916e+02 2.201596469859251658e-04 2.528826939376857519e-04
7.072107130000000552e+02 2.180976838278502708e-04 2.451063645100073907e-04
7.072110255000000052e+02 2.259973391759594248e-04 2.370259840146950864e-04
7.072113380000000689e+02 2.081782515155443923e-04 2.286439674858550201e-04
7.072116505000000188e+02 2.136190226620978273e-04 2.199650078114302125e-04
7.072119630000000825e+02 1.915842226350687337e-04 2.109963936127921781e-04
7.072122755000000325e+02 1.876870876772299178e-04 2.017483450594089367e-04
7.072125879999999825e+02 2.005758631710925820e-04 1.922343633140943613e-04
7.072129005000000461e+02 1.567005582305590686e-04 1.824715878795298550e-04
7.072132129999999961e+02 1.877439644860868161e-04 1.724811541773119941e-04
7.072135255000000598e+02 1.572816637055018810e-04 1.622885416545614967e-04
7.072138380000000097e+02 1.666141146745645364e-04 1.519239006675201543e-04
7.072141505000000734e+02 1.623620734165021409e-04 1.414223439546162151e-04
7.072144630000000234e+02 1.572402330683566934e-04 1.308241865696288119e-04
7.072147754999999734e+02 1.274229602224615757e-04 1.201751159594294439e-04
7.072150880000000370e+02 1.494742365764797323e-04 1.095262725523152926e-04
7.072154004999999870e+02 1.009948665122938321e-04 9.893422021771366471e-05
7.072157130000000507e+02 1.113967762106639022e-04 8.846078599991501906e-05
7.072160255000000006e+02 9.615689913263713803e-05 7.817274988910682054e-05
7.072163380000000643e+02 9.274228826470953444e-05 6.814136782996579671e-05
7.072166505000000143e+02 7.241127567680048782e-05 5.844171568029802937e-05
7.072169630000000780e+02 7.115245506677031679e-05 4.915184758332854587e-05
7.072172755000000279e+02 6.377002966061037423e-05 4.035177012981738765e-05
7.072175879999999779e+02 7.112679077732831300e-05 3.212224262108792205e-05
7.072179005000000416e+02 6.627724536049955277e-05 2.454342418600303978e-05
7.072182129999999916e+02 4.612353197614107477e-05 1.769339911194100080e-05
7.072185255000000552e+02 3.325612230264691355e-05 1.164662221074603899e-05
7.072188380000000052e+02 2.184906756232257176e-05 6.472335379707004391e-06
7.072191505000000689e+02 2.787611205454680605e-05 2.233013490498961767e-06
7.072194630000000188e+02 2.025356498999350812e-05 -1.017098027153837183e-06
7.072197755000000825e+02 1.832055681998021420e-05 -3.233291310692302954e-06
7.072200880000000325e+02 2.189095708540765006e-05 -4.381490976295272914e-06
7.072204004999999825e+02 2.604069372041839834e-05 -4.439084937328169659e-06
7.072207130000000461e+02 1.831806580974665950e-05 -3.395451928583095826e-06
7.072210254999999961e+02 1.184882083579331183e-05 -1.252161313450596126e-06
7.072213380000000598e+02 7.102684551725661764e-06 1.977162684648329235e-06
7.072216505000000097e+02 8.710881188461736983e-06 6.267303035509585406e-06
7.072219630000000734e+02 1.052670679447619792e-05 1.158221273857024977e-05
7.072222755000000234e+02 1.044689060118294639e-05 1.787603877333933619e-05
7.072225879999999734e+02 1.222503240838203778e-05 2.509435664505600750e-05
7.072229005000000370e+02 2.595703281638076955e-05 3.317555781874026839e-05
7.072232129999999870e+02 2.571018462192938735e-05 4.205232937630084785e-05
7.072235255000000507e+02 1.137327575707038765e-05 5.165316618763902349e-05
7.072238380000000006e+02 3.751288320461143843e-05 6.190386015170517219e-05
7.072241505000000643e+02 3.886192254558614053e-05 7.272891834030062647e-05
7.072244630000000143e+02 5.222225351917414850e-05 8.405287060976521631e-05
7.072247755000000780e+02 5.418996135192454542e-05 9.580143737090713717e-05
7.072250880000000279e+02 6.259527966748554663e-05 1.079025379854464320e-04
7.072254004999999779e+02 6.531948545621858878e-05 1.202871299686358788e-04
7.072257130000000416e+02 1.213798040714216458e-04 1.328898773310665409e-04
7.072260254999999916e+02 1.158451876121057415e-04 1.456496535185642434e-04
7.072263380000000552e+02 1.014695028362562354e-04 1.585098898439555020e-04
7.072266505000000052e+02 1.524517627588917277e-04 1.714187840069086876e-04
7.072269630000000689e+02 1.153819665546841481e-04 1.843293859711996930e-04
7.072272755000000188e+02 1.581892590525408519e-04 1.971995793198761217e-04
7.072275880000000825e+02 2.043986627542310024e-04 2.099919766062765365e-04
7.072279005000000325e+02 1.768816102938821516e-04 2.226737462090685766e-04
7.072282129999999825e+02 2.055540172909034002e-04 2.352163872039538287e-04
7.072285255000000461e+02 2.317678876066647277e-04 2.475954668373060935e-04
7.072288379999999961e+02 2.293423281568295101e-04 2.597903334842897481e-04
7.072291505000000598e+02 2.671917911064077694e-04 2.717838160398986826e-04
7.072294630000000097e+02 2.465808222180391378e-04 2.835619186481190459e-04
7.072297755000000734e+02 2.837100375972951291e-04 2.951135181510130948e-04
7.072300880000000234e+02 3.156918097338678444e-04 3.064300697542028532e-04
7.072304004999999734e+02 2.917842428116177193e-04 3.175053252582301158e-04
7.072307130000000370e+02 3.739810103169401829e-04 3.283350667445307123e-04
7.072310254999999870e+02 3.220549112605728087e-04 3.389168577294670746e-04
7.072313380000000507e+02 3.281704869532936302e-04 3.492498129507527120e-04
7.072316505000000006e+02 3.990962458212317398e-04 3.593343871416536405e-04
7.072319630000000643e+02 3.917344111998582621e-04 3.691721828375256866e-04
7.072322755000000143e+02 4.078504720914909198e-04 3.787657766210202428e-04
7.072325880000000780e+02 4.034336263728497177e-04 3.881185631591569621e-04
7.072329005000000279e+02 4.403907863022487115e-04 3.972346159521501774e-04
7.072332129999999779e+02 3.976986068518478389e-04 4.061185638082775344e-04
7.072335255000000416e+02 4.573922395071700520e-04 4.147754817930927114e-04
7.072338379999999916e+02 3.875202512297346914e-04 4.232107954981199948e-04
7.072341505000000552e+02 5.317820187098593575e-04 4.314301974756639757e-04
7.072344630000000052e+02 4.656323447747446188e-04 4.394395746130183187e-04
7.072347755000000689e+02 5.454665741866397341e-04 4.472449454427017911e-04
7.072350880000000188e+02 4.795436719032841223e-04 4.548524062577050499e-04
7.072354005000000825e+02 5.281076538243483854e-04 4.622680851599623064e-04
7.072357130000000325e+02 4.800809069429783711e-04 4.694981030598270534e-04
7.072360254999999825e+02 5.500040554209991578e-04 4.765485408959942593e-04
7.072363380000000461e+02 4.902556931554384167e-04 4.834254122640624612e-04
7.072366504999999961e+02 6.038494531120285275e-04 4.901346408101110632e-04
7.072369630000000598e+02 5.604107267476640111e-04 4.966820418077736322e-04
7.072372755000000097e+02 5.191841128694351607e-04 5.030733073155447968e-04
7.072375880000000734e+02 5.583805679446669128e-04 5.093139945066172021e-04
7.072379005000000234e+02 5.217355820922927202e-04 5.154095166656607599e-04
7.072382129999999734e+02 5.387824229152130689e-04 5.213651365447798027e-04
7.072385255000000370e+02 5.326974831653555429e-04 5.271859616855389301e-04
7.072388379999999870e+02 5.469424518875710050e-04 5.328769414359833681e-04
7.072391505000000507e+02 5.798968927033159920e-04 5.384428654237515205e-04
7.072394630000000006e+02 6.239066858343214356e-04 5.438883632067895895e-04
7.072397755000000643e+02 5.811837632372059484e-04 5.492179049682526350e-04
7.072400880000000143e+02 5.762366584711652246e-04 5.544358030189674427e-04
7.072404005000000780e+02 6.279385841817682577e-04 5.595462140218690874e-04
7.072407130000000279e+02 5.726029596543620159e-04 5.645531417474007911e-04
7.072410254999999779e+02 6.336220631637790295e-04 5.694604403076839079e-04
7.072413380000000416e+02 6.381433094340422784e-04 5.742718177266577673e-04
7.072416504999999916e+02 5.917724645910129710e-04 5.789908397837129853e-04
7.072419630000000552e+02 6.228048664710996449e-04 5.836209340773876753e-04
7.072422755000000052e+02 5.476998719108374910e-04 5.881653942063716240e-04
7.072425880000000689e+02 6.290196958217983761e-04 5.926273840704509828e-04
7.072429005000000188e+02 6.607915760318692133e-04 5.970099421948840863e-04
7.072432130000000825e+02 6.281880089576709868e-04 6.013159860954358279e-04
7.072435255000000325e+02 5.903013827368449283e-04 6.055483166023435410e-04
7.072438379999999825e+02 6.224628469464383879e-04 6.097096221681564581e-04
7.072441505000000461e+02 6.314819200500425885e-04 6.138024830996348293e-04
7.072444629999999961e+02 5.848960491483057647e-04 6.178293757136861519e-04
7.072447755000000598e+02 6.580049296953795028e-04 6.217926764185226739e-04
7.072450880000000097e+02 6.579096702122649507e-04 6.256946656729904608e-04
7.072454005000000734e+02 6.354288152113601700e-04 6.295375318615688926e-04
7.072457130000000234e+02 6.873235158389601890e-04 6.333233750330663232e-04
7.072460254999999734e+02 6.066895020220740764e-04 6.370542105430360928e-04
7.072463380000000370e+02 6.568113875587864789e-04 6.407319725619684209e-04
7.072466504999999870e+02 6.363129943374634841e-04 6.443585174623580507e-04
7.072469630000000507e+02 6.270025817361968507e-04 6.479356270971673619e-04
7.072472755000000006e+02 6.640337670243053611e-04 6.514650119370585983e-04
7.072475880000000643e+02 7.131116067365183371e-04 6.549483141084388354e-04
7.072479005000000143e+02 5.913305065609984887e-04 6.583871102924273959e-04
7.072482130000000780e+02 6.940571904915161013e-04 6.617829145280824683e-04
7.072485255000000279e+02 7.226333782963619869e-04 6.651371808819219605e-04
7.072488379999999779e+02 6.515467293252806416e-04 6.684513060254780982e-04
7.072491505000000416e+02 6.457573895469609360e-04 6.717266316928361541e-04
7.072494629999999916e+02 7.493420717694979603e-04 6.749644470341492923e-04
7.072497755000000552e+02 5.951412655597564626e-04 6.781659908800601825e-04
7.072500880000000052e+02 7.345839511627416923e-04 6.813324538909323142e-04
7.072504005000000689e+02 6.262139941628386709e-04 6.844649806308493890e-04
7.072507130000000188e+02 6.667707919958553060e-04 6.875646715325898356e-04
7.072510255000000825e+02 7.361713374077045145e-04 6.906325847939184196e-04
7.072513380000000325e+02 6.442136813066252996e-04 6.936697381721482463e-04
7.072516504999999825e+02 6.435884139460378798e-04 6.966771107153543491e-04
7.072519630000000461e+02 6.661037324300402582e-04 6.996556444054421835e-04
7.072522754999999961e+02 7.430483412978779309e-04 7.026062457277373538e-04
7.072525880000000598e+02 6.818234056378799689e-04 7.055297871808039259e-04
7.072529005000000097e+02 7.136895001355054828e-04 7.084271087026330210e-04
7.072532130000000734e+02 6.580957908580612565e-04 7.112990190494066726e-04
7.072535255000000234e+02 7.037534303474009397e-04 7.141462970956477009e-04
7.072538379999999734e+02 6.429598117689826762e-04 7.169696930912261481e-04
7.072541505000000370e+02 6.446185772110846071e-04 7.197699298515957723e-04
7.072544629999999870e+02 6.630438402079049743e-04 7.225477038944789782e-04
7.072547755000000507e+02 6.841623242216651269e-04 7.253036865354205859e-04
7.072550880000000006e+02 6.782145120852298061e-04 7.280385249192420499e-04
7.072554005000000643e+02 6.389033094105099272e-04 7.307528430209495832e-04
7.072557130000000143e+02 7.283559284434028627e-04 7.334472425861679771e-04
7.072560255000000780e+02 6.365128185585617465e-04 7.361223040450058305e-04
