7.162268284999998968e+02 3.401493356684141649e-04 3.217890047326692855e-04
7.162271409999999605e+02 3.662045397729058079e-04 3.220445323096237430e-04
7.162274534999999105e+02 3.377342180692810732e-04 3.222851596240769857e-04
7.162277659999999742e+02 3.554002039121612099e-04 3.225102946488324330e-04
7.162280784999999241e+02 3.288835633999343737e-04 3.227193167595791357e-04
7.162283909999999878e+02 3.148140061450997946e-04 3.229115751282619624e-04
7.162287034999999378e+02 2.971626227460802470e-04 3.230863870138722736e-04
7.162290160000000014e+02 3.650228141761115153e-04 3.232430359461872381e-04
7.162293284999999514e+02 3.471131850681982017e-04 3.233807697928454180e-04
7.162296409999999014e+02 3.244092758109229325e-04 3.234987987038501537e-04
7.162299534999999651e+02 3.679527256230021720e-04 3.235962929235192045e-04
7.162302659999999150e+02 3.376459771169771978e-04 3.236723804616054175e-04
7.162305784999999787e+02 3.059241601769982998e-04 3.237261446141280019e-04
7.162308909999999287e+02 2.973995491729372175e-04 3.237566213228763629e-04
7.162312034999999923e+02 2.880940683953789024e-04 3.237627963634424292e-04
7.162315159999999423e+02 4.086227205453831575e-04 3.237436023494767007e-04
7.162318284999998923e+02 3.175025622423131421e-04 3.236979155410930941e-04
7.162321409999999560e+02 3.239371538502377242e-04 3.236245524439873697e-04
7.162324534999999059e+02 3.440776413156971950e-04 3.235222661854910450e-04
7.162327659999999696e+02 2.994094503337666347e-04 3.233897426521763446e-04
7.162330784999999196e+02 3.129280011092389719e-04 3.232255963741320539e-04
7.162333909999999833e+02 3.099214150194560331e-04 3.230283661381104965e-04
7.162337034999999332e+02 3.530984786432676392e-04 3.227965103136417441e-04
7.162340159999999969e+02 3.136426647425206212e-04 3.225284018718736550e-04
7.162343284999999469e+02 3.270443655442632292e-04 3.222223230803184044e-04
7.162346409999998968e+02 3.052722419625838535e-04 3.218764598510215932e-04
7.162349534999999605e+02 3.092782657637734717e-04 3.214888957237824543e-04
7.162352659999999105e+02 3.009614608264009989e-04 3.210576054626580636e-04
7.162355784999999742e+02 3.004707424894170103e-04 3.205804482424289025e-04
7.162358909999999241e+02 3.514970879963473906e-04 3.200551604070885157e-04
7.162362034999999878e+02 3.356176437029386849e-04 3.194793477737740885e-04
7.162365159999999378e+02 2.898301587452629556e-04 3.188504774665286336e-04
7.162368285000000014e+02 2.886745292445561063e-04 3.181658692534845953e-04
7.162371409999999514e+02 2.847503953753033074e-04 3.174226863754311392e-04
7.162374534999999014e+02 3.032416145950276405e-04 3.166179258421860060e-04
7.162377659999999651e+02 3.166277135472696539e-04 3.157484081892475121e-04
7.162380784999999150e+02 3.006998578494853242e-04 3.148107666836621977e-04
7.162383909999999787e+02 3.254270250586435145e-04 3.138014359719027845e-04
7.162387034999999287e+02 2.976340292001802140e-04 3.127166401819673797e-04
7.162390159999999923e+02 3.044892267376529227e-04 3.115523804823013606e-04
7.162393284999999423e+02 2.922307257620773745e-04 3.103044221345704250e-04
7.162396409999998923e+02 2.682305686315252739e-04 3.089682810683632591e-04
7.162399534999999560e+02 3.108246013789232398e-04 3.075392100468545952e-04
7.162402659999999059e+02 3.019828397575386901e-04 3.060121845021089408e-04
7.162405784999999696e+02 2.712490014098960082e-04 3.043818881446697859e-04
7.162408909999999196e+02 3.105440619608871048e-04 3.026426985066594079e-04
7.162412034999999833e+02 3.052167830522983772e-04 3.007886725892344910e-04
7.162415159999999332e+02 2.679566123323477711e-04 2.988135328734166027e-04
7.162418284999999969e+02 2.719262565125970502e-04 2.967106539765392058e-04
7.162421409999999469e+02 2.639210915305763815e-04 2.944730503538326057e-04
7.162424534999998968e+02 3.061650457921980028e-04 2.920933654911689022e-04
7.162427659999999605e+02 3.041188511669657172e-04 2.895638631832821814e-04
7.162430784999999105e+02 3.353626037915088346e-04 2.868764215952564092e-04
7.162433909999999742e+02 2.986036461103582906e-04 2.840225309524954970e-04
7.162437034999999241e+02 2.729719637501670727e-04 2.809932959172118478e-04
7.162440159999999878e+02 2.582712697584511668e-04 2.777794438634061786e-04
7.162443284999999378e+02 2.562275722494178126e-04 2.743713405684008251e-04
7.162446410000000014e+02 2.377342139315818384e-04 2.707590150494525974e-04
7.162449534999999514e+02 2.131224029397412486e-04 2.669321956655496789e-04
7.162452659999999014e+02 2.994370642642459968e-04 2.628803598886594590e-04
7.162455784999999651e+02 2.562977906077070715e-04 2.585928006194774869e-04
7.162458909999999150e+02 2.719861086977245351e-04 2.540587123193010230e-04
7.162462034999999787e+02 2.210000103604867249e-04 2.492673006938078630e-04
7.162465159999999287e+02 2.418650769040505267e-04 2.442079202125932739e-04
7.162468284999999923e+02 2.336818042610979741e-04 2.388702441452631104e-04
7.162471409999999423e+02 2.380560601977036459e-04 2.332444723603490147e-04
7.162474534999998923e+02 2.292307513373918510e-04 2.273215824042678528e-04
7.162477659999999560e+02 2.115917435242433548e-04 2.210936297301437418e-04
7.162480784999999059e+02 2.206269752869857183e-04 2.145541029165806322e-04
7.162483909999999696e+02 2.046305509096079962e-04 2.076983394215177231e-04
7.162487034999999196e+02 1.762986546953139379e-04 2.005240067619359207e-04
7.162490159999999833e+02 1.803452359211145080e-04 1.930316525267898196e-04
7.162493284999999332e+02 1.556756158591991171e-04 1.852253246349976111e-04
7.162496409999999969e+02 1.531582881415242037e-04 1.771132599323069711e-04
7.162499534999999469e+02 1.777616576205311313e-04 1.687086350206638992e-04
7.162502659999998968e+02 1.949484943260111863e-04 1.600303672607389350e-04
7.162505784999999605e+02 1.411222543076849449e-04 1.511039467294567995e-04
7.162508909999999105e+02 1.393903106845117870e-04 1.419622709363590758e-04
7.162512034999999742e+02 1.403378216338395325e-04 1.326464438154963609e-04
7.162515159999999241e+02 1.260507296092726575e-04 1.232064893712646748e-04
7.162518284999999878e+02 1.421655234880630971e-04 1.137019187101067838e-04
7.162521409999999378e+02 1.568810047896304887e-04 1.042020789241250778e-04
7.162524535000000014e+02 8.761574483699409140e-05 9.478620422019611632e-05
7.162527659999999514e+02 1.001354210564557091e-04 8.554308671613338291e-05
7.162530784999999014e+02 8.495079680890484564e-05 7.657028787296116668e-05
7.162533909999999651e+02 5.860982973020935187e-05 6.797282468945686675e-05
7.162537034999999150e+02 8.266846453667993095e-05 5.986128857810005033e-05
7.162540159999999787e+02 6.304317212724552095e-05 5.234939041398243670e-05
7.162543284999999287e+02 4.185105735805061736e-05 4.555097161788256135e-05
7.162546409999999923e+02 4.700527925905891941e-05 3.957657487775529173e-05
7.162549534999999423e+02 4.944709366286171003e-05 3.452972451041462189e-05
7.162552659999998923e+02 2.920536761287814931e-05 3.050311756635864540e-05
7.162555784999999560e+02 3.284790598709753755e-05 2.757496493083488469e-05
7.162558909999999059e+02 2.380105008919773430e-05 2.580573847745377654e-05
7.162562034999999696e+02 2.285878528356578124e-05 2.523557041830636451e-05
7.162565159999999196e+02 2.175910067354551883e-05 2.588251226692465354e-05
7.162568284999999833e+02 2.294144454867337476e-05 2.774179598050371557e-05
7.162571409999999332e+02 2.576350315306547375e-05 3.078615641843184978e-05
7.162574534999999969e+02 2.012431758625516848e-05 3.496718310414454373e-05
7.162577659999999469e+02 2.335754647872955098e-05 4.021758281057335262e-05
7.162580784999998968e+02 4.287742263255449869e-05 4.645416425683038600e-05
7.162583909999999605e+02 3.724758263786945327e-05 5.358131030049473868e-05
7.162587034999999105e+02 5.780542000557486109e-05 6.149468545724781068e-05
7.162590159999999742e+02 5.203978494124180049e-05 7.008493632928650000e-05
7.162593284999999241e+02 7.115502435820309586e-05 7.924117455602703133e-05
7.162596409999999878e+02 1.064088655753125311e-04 8.885407924067605968e-05
7.162599534999999378e+02 7.451504277973742185e-05 9.881850969977135036e-05
7.162602660000000014e+02 8.278453759580798395e-05 1.090355731518099234e-04
7.162605784999999514e+02 1.443544967933638732e-04 1.194141391084041227e-04
7.162608909999999014e+02 1.072449290640478811e-04 1.298718301043117493e-04
7.162612034999999651e+02 1.406064407870315377e-04 1.403355447328901741e-04
7.162615159999999150e+02 1.495724846037755620e-04 1.507415847976381563e-04
7.162618284999999787e+02 1.634396902625446645e-04 1.610354647479149220e-04
7.162621409999999287e+02 1.672427337841413412e-04 1.711714804814943452e-04
7.162624534999999923e+02 1.618787587181804973e-04 1.811121087479495662e-04
7.162627659999999423e+02 1.853717001755523955e-04 1.908272990056878522e-04
7.162630784999998923e+02 2.010517040498472816e-04 2.002937092609638860e-04
7.162633909999999560e+02 2.524820176020774556e-04 2.094939264924637709e-04
7.162637034999999059e+02 2.424578393652736155e-04 2.184157023620356532e-04
7.162640159999999696e+02 2.609078905009614368e-04 2.270512260564933808e-04
7.162643284999999196e+02 2.740193547546773147e-04 2.353964485562770495e-04
7.162646409999999833e+02 2.367135150960368096e-04 2.434504668205270399e-04
7.162649534999999332e+02 2.627424078969324843e-04 2.512149715473679305e-04
7.162652659999999969e+02 2.550518599720957673e-04 2.586937589348729523e-04
7.162655784999999469e+02 2.604199036270796446e-04 2.658923042561631188e-04
7.162658909999998968e+02 2.321878647190486625e-04 2.728173936402453594e-04
7.162662034999999605e+02 3.094053249267847069e-04 2.794768093273690304e-04
7.162665159999999105e+02 2.860154953193764214e-04 2.858790632837718369e-04
7.162668284999999742e+02 2.682245800083078876e-04 2.920331739193176689e-04
7.162671409999999241e+02 2.881703752975768433e-04 2.979484806810420898e-04
7.162674534999999878e+02 3.174698144045427924e-04 3.036344916969919332e-04
7.162677659999999378e+02 3.076448301956471836e-04 3.091007598685452341e-04
7.162680785000000014e+02 3.803907277272528973e-04 3.143567833678803398e-04
7.162683909999999514e+02 3.070063718224304511e-04 3.194119267968218183e-04
7.162687034999999014e+02 3.385173141069597737e-04 3.242753598205563338e-04
7.162690159999999651e+02 2.986304162467432149e-04 3.289560103868913112e-04
7.162693284999999150e+02 3.058724880275147774e-04 3.334625300904343567e-04
7.162696409999999787e+02 3.848715442513260900e-04 3.378032695798993288e-04
7.162699534999999287e+02 3.754794074868906531e-04 3.419862621584741978e-04
7.162702659999999923e+02 2.917969520131287399e-04 3.460192140922111717e-04
7.162705784999999423e+02 3.215943835291598988e-04 3.499095002791363955e-04
7.162708909999998923e+02 3.939168175941362335e-04 3.536641642373799968e-04
7.162712034999999560e+02 3.930952384689993654e-04 3.572899214645309271e-04
7.162715159999999059e+02 3.619688650904526704e-04 3.607931654273088817e-04
7.162718284999999696e+02 3.255511451965984924e-04 3.641799755673611177e-04
7.162721409999999196e+02 3.967293417681345882e-04 3.674561267756512291e-04
7.162724534999999833e+02 3.499890279353103009e-04 3.706270999530475213e-04
7.162727659999999332e+02 3.885946649130990536e-04 3.736980932744942471e-04
7.162730784999999969e+02 3.816381625513216402e-04 3.766740339177150642e-04
7.162733909999999469e+02 4.243565714842573514e-04 3.795595899972154874e-04
7.162737034999998968e+02 3.723503966567387837e-04 3.823591825618239239e-04
7.162740159999999605e+02 3.955334404970904595e-04 3.850769974894154859e-04
7.162743284999999105e+02 3.885858503645178361e-04 3.877169971829841073e-04
7.162746409999999742e+02 3.777909374460420439e-04 3.902829319954116607e-04
7.162749534999999241e+02 4.362718767341593499e-04 3.927783512979555547e-04
7.162752659999999878e+02 4.041907343208047559e-04 3.952066141785163102e-04
7.162755784999999378e+02 3.290719289999743404e-04 3.975708997099920315e-04
7.162758910000000014e+02 4.098579049554790590e-04 3.998742167991731645e-04
7.162762034999999514e+02 4.036763597656865907e-04 4.021194135781614538e-04
7.162765159999999014e+02 4.354654725117494056e-04 4.043091863624265160e-04
7.162768284999999651e+02 3.823445025368639124e-04 4.064460881570440337e-04
7.162771409999999150e+02 3.901694894141667972e-04 4.085325367271614924e-04
7.162774534999999787e+02 4.498930975142459562e-04 4.105708222503766402e-04
7.162777659999999287e+02 4.183415600097784297e-04 4.125631145447347680e-04
7.162780784999999923e+02 4.046756546567664703e-04 4.145114699103854541e-04
7.162783909999999423e+02 3.903193350380676301e-04 4.164178375768799040e-04
7.162787034999998923e+02 4.873975023234204717e-04 4.182840657951273711e-04
7.162790159999999560e+02 4.364508289245808961e-04 4.201119075728750648e-04
7.162793284999999059e+02 4.359151633853669116e-04 4.219030260781419270e-04
7.162796409999999696e+02 4.329912280221780998e-04 4.236589997337623426e-04
7.162799534999999196e+02 3.880057806999230802e-04 4.253813270032413374e-04
7.162802659999999833e+02 4.491221694484394248e-04 4.270714309042772166e-04
7.162805784999999332e+02 4.269289942783868665e-04 4.287306632451873376e-04
7.162808909999999969e+02 3.886290819849219256e-04 4.303603086194284812e-04
7.162812034999999469e+02 4.182571981719174648e-04 4.319615881530427279e-04
7.162815159999998968e+02 3.957901939855835950e-04 4.335356630376687977e-04
7.162818284999999605e+02 3.932983970812581613e-04 4.350836378473361011e-04
7.162821409999999105e+02 3.972616246207438979e-04 4.366065636577897953e-04
7.162824534999999742e+02 4.193257560398338342e-04 4.381054409856500629e-04
7.162827659999999241e+02 4.406322937280013861e-04 4.395812225447611344e-04
7.162830784999999878e+02 4.607422933060574891e-04 4.410348158475341489e-04
7.162833909999999378e+02 4.187625065600427592e-04 4.424670856438661214e-04
7.162837035000000014e+02 4.569849764633900861e-04 4.438788562242879034e-04
7.162840159999999514e+02 4.951969301671002924e-04 4.452709135793104524e-04
7.162843284999999014e+02 4.798186877402120217e-04 4.466440074395233912e-04
7.162846409999999651e+02 4.790044138938318562e-04 4.479988531913348723e-04
7.162849534999999150e+02 4.775929545949368876e-04 4.493361336810390528e-04
7.162852659999999787e+02 4.740832065789620875e-04 4.506565009188897176e-04
7.162855784999999287e+02 4.487027281716363656e-04 4.519605776774556784e-04
7.162858909999999923e+02 4.368637370147527839e-04 4.532489590054054776e-04
7.162862034999999423e+02 4.649851991623089398e-04 4.545222136470383300e-04
7.162865159999998923e+02 4.594906272806360782e-04 4.557808853876302128e-04
7.162868284999999560e+02 4.531829768892307484e-04 4.570254943177733012e-04
7.162871409999999059e+02 4.480072800887154537e-04 4.582565380262082055e-04
7.162874534999999696e+02 4.702672052678756836e-04 4.594744927299250297e-04
7.162877659999999196e+02 4.194803915091493886e-04 4.606798143343990379e-04
7.162880784999999833e+02 4.531692806682629474e-04 4.618729394416696372e-04
7.162883909999999332e+02 4.358822498901999075e-04 4.630542862956707256e-04
7.162887034999999969e+02 4.693981035569403065e-04 4.642242556822127127e-04
7.162890159999999469e+02 4.573944862901965520e-04 4.653832317728672690e-04
