7.170746214999999211e+02 2.277622069476940674e-04 2.178044746881962384e-04
7.170749339999999847e+02 2.190924367691256096e-04 2.176836486039800773e-04
7.170752464999999347e+02 2.177744579515011349e-04 2.175532279645649722e-04
7.170755589999999984e+02 2.065450952618458650e-04 2.174128527175455522e-04
7.170758714999999484e+02 2.394710270506559299e-04 2.172621464167578086e-04
7.170761840000000120e+02 2.301255398295150431e-04 2.171007153582202971e-04
7.170764964999999620e+02 2.261383770074548185e-04 2.169281476664198301e-04
7.170768090000000257e+02 2.025073307074055158e-04 2.167440123260543994e-04
7.170771214999999756e+02 2.172061020739610528e-04 2.165478581577983340e-04
7.170774339999999256e+02 2.232040016101218254e-04 2.163392127326349372e-04
7.170777464999999893e+02 2.232436289555579949e-04 2.161175812226312130e-04
7.170780589999999393e+02 2.087688721968963487e-04 2.158824451836521537e-04
7.170783715000000029e+02 2.063713099082825826e-04 2.156332612649246121e-04
7.170786839999999529e+02 2.175288562654259495e-04 2.153694598431482100e-04
7.170789965000000166e+02 2.166848639883852583e-04 2.150904435738382799e-04
7.170793089999999665e+02 2.394236854543640059e-04 2.147955858579190548e-04
7.170796214999999165e+02 2.077242427129098886e-04 2.144842292154723693e-04
7.170799339999999802e+02 2.357469025573718602e-04 2.141556835636961508e-04
7.170802464999999302e+02 2.046488034127193103e-04 2.138092243925758897e-04
7.170805589999999938e+02 2.159260037594734648e-04 2.134440908310485997e-04
7.170808714999999438e+02 2.225286248980865586e-04 2.130594836006560560e-04
7.170811840000000075e+02 1.913318424044737210e-04 2.126545628464314365e-04
7.170814964999999575e+02 2.150302806019742255e-04 2.122284458427657161e-04
7.170818090000000211e+02 2.361229955135296437e-04 2.117802045630956921e-04
7.170821214999999711e+02 2.292842268673918793e-04 2.113088631113452568e-04
7.170824339999999211e+02 1.957517640695575730e-04 2.108133950034810848e-04
7.170827464999999847e+02 2.152915827981026335e-04 2.102927202962695953e-04
7.170830589999999347e+02 2.005719674219633673e-04 2.097457025550712262e-04
7.170833714999999984e+02 2.047847733583652583e-04 2.091711456520117124e-04
7.170836839999999484e+02 1.854388694554009141e-04 2.085677903932336074e-04
7.170839965000000120e+02 2.067825286135717791e-04 2.079343109633307739e-04
7.170843089999999620e+02 2.421757316298087028e-04 2.072693111887062838e-04
7.170846215000000257e+02 1.803637482414535860e-04 2.065713206088315142e-04
7.170849339999999756e+02 2.069536492061655060e-04 2.058387903600930905e-04
7.170852464999999256e+02 1.745541952731590482e-04 2.050700888637132493e-04
7.170855589999999893e+02 1.916302860480880821e-04 2.042634973249343462e-04
7.170858714999999393e+02 2.079192419668803016e-04 2.034172050449507526e-04
7.170861840000000029e+02 2.023631678325226737e-04 2.025293045492987420e-04
7.170864964999999529e+02 2.088106071197730221e-04 2.015977865513164571e-04
7.170868090000000166e+02 1.993765424255435515e-04 2.006205347570529432e-04
7.170871214999999665e+02 1.675117978930421264e-04 1.995953205440155140e-04
7.170874339999999165e+02 1.935484680789354860e-04 1.985197975326576461e-04
7.170877464999999802e+02 1.954016247127161768e-04 1.973914960974132253e-04
7.170880589999999302e+02 2.056248275840954457e-04 1.962078178630254056e-04
7.170883714999999938e+02 1.734466315101682206e-04 1.949660302431903609e-04
7.170886839999999438e+02 1.782071416438809740e-04 1.936632611089148231e-04
7.170889965000000075e+02 1.880439688616569337e-04 1.922964936680113669e-04
7.170893089999999575e+02 2.051099339111179588e-04 1.908625616865042773e-04
7.170896215000000211e+02 2.203560982379459379e-04 1.893581451783501752e-04
7.170899339999999711e+02 1.989955665801819830e-04 1.877797667508037511e-04
7.170902464999999211e+02 1.961235962458056099e-04 1.861237887956525272e-04
7.170905589999999847e+02 1.622990009274696073e-04 1.843864117867068987e-04
7.170908714999999347e+02 1.743453223509539658e-04 1.825636739734361224e-04
7.170911839999999984e+02 1.708469942871776535e-04 1.806514528134061444e-04
7.170914964999999484e+02 1.614154549030305942e-04 1.786454685729666771e-04
7.170918090000000120e+02 1.713847032112567059e-04 1.765412905612656700e-04
7.170921214999999620e+02 1.727219264460172076e-04 1.743343465884012366e-04
7.170924340000000257e+02 1.737100436685516192e-04 1.720199362862937561e-04
7.170927464999999756e+02 1.829226020261445068e-04 1.695932490834651987e-04
7.170930589999999256e+02 1.813389957627239762e-04 1.670493876915292767e-04
7.170933714999999893e+02 1.575960214165860070e-04 1.643833981331292086e-04
7.170936839999999393e+02 1.538395811299633396e-04 1.615903074497086799e-04
7.170939965000000029e+02 1.542866823417656972e-04 1.586651703677261654e-04
7.170943089999999529e+02 1.548918205561613669e-04 1.556031263848395589e-04
7.170946215000000166e+02 1.525143510746663784e-04 1.523994688256247003e-04
7.170949339999999665e+02 1.431320367395898024e-04 1.490497276163943029e-04
7.170952464999999165e+02 1.571471739816467756e-04 1.455497675723152495e-04
7.170955589999999802e+02 1.330030390838137411e-04 1.418959041272651168e-04
7.170958714999999302e+02 1.194488541775019222e-04 1.380850384152682844e-04
7.170961839999999938e+02 1.268015440320913027e-04 1.341148135415140053e-04
7.170964964999999438e+02 1.260733063493823147e-04 1.299837937480626308e-04
7.170968090000000075e+02 1.245737236001767136e-04 1.256916677663492282e-04
7.170971214999999575e+02 1.367437097670399430e-04 1.212394772037347213e-04
7.170974340000000211e+02 1.115547324087125724e-04 1.166298699336716459e-04
7.170977464999999711e+02 1.117302474470983095e-04 1.118673774710834344e-04
7.170980589999999211e+02 1.084179361843442147e-04 1.069587137730887313e-04
7.170983714999999847e+02 1.192144708221152367e-04 1.019130911532400107e-04
7.170986839999999347e+02 1.006095829013479022e-04 9.674254666692296825e-05
7.170989964999999984e+02 8.899888194746697939e-05 9.146226961415703590e-05
7.170993089999999484e+02 1.081751549471103997e-04 8.609091777366814993e-05
7.170996215000000120e+02 8.567214359621997300e-05 8.065090648925573777e-05
7.170999339999999620e+02 7.902158989837981926e-05 7.516865135385658917e-05
7.171002465000000257e+02 6.710143458510337076e-05 6.967474178761639582e-05
7.171005589999999756e+02 6.178778659069322505e-05 6.420402015823107927e-05
7.171008714999999256e+02 5.856509832260549544e-05 5.879553923037465535e-05
7.171011839999999893e+02 6.935258923688177675e-05 5.349237070715855548e-05
7.171014964999999393e+02 4.262802462893215970e-05 4.834123961920696022e-05
7.171018090000000029e+02 3.804418516671810319e-05 4.339196413224220112e-05
7.171021214999999529e+02 2.750969043160411145e-05 3.869668837385949119e-05
7.171024340000000166e+02 3.951818173449451533e-05 3.430890701147395431e-05
7.171027464999999665e+02 3.100011614440157916e-05 3.028229465247547287e-05
7.171030589999999165e+02 3.118286776828801325e-05 2.666936945099312572e-05
7.171033714999999802e+02 2.253028865755014274e-05 2.352003769111385282e-05
7.171036839999999302e+02 2.049487285653144188e-05 2.088008239833314493e-05
7.171039964999999938e+02 1.633501438733169395e-05 1.878967231986791562e-05
7.171043089999999438e+02 1.619191051161943058e-05 1.728197572436635733e-05
7.171046215000000075e+02 1.390937510931312139e-05 1.638196451553792114e-05
7.171049339999999575e+02 1.936978110075131661e-05 1.610548728076914300e-05
7.171052465000000211e+02 1.422316300251272332e-05 1.645867488739847281e-05
7.171055589999999711e+02 9.138935962897087173e-06 1.743772040429743375e-05
7.171058714999999211e+02 2.020994214940977055e-05 1.902904857084933185e-05
7.171061839999999847e+02 2.062523447122985987e-05 2.120986179506665430e-05
7.171064964999999347e+02 1.625242616377133844e-05 2.394902296249590881e-05
7.171068089999999984e+02 2.884716920723164437e-05 2.720821319971960864e-05
7.171071214999999484e+02 3.378770907894723121e-05 3.094328732792123995e-05
7.171074340000000120e+02 4.376622108640999017e-05 3.510574239188176483e-05
7.171077464999999620e+02 3.781363574072077379e-05 3.964421517020178063e-05
7.171080590000000257e+02 4.715956681374026499e-05 4.450593223443501415e-05
7.171083714999999756e+02 4.177859021058981186e-05 4.963804886874301773e-05
7.171086839999999256e+02 4.801529135950503125e-05 5.498882924618170027e-05
7.171089964999999893e+02 6.159244970552317522e-05 6.050863720261145316e-05
7.171093089999999393e+02 6.003136137693436685e-05 6.615072328821225021e-05
7.171096215000000029e+02 5.698852399153358443e-05 7.187180797109182307e-05
7.171099339999999529e+02 7.573189715897187967e-05 7.763247208562791849e-05
7.171102465000000166e+02 9.982221769674826312e-05 8.339737382252434194e-05
7.171105589999999665e+02 9.372092450069891348e-05 8.913531641509354138e-05
7.171108714999999165e+02 9.566441021751141921e-05 9.481919306918828300e-05
7.171111839999999802e+02 1.013766880290624341e-04 1.004258356360506323e-04
7.171114964999999302e+02 1.060642380880092616e-04 1.059357920585811928e-04
7.171118089999999938e+02 1.284090449096573561e-04 1.113330550198233051e-04
7.171121214999999438e+02 1.286591358524510225e-04 1.166047609726176935e-04
7.171124340000000075e+02 1.266032990555765610e-04 1.217408754626104155e-04
7.171127464999999575e+02 1.143181162170195272e-04 1.267338772312284886e-04
7.171130590000000211e+02 1.189184652259511895e-04 1.315784506705589289e-04
7.171133714999999711e+02 1.282700521811738954e-04 1.362711934108551046e-04
7.171136839999999211e+02 1.447595292463267505e-04 1.408103436815127214e-04
7.171139964999999847e+02 1.459323780098282846e-04 1.451955301454699852e-04
7.171143089999999347e+02 1.471166618074583961e-04 1.494275455222104844e-04
7.171146214999999984e+02 1.653775760313868953e-04 1.535081442094670214e-04
7.171149339999999484e+02 1.531943001844492894e-04 1.574398632577463683e-04
7.171152465000000120e+02 1.592015203220319705e-04 1.612258655824805309e-04
7.171155589999999620e+02 1.722685062645531182e-04 1.648698038457892181e-04
7.171158715000000257e+02 1.714016865705639454e-04 1.683757033297063376e-04
7.171161839999999756e+02 1.610330446077227497e-04 1.717478619459571892e-04
7.171164964999999256e+02 1.753742484747535272e-04 1.749907656110848684e-04
7.171168089999999893e+02 1.822906002039258308e-04 1.781090171996619947e-04
7.171171214999999393e+02 1.942944930051802659e-04 1.811072774325995301e-04
7.171174340000000029e+02 1.808016285379567001e-04 1.839902161754868048e-04
7.171177464999999529e+02 2.209269775064489185e-04 1.867624727183150250e-04
7.171180590000000166e+02 1.821122496756771673e-04 1.894286238074503054e-04
7.171183714999999665e+02 1.770380458318857259e-04 1.919931582697442373e-04
7.171186839999999165e+02 1.822085129011342714e-04 1.944604572641319188e-04
7.171189964999999802e+02 1.984077069851724717e-04 1.968347792617137300e-04
7.171193089999999302e+02 1.837979138942209356e-04 1.991202490029914075e-04
7.171196214999999938e+02 2.232531643516692083e-04 2.013208497798141196e-04
7.171199339999999438e+02 2.006552592326516708e-04 2.034404184520157582e-04
7.171202465000000075e+02 1.979771800738128543e-04 2.054826427364847172e-04
7.171205589999999575e+02 2.095777067159512654e-04 2.074510603264947115e-04
7.171208715000000211e+02 1.950246609416272155e-04 2.093490595120533300e-04
7.171211839999999711e+02 2.335214408384448661e-04 2.111798809779638706e-04
7.171214964999999211e+02 2.143706981663751586e-04 2.129466205495989201e-04
7.171218089999999847e+02 1.969302834242179329e-04 2.146522326570288598e-04
7.171221214999999347e+02 2.131982363703453353e-04 2.162995343482786343e-04
7.171224339999999984e+02 2.343335624138156135e-04 2.178912097104908395e-04
7.171227464999999484e+02 2.456505879876733967e-04 2.194298145624773541e-04
7.171230590000000120e+02 2.052647757617343156e-04 2.209177813374378911e-04
7.171233714999999620e+02 2.034342497976978032e-04 2.223574240558661992e-04
7.171236840000000257e+02 2.513518368975633209e-04 2.237509433406187180e-04
7.171239964999999756e+02 1.996801216618619126e-04 2.251004314038560752e-04
7.171243089999999256e+02 2.171727531736204904e-04 2.264078769801380073e-04
7.171246214999999893e+02 2.196528995010102198e-04 2.276751701597986503e-04
7.171249339999999393e+02 2.301556992050699901e-04 2.289041071027482087e-04
7.171252465000000029e+02 2.359077365813647934e-04 2.300963946179248720e-04
7.171255589999999529e+02 2.169536625116422614e-04 2.312536545833178371e-04
7.171258715000000166e+02 2.400816617643455593e-04 2.323774282108633080e-04
7.171261839999999665e+02 2.483006726170522969e-04 2.334691801362950240e-04
7.171264964999999165e+02 2.448841647162146892e-04 2.345303023438714211e-04
7.171268089999999802e+02 2.309345924020426988e-04 2.355621179146541748e-04
7.171271214999999302e+02 2.532752263679589541e-04 2.365658846036404158e-04
7.171274339999999938e+02 2.511725334734092466e-04 2.375427982516042588e-04
7.171277464999999438e+02 2.327921764478309047e-04 2.384939960259412713e-04
7.171280590000000075e+02 2.547626554899541022e-04 2.394205595061667203e-04
7.171283714999999575e+02 2.300785513161275587e-04 2.403235176076771746e-04
7.171286840000000211e+02 2.142450090980322838e-04 2.412038493603086494e-04
7.171289964999999711e+02 2.424066167311703882e-04 2.420624865366552848e-04
7.171293089999999211e+02 2.196789366242100818e-04 2.429003161463155834e-04
7.171296214999999847e+02 2.295738787840071848e-04 2.437181827939570542e-04
7.171299339999999347e+02 2.311644277388272793e-04 2.445168909106451311e-04
7.171302464999999984e+02 2.545895762067111948e-04 2.452972068672295701e-04
7.171305589999999484e+02 2.537600024255513603e-04 2.460598609683775618e-04
7.171308715000000120e+02 2.300980323310847816e-04 2.468055493420187661e-04
7.171311839999999620e+02 2.468389184077100546e-04 2.475349357207158011e-04
7.171314965000000257e+02 2.470662991433598184e-04 2.482486531292727372e-04
7.171318089999999756e+02 2.614630508077084910e-04 2.489473054751183047e-04
7.171321214999999256e+02 2.846479658386318512e-04 2.496314690547318457e-04
7.171324339999999893e+02 2.607159998991770335e-04 2.503016939743238898e-04
7.171327464999999393e+02 2.353396591147767459e-04 2.509585054920882019e-04
7.171330590000000029e+02 2.465949675727190939e-04 2.516024052887005707e-04
7.171333714999999529e+02 2.604179857509464563e-04 2.522338726642126840e-04
7.171336840000000166e+02 2.426061478220786077e-04 2.528533656726812489e-04
7.171339964999999665e+02 2.725440857713408742e-04 2.534613221907739702e-04
7.171343089999999165e+02 2.596001153517761128e-04 2.540581609310368200e-04
7.171346214999999802e+02 2.511882859398743254e-04 2.546442823974657600e-04
7.171349339999999302e+02 2.499787730049223716e-04 2.552200697889076843e-04
7.171352464999999938e+02 2.448195850834945266e-04 2.557858898553146696e-04
7.171355589999999438e+02 2.409424916910588108e-04 2.563420937044134300e-04
7.171358715000000075e+02 2.504557372319563772e-04 2.568890175679348995e-04
7.171361839999999575e+02 2.656966466412539964e-04 2.574269835233278822e-04
7.171364965000000211e+02 2.618785732933964273e-04 2.579563001797994691e-04
7.171368089999999711e+02 2.773326377201537911e-04 2.584772633245423592e-04
