7.160403634999998985e+02 3.478753040498300036e-04 3.245023299046014172e-04
7.160406759999999622e+02 3.474495983987326920e-04 3.247745657837064026e-04
7.160409884999999122e+02 3.357998813544374179e-04 3.250342613782823318e-04
7.160413009999999758e+02 3.528728421748632727e-04 3.252809276594949587e-04
7.160416134999999258e+02 3.233390523592735624e-04 3.255140523048424242e-04
7.160419259999999895e+02 3.373607581393082587e-04 3.257330983998469524e-04
7.160422384999999394e+02 3.551765144798978277e-04 3.259375030563600706e-04
7.160425510000000031e+02 2.885153750206409908e-04 3.261266759445155712e-04
7.160428634999999531e+02 3.264204838931992819e-04 3.262999977296954126e-04
7.160431759999999031e+02 3.114221309398082049e-04 3.264568184102913388e-04
7.160434884999999667e+02 3.982626189155848281e-04 3.265964555474297091e-04
7.160438009999999167e+02 3.196489731990107041e-04 3.267181923799696865e-04
7.160441134999999804e+02 3.354372579110861041e-04 3.268212758170554815e-04
7.160444259999999304e+02 3.349501169566475832e-04 3.269049142984033576e-04
7.160447384999999940e+02 2.904801245304940681e-04 3.269682755143773893e-04
7.160450509999999440e+02 3.600228930398188961e-04 3.270104839747024652e-04
7.160453634999998940e+02 3.269839440022048391e-04 3.270306184161039884e-04
7.160456759999999576e+02 3.510148316956816957e-04 3.270277090367372801e-04
7.160459884999999076e+02 2.911892309577950098e-04 3.270007345455998890e-04
7.160463009999999713e+02 3.250520428573517185e-04 3.269486190136253797e-04
7.160466134999999213e+02 3.395107302235756243e-04 3.268702285126498215e-04
7.160469259999999849e+02 3.717302413450003745e-04 3.267643675269742446e-04
7.160472384999999349e+02 3.032282857034247900e-04 3.266297751222146700e-04
7.160475509999999986e+02 3.090989355961384867e-04 3.264651208535598653e-04
7.160478634999999485e+02 3.368707476611816284e-04 3.262690003966528876e-04
7.160481759999998985e+02 3.335343857317147123e-04 3.260399308804776001e-04
7.160484884999999622e+02 3.020481377266757321e-04 3.257763459033026433e-04
7.160488009999999122e+02 3.125272957845902323e-04 3.254765902100006632e-04
7.160491134999999758e+02 2.983806803192354078e-04 3.251389140069728531e-04
7.160494259999999258e+02 3.182304718128950894e-04 3.247614668937076317e-04
7.160497384999999895e+02 3.263222667142663788e-04 3.243422913828944627e-04
7.160500509999999394e+02 2.841550864065409587e-04 3.238793159874591874e-04
7.160503635000000031e+02 2.969126259463240490e-04 3.233703478437176585e-04
7.160506759999999531e+02 3.232001714803807804e-04 3.228130648485375920e-04
7.160509884999999031e+02 3.390996866543929456e-04 3.222050072779639261e-04
7.160513009999999667e+02 3.049533228129330201e-04 3.215435688642653530e-04
7.160516134999999167e+02 3.818126744092169311e-04 3.208259873030780028e-04
7.160519259999999804e+02 3.189954672901300706e-04 3.200493341618682996e-04
7.160522384999999304e+02 3.067690589304339138e-04 3.192105041719583611e-04
7.160525509999999940e+02 2.975617130945718957e-04 3.183062038745073622e-04
7.160528634999999440e+02 2.959763795570820397e-04 3.173329396120035226e-04
7.160531759999998940e+02 2.817493533087043166e-04 3.162870048437129442e-04
7.160534884999999576e+02 3.370957907961477868e-04 3.151644667879363137e-04
7.160538009999999076e+02 3.045635072937332159e-04 3.139611523929476244e-04
7.160541134999999713e+02 2.874636673847669253e-04 3.126726336486047278e-04
7.160544259999999213e+02 3.093877820903663707e-04 3.112942122817397039e-04
7.160547384999999849e+02 2.925070595049524620e-04 3.098209038738075453e-04
7.160550509999999349e+02 3.241979269864660217e-04 3.082474214928945604e-04
7.160553634999999986e+02 2.696745938415178638e-04 3.065681589320455396e-04
7.160556759999999485e+02 3.169687373636725534e-04 3.047771737175987363e-04
7.160559884999998985e+02 3.149090668712873058e-04 3.028681700637294032e-04
7.160563009999999622e+02 3.102345854044589557e-04 3.008344820397581393e-04
7.160566134999999122e+02 2.785979247795827753e-04 2.986690572681033958e-04
7.160569259999999758e+02 3.309447767780585503e-04 2.963644415535676051e-04
7.160572384999999258e+02 2.468291728747062539e-04 2.939127649768541201e-04
7.160575509999999895e+02 2.929689322492698097e-04 2.913057300670058225e-04
7.160578634999999394e+02 2.850151498611147366e-04 2.885346028698523597e-04
7.160581760000000031e+02 2.369266620025522649e-04 2.855902078540308703e-04
7.160584884999999531e+02 2.593863008575568170e-04 2.824629278688586039e-04
7.160588009999999031e+02 3.139574807478572298e-04 2.791427105588878432e-04
7.160591134999999667e+02 2.489274929581532713e-04 2.756190829921752032e-04
7.160594259999999167e+02 2.794751461444184020e-04 2.718811765681968797e-04
7.160597384999999804e+02 2.524684908064982495e-04 2.679177646615527758e-04
7.160600509999999304e+02 2.362060826907529619e-04 2.637173159567196188e-04
7.160603634999999940e+02 2.765528092688324525e-04 2.592680668604933772e-04
7.160606759999999440e+02 2.565202785578329860e-04 2.545581170285606139e-04
7.160609884999998940e+02 2.476923670730611150e-04 2.495755525564636191e-04
7.160613009999999576e+02 2.690517070169331951e-04 2.443086021098322003e-04
7.160616134999999076e+02 2.293526839004401540e-04 2.387458318610189030e-04
7.160619259999999713e+02 2.289379945322549646e-04 2.328763857034776721e-04
7.160622384999999213e+02 2.209351464738572518e-04 2.266902778086882578e-04
7.160625509999999849e+02 1.789469194238164636e-04 2.201787448285049081e-04
7.160628634999999349e+02 2.168111816003633226e-04 2.133346652474507415e-04
7.160631759999999986e+02 2.016252349029209079e-04 2.061530528932201752e-04
7.160634884999999485e+02 1.681704506028795375e-04 1.986316307961554113e-04
7.160638009999998985e+02 1.778151614135596061e-04 1.907714896353731606e-04
7.160641134999999622e+02 1.614027522957012088e-04 1.825778322501894562e-04
7.160644259999999122e+02 1.836753208770170744e-04 1.740608013203461478e-04
7.160647384999999758e+02 1.470330186683777701e-04 1.652363813338099082e-04
7.160650509999999258e+02 1.390698022001563114e-04 1.561273581478170855e-04
7.160653634999999895e+02 1.376653988267111084e-04 1.467643092395498128e-04
7.160656759999999394e+02 1.378144138171796254e-04 1.371865858054278453e-04
7.160659885000000031e+02 1.315365034067461072e-04 1.274432337270196239e-04
7.160663009999999531e+02 1.348152424259013910e-04 1.175937856249548722e-04
7.160666134999999031e+02 9.079874326472334883e-05 1.077088411746642585e-04
7.160669259999999667e+02 1.269330999845153765e-04 9.787034029028367286e-05
7.160672384999999167e+02 1.092369796320971583e-04 8.817142550107121945e-05
7.160675509999999804e+02 8.481534989165522053e-05 7.871578934422498693e-05
7.160678634999999304e+02 7.209395534028953173e-05 6.961641314319775902e-05
7.160681759999999940e+02 8.238497230511167074e-05 6.099362760028678683e-05
7.160684884999999440e+02 1.085784746179701047e-04 5.297246574663498484e-05
7.160688009999998940e+02 4.279042535167264119e-05 4.567933392197178692e-05
7.160691134999999576e+02 4.666009505483183456e-05 3.923809440778166759e-05
7.160694259999999076e+02 6.378738821522192295e-05 3.376572711080862805e-05
7.160697384999999713e+02 2.340008006397899899e-05 2.936780833739944922e-05
7.160700509999999213e+02 3.393528250762967532e-05 2.613410070362785800e-05
7.160703634999999849e+02 3.129600451588861236e-05 2.413457788128333913e-05
7.160706759999999349e+02 2.049463691435237853e-05 2.341620258535637207e-05
7.160709884999999986e+02 1.763247727336723726e-05 2.400073152784744645e-05
7.160713009999999485e+02 5.754594088660645206e-05 2.588374001745363933e-05
7.160716134999998985e+02 2.306905975527077159e-05 2.903495084357817996e-05
7.160719259999999622e+02 2.675806939572676160e-05 3.339983220588295116e-05
7.160722384999999122e+02 3.339148420599800276e-05 3.890231512049195081e-05
7.160725509999999758e+02 2.819248776640209813e-05 4.544838824547393327e-05
7.160728634999999258e+02 3.179647294077527918e-05 5.293026895271960236e-05
7.160731759999999895e+02 3.633059845343143636e-05 6.123082914996503113e-05
7.160734884999999394e+02 5.817279965576183912e-05 7.022797063051071636e-05
7.160738010000000031e+02 7.241296362994376784e-05 7.979869076727347027e-05
7.160741134999999531e+02 8.453702562435695949e-05 8.982264383554246473e-05
7.160744259999999031e+02 9.781586287362438361e-05 1.001850754144729830e-04
7.160747384999999667e+02 1.202190848698810293e-04 1.107790763750862863e-04
7.160750509999999167e+02 1.115553006807533111e-04 1.215071622860989208e-04
7.160753634999999804e+02 1.178800142970260227e-04 1.322822291606412059e-04
7.160756759999999304e+02 1.040442591231012672e-04 1.430279661336791061e-04
7.160759884999999940e+02 1.332750688258007449e-04 1.536788214975845859e-04
7.160763009999999440e+02 1.348322304716012890e-04 1.641796221838094118e-04
7.160766134999998940e+02 1.572920459048239800e-04 1.744849422752340815e-04
7.160769259999999576e+02 1.516688074696202868e-04 1.845583055531130616e-04
7.160772384999999076e+02 1.786632358266771359e-04 1.943712938836641892e-04
7.160775509999999713e+02 2.004102273222955501e-04 2.039026189885955690e-04
7.160778634999999213e+02 2.137524766370250376e-04 2.131372012871097447e-04
7.160781759999999849e+02 1.899303134935927042e-04 2.220652873794372458e-04
7.160784884999999349e+02 2.487400932928220967e-04 2.306816270666514753e-04
7.160788009999999986e+02 2.764404434510136241e-04 2.389847225563760877e-04
7.160791134999999485e+02 2.781249125777805233e-04 2.469761557360332154e-04
7.160794259999998985e+02 2.526761358852130934e-04 2.546599947399015226e-04
7.160797384999999622e+02 2.686633098302973629e-04 2.620422774411532586e-04
7.160800509999999122e+02 3.071354794290617101e-04 2.691305673529130428e-04
7.160803634999999758e+02 2.999283551642029306e-04 2.759335760604187293e-04
7.160806759999999258e+02 2.863155782272886808e-04 2.824608455419616452e-04
7.160809884999999895e+02 3.239731273157638036e-04 2.887224836945604702e-04
7.160813009999999394e+02 3.336984423961658185e-04 2.947289463707848667e-04
7.160816135000000031e+02 2.897551467560580368e-04 3.004908597555759142e-04
7.160819259999999531e+02 3.256922965218776202e-04 3.060188772585109747e-04
7.160822384999999031e+02 3.358184268773947495e-04 3.113235657976339108e-04
7.160825509999999667e+02 3.631065117245572352e-04 3.164153168067616092e-04
7.160828634999999167e+02 3.783885256702843296e-04 3.213042779407880730e-04
7.160831759999999804e+02 3.929502174117352454e-04 3.260003019810331251e-04
7.160834884999999304e+02 2.985241517846718979e-04 3.305129098724074346e-04
7.160838009999999940e+02 3.793102215943170048e-04 3.348512653671999444e-04
7.160841134999999440e+02 3.595232859440025729e-04 3.390241590341085804e-04
7.160844259999998940e+02 3.290701160480514228e-04 3.430399998423283494e-04
7.160847384999999576e+02 3.329988788617850907e-04 3.469068127385766497e-04
7.160850509999999076e+02 3.538524184523723481e-04 3.506322409508834045e-04
7.160853634999999713e+02 3.661242116083388226e-04 3.542235519690834227e-04
7.160856759999999213e+02 3.418828829405532485e-04 3.576876462925131380e-04
7.160859884999999849e+02 3.437098454928875471e-04 3.610310682699457876e-04
7.160863009999999349e+02 3.035032744070994171e-04 3.642600184061634059e-04
7.160866134999999986e+02 4.179363893464276480e-04 3.673803667032499013e-04
7.160869259999999485e+02 3.829206808341880449e-04 3.703976666181424252e-04
7.160872384999998985e+02 4.463534005204804699e-04 3.733171693706136343e-04
7.160875509999999622e+02 3.710730636357242700e-04 3.761438383338712422e-04
7.160878634999999122e+02 3.788725377293862334e-04 3.788823633337146590e-04
7.160881759999999758e+02 3.669707081154475093e-04 3.815371747223290965e-04
7.160884884999999258e+02 4.077281759230806245e-04 3.841124570933603793e-04
7.160888009999999895e+02 3.818271810562651972e-04 3.866121625893844923e-04
7.160891134999999394e+02 3.986733811227404596e-04 3.890400237141935884e-04
7.160894260000000031e+02 4.106882187850834022e-04 3.913995656418244604e-04
7.160897384999999531e+02 4.101251295272789386e-04 3.936941179699002757e-04
7.160900509999999031e+02 4.088647078751316065e-04 3.959268259332139150e-04
7.160903634999999667e+02 3.744471634487106493e-04 3.981006610532911269e-04
7.160906759999999167e+02 4.031426294022477652e-04 4.002184312378502615e-04
7.160909884999999804e+02 4.095256400961010080e-04 4.022827903477181068e-04
7.160913009999999304e+02 3.939440491743777533e-04 4.042962472260817897e-04
7.160916134999999940e+02 3.717140351312978670e-04 4.062611742311710949e-04
7.160919259999999440e+02 4.170576837805805800e-04 4.081798152676564947e-04
7.160922384999998940e+02 4.372574870040914371e-04 4.100542933602655785e-04
7.160925509999999576e+02 3.624453122706495817e-04 4.118866177729537574e-04
7.160928634999999076e+02 4.286859397840011004e-04 4.136786907030569837e-04
7.160931759999999713e+02 4.388901436213367684e-04 4.154323135785742698e-04
7.160934884999999213e+02 4.122548879806844533e-04 4.171491929637965936e-04
7.160938009999999849e+02 3.938596943952154118e-04 4.188309461146112159e-04
7.160941134999999349e+02 3.894033598349029481e-04 4.204791061835959028e-04
7.160944259999999986e+02 4.607275263839662226e-04 4.220951271147248773e-04
7.160947384999999485e+02 4.372434384019265518e-04 4.236803882271187021e-04
7.160950509999998985e+02 3.947651249265858326e-04 4.252361985246563012e-04
7.160953634999999622e+02 4.331507811576452809e-04 4.267638007338581054e-04
7.160956759999999122e+02 3.713441393082529359e-04 4.282643750926181303e-04
7.160959884999999758e+02 4.508233202815066553e-04 4.297390429106292598e-04
7.160963009999999258e+02 4.503501632255367884e-04 4.311888699024734521e-04
7.160966134999999895e+02 4.335873903516280093e-04 4.326148693241230517e-04
7.160969259999999394e+02 4.428591701938870153e-04 4.340180049087124787e-04
7.160972385000000031e+02 3.939383120525090311e-04 4.353991936307188772e-04
7.160975509999999531e+02 4.101994620852895002e-04 4.367593082934463243e-04
7.160978634999999031e+02 4.757342323261783785e-04 4.380991799664571093e-04
7.160981759999999667e+02 4.604732528398539060e-04 4.394196002703616580e-04
7.160984884999999167e+02 4.115356405846786001e-04 4.407213235236378764e-04
7.160988009999999804e+02 4.385316619244867728e-04 4.420050687649598525e-04
7.160991134999999304e+02 4.304042565321164124e-04 4.432715216474287763e-04
7.160994259999999940e+02 4.742300381932924055e-04 4.445213362271129595e-04
7.160997384999999440e+02 4.738742813118385663e-04 4.457551366381809575e-04
7.161000509999998940e+02 4.322786044593202406e-04 4.469735186756992103e-04
7.161003634999999576e+02 3.766790351744584960e-04 4.481770512809386039e-04
7.161006759999999076e+02 4.209627801518222526e-04 4.493662779397727936e-04
7.161009884999999713e+02 4.199078429298997253e-04 4.505417180039209620e-04
7.161013009999999213e+02 4.173797854570005504e-04 4.517038679293198535e-04
7.161016134999999849e+02 5.204543297809206175e-04 4.528532024498280835e-04
7.161019259999999349e+02 5.115297505569473642e-04 4.539901756770578977e-04
7.161022384999999986e+02 4.274139203654685930e-04 4.551152221440558855e-04
7.161025509999999485e+02 4.175131819160243980e-04 4.562287577833602412e-04
