7.081436104999999088e+02 3.539807097083510026e-04 3.643798231736223268e-04
7.081439229999999725e+02 3.908047745923345223e-04 3.643193538896700567e-04
7.081442354999999225e+02 3.759951944299178114e-04 3.641790427572104893e-04
7.081445479999999861e+02 3.837476571206922078e-04 3.639552368930263617e-04
7.081448604999999361e+02 3.347118961011586770e-04 3.636440969678301311e-04
7.081451729999999998e+02 3.593255161040939975e-04 3.632415877936974371e-04
7.081454854999999498e+02 3.639135681381378234e-04 3.627434685940375482e-04
7.081457980000000134e+02 3.732738760961129489e-04 3.621452829775726042e-04
7.081461104999999634e+02 4.053280386572942094e-04 3.614423486554699055e-04
7.081464229999999134e+02 3.256755309128903531e-04 3.606297469416722026e-04
7.081467354999999770e+02 3.836851072070519755e-04 3.597023121001028073e-04
7.081470479999999270e+02 3.450308584315200087e-04 3.586546206122838117e-04
7.081473604999999907e+02 3.823529278680276111e-04 3.574809804544929566e-04
7.081476729999999407e+02 3.184657208452878465e-04 3.561754205093550633e-04
7.081479855000000043e+02 3.690587552723553072e-04 3.547316802416909404e-04
7.081482979999999543e+02 3.585312484360230964e-04 3.531431998248678512e-04
7.081486105000000180e+02 3.039455965416049772e-04 3.514031109108251439e-04
7.081489229999999679e+02 2.974132506756792227e-04 3.495042283109673470e-04
7.081492354999999179e+02 3.216256200155511867e-04 3.474390428691698620e-04
7.081495479999999816e+02 3.288115493357742771e-04 3.451997158971973983e-04
7.081498604999999316e+02 3.233269496744447429e-04 3.427780755882886294e-04
7.081501729999999952e+02 3.060043933864736981e-04 3.401656158947116075e-04
7.081504854999999452e+02 3.395995147908190755e-04 3.373534984720175491e-04
7.081507980000000089e+02 3.358693760690835677e-04 3.343325583412698216e-04
7.081511104999999588e+02 2.786131428317780725e-04 3.310933140893024956e-04
7.081514229999999088e+02 3.044504582447626114e-04 3.276259834896771842e-04
7.081517354999999725e+02 2.932168458919159806e-04 3.239205056240150983e-04
7.081520479999999225e+02 2.967065494524798131e-04 3.199665707028502993e-04
7.081523604999999861e+02 2.756694404004263925e-04 3.157536589481975452e-04
7.081526729999999361e+02 3.016478571104868537e-04 3.112710901350072682e-04
7.081529854999999998e+02 2.520384840943334145e-04 3.065080855053283902e-04
7.081532979999999498e+02 2.506790185639895551e-04 3.014538440698776608e-04
7.081536105000000134e+02 2.568753072895839113e-04 2.960976354221558590e-04
7.081539229999999634e+02 2.757849624462651553e-04 2.904289115082439566e-04
7.081542354999999134e+02 2.587817564261748722e-04 2.844374398818514988e-04
7.081545479999999770e+02 2.593963650166578039e-04 2.781134612517251539e-04
7.081548604999999270e+02 2.320589713098883075e-04 2.714478741970799240e-04
7.081551729999999907e+02 2.346502463246778975e-04 2.644324499845045109e-04
7.081554854999999407e+02 2.299549594812476958e-04 2.570600804793733642e-04
7.081557980000000043e+02 2.231086313254473973e-04 2.493250618550066334e-04
7.081561104999999543e+02 1.985957769558345542e-04 2.412234166350800239e-04
7.081564230000000180e+02 2.201942418799759276e-04 2.327532558916974384e-04
7.081567354999999679e+02 1.836904640246744499e-04 2.239151827753519688e-04
7.081570479999999179e+02 1.873653108218603213e-04 2.147127372115214161e-04
7.081573604999999816e+02 1.644202752941331940e-04 2.051528802014172630e-04
7.081576729999999316e+02 1.659146966743082737e-04 1.952465140351271474e-04
7.081579854999999952e+02 1.701426086758264821e-04 1.850090321708487793e-04
7.081582979999999452e+02 1.682585422892871388e-04 1.744608895661758821e-04
7.081586105000000089e+02 1.468242832711727020e-04 1.636281803974717539e-04
7.081589229999999588e+02 1.649958131129319948e-04 1.525432061753857033e-04
7.081592354999999088e+02 1.426676654032420764e-04 1.412450124655301750e-04
7.081595479999999725e+02 1.357538759686681927e-04 1.297798678640676442e-04
7.081598604999999225e+02 1.269949480155044340e-04 1.182016540454605339e-04
7.081601729999999861e+02 1.074777243818246801e-04 1.065721314712134279e-04
7.081604854999999361e+02 1.232140458982596562e-04 9.496104226307146149e-05
7.081607979999999998e+02 1.034351504057765122e-04 8.344600987498277625e-05
7.081611104999999498e+02 9.795095609012869405e-05 7.211219610517566726e-05
7.081614230000000134e+02 8.518318914059411098e-05 6.105167931900753553e-05
7.081617354999999634e+02 7.571314288455272576e-05 5.036252517239936632e-05
7.081620479999999134e+02 5.708310675291730597e-05 4.014753197101282725e-05
7.081623604999999770e+02 6.373272194582771041e-05 3.051264817125751689e-05
7.081626729999999270e+02 5.908793301098612996e-05 2.156507819619456315e-05
7.081629854999999907e+02 5.133261798549019654e-05 1.341111434302847836e-05
7.081632979999999407e+02 3.173225153235486126e-05 6.153755573597691802e-06
7.081636105000000043e+02 4.420396335253050927e-05 -1.098039713228828408e-07
7.081639229999999543e+02 2.238012816878477511e-05 -5.290714474210790716e-06
7.081642355000000180e+02 2.236416803831065060e-05 -9.310922091762730999e-06
7.081645479999999679e+02 2.401122270889076904e-05 -1.210541057755923731e-05
7.081648604999999179e+02 1.019343142729626446e-05 -1.362411389031070261e-05
7.081651729999999816e+02 1.305121958349403289e-05 -1.383339361706696432e-05
7.081654854999999316e+02 6.957157319555285933e-06 -1.271699738683936138e-05
7.081657979999999952e+02 9.402925288365378295e-06 -1.027644436012633959e-05
7.081661104999999452e+02 6.232192221511980455e-06 -6.530818807640601216e-06
7.081664230000000089e+02 1.132512079785245835e-05 -1.515989265490877714e-06
7.081667354999999588e+02 7.652834009950070947e-06 4.716694703404037295e-06
7.081670479999999088e+02 5.938902752961107783e-06 1.210214694415049548e-05
7.081673604999999725e+02 8.598140853583116712e-06 2.056362760768584916e-05
7.081676729999999225e+02 2.355835382564892225e-05 3.001504960493718238e-05
7.081679854999999861e+02 1.992419712066943841e-05 4.036339106086847458e-05
7.081682979999999361e+02 3.379326862544149103e-05 5.151110215547421306e-05
7.081686104999999998e+02 3.406328060285521717e-05 6.335840812112452725e-05
7.081689229999999498e+02 4.755553834098902994e-05 7.580542811379289395e-05
7.081692355000000134e+02 4.967583588252473097e-05 8.875405077519985171e-05
7.081695479999999634e+02 6.844679410147373418e-05 1.021095284003710869e-04
7.081698604999999134e+02 6.643016559537119560e-05 1.157817719787678114e-04
7.081701729999999770e+02 8.380834426060427102e-05 1.296863466108670745e-04
7.081704854999999270e+02 8.929502201560474389e-05 1.437451810768204490e-04
7.081707979999999907e+02 1.150297066342865658e-04 1.578870157884035177e-04
7.081711104999999407e+02 1.288641113930462812e-04 1.720476200402073976e-04
7.081714230000000043e+02 1.240934994831143531e-04 1.861698134172794954e-04
7.081717354999999543e+02 1.733847586227885628e-04 2.002033268750551341e-04
7.081720480000000180e+02 1.875732143778732156e-04 2.141045382458781066e-04
7.081723604999999679e+02 2.094634046860819915e-04 2.278361140348235815e-04
7.081726729999999179e+02 2.029155621137995627e-04 2.413665861919850547e-04
7.081729854999999816e+02 2.239741378865055114e-04 2.546698882840591122e-04
7.081732979999999316e+02 2.448505754811283156e-04 2.677248715623560321e-04
7.081736104999999952e+02 2.352367046720834568e-04 2.805148174464300358e-04
7.081739229999999452e+02 2.497312815667038699e-04 2.930269591114197840e-04
7.081742355000000089e+02 2.841341074252149508e-04 3.052520218780252676e-04
7.081745479999999588e+02 2.908806337165545266e-04 3.171837890096175310e-04
7.081748604999999088e+02 2.978835706197427349e-04 3.288186974746774957e-04
7.081751729999999725e+02 3.118487483579828823e-04 3.401554660822081184e-04
7.081754854999999225e+02 3.579444316023108709e-04 3.511947570625715805e-04
7.081757979999999861e+02 3.596334201125498276e-04 3.619388710143872602e-04
7.081761104999999361e+02 3.511822280286460004e-04 3.723914741554890887e-04
7.081764229999999998e+02 3.862049206026975530e-04 3.825573564479404489e-04
7.081767354999999498e+02 4.110467668912884094e-04 3.924422185267563228e-04
7.081770480000000134e+02 4.269997653496013582e-04 4.020524853777747757e-04
7.081773604999999634e+02 4.563686332423745715e-04 4.113951443624627941e-04
7.081776729999999134e+02 4.798631070320251392e-04 4.204776054029044498e-04
7.081779854999999770e+02 4.459468487363366530e-04 4.293075809916972177e-04
7.081782979999999270e+02 4.491529772337579706e-04 4.378929839173212627e-04
7.081786104999999907e+02 4.811232825167732893e-04 4.462418407179723429e-04
7.081789229999999407e+02 4.929435288858406402e-04 4.543622189164781369e-04
7.081792355000000043e+02 5.013882587044755576e-04 4.622621664210257910e-04
7.081795479999999543e+02 4.891099336965248770e-04 4.699496614410266751e-04
7.081798605000000180e+02 4.634346709680699315e-04 4.774325716144625425e-04
7.081801729999999679e+02 5.042697259571481344e-04 4.847186210047478724e-04
7.081804854999999179e+02 5.499577859789572722e-04 4.918153639436273440e-04
7.081807979999999816e+02 5.466760601870909427e-04 4.987301646693941860e-04
7.081811104999999316e+02 5.991182446309264564e-04 5.054701819263287621e-04
7.081814229999999952e+02 5.671277324706915828e-04 5.120423577930940766e-04
7.081817354999999452e+02 5.718327554444682485e-04 5.184534100192607223e-04
7.081820480000000089e+02 6.074067552854878031e-04 5.247098273731776131e-04
7.081823604999999588e+02 5.832964640328633160e-04 5.308178674288410465e-04
7.081826729999999088e+02 5.905199063350281483e-04 5.367835564365325794e-04
7.081829854999999725e+02 5.426304688272781066e-04 5.426126908514543193e-04
7.081832979999999225e+02 5.708809551895717080e-04 5.483108402290770567e-04
7.081836104999999861e+02 6.330448805828233806e-04 5.538833512377051762e-04
7.081839229999999361e+02 6.303914031192205157e-04 5.593353525066940791e-04
7.081842354999999998e+02 7.092543405373531815e-04 5.646717601798411550e-04
7.081845479999999498e+02 6.083958679014631185e-04 5.698972839445473268e-04
7.081848605000000134e+02 6.384446994696647533e-04 5.750164334618187642e-04
7.081851729999999634e+02 6.221737893577772294e-04 5.800335250189427982e-04
7.081854854999999134e+02 6.192783491833736380e-04 5.849526883672443020e-04
7.081857979999999770e+02 6.279438107258329856e-04 5.897778736175542623e-04
7.081861104999999270e+02 6.349677224102789029e-04 5.945128581469447289e-04
7.081864229999999907e+02 6.631496188176528575e-04 5.991612534795286724e-04
7.081867354999999407e+02 7.337262445430592795e-04 6.037265120544528345e-04
7.081870480000000043e+02 6.282869103122901014e-04 6.082119338995723616e-04
7.081873604999999543e+02 6.740979887649890681e-04 6.126206731292470299e-04
7.081876730000000180e+02 6.425420221428299571e-04 6.169557442982770683e-04
7.081879854999999679e+02 6.313921611044254157e-04 6.212200285438307292e-04
7.081882979999999179e+02 6.865007388075705045e-04 6.254162795537119429e-04
7.081886104999999816e+02 7.135363764025265182e-04 6.295471293132639222e-04
7.081889229999999316e+02 7.264809783689015702e-04 6.336150936425487094e-04
7.081892354999999952e+02 6.620405262238245221e-04 6.376225775359825945e-04
7.081895479999999452e+02 6.359997219688065095e-04 6.415718802670958287e-04
7.081898605000000089e+02 6.685961671189818815e-04 6.454652003057519257e-04
7.081901729999999588e+02 6.261627035845366467e-04 6.493046400040232641e-04
7.081904854999999088e+02 6.521688977037789960e-04 6.530922100993007779e-04
7.081907979999999725e+02 6.479071903917248219e-04 6.568298340036718376e-04
7.081911104999999225e+02 7.145393904290779944e-04 6.605193518996458528e-04
7.081914229999999861e+02 7.023982440909358515e-04 6.641625246612818017e-04
7.081917354999999361e+02 7.830608019011170429e-04 6.677610375733038488e-04
7.081920479999999998e+02 6.844477022560273381e-04 6.713165038962647015e-04
7.081923604999999498e+02 6.600235522989903207e-04 6.748304682419599236e-04
7.081926730000000134e+02 6.526045100216479496e-04 6.783044098076937639e-04
7.081929854999999634e+02 6.611883843609183634e-04 6.817397454346695029e-04
7.081932979999999134e+02 7.045381316895619203e-04 6.851378325368218678e-04
7.081936104999999770e+02 7.121891765044627461e-04 6.884999718747604339e-04
7.081939229999999270e+02 7.388384886043451510e-04 6.918274101941967536e-04
7.081942354999999907e+02 7.611311687313692233e-04 6.951213427469742903e-04
7.081945479999999407e+02 7.283784008920465673e-04 6.983829156703971405e-04
7.081948605000000043e+02 7.078972957265794843e-04 7.016132282682035126e-04
7.081951729999999543e+02 6.501117357421940402e-04 7.048133351604816054e-04
7.081954855000000180e+02 7.082416473796815165e-04 7.079842483459510526e-04
7.081957979999999679e+02 7.316091951220371611e-04 7.111269391442216672e-04
7.081961104999999179e+02 6.776869544052922540e-04 7.142423400591841774e-04
7.081964229999999816e+02 6.762566724862351802e-04 7.173313465393097062e-04
7.081967354999999316e+02 6.960377548282051935e-04 7.203948186512353037e-04
7.081970479999999952e+02 7.211737780553753108e-04 7.234335826820068082e-04
7.081973604999999452e+02 7.855821215078277265e-04 7.264484326462359838e-04
7.081976730000000089e+02 7.254465739284615385e-04 7.294401317366717378e-04
7.081979854999999588e+02 7.451689890006808759e-04 7.324094136865958848e-04
7.081982979999999088e+02 7.144183600726953772e-04 7.353569840816878266e-04
7.081986104999999725e+02 6.747663134351848538e-04 7.382835215974272022e-04
7.081989229999999225e+02 6.850952646432568929e-04 7.411896791763768763e-04
7.081992354999999861e+02 7.496333210628647542e-04 7.440760851588860015e-04
7.081995479999999361e+02 7.076024422107580212e-04 7.469433443436634132e-04
7.081998604999999998e+02 7.470556828199092798e-04 7.497920390137581461e-04
7.082001729999999498e+02 6.928199503436723635e-04 7.526227298969782441e-04
7.082004855000000134e+02 7.532915013896850955e-04 7.554359570966366925e-04
7.082007979999999634e+02 6.894774652497405064e-04 7.582322409618265152e-04
7.082011104999999134e+02 7.414191414647357562e-04 7.610120829314233771e-04
7.082014229999999770e+02 7.632640537667274416e-04 7.637759663282478462e-04
7.082017354999999270e+02 6.845411424583420969e-04 7.665243571157911301e-04
7.082020479999999907e+02 7.049995354641299490e-04 7.692577046293187304e-04
7.082023604999999407e+02 7.189381453982870724e-04 7.719764422581233080e-04
7.082026730000000043e+02 7.342682834868291151e-04 7.746809881116231526e-04
7.082029854999999543e+02 7.155000022387022693e-04 7.773717456390993007e-04
7.082032980000000180e+02 7.872964720318988575e-04 7.800491042362665351e-04
7.082036104999999679e+02 7.577180152488800649e-04 7.827134398086412056e-04
7.082039229999999179e+02 7.326953883176496327e-04 7.853651153234515259e-04
7.082042354999999816e+02 7.240643194000941129e-04 7.880044813269587852e-04
7.082045479999999316e+02 6.758938463079658746e-04 7.906318764382821648e-04
7.082048604999999952e+02 7.057874697918056469e-04 7.932476278303838895e-04
7.082051729999999452e+02 7.426214858100803730e-04 7.958520516753964883e-04
7.082054855000000089e+02 7.365933945173413350e-04 7.984454535849589297e-04
7.082057979999999588e+02 7.722597216216848994e-04 8.010281290161033177e-04
