7.068138695000000098e+02 4.341786872599425482e-04 4.012363234984791084e-04
7.068141819999999598e+02 4.544237764931051892e-04 4.011459318020337483e-04
7.068144945000000234e+02 4.153160945520865304e-04 4.009888398627750464e-04
7.068148069999999734e+02 3.958085143066731389e-04 4.007622580327612643e-04
7.068151195000000371e+02 3.736294395298058856e-04 4.004632651660548488e-04
7.068154319999999871e+02 3.695608042891961758e-04 4.000888023290877660e-04
7.068157444999999370e+02 4.013685327629442582e-04 3.996356662780666999e-04
7.068160570000000007e+02 4.440498328020089035e-04 3.991005027124252332e-04
7.068163694999999507e+02 4.098240164921073607e-04 3.984797993143053682e-04
7.068166820000000143e+02 3.725488529696877721e-04 3.977698785860710488e-04
7.068169944999999643e+02 4.211230167027477729e-04 3.969668905110651774e-04
7.068173070000000280e+02 4.042220722026273203e-04 3.960668050563587476e-04
7.068176194999999780e+02 3.844845104672486445e-04 3.950654045588628091e-04
7.068179320000000416e+02 3.729854376643727820e-04 3.939582760269375516e-04
7.068182444999999916e+02 3.913797796467724023e-04 3.927408034194515020e-04
7.068185569999999416e+02 3.740933962421036743e-04 3.914081599541254018e-04
7.068188695000000052e+02 3.906896171489380185e-04 3.899553005310983688e-04
7.068191819999999552e+02 4.353259513456823231e-04 3.883769543610018026e-04
7.068194945000000189e+02 4.483279167657652363e-04 3.866676179017060279e-04
7.068198069999999689e+02 4.113309372845959182e-04 3.848215482493521473e-04
7.068201195000000325e+02 3.521776004775557128e-04 3.828327571216002742e-04
7.068204319999999825e+02 3.306041369320484582e-04 3.806950056369731066e-04
7.068207445000000462e+02 3.592369795259668219e-04 3.784018000847679127e-04
7.068210569999999962e+02 4.196589343338627738e-04 3.759463889614677386e-04
7.068213694999999461e+02 3.421453960990812398e-04 3.733217615442182289e-04
7.068216820000000098e+02 3.611491644989940782e-04 3.705206483632265480e-04
7.068219944999999598e+02 3.455556433821905084e-04 3.675355239619466897e-04
7.068223070000000234e+02 3.338581828898673953e-04 3.643586123894151756e-04
7.068226194999999734e+02 3.325654187379181986e-04 3.609818959751892966e-04
7.068229320000000371e+02 3.638192920697513942e-04 3.573971279521515531e-04
7.068232444999999871e+02 2.986782042741836438e-04 3.535958496469452533e-04
7.068235569999999370e+02 3.008846240956637805e-04 3.495694129745754758e-04
7.068238695000000007e+02 3.278350602107635747e-04 3.453090091427333608e-04
7.068241819999999507e+02 2.861154184494788780e-04 3.408057045367774568e-04
7.068244945000000143e+02 3.374176748617836556e-04 3.360504848642989484e-04
7.068248069999999643e+02 2.998045835893440366e-04 3.310343088160438247e-04
7.068251195000000280e+02 2.861787798495399218e-04 3.257481725316968817e-04
7.068254319999999780e+02 2.923282589195220094e-04 3.201831863887806377e-04
7.068257445000000416e+02 2.722839316759096068e-04 3.143306656375582367e-04
7.068260569999999916e+02 2.851472160980672013e-04 3.081822366328921528e-04
7.068263694999999416e+02 2.882582090416965542e-04 3.017299603793344729e-04
7.068266820000000052e+02 2.555309258244408354e-04 2.949664752803143127e-04
7.068269944999999552e+02 2.587813656557855181e-04 2.878851609316685845e-04
7.068273070000000189e+02 2.396538086011229258e-04 2.804803247531602339e-04
7.068276194999999689e+02 2.287146408210630221e-04 2.727474132287841403e-04
7.068279320000000325e+02 2.607607386820972239e-04 2.646832491707898903e-04
7.068282444999999825e+02 2.225329996755732000e-04 2.562862962528575784e-04
7.068285570000000462e+02 2.210216781833434781e-04 2.475569513926472939e-04
7.068288694999999962e+02 2.024894988713217265e-04 2.384978650748413543e-04
7.068291819999999461e+02 2.055881000440046400e-04 2.291142886279684380e-04
7.068294945000000098e+02 1.984291218085430092e-04 2.194144465019829803e-04
7.068298069999999598e+02 2.045907057954453811e-04 2.094099300733883145e-04
7.068301195000000234e+02 1.874434712881805742e-04 1.991161077847391646e-04
7.068304319999999734e+02 1.794636327303285122e-04 1.885525445391970250e-04
7.068307445000000371e+02 1.935945277682515225e-04 1.777434207606858507e-04
7.068310569999999871e+02 1.647125174234978105e-04 1.667179392017416979e-04
7.068313694999999370e+02 1.614362960950585643e-04 1.555107045999707153e-04
7.068316820000000007e+02 1.564569125815494120e-04 1.441620586898263885e-04
7.068319944999999507e+02 1.397673959909336255e-04 1.327183502298121237e-04
7.068323070000000143e+02 1.105287881036671208e-04 1.212321173028499361e-04
7.068326194999999643e+02 1.268134984789005793e-04 1.097621574824943951e-04
7.068329320000000280e+02 1.064599927597887692e-04 9.837346031464991054e-05
7.068332444999999780e+02 9.402248344962062970e-05 8.713697716246869823e-05
7.068335570000000416e+02 9.000591149092667092e-05 7.612920512637967032e-05
7.068338694999999916e+02 9.988265377167707083e-05 6.543156585235293391e-05
7.068341819999999416e+02 9.100423374813643184e-05 5.512956575327623143e-05
7.068344945000000052e+02 6.088750353353697083e-05 4.531173258864466179e-05
7.068348069999999552e+02 7.044262164284260377e-05 3.606833351076344066e-05
7.068351195000000189e+02 6.031695224938853680e-05 2.748989177391598368e-05
7.068354319999999689e+02 5.547155905396409007e-05 1.966553265026827870e-05
7.068357445000000325e+02 5.226336890260642405e-05 1.268120241070365894e-05
7.068360569999999825e+02 4.012453423110560585e-05 6.617817107671898605e-06
7.068363695000000462e+02 3.364655518970649392e-05 1.549408328813131802e-06
7.068366819999999962e+02 2.399826084767011001e-05 -2.458659406611733319e-06
7.068369944999999461e+02 2.181857700628181507e-05 -5.351322119604458164e-06
7.068373070000000098e+02 1.481804093769663547e-05 -7.085225261179020829e-06
7.068376194999999598e+02 2.411596343454914176e-05 -7.629840238541891708e-06
7.068379320000000234e+02 8.511961568788740476e-06 -6.968233532574711566e-06
7.068382444999999734e+02 1.078967650236395386e-05 -5.097450490406140101e-06
7.068385570000000371e+02 5.925725799921984310e-06 -2.028496068997838551e-06
7.068388694999999871e+02 8.875092264108666544e-06 2.214083643936348936e-06
7.068391819999999370e+02 8.321103665578061763e-06 7.592994253057790717e-06
7.068394945000000007e+02 3.718809639041872862e-06 1.405931645809380000e-05
7.068398069999999507e+02 1.341085726183789735e-05 2.155390116307777932e-05
7.068401195000000143e+02 1.266075866963552276e-05 3.000896707211274955e-05
7.068404319999999643e+02 2.781918889662564218e-05 3.934982631430391977e-05
7.068407445000000280e+02 1.975195542804038192e-05 4.949666383398791013e-05
7.068410569999999780e+02 4.112389083420177409e-05 6.036630077543505304e-05
7.068413695000000416e+02 3.504826712452281933e-05 7.187388069255734135e-05
7.068416819999999916e+02 3.399422606103180537e-05 8.393442817685021725e-05
7.068419944999999416e+02 6.769640544326706430e-05 9.646424212909635791e-05
7.068423070000000052e+02 7.003274567234789338e-05 1.093820983673796484e-04
7.068426194999999552e+02 9.122891356612369840e-05 1.226102484499614167e-04
7.068429320000000189e+02 9.997142417699829029e-05 1.360752123095477508e-04
7.068432444999999689e+02 1.115154251500123823e-04 1.497083710346932823e-04
7.068435570000000325e+02 1.220676647267525866e-04 1.634463733053005241e-04
7.068438694999999825e+02 1.364183451617026260e-04 1.772313735680050323e-04
7.068441820000000462e+02 1.492967268342301334e-04 1.910111233583378315e-04
7.068444944999999962e+02 1.864471414646612325e-04 2.047389382326361316e-04
7.068448069999999461e+02 1.974924882035439559e-04 2.183735631255995951e-04
7.068451195000000098e+02 2.093133028427190349e-04 2.318789576862985956e-04
7.068454319999999598e+02 2.127666643389063714e-04 2.452240216179930356e-04
7.068457445000000234e+02 1.929579286421447654e-04 2.583822778868368939e-04
7.068460569999999734e+02 2.518072716908959061e-04 2.713315291064581180e-04
7.068463695000000371e+02 2.244379216281366474e-04 2.840535002355847657e-04
7.068466819999999871e+02 3.083872524654232691e-04 2.965334780581238778e-04
7.068469944999999370e+02 3.233458506671769463e-04 3.087599560165989773e-04
7.068473070000000007e+02 3.247205752057850427e-04 3.207242907313808517e-04
7.068476194999999507e+02 3.609621999534563439e-04 3.324203749790289935e-04
7.068479320000000143e+02 3.367910260180914574e-04 3.438443304281465921e-04
7.068482444999999643e+02 3.511190840657869351e-04 3.549942220645137194e-04
7.068485570000000280e+02 3.441387127225364970e-04 3.658697954891198915e-04
7.068488694999999780e+02 3.862683818223325359e-04 3.764722372292919660e-04
7.068491820000000416e+02 3.797749456988800862e-04 3.868039578685959811e-04
7.068494944999999916e+02 4.249531174956234147e-04 3.968683971023416056e-04
7.068498069999999416e+02 4.224587169004747613e-04 4.066698497588443098e-04
7.068501195000000052e+02 3.996041187916665716e-04 4.162133114032671804e-04
7.068504319999999552e+02 4.543120942678632737e-04 4.255043421532129317e-04
7.068507445000000189e+02 4.524224528997058156e-04 4.345489472703016284e-04
7.068510569999999689e+02 4.762253320847784467e-04 4.433534729675559167e-04
7.068513695000000325e+02 5.012232742051602819e-04 4.519245160925733861e-04
7.068516819999999825e+02 4.992114451797184486e-04 4.602688461937740191e-04
7.068519945000000462e+02 5.146767051850852830e-04 4.683933387601986573e-04
7.068523069999999962e+02 5.380033310618152287e-04 4.763049183095316463e-04
7.068526194999999461e+02 4.893002393313984708e-04 4.840105102859995406e-04
7.068529320000000098e+02 5.436904853989814193e-04 4.915170006548490221e-04
7.068532444999999598e+02 5.463818490050798612e-04 4.988312022807749567e-04
7.068535570000000234e+02 5.864287992155964302e-04 5.059598272626447246e-04
7.068538694999999734e+02 5.192144139428271112e-04 5.129094643909587166e-04
7.068541820000000371e+02 5.249522697470252516e-04 5.196865611250711019e-04
7.068544944999999871e+02 6.043700635231563688e-04 5.262974093972426753e-04
7.068548069999999370e+02 6.319762194856065780e-04 5.327481347816119669e-04
7.068551195000000007e+02 6.014082436644256581e-04 5.390446884880246460e-04
7.068554319999999507e+02 6.078025375720913937e-04 5.451928417868021634e-04
7.068557445000000143e+02 5.482946393546789601e-04 5.511981825174845553e-04
7.068560569999999643e+02 6.285162572656770481e-04 5.570661133030740042e-04
7.068563695000000280e+02 5.816636905169112869e-04 5.628018512581101519e-04
7.068566819999999780e+02 5.753473794265758032e-04 5.684104288764559292e-04
7.068569945000000416e+02 5.951288867109910891e-04 5.738966959555249353e-04
7.068573069999999916e+02 6.317861269718727524e-04 5.792653223072112252e-04
7.068576194999999416e+02 6.053193890488460863e-04 5.845208011613453212e-04
7.068579320000000052e+02 6.107078029322412496e-04 5.896674530755827929e-04
7.068582444999999552e+02 5.878596532316313680e-04 5.947094302567601390e-04
7.068585570000000189e+02 6.627293852254037988e-04 5.996507212124548491e-04
7.068588694999999689e+02 6.190675093812183583e-04 6.044951556024770077e-04
7.068591820000000325e+02 6.837286498088763955e-04 6.092464092758132464e-04
7.068594944999999825e+02 5.946379187669726231e-04 6.139080093754285252e-04
7.068598070000000462e+02 6.528466449298483531e-04 6.184833395170205843e-04
7.068601194999999962e+02 6.621821201229355618e-04 6.229756449444444257e-04
7.068604319999999461e+02 6.492033681015334104e-04 6.273880376798133618e-04
7.068607445000000098e+02 6.934618597578726769e-04 6.317235015976467149e-04
7.068610569999999598e+02 6.669870443093330742e-04 6.359848974173317728e-04
7.068613695000000234e+02 6.783717687984636797e-04 6.401749676104084375e-04
7.068616819999999734e+02 5.960058482948281909e-04 6.442963411691154593e-04
7.068619945000000371e+02 6.714729373103391508e-04 6.483515382729016473e-04
7.068623069999999871e+02 6.762092394675105894e-04 6.523429747956527086e-04
7.068626194999999370e+02 6.538319922671908396e-04 6.562729666941753996e-04
7.068629320000000007e+02 6.424607540251628087e-04 6.601437342366061646e-04
7.068632444999999507e+02 6.521249102255798243e-04 6.639574060837309449e-04
7.068635570000000143e+02 6.877013185152815134e-04 6.677160232358231523e-04
7.068638694999999643e+02 7.009901432224026558e-04 6.714215428104136499e-04
7.068641820000000280e+02 6.929160675798474436e-04 6.750758416951618346e-04
7.068644944999999780e+02 6.955626127756445089e-04 6.786807200340566571e-04
7.068648070000000416e+02 7.337687237689901470e-04 6.822379045927354961e-04
7.068651194999999916e+02 7.001683850804461904e-04 6.857490519635055844e-04
7.068654319999999416e+02 7.201702312412165078e-04 6.892157516543237104e-04
7.068657445000000052e+02 7.262611190360388023e-04 6.926395290329175102e-04
7.068660569999999552e+02 7.473497077747151551e-04 6.960218481434388453e-04
7.068663695000000189e+02 7.083022147673129383e-04 6.993641144119117558e-04
7.068666819999999689e+02 7.237733988857911888e-04 7.026676772138976167e-04
7.068669945000000325e+02 6.640763800505621907e-04 7.059338323468276975e-04
7.068673069999999825e+02 7.106713021925864515e-04 7.091638243724390864e-04
7.068676195000000462e+02 7.182536203543633336e-04 7.123588488721196901e-04
7.068679319999999962e+02 7.232962318940903100e-04 7.155200545814135874e-04
7.068682444999999461e+02 7.051231774751617280e-04 7.186485454443844369e-04
7.068685570000000098e+02 7.002998355255846304e-04 7.217453825626879991e-04
7.068688694999999598e+02 7.542432174104384294e-04 7.248115860553050981e-04
7.068691820000000234e+02 6.891912215934452215e-04 7.278481368438263245e-04
7.068694944999999734e+02 6.699254025662117369e-04 7.308559783391179246e-04
7.068698070000000371e+02 7.110312007873347733e-04 7.338360180675984959e-04
7.068701194999999871e+02 7.088118094843590469e-04 7.367891292053118778e-04
7.068704319999999370e+02 6.961564354681965168e-04 7.397161520571871171e-04
7.068707445000000007e+02 7.698498821946085646e-04 7.426178954574885359e-04
7.068710569999999507e+02 7.413090034533463329e-04 7.454951381057069821e-04
7.068713695000000143e+02 7.020929346008188002e-04 7.483486298512320679e-04
7.068716819999999643e+02 6.826487202169636507e-04 7.511790929034873514e-04
7.068719945000000280e+02 7.127583989308483928e-04 7.539872230027222077e-04
7.068723069999999780e+02 6.666779241419714579e-04 7.567736905209032335e-04
7.068726195000000416e+02 7.287248076911955396e-04 7.595391415281904732e-04
7.068729319999999916e+02 7.920174975164145708e-04 7.622841987947395759e-04
7.068732444999999416e+02 7.498270565059303623e-04 7.650094627615898783e-04
7.068735570000000052e+02 7.232911631105656738e-04 7.677155124575676774e-04
7.068738694999999552e+02 7.222133433212036928e-04 7.704029063745472484e-04
7.068741820000000189e+02 7.007524124036506328e-04 7.730721833127382264e-04
7.068744944999999689e+02 6.979087583826138830e-04 7.757238631734197573e-04
7.068748070000000325e+02 7.660603570709465350e-04 7.783584477312194402e-04
7.068751194999999825e+02 7.746598847024613798e-04 7.809764213565961646e-04
7.068754320000000462e+02 6.901685459524410345e-04 7.835782517210371874e-04
7.068757444999999962e+02 7.815694263457254043e-04 7.861643904558652347e-04
7.068760569999999461e+02 7.730774814627994771e-04 7.887352737956886389e-04
