7.162886210000000347e+02 3.288662534624558088e-04 3.136050797791788722e-04
7.162889334999999846e+02 3.321864049610623987e-04 3.139745963894622423e-04
7.162892460000000483e+02 3.572979364629661099e-04 3.143308437949788019e-04
7.162895584999999983e+02 3.431303122886288515e-04 3.146732929780649457e-04
7.162898710000000619e+02 3.573507506920525593e-04 3.150013892075075061e-04
7.162901835000000119e+02 3.045006517527110200e-04 3.153145505766636030e-04
7.162904960000000756e+02 2.897898377756025125e-04 3.156121664497976297e-04
7.162908085000000256e+02 3.167373997661887802e-04 3.158935958062497476e-04
7.162911210000000892e+02 3.066198317094282703e-04 3.161581654790164260e-04
7.162914335000000392e+02 3.305149638204826399e-04 3.164051682767074730e-04
7.162917459999999892e+02 2.771418461549002244e-04 3.166338609839342965e-04
7.162920585000000528e+02 3.059272509341390278e-04 3.168434622288848084e-04
7.162923710000000028e+02 3.130878981458583375e-04 3.170331502098414035e-04
7.162926835000000665e+02 3.440112012510104008e-04 3.172020602711871193e-04
7.162929960000000165e+02 3.198535263516643365e-04 3.173492823163415015e-04
7.162933085000000801e+02 2.695988164720953531e-04 3.174738580481792491e-04
7.162936210000000301e+02 3.408617247037494589e-04 3.175747780226020650e-04
7.162939334999999801e+02 3.156337179010034605e-04 3.176509785036942457e-04
7.162942460000000438e+02 3.292033594085781744e-04 3.177013381050182526e-04
7.162945584999999937e+02 3.540130893337157993e-04 3.177246742025812104e-04
7.162948710000000574e+02 3.299206286246230985e-04 3.177197391032706092e-04
7.162951835000000074e+02 3.795595960350752612e-04 3.176852159512428956e-04
7.162954960000000710e+02 3.017057251591462579e-04 3.176197143541515115e-04
7.162958085000000210e+02 3.213347629574570289e-04 3.175217657098072712e-04
7.162961210000000847e+02 3.740211065086866790e-04 3.173898182122119119e-04
7.162964335000000347e+02 2.997541905508156355e-04 3.172222315159123774e-04
7.162967459999999846e+02 3.050808105949838218e-04 3.170172710345941862e-04
7.162970585000000483e+02 3.478295465808160011e-04 3.167731018507229080e-04
7.162973709999999983e+02 3.150738566985655190e-04 3.164877822108131647e-04
7.162976835000000619e+02 3.208162889401760111e-04 3.161592565787858257e-04
7.162979960000000119e+02 3.014513785921630966e-04 3.157853482226882736e-04
7.162983085000000756e+02 2.684051372329731297e-04 3.153637513035677351e-04
7.162986210000000256e+02 3.690784756115090041e-04 3.148920224419536162e-04
7.162989335000000892e+02 2.921600479654272789e-04 3.143675717290530104e-04
7.162992460000000392e+02 2.902050699785813917e-04 3.137876531593819908e-04
7.162995584999999892e+02 3.006556502901383478e-04 3.131493544522325184e-04
7.162998710000000528e+02 2.851750587420226186e-04 3.124495862406964663e-04
7.163001835000000028e+02 3.032139362277658711e-04 3.116850706037012928e-04
7.163004960000000665e+02 3.355232545891968982e-04 3.108523289185292113e-04
7.163008085000000165e+02 3.000869361216599251e-04 3.099476690263326304e-04
7.163011210000000801e+02 3.457670397559808135e-04 3.089671716946563204e-04
7.163014335000000301e+02 3.009906869909481815e-04 3.079066763887057219e-04
7.163017459999999801e+02 2.668019183638854763e-04 3.067617663552788909e-04
7.163020585000000438e+02 2.938936507465421421e-04 3.055277530573108358e-04
7.163023709999999937e+02 2.558512623939636268e-04 3.041996600053898650e-04
7.163026835000000574e+02 3.348785825680722209e-04 3.027722060548922590e-04
7.163029960000000074e+02 2.545445280834248564e-04 3.012397882854095702e-04
7.163033085000000710e+02 2.726587608516582110e-04 2.995964645906363166e-04
7.163036210000000210e+02 2.350398709470012432e-04 2.978359361862101349e-04
7.163039335000000847e+02 3.329855155714934274e-04 2.959515302668330196e-04
7.163042460000000347e+02 2.739867219905299045e-04 2.939361831525606219e-04
7.163045584999999846e+02 2.723110162727638596e-04 2.917824243122383730e-04
7.163048710000000483e+02 3.156902087999730608e-04 2.894823617936928550e-04
7.163051834999999983e+02 2.596401448264378984e-04 2.870276696957203486e-04
7.163054960000000619e+02 2.788976074478762435e-04 2.844095784659167220e-04
7.163058085000000119e+02 2.225723093812574389e-04 2.816188690228692087e-04
7.163061210000000756e+02 2.701282644284409623e-04 2.786458718688886627e-04
7.163064335000000256e+02 2.382004417664333469e-04 2.754804726750371166e-04
7.163067460000000892e+02 2.398894561288137761e-04 2.721121260588122868e-04
7.163070585000000392e+02 2.330814491056733859e-04 2.685298796936037586e-04
7.163073709999999892e+02 2.683687752925532498e-04 2.647224112244508714e-04
7.163076835000000528e+02 2.513219741335979388e-04 2.606780809925686362e-04
7.163079960000000028e+02 2.753919570340301968e-04 2.563850040532158038e-04
7.163083085000000665e+02 2.703421240511125570e-04 2.518311455428622080e-04
7.163086210000000165e+02 1.945919578732137789e-04 2.470044441334654601e-04
7.163089335000000801e+02 2.395311136599940084e-04 2.418929688849365625e-04
7.163092460000000301e+02 2.228158510103261057e-04 2.364851155773354185e-04
7.163095584999999801e+02 1.948957614029577965e-04 2.307698491334811929e-04
7.163098710000000438e+02 2.670655652932775524e-04 2.247369993866392922e-04
7.163101834999999937e+02 2.181798753590867427e-04 2.183776177575094397e-04
7.163104960000000574e+02 1.982095779750437737e-04 2.116844024765306067e-04
7.163108085000000074e+02 2.113301313130339304e-04 2.046521997100099954e-04
7.163111210000000710e+02 1.985353429476933106e-04 1.972785868286503473e-04
7.163114335000000210e+02 1.827939197212963241e-04 1.895645423498093258e-04
7.163117460000000847e+02 1.624207987510031717e-04 1.815152039257646340e-04
7.163120585000000347e+02 1.922695077034457570e-04 1.731407114729284090e-04
7.163123709999999846e+02 1.816297157183520623e-04 1.644571261650719482e-04
7.163126835000000483e+02 1.641010903022724072e-04 1.554874079459801078e-04
7.163129959999999983e+02 1.341255635416905201e-04 1.462624236987849905e-04
7.163133085000000619e+02 1.492278257590686668e-04 1.368219456070602074e-04
7.163136210000000119e+02 1.491260322432660761e-04 1.272155849254480778e-04
7.163139335000000756e+02 1.037697064903785304e-04 1.175035906819719251e-04
7.163142460000000256e+02 1.190023894503176676e-04 1.077574278068335698e-04
7.163145585000000892e+02 1.063250402438789446e-04 9.806003599270796600e-05
7.163148710000000392e+02 8.791704980914254728e-05 8.850566279289446853e-05
7.163151834999999892e+02 8.726086570953650221e-05 7.919916437218102586e-05
7.163154960000000528e+02 8.183771470311453035e-05 7.025467919253738480e-05
7.163158085000000028e+02 9.480385546194891209e-05 6.179360597105937835e-05
7.163161210000000665e+02 4.256863848525281721e-05 5.394185968850153632e-05
7.163164335000000165e+02 6.788059400813173871e-05 4.682643779201140546e-05
7.163167460000000801e+02 5.533657461077138586e-05 4.057139920830272843e-05
7.163170585000000301e+02 5.598553842030949018e-05 3.529343512244069859e-05
7.163173709999999801e+02 3.225253228455676551e-05 3.109728193752053435e-05
7.163176835000000438e+02 3.932086173875614103e-05 2.807128211296307940e-05
7.163179959999999937e+02 2.568622649736494214e-05 2.628342537348382800e-05
7.163183085000000574e+02 2.919164453295838933e-05 2.577819259090235559e-05
7.163186210000000074e+02 2.500508289626190544e-05 2.657447394023157306e-05
7.163189335000000710e+02 3.373383049927523007e-05 2.866474537826769570e-05
7.163192460000000210e+02 1.895729207093246044e-05 3.201557402835583172e-05
7.163195585000000847e+02 1.979272398867335691e-05 3.656939970966921423e-05
7.163198710000000347e+02 1.834588295919493668e-05 4.224742473645031967e-05
7.163201834999999846e+02 3.761233229887465376e-05 4.895335366879193564e-05
7.163204960000000483e+02 5.831126278391159931e-05 5.657766987972968003e-05
7.163208084999999983e+02 7.422826265581358382e-05 6.500212103797922572e-05
7.163211210000000619e+02 6.607453587405439071e-05 7.410410790192329788e-05
7.163214335000000119e+02 6.283984129761665388e-05 8.376072167979010344e-05
7.163217460000000756e+02 7.397999412135129673e-05 9.385224368445821386e-05
7.163220585000000256e+02 9.042216530677272851e-05 1.042649947194872298e-04
7.163223710000000892e+02 1.084934229724917817e-04 1.148934913958056238e-04
7.163226835000000392e+02 9.372032046128464197e-05 1.256419245747550937e-04
7.163229959999999892e+02 1.155547166001445649e-04 1.364250186340336835e-04
7.163233085000000528e+02 1.334139563449227462e-04 1.471683576653850590e-04
7.163236210000000028e+02 1.549650453411044514e-04 1.578082782951374273e-04
7.163239335000000665e+02 1.905457898854269764e-04 1.682914308238509242e-04
7.163242460000000165e+02 1.458835314713166078e-04 1.785741040009635502e-04
7.163245585000000801e+02 2.056967676193703881e-04 1.886213975533291328e-04
7.163248710000000301e+02 2.719568803312289308e-04 1.984063123691311961e-04
7.163251834999999801e+02 1.748423722780688633e-04 2.079088139220448090e-04
7.163254960000000438e+02 1.649650727545331824e-04 2.171149105359910017e-04
7.163258084999999937e+02 2.470539179667454854e-04 2.260157760335998044e-04
7.163261210000000574e+02 2.581903622393199671e-04 2.346069360790996739e-04
7.163264335000000074e+02 2.258345771564388316e-04 2.428875292269387285e-04
7.163267460000000710e+02 2.608723342072585935e-04 2.508596475969127049e-04
7.163270585000000210e+02 2.892506627207899316e-04 2.585277573068359342e-04
7.163273710000000847e+02 2.236275255628595953e-04 2.658981958058759427e-04
7.163276835000000347e+02 2.915463897345838017e-04 2.729787410031963581e-04
7.163279959999999846e+02 2.848006654020676849e-04 2.797782460737556682e-04
7.163283085000000483e+02 2.813961624281390819e-04 2.863063331174450928e-04
7.163286209999999983e+02 3.047440627491927452e-04 2.925731388537004211e-04
7.163289335000000619e+02 3.172854085612679289e-04 2.985891057433131233e-04
7.163292460000000119e+02 3.178524917594295965e-04 3.043648122647071028e-04
7.163295585000000756e+02 3.493171157901187886e-04 3.099108367267566669e-04
7.163298710000000256e+02 2.891886562645546994e-04 3.152376494377017000e-04
7.163301835000000892e+02 3.515037613859230852e-04 3.203555287743850956e-04
7.163304960000000392e+02 3.344303581284549325e-04 3.252744971324255199e-04
7.163308084999999892e+02 3.548982739948593288e-04 3.300042733953047745e-04
7.163311210000000528e+02 3.917264090521508312e-04 3.345542389386199026e-04
7.163314335000000028e+02 3.787474725382074811e-04 3.389334146906167276e-04
7.163317460000000665e+02 4.313667659589485331e-04 3.431504471508090752e-04
7.163320585000000165e+02 3.495253873889663356e-04 3.472136015509529007e-04
7.163323710000000801e+02 4.220440887213916699e-04 3.511307607244385279e-04
7.163326835000000301e+02 3.499401437785029656e-04 3.549094284027122710e-04
7.163329959999999801e+02 3.398590371686612422e-04 3.585567359666080780e-04
7.163333085000000438e+02 3.631294835913808738e-04 3.620794517792369190e-04
7.163336209999999937e+02 3.420878598714551595e-04 3.654839924320161756e-04
7.163339335000000574e+02 2.801416904668231210e-04 3.687764353598910628e-04
7.163342460000000074e+02 3.683455826875469330e-04 3.719625323460524807e-04
7.163345585000000710e+02 3.164751734784441019e-04 3.750477235951606668e-04
7.163348710000000210e+02 3.377181599721895016e-04 3.780371520512401011e-04
7.163351835000000847e+02 4.268404745730736008e-04 3.809356777728712990e-04
7.163354960000000347e+02 3.833181837743345681e-04 3.837478921552649040e-04
7.163358084999999846e+02 4.611946946274065413e-04 3.864781318996258195e-04
7.163361210000000483e+02 4.391401702012587673e-04 3.891304926027982429e-04
7.163364334999999983e+02 3.940913312104807049e-04 3.917088419055069501e-04
7.163367460000000619e+02 3.527225930523926510e-04 3.942168321569579467e-04
7.163370585000000119e+02 4.380861977221682481e-04 3.966579125385310341e-04
7.163373710000000756e+02 4.413464985319574818e-04 3.990353406558896769e-04
7.163376835000000256e+02 4.276655752168164316e-04 4.013521935616083127e-04
7.163379960000000892e+02 3.796517082073591317e-04 4.036113782366958246e-04
7.163383085000000392e+02 4.113705110800396038e-04 4.058156415098790890e-04
7.163386209999999892e+02 4.371316662979892755e-04 4.079675794524812967e-04
7.163389335000000528e+02 4.290901865197855377e-04 4.100696462433383498e-04
7.163392460000000028e+02 4.286064286278320622e-04 4.121241625305004379e-04
7.163395585000000665e+02 3.797190511414822041e-04 4.141333233168026525e-04
7.163398710000000165e+02 3.997815704085619501e-04 4.160992053715867767e-04
7.163401835000000801e+02 4.639348933245347273e-04 4.180237742134481856e-04
7.163404960000000301e+02 3.950224765590385693e-04 4.199088906625870641e-04
7.163408084999999801e+02 3.823166119351188458e-04 4.217563170069050116e-04
7.163411210000000438e+02 3.912788931284847467e-04 4.235677227856505774e-04
7.163414334999999937e+02 4.064903666145152955e-04 4.253446902190088181e-04
7.163417460000000574e+02 4.358508876850856984e-04 4.270887193102764910e-04
7.163420585000000074e+02 4.134773055853424432e-04 4.288012326240026647e-04
7.163423710000000710e+02 4.409658708825895984e-04 4.304835797789198113e-04
7.163426835000000210e+02 4.129394283253370835e-04 4.321370416532989466e-04
7.163429960000000847e+02 4.090961006981223814e-04 4.337628343397537242e-04
7.163433085000000347e+02 4.274609581995406039e-04 4.353621128460816647e-04
7.163436209999999846e+02 4.576769968611396015e-04 4.369359745761452660e-04
7.163439335000000483e+02 4.499138738511048396e-04 4.384854625902809820e-04
7.163442459999999983e+02 4.401617222746561568e-04 4.400115686649964659e-04
7.163445585000000619e+02 4.764208941310962798e-04 4.415152361701660147e-04
7.163448710000000119e+02 4.781558280755523202e-04 4.429973627618100530e-04
7.163451835000000756e+02 4.557494800334146328e-04 4.444588029189315971e-04
7.163454960000000256e+02 4.818701618405768212e-04 4.459003703174747066e-04
7.163458085000000892e+02 4.392283310548348078e-04 4.473228400685744341e-04
7.163461210000000392e+02 4.350647954148627533e-04 4.487269508133500230e-04
7.163464334999999892e+02 4.242781767695357419e-04 4.501134066992049446e-04
7.163467460000000528e+02 4.244758523290166142e-04 4.514828792326845003e-04
7.163470585000000028e+02 4.288426832467982482e-04 4.528360090218088796e-04
7.163473710000000665e+02 4.371070700080102950e-04 4.541734074197856155e-04
7.163476835000000165e+02 4.499596528983590134e-04 4.554956580643661169e-04
7.163479960000000801e+02 3.834560470345902078e-04 4.568033183342680003e-04
7.163483085000000301e+02 4.701289141913314639e-04 4.580969207128563923e-04
7.163486209999999801e+02 4.790918054773009717e-04 4.593769740794057324e-04
7.163489335000000438e+02 4.895735781538220008e-04 4.606439649209828516e-04
7.163492459999999937e+02 4.718025218922900789e-04 4.618983584745306871e-04
7.163495585000000574e+02 4.131780793168549439e-04 4.631405998080185345e-04
7.163498710000000074e+02 4.441768269746595521e-04 4.643711148333126617e-04
7.163501835000000710e+02 4.295762466446337345e-04 4.655903112687198846e-04
7.163504960000000210e+02 4.767081216497670321e-04 4.667985795403097700e-04
7.163508085000000847e+02 5.004495955125208388e-04 4.679962936396752206e-04
