7.080646430000000464e+02 3.246906089994222719e-04 3.548761768918816850e-04
7.080649554999999964e+02 4.173695337018768089e-04 3.555848065746168183e-04
7.080652680000000601e+02 4.177556889765619602e-04 3.562501639593153757e-04
7.080655805000000100e+02 4.243089275040659320e-04 3.568704902486636221e-04
7.080658930000000737e+02 4.130702303870961473e-04 3.574439435883780460e-04
7.080662055000000237e+02 3.541294712864913969e-04 3.579685947944722594e-04
7.080665180000000873e+02 3.951760483918134639e-04 3.584424228672086917e-04
7.080668305000000373e+02 3.493929280332160481e-04 3.588633102769901457e-04
7.080671430000001010e+02 3.662726390130655041e-04 3.592290380205165031e-04
7.080674555000000510e+02 3.660066583087885498e-04 3.595372804344340806e-04
7.080677680000000009e+02 3.286046134252518106e-04 3.597855997646733626e-04
7.080680805000000646e+02 3.569491647854457737e-04 3.599714404820820697e-04
7.080683930000000146e+02 4.222963493169755835e-04 3.600921233416785124e-04
7.080687055000000782e+02 3.543634922289303131e-04 3.601448391825767402e-04
7.080690180000000282e+02 3.562272947695970535e-04 3.601266424660875469e-04
7.080693305000000919e+02 3.483254369421133739e-04 3.600344445543203465e-04
7.080696430000000419e+02 3.699117183235832353e-04 3.598650067325842822e-04
7.080699554999999918e+02 3.498906048228636123e-04 3.596149329827576908e-04
7.080702680000000555e+02 3.699255303662017007e-04 3.592806625194254044e-04
7.080705805000000055e+02 2.998341949632335078e-04 3.588584621055844145e-04
7.080708930000000692e+02 3.764613673671908392e-04 3.583444181683092481e-04
7.080712055000000191e+02 3.626026340930511328e-04 3.577344287473935595e-04
7.080715180000000828e+02 3.600451912160424297e-04 3.570241953098735824e-04
7.080718305000000328e+02 3.661276252675851580e-04 3.562092144841730616e-04
7.080721430000000964e+02 3.086608120348442491e-04 3.552847697661138966e-04
7.080724555000000464e+02 3.359169322839844008e-04 3.542459232781869165e-04
7.080727679999999964e+02 3.495644576465971754e-04 3.530875076621025439e-04
7.080730805000000601e+02 3.223122862814022842e-04 3.518041182201396729e-04
7.080733930000000100e+02 3.030812890578834986e-04 3.503901054325811340e-04
7.080737055000000737e+02 3.221719658307427509e-04 3.488395680002902332e-04
7.080740180000000237e+02 3.307711167891791253e-04 3.471463466089485194e-04
7.080743305000000873e+02 3.099742484793857459e-04 3.453040186164940337e-04
7.080746430000000373e+02 2.989268806036705266e-04 3.433058939382842571e-04
7.080749555000001010e+02 3.518624595760251172e-04 3.411450124109718820e-04
7.080752680000000510e+02 3.122699889310207337e-04 3.388141430079928164e-04
7.080755805000000009e+02 3.563027478536215506e-04 3.363057852932186493e-04
7.080758930000000646e+02 3.165959934414352625e-04 3.336121736054526083e-04
7.080762055000000146e+02 2.986741125753037546e-04 3.307252845149463000e-04
7.080765180000000782e+02 2.902352575392191329e-04 3.276368481701080054e-04
7.080768305000000282e+02 2.859213910202896224e-04 3.243383642811607077e-04
7.080771430000000919e+02 2.834090808570800747e-04 3.208211235299277659e-04
7.080774555000000419e+02 3.135288520763859408e-04 3.170762353744449894e-04
7.080777679999999918e+02 2.992927307874664500e-04 3.130946632639691187e-04
7.080780805000000555e+02 3.002563764066443989e-04 3.088672684758575352e-04
7.080783930000000055e+02 2.841722838774581776e-04 3.043848638798023198e-04
7.080787055000000692e+02 2.510323562347344106e-04 2.996382790677558491e-04
7.080790180000000191e+02 2.480993008175760872e-04 2.946184384861633577e-04
7.080793305000000828e+02 2.607136627589239498e-04 2.893164542526581863e-04
7.080796430000000328e+02 2.360463093139788995e-04 2.837237355712551585e-04
7.080799555000000964e+02 2.464094012204525916e-04 2.778321166517519979e-04
7.080802680000000464e+02 2.473221218583902554e-04 2.716340052331615417e-04
7.080805804999999964e+02 2.297282584895589202e-04 2.651225537136355035e-04
7.080808930000000601e+02 2.283756187228572177e-04 2.582918549660298416e-04
7.080812055000000100e+02 1.956120639204857225e-04 2.511371647230230546e-04
7.080815180000000737e+02 1.765374384168623238e-04 2.436551521680017343e-04
7.080818305000000237e+02 2.058871586490829413e-04 2.358441800770141731e-04
7.080821430000000873e+02 2.043298619638770936e-04 2.277046151504677420e-04
7.080824555000000373e+02 2.069611493205668698e-04 2.192391685643873081e-04
7.080827680000001010e+02 2.209425917034369118e-04 2.104532655616318608e-04
7.080830805000000510e+02 1.947879342900990117e-04 2.013554417662585696e-04
7.080833930000000009e+02 1.721084947536286633e-04 1.919577620679088640e-04
7.080837055000000646e+02 1.845002286014979596e-04 1.822762561037072663e-04
7.080840180000000146e+02 1.639293998305471113e-04 1.723313619146419327e-04
7.080843305000000782e+02 1.454590393276646238e-04 1.621483666697683395e-04
7.080846430000000282e+02 1.667396024587030462e-04 1.517578305263645366e-04
7.080849555000000919e+02 1.381531226723789994e-04 1.411959763592799842e-04
7.080852680000000419e+02 1.318324069393809767e-04 1.305050251619231346e-04
7.080855804999999918e+02 1.346313371706153131e-04 1.197334537096259678e-04
7.080858930000000555e+02 1.331261575827702502e-04 1.089361487735211330e-04
7.080862055000000055e+02 1.222937085042256281e-04 9.817443032809843083e-05
7.080865180000000692e+02 1.319732482484411366e-04 8.751591567169496669e-05
7.080868305000000191e+02 1.039835196275934736e-04 7.703419759861373562e-05
7.080871430000000828e+02 8.125367912988027829e-05 6.680831262510761965e-05
7.080874555000000328e+02 7.815290193173675480e-05 5.692198092843659475e-05
7.080877680000000964e+02 8.883099316972124316e-05 4.746260735471779564e-05
7.080880805000000464e+02 6.107711422144771439e-05 3.852004355690326630e-05
7.080883929999999964e+02 5.345342365257603105e-05 3.018512381719460534e-05
7.080887055000000601e+02 5.784479851755299407e-05 2.254800170747844602e-05
7.080890180000000100e+02 5.506554081129215418e-05 1.569632978378538685e-05
7.080893305000000737e+02 3.702421349256696464e-05 9.713339275164994488e-06
7.080896430000000237e+02 2.946500267895076709e-05 4.675889735515556048e-06
7.080899555000000873e+02 3.431272178364804719e-05 6.525681185229129066e-07
7.080902680000000373e+02 1.695485634560040195e-05 -2.298078122472396745e-06
7.080905805000001010e+02 2.336733717732568708e-05 -4.129090097573425171e-06
7.080908930000000510e+02 1.747183259894406654e-05 -4.806351633796410489e-06
7.080912055000000009e+02 1.666845073060796843e-05 -4.309484436586478696e-06
7.080915180000000646e+02 1.344380476849546035e-05 -2.632338296103599102e-06
7.080918305000000146e+02 6.099114945963338277e-06 2.169475659331618796e-07
7.080921430000000782e+02 1.790246775869969606e-05 4.216311985492709259e-06
7.080924555000000282e+02 1.188428760535192156e-05 9.330544346209474212e-06
7.080927680000000919e+02 6.727919931405773652e-06 1.551241679916519215e-05
7.080930805000000419e+02 2.081258888653501833e-05 2.270411343666458380e-05
7.080933929999999918e+02 3.894690131843293684e-05 3.083888165524829129e-05
7.080937055000000555e+02 1.413096373842236224e-05 3.984282470781443222e-05
7.080940180000000055e+02 1.892040698422972557e-05 4.963675430558118259e-05
7.080943305000000692e+02 2.925715684698288556e-05 6.013802726271390905e-05
7.080946430000000191e+02 3.334704113470847756e-05 7.126229940054722471e-05
7.080949555000000828e+02 4.237384536175337274e-05 8.292514241133101512e-05
7.080952680000000328e+02 5.203349593698702847e-05 9.504348298615076650e-05
7.080955805000000964e+02 6.307571273267645480e-05 1.075368378652174551e-04
7.080958930000000464e+02 5.427959100274026328e-05 1.203283315040797383e-04
7.080962054999999964e+02 9.199168411974694348e-05 1.333454950248080828e-04
7.080965180000000601e+02 1.174303327251522723e-04 1.465208544950144596e-04
7.080968305000000100e+02 1.406728190073576446e-04 1.597923240565297834e-04
7.080971430000000737e+02 1.197432140216051616e-04 1.731034244796514875e-04
7.080974555000000237e+02 1.348525449890843270e-04 1.864033505095614768e-04
7.080977680000000873e+02 1.558089706748087160e-04 1.996469118162431076e-04
7.080980805000000373e+02 1.671528920952790515e-04 2.127943717978572949e-04
7.080983930000001010e+02 1.925401880583270994e-04 2.258112074693511303e-04
7.080987055000000510e+02 2.164517991134223438e-04 2.386678113029120556e-04
7.080990180000000009e+02 2.407191855356649807e-04 2.513391536978191207e-04
7.080993305000000646e+02 2.972530802980209263e-04 2.638044218071152478e-04
7.080996430000000146e+02 2.506456226516371962e-04 2.760466479287407770e-04
7.080999555000000782e+02 2.732023822639582846e-04 2.880523381042847083e-04
7.081002680000000282e+02 2.762810421091625853e-04 2.998111090707988673e-04
7.081005805000000919e+02 3.025331399500966623e-04 3.113153398863363576e-04
7.081008930000000419e+02 3.206013704365425539e-04 3.225598424868980478e-04
7.081012054999999918e+02 3.452618142342070494e-04 3.335415542078698330e-04
7.081015180000000555e+02 3.363437511002256505e-04 3.442592538402155285e-04
7.081018305000000055e+02 3.505901327357686817e-04 3.547133019676089482e-04
7.081021430000000692e+02 3.381325407222838912e-04 3.649054055684758878e-04
7.081024555000000191e+02 3.980484306713238203e-04 3.748384061690051183e-04
7.081027680000000828e+02 4.017001239662058507e-04 3.845160906397731963e-04
7.081030805000000328e+02 4.561104332626030088e-04 3.939430232158623981e-04
7.081033930000000964e+02 3.734995898357807592e-04 4.031243973828405394e-04
7.081037055000000464e+02 4.167047958714048040e-04 4.120659059529452914e-04
7.081040179999999964e+02 5.146721730925924321e-04 4.207736278485521651e-04
7.081043305000000601e+02 4.428376812043800293e-04 4.292539299386116756e-04
7.081046430000000100e+02 5.142347450164751850e-04 4.375133824484643335e-04
7.081049555000000737e+02 4.815703778376954425e-04 4.455586865339616572e-04
7.081052680000000237e+02 5.289985297358019154e-04 4.533966125984975441e-04
7.081055805000000873e+02 4.993928745307285198e-04 4.610339482006403622e-04
7.081058930000000373e+02 5.109001585454695090e-04 4.684774543172367926e-04
7.081062055000001010e+02 5.208783732034170727e-04 4.757338290154802807e-04
7.081065180000000510e+02 5.078194285458718146e-04 4.828096775078446990e-04
7.081068305000000009e+02 4.832689644564901708e-04 4.897114878330503102e-04
7.081071430000000646e+02 5.276326112502148242e-04 4.964456113450227632e-04
7.081074555000000146e+02 4.461306970115689447e-04 5.030182473707059919e-04
7.081077680000000782e+02 5.487151063847525365e-04 5.094354314694550306e-04
7.081080805000000282e+02 5.498863030606203003e-04 5.157030267136941421e-04
7.081083930000000919e+02 6.396239884310379441e-04 5.218267176081322874e-04
7.081087055000000419e+02 6.056555473408977309e-04 5.278120061731393729e-04
7.081090179999999918e+02 5.688726278104567222e-04 5.336642099146021853e-04
7.081093305000000555e+02 5.620623122730435779e-04 5.393884613205036276e-04
7.081096430000000055e+02 6.487000984372776361e-04 5.449897086448894689e-04
7.081099555000000692e+02 6.092741187730768039e-04 5.504727177716329124e-04
7.081102680000000191e+02 5.581272492952379406e-04 5.558420749108861645e-04
7.081105805000000828e+02 5.802182234918704844e-04 5.611021900229945817e-04
7.081108930000000328e+02 5.749299240493592304e-04 5.662573007618505608e-04
7.081112055000000964e+02 6.885416185949057473e-04 5.713114768771756797e-04
7.081115180000000464e+02 5.622494323074441998e-04 5.762686249097625059e-04
7.081118304999999964e+02 6.098424985879382764e-04 5.811324931492601892e-04
7.081121430000000601e+02 6.602598013670841906e-04 5.859066767330385010e-04
7.081124555000000100e+02 6.831969227371558449e-04 5.905946228425108064e-04
7.081127680000000737e+02 6.822990613048664915e-04 5.951996359609427936e-04
7.081130805000000237e+02 6.620337808280195606e-04 5.997248831063092638e-04
7.081133930000000873e+02 6.552791503494248982e-04 6.041733990560947589e-04
7.081137055000000373e+02 6.950291573233639743e-04 6.085480914811016535e-04
7.081140180000001010e+02 5.873925084756766602e-04 6.128517460173127894e-04
7.081143305000000510e+02 6.160474555897130829e-04 6.170870312051513059e-04
7.081146430000000009e+02 6.550959087377407255e-04 6.212565033308401581e-04
7.081149555000000646e+02 6.050858302661675557e-04 6.253626111190057355e-04
7.081152680000000146e+02 6.481271157549748025e-04 6.294077002844612918e-04
7.081155805000000782e+02 6.631036910169057618e-04 6.333940179516674021e-04
7.081158930000000282e+02 6.264218090407705193e-04 6.373237169011538618e-04
7.081162055000000919e+02 7.241441603862906447e-04 6.411988596864309255e-04
7.081165180000000419e+02 6.668169355822631175e-04 6.450214225743741096e-04
7.081168304999999918e+02 6.540153306091043076e-04 6.487932993540880067e-04
7.081171430000000555e+02 6.370117858392341159e-04 6.525163049802255475e-04
7.081174555000000055e+02 7.164833427657203930e-04 6.561921790676833108e-04
7.081177680000000692e+02 6.293855084905866518e-04 6.598225892537401072e-04
7.081180805000000191e+02 6.187630690410062407e-04 6.634091343975593831e-04
7.081183930000000828e+02 6.897672758245864625e-04 6.669533476623174147e-04
7.081187055000000328e+02 6.777807156335087296e-04 6.704566994418218904e-04
7.081190180000000964e+02 7.251186194869739445e-04 6.739206001777260386e-04
7.081193305000000464e+02 6.732298831501025427e-04 6.773464030305474150e-04
7.081196429999999964e+02 6.849982582166366882e-04 6.807354064486130681e-04
7.081199555000000601e+02 6.671270158648798286e-04 6.840888566077689978e-04
7.081202680000000100e+02 6.337657025057900862e-04 6.874079497393678932e-04
7.081205805000000737e+02 6.092549508383570973e-04 6.906938343629474755e-04
7.081208930000000237e+02 6.910541496776463361e-04 6.939476133977903402e-04
7.081212055000000873e+02 6.689029241194317755e-04 6.971703461951573883e-04
7.081215180000000373e+02 6.445669501814334885e-04 7.003630504572126974e-04
7.081218305000001010e+02 7.419649646987188166e-04 7.035267040847080705e-04
7.081221430000000510e+02 7.594461204264147097e-04 7.066622469199447141e-04
7.081224555000000009e+02 6.746221835265867701e-04 7.097705824249843018e-04
7.081227680000000646e+02 6.558112686478568491e-04 7.128525792699326241e-04
7.081230805000000146e+02 6.471428841533091248e-04 7.159090728467012521e-04
7.081233930000000782e+02 7.215015478556753657e-04 7.189408667227180621e-04
7.081237055000000282e+02 6.830379687345120411e-04 7.219487340100848435e-04
7.081240180000000919e+02 7.056972591350106801e-04 7.249334186878532470e-04
7.081243305000000419e+02 6.631572044028937471e-04 7.278956368452081833e-04
7.081246429999999918e+02 6.608100470150282202e-04 7.308360778824723970e-04
7.081249555000000555e+02 6.776701484496186001e-04 7.337554056454640480e-04
7.081252680000000055e+02 6.872076869522478074e-04 7.366542595069646348e-04
7.081255805000000692e+02 6.938848621476436133e-04 7.395332554082930483e-04
7.081258930000000191e+02 7.300025758311158575e-04 7.423929868370210926e-04
7.081262055000000828e+02 6.631677520183778965e-04 7.452340257758389291e-04
7.081265180000000328e+02 6.862566263623184545e-04 7.480569235912787416e-04
7.081268305000000964e+02 6.492781370846768211e-04 7.508622118977094839e-04
