7.096657555000000457e+02 4.000824896345378935e-04 3.565035274052338367e-04
7.096660679999999957e+02 3.729533845143522485e-04 3.575679441758402004e-04
7.096663805000000593e+02 3.846654011586344863e-04 3.585790875931859972e-04
7.096666930000000093e+02 3.879501638197926624e-04 3.595344484305000392e-04
7.096670055000000730e+02 3.568274738865597579e-04 3.604313788866133055e-04
7.096673180000000229e+02 3.896382904030191627e-04 3.612670841151540465e-04
7.096676305000000866e+02 3.548380796599752917e-04 3.620386132292586242e-04
7.096679430000000366e+02 3.385954506706257295e-04 3.627428497429974197e-04
7.096682554999999866e+02 3.148999700359153575e-04 3.633765014304533641e-04
7.096685680000000502e+02 3.948176468893242232e-04 3.639360895666835850e-04
7.096688805000000002e+02 4.021208210973240362e-04 3.644179375263583765e-04
7.096691930000000639e+02 3.568706200336695523e-04 3.648181587150848464e-04
7.096695055000000139e+02 3.279167179260577235e-04 3.651326438044632996e-04
7.096698180000000775e+02 3.407200724763124176e-04 3.653570472547740060e-04
7.096701305000000275e+02 3.646423266204173270e-04 3.654867731033506419e-04
7.096704430000000912e+02 3.410862968099824554e-04 3.655169600104306630e-04
7.096707555000000411e+02 3.312270693565486806e-04 3.654424655552792798e-04
7.096710679999999911e+02 3.714406731425067497e-04 3.652578497887912722e-04
7.096713805000000548e+02 3.626473483069092064e-04 3.649573580581172904e-04
7.096716930000000048e+02 3.789337296948892819e-04 3.645349031357468148e-04
7.096720055000000684e+02 3.299347692477935996e-04 3.639840467008191864e-04
7.096723180000000184e+02 3.845094469444605549e-04 3.632979802490085390e-04
7.096726305000000821e+02 3.480961015606623280e-04 3.624695055271141765e-04
7.096729430000000320e+02 3.571090201284536853e-04 3.614910146345111852e-04
7.096732555000000957e+02 3.246817533094320898e-04 3.603544699611720961e-04
7.096735680000000457e+02 3.494257071990250312e-04 3.590513842007481897e-04
7.096738804999999957e+02 3.277115225551000552e-04 3.575728007181164432e-04
7.096741930000000593e+02 3.142391083853450897e-04 3.559092746449529494e-04
7.096745055000000093e+02 3.248778674833582045e-04 3.540508551534975613e-04
7.096748180000000730e+02 3.276103103071468289e-04 3.519870694590071796e-04
7.096751305000000229e+02 3.329777366749868883e-04 3.497069092505669034e-04
7.096754430000000866e+02 3.455435730087179163e-04 3.471988203601473317e-04
7.096757555000000366e+02 3.270030155166387276e-04 3.444506966991358796e-04
7.096760679999999866e+02 3.164914589916016326e-04 3.414498796454205941e-04
7.096763805000000502e+02 3.119361998365748219e-04 3.381831643477424304e-04
7.096766930000000002e+02 2.809620767508593550e-04 3.346368146595989209e-04
7.096770055000000639e+02 2.527936215812060113e-04 3.307965887218273192e-04
7.096773180000000139e+02 2.798406092256384742e-04 3.266477776162728108e-04
7.096776305000000775e+02 2.660480426195653862e-04 3.221752598439169024e-04
7.096779430000000275e+02 2.796621256710100771e-04 3.173635749146696671e-04
7.096782555000000912e+02 2.845308328845974058e-04 3.121970197346385172e-04
7.096785680000000411e+02 2.584294884434601186e-04 3.066597721067805082e-04
7.096788804999999911e+02 2.665527513020489263e-04 3.007360461106649437e-04
7.096791930000000548e+02 2.336062328192826238e-04 2.944102847902966462e-04
7.096795055000000048e+02 2.393137688677152944e-04 2.876673960648369827e-04
7.096798180000000684e+02 2.359027507851767778e-04 2.804930382538183388e-04
7.096801305000000184e+02 2.555482158719302220e-04 2.728739620707809795e-04
7.096804430000000821e+02 2.005791670494456384e-04 2.647984159925409866e-04
7.096807555000000320e+02 2.196332099136513781e-04 2.562566219810021376e-04
7.096810680000000957e+02 1.874909888742322102e-04 2.472413278700104247e-04
7.096813805000000457e+02 2.079627997621553580e-04 2.377484418714661759e-04
7.096816929999999957e+02 1.780463579941498232e-04 2.277777526993734222e-04
7.096820055000000593e+02 2.065898273841884484e-04 2.173337362963511743e-04
7.096823180000000093e+02 1.807939850175227362e-04 2.064264462138588906e-04
7.096826305000000730e+02 1.791852348943653785e-04 1.950724795093461211e-04
7.096829430000000229e+02 1.876580307875019133e-04 1.832960034584411901e-04
7.096832555000000866e+02 1.562440230025284745e-04 1.711298198078079640e-04
7.096835680000000366e+02 1.256130006064749176e-04 1.586164335591991629e-04
7.096838804999999866e+02 1.369845021405253832e-04 1.458090815752196689e-04
7.096841930000000502e+02 1.399389357895481061e-04 1.327726641132738906e-04
7.096845055000000002e+02 1.108513992311536695e-04 1.195845096283768786e-04
7.096848180000000639e+02 1.188353351338434296e-04 1.063348915679247146e-04
7.096851305000000139e+02 9.880138001563016107e-05 9.312720707334202575e-05
7.096854430000000775e+02 1.407016508645492073e-04 8.007772290023877388e-05
7.096857555000000275e+02 1.057923655915011569e-04 6.731479673644645719e-05
7.096860680000000912e+02 9.674391919919667635e-05 5.497749351099634328e-05
7.096863805000000411e+02 8.189146109346026711e-05 4.321353931963008719e-05
7.096866929999999911e+02 7.961298632759447819e-05 3.217659000642349691e-05
7.096870055000000548e+02 7.184110196077033090e-05 2.202283793619177742e-05
7.096873180000000048e+02 6.181881268246550913e-05 1.290703576206756969e-05
7.096876305000000684e+02 3.444698944489748318e-05 4.978076203764320182e-06
7.096879430000000184e+02 5.907211171578367746e-05 -1.625674514529884794e-06
7.096882555000000821e+02 3.618368485795852039e-05 -6.781043048466404554e-06
7.096885680000000320e+02 3.342052462246035752e-05 -1.038443688507957188e-05
7.096888805000000957e+02 2.601034724529614642e-05 -1.235566859020636255e-05
7.096891930000000457e+02 1.367781751607237320e-05 -1.264095226364631316e-05
7.096895054999999957e+02 1.836292307170164008e-05 -1.121485825297951880e-05
7.096898180000000593e+02 1.765130279516401095e-05 -8.081086640257379686e-06
7.096901305000000093e+02 2.107106829866490957e-05 -3.272010815034084315e-06
7.096904430000000730e+02 1.341928625618721600e-05 3.152961680499245498e-06
7.096907555000000229e+02 1.480911998260827053e-05 1.111007455340103035e-05
7.096910680000000866e+02 1.998440314759553459e-05 2.049474605672889455e-05
7.096913805000000366e+02 1.973185418145157491e-05 3.118567448226995599e-05
7.096916929999999866e+02 1.775334018197789434e-05 4.304925119216596556e-05
7.096920055000000502e+02 1.996302581056497050e-05 5.594401442079522443e-05
7.096923180000000002e+02 3.735471940670890249e-05 6.972490790481830028e-05
7.096926305000000639e+02 4.808436074636552823e-05 8.424715503496871738e-05
7.096929430000000139e+02 4.657101440189671332e-05 9.936961387780997106e-05
7.096932555000000775e+02 6.827598601486846051e-05 1.149575345937950172e-04
7.096935680000000275e+02 6.307992544102197546e-05 1.308846916605709964e-04
7.096938805000000912e+02 6.662818491643067822e-05 1.470349062887071553e-04
7.096941930000000411e+02 1.025495305393771028e-04 1.633030061794182289e-04
7.096945054999999911e+02 1.233474522495065038e-04 1.795952914427803408e-04
7.096948180000000548e+02 1.368052889318419009e-04 1.958295866081632877e-04
7.096951305000000048e+02 1.356391971973321196e-04 2.119349621043281661e-04
7.096954430000000684e+02 1.602411351571266331e-04 2.278512056279785364e-04
7.096957555000000184e+02 1.694245621662097382e-04 2.435281164344921647e-04
7.096960680000000821e+02 2.293413032027540131e-04 2.589246862706978789e-04
7.096963805000000320e+02 2.189210626018943851e-04 2.740082196193039266e-04
7.096966930000000957e+02 2.505613978150948869e-04 2.887534356183513867e-04
7.096970055000000457e+02 2.539031231786248368e-04 3.031415837068275458e-04
7.096973179999999957e+02 2.649861617137236705e-04 3.171595965878212624e-04
7.096976305000000593e+02 2.946750431425178176e-04 3.307992963216074985e-04
7.096979430000000093e+02 3.132671957325193794e-04 3.440566634502364540e-04
7.096982555000000730e+02 3.386340470148763507e-04 3.569311742338283759e-04
7.096985680000000229e+02 3.676539997043380410e-04 3.694252072561255589e-04
7.096988805000000866e+02 3.551319061851687447e-04 3.815435182623008346e-04
7.096991930000000366e+02 4.410602879588880801e-04 3.932927799449025550e-04
7.096995054999999866e+02 4.080658447682969175e-04 4.046811824903056871e-04
7.096998180000000502e+02 4.372604857965382754e-04 4.157180897558705214e-04
7.097001305000000002e+02 4.665761391405420918e-04 4.264137458006215077e-04
7.097004430000000639e+02 4.817720230743423987e-04 4.367790264508963644e-04
7.097007555000000139e+02 4.853484216341491194e-04 4.468252306089355174e-04
7.097010680000000775e+02 5.123044119090830071e-04 4.565639065191926102e-04
7.097013805000000275e+02 4.759211721618328847e-04 4.660067083309315985e-04
7.097016930000000912e+02 4.892563655575495963e-04 4.751652789375655859e-04
7.097020055000000411e+02 5.280750790242409558e-04 4.840511552590197157e-04
7.097023179999999911e+02 5.321746551549960680e-04 4.926756927638249652e-04
7.097026305000000548e+02 6.192707281160207081e-04 5.010500062268389860e-04
7.097029430000000048e+02 6.195176322064284685e-04 5.091849242040993005e-04
7.097032555000000684e+02 5.809614256365825758e-04 5.170909550329147279e-04
7.097035680000000184e+02 6.450270945077264629e-04 5.247782623645179650e-04
7.097038805000000821e+02 5.810827045450567534e-04 5.322566486724829640e-04
7.097041930000000320e+02 5.688154805918060105e-04 5.395355452351856176e-04
7.097045055000000957e+02 6.382835303246261333e-04 5.466240074819480070e-04
7.097048180000000457e+02 6.183400824968285879e-04 5.535307145986550917e-04
7.097051304999999957e+02 6.311139649203953081e-04 5.602639726168016313e-04
7.097054430000000593e+02 6.020943325829493115e-04 5.668317201987375150e-04
7.097057555000000093e+02 6.449642035096998013e-04 5.732415365425356027e-04
7.097060680000000730e+02 7.056917609075623711e-04 5.795006509254823973e-04
7.097063805000000229e+02 6.425163490965071127e-04 5.856159534099463111e-04
7.097066930000000866e+02 6.446297129693183197e-04 5.915940064391269834e-04
7.097070055000000366e+02 6.993595398096602795e-04 5.974410569668581932e-04
7.097073179999999866e+02 6.753125255439729928e-04 6.031630489598830075e-04
7.097076305000000502e+02 7.133985575275491545e-04 6.087656360304675952e-04
7.097079430000000002e+02 6.900304568623994795e-04 6.142541940721767905e-04
7.097082555000000639e+02 6.700645384465021750e-04 6.196338337987896371e-04
7.097085680000000139e+02 6.790158489212461687e-04 6.249094130425501305e-04
7.097088805000000775e+02 7.253851201288243631e-04 6.300855488013001491e-04
7.097091930000000275e+02 6.804544643118971316e-04 6.351666289172524203e-04
7.097095055000000912e+02 7.669897389669907192e-04 6.401568234088566298e-04
7.097098180000000411e+02 7.288819314191920078e-04 6.450600953674141954e-04
7.097101304999999911e+02 7.470993442967286974e-04 6.498802114576033044e-04
7.097104430000000548e+02 7.125176496916561276e-04 6.546207519655844898e-04
7.097107555000000048e+02 7.113344606714155005e-04 6.592851204096117660e-04
7.097110680000000684e+02 7.245478015888467049e-04 6.638765527307360567e-04
7.097113805000000184e+02 7.380305079621742557e-04 6.683981260260955445e-04
7.097116930000000821e+02 7.093711798206266865e-04 6.728527668855633411e-04
7.097120055000000320e+02 7.525439803847723281e-04 6.772432592889159747e-04
7.097123180000000957e+02 7.312030483841826592e-04 6.815722521286130984e-04
7.097126305000000457e+02 6.646865173856508682e-04 6.858422663200225509e-04
7.097129429999999957e+02 7.435456093355236312e-04 6.900557015633095818e-04
7.097132555000000593e+02 7.211304537893660580e-04 6.942148427323844911e-04
7.097135680000000093e+02 7.587092419700929317e-04 6.983218659226235470e-04
7.097138805000000730e+02 7.505642702226094851e-04 7.023788441874943530e-04
7.097141930000000229e+02 7.210680802155835806e-04 7.063877529420162964e-04
7.097145055000000866e+02 7.146358571280498825e-04 7.103504750945114753e-04
7.097148180000000366e+02 7.470614045189698975e-04 7.142688058742491675e-04
7.097151304999999866e+02 7.040305165516691889e-04 7.181444574147172015e-04
7.097154430000000502e+02 7.140142894555669487e-04 7.219790630701576921e-04
7.097157555000000002e+02 6.832501292685885016e-04 7.257741814936419407e-04
7.097160680000000639e+02 7.322092320813460530e-04 7.295313005031796912e-04
7.097163805000000139e+02 7.302160854843703450e-04 7.332518407136149122e-04
7.097166930000000775e+02 7.435875718348238309e-04 7.369371589888926979e-04
7.097170055000000275e+02 7.785296752668595995e-04 7.405885516822011475e-04
7.097173180000000912e+02 7.222056204927887295e-04 7.442072577180226887e-04
7.097176305000000411e+02 7.344612592113210821e-04 7.477944614833471719e-04
7.097179429999999911e+02 7.463884104949621966e-04 7.513512955789108851e-04
7.097182555000000548e+02 7.506833225342511877e-04 7.548788434064705906e-04
7.097185680000000048e+02 8.094005451788803887e-04 7.583781416141811924e-04
7.097188805000000684e+02 7.343045333087440309e-04 7.618501824207952718e-04
7.097191930000000184e+02 7.467130717925343514e-04 7.652959157944756643e-04
7.097195055000000821e+02 7.806485329203306919e-04 7.687162515329274250e-04
7.097198180000000320e+02 7.616886673456459231e-04 7.721120612112609234e-04
7.097201305000000957e+02 7.357573293200794220e-04 7.754841800441713076e-04
7.097204430000000457e+02 7.726055754976334823e-04 7.788334086286795473e-04
7.097207554999999957e+02 7.811582473371122756e-04 7.821605146115004998e-04
7.097210680000000593e+02 8.171512616810927120e-04 7.854662342556060876e-04
7.097213805000000093e+02 7.543455300130172143e-04 7.887512739235252174e-04
7.097216930000000730e+02 7.753211296237078574e-04 7.920163114939789270e-04
7.097220055000000229e+02 7.267921460745854550e-04 7.952619976864124494e-04
7.097223180000000866e+02 7.325060931826896018e-04 7.984889573346665940e-04
7.097226305000000366e+02 7.614302802070090775e-04 8.016977905757524106e-04
7.097229429999999866e+02 7.254878706781894056e-04 8.048890739940914914e-04
7.097232555000000502e+02 7.328447556871492147e-04 8.080633616952745662e-04
7.097235680000000002e+02 8.378627017562092225e-04 8.112211863245368448e-04
7.097238805000000639e+02 7.536890463389757204e-04 8.143630600444546740e-04
7.097241930000000139e+02 7.468909927144728534e-04 8.174894754460161270e-04
7.097245055000000775e+02 7.758773051199758467e-04 8.206009064314185274e-04
7.097248180000000275e+02 7.928217829330959365e-04 8.236978090345922201e-04
7.097251305000000912e+02 7.335765023223014825e-04 8.267806222182926728e-04
7.097254430000000411e+02 7.261584818755420414e-04 8.298497686138187664e-04
7.097257554999999911e+02 7.999051932656674191e-04 8.329056552404638788e-04
7.097260680000000548e+02 8.026430691047466842e-04 8.359486741786008443e-04
7.097263805000000048e+02 6.923079648151735793e-04 8.389792032096461639e-04
7.097266930000000684e+02 8.022932983199141657e-04 8.419976064356533580e-04
7.097270055000000184e+02 8.175436585383407230e-04 8.450042348526311600e-04
7.097273180000000821e+02 7.388978005325274982e-04 8.479994269133479855e-04
7.097276305000000320e+02 7.222825588167870953e-04 8.509835090459817253e-04
7.097279430000000957e+02 7.813858799497425209e-04 8.539567961650352743e-04
