7.092716149999999971e+02 3.046145077488292361e-04 3.252593073006847333e-04
7.092719274999999470e+02 3.200229382336967280e-04 3.254665298947914068e-04
7.092722400000000107e+02 3.198691059108477695e-04 3.255969948479057064e-04
7.092725524999999607e+02 3.222252246804171603e-04 3.256469150473595181e-04
7.092728650000000243e+02 3.083241412804088241e-04 3.256122925882464630e-04
7.092731774999999743e+02 3.438234302781655190e-04 3.254889068370442839e-04
7.092734900000000380e+02 3.034537247503360491e-04 3.252723019706925227e-04
7.092738024999999880e+02 3.379386172762897369e-04 3.249577740083323205e-04
7.092741149999999379e+02 3.597288615111093272e-04 3.245403573622734602e-04
7.092744275000000016e+02 3.421805617132309216e-04 3.240148109511412728e-04
7.092747399999999516e+02 2.966250708440221770e-04 3.233756039337124877e-04
7.092750525000000152e+02 3.481676826781525901e-04 3.226169011394053538e-04
7.092753649999999652e+02 2.876617469935226299e-04 3.217325483045404178e-04
7.092756775000000289e+02 3.159388122521829224e-04 3.207160572405060332e-04
7.092759899999999789e+02 2.888743580855431502e-04 3.195605911122119500e-04
7.092763025000000425e+02 2.941441008194168693e-04 3.182589500290016219e-04
7.092766149999999925e+02 3.049773150550561039e-04 3.168035572237632748e-04
7.092769274999999425e+02 3.198014272475003280e-04 3.151864461321418230e-04
7.092772400000000061e+02 3.012021164818962657e-04 3.133992487796857210e-04
7.092775524999999561e+02 2.911335327684301272e-04 3.114331859556296496e-04
7.092778650000000198e+02 2.573377790916389195e-04 3.092790597471266030e-04
7.092781774999999698e+02 2.769999832719206943e-04 3.069272491498030810e-04
7.092784900000000334e+02 2.700619345608988174e-04 3.043677095663825335e-04
7.092788024999999834e+02 2.604976479587374971e-04 3.015899772098322613e-04
7.092791149999999334e+02 2.989166643459333908e-04 2.985831795566594687e-04
7.092794274999999971e+02 2.366182870399077018e-04 2.953360532507056497e-04
7.092797399999999470e+02 2.444352462794389946e-04 2.918369710626617748e-04
7.092800525000000107e+02 2.650626237229216633e-04 2.880739797668155485e-04
7.092803649999999607e+02 2.368359783634397067e-04 2.840348511337939899e-04
7.092806775000000243e+02 2.434454645336535253e-04 2.797071484874987966e-04
7.092809899999999743e+02 2.517145767577821545e-04 2.750783117038405252e-04
7.092813025000000380e+02 2.247149462394600679e-04 2.701357638027239373e-04
7.092816149999999880e+02 2.314130171996509663e-04 2.648670427568955280e-04
7.092819274999999379e+02 2.222794413313153284e-04 2.592599624082193811e-04
7.092822400000000016e+02 2.090741698742406077e-04 2.533028068196572623e-04
7.092825524999999516e+02 1.849517593327272688e-04 2.469845626200975973e-04
7.092828650000000152e+02 2.222030225392789828e-04 2.402951940800700107e-04
7.092831774999999652e+02 1.911702677049179132e-04 2.332259657802002693e-04
7.092834900000000289e+02 2.068629742246650641e-04 2.257698174340875543e-04
7.092838024999999789e+02 2.447513096204923595e-04 2.179217951084802389e-04
7.092841150000000425e+02 1.722242508941885185e-04 2.096795420594779746e-04
7.092844274999999925e+02 1.861688798007455053e-04 2.010438511992235526e-04
7.092847399999999425e+02 1.593515883090670839e-04 1.920192790225878909e-04
7.092850525000000061e+02 1.343623837312741176e-04 1.826148182040787866e-04
7.092853649999999561e+02 1.416197084024825082e-04 1.728446222989519934e-04
7.092856775000000198e+02 1.274808128809911355e-04 1.627287712909314908e-04
7.092859899999999698e+02 1.613378700369630511e-04 1.522940611126692625e-04
7.092863025000000334e+02 1.481947627680600698e-04 1.415747932839301324e-04
7.092866149999999834e+02 1.293376582996532179e-04 1.306135333556488083e-04
7.092869274999999334e+02 1.290310595999118572e-04 1.194617983282288956e-04
7.092872399999999971e+02 1.017741400591440565e-04 1.081806250475672229e-04
7.092875524999999470e+02 1.030673913406268634e-04 9.684096372817111982e-05
7.092878650000000107e+02 9.687646413931915389e-05 8.552383468676179345e-05
7.092881774999999607e+02 8.718121698153376482e-05 7.432018335144364009e-05
7.092884900000000243e+02 9.077174052161881288e-05 6.333036950621745821e-05
7.092888024999999743e+02 5.814400032232382349e-05 5.266323380870509041e-05
7.092891150000000380e+02 7.952386054814751569e-05 4.243469807851107391e-05
7.092894274999999880e+02 6.493415998212228853e-05 3.276587745696884173e-05
7.092897399999999379e+02 6.215520811930170327e-05 2.378071120810891151e-05
7.092900525000000016e+02 5.650270654837667885e-05 1.560315450617874840e-05
7.092903649999999516e+02 5.196564989031508743e-05 8.354012847053241624e-06
7.092906775000000152e+02 5.434351558609874908e-05 2.147540631827020402e-06
7.092909899999999652e+02 3.030749720958218467e-05 -2.912038676098146485e-06
7.092913025000000289e+02 3.614020689918477912e-05 -6.733906962995631824e-06
7.092916149999999789e+02 3.059388412509913099e-05 -9.243723676982774237e-06
7.092919275000000425e+02 2.177587148797138815e-05 -1.038620374466543819e-05
7.092922399999999925e+02 2.484625080889379074e-05 -1.012703226583077947e-05
7.092925524999999425e+02 1.808435814997503459e-05 -8.453987992060353144e-06
7.092928650000000061e+02 2.535277001905871246e-05 -5.377202223912532383e-06
7.092931774999999561e+02 1.356232192360163030e-05 -9.285423531375729612e-07
7.092934900000000198e+02 1.221807362327588424e-05 4.839827517645625023e-06
7.092938024999999698e+02 8.289660823620617961e-06 1.185759968834922101e-05
7.092941150000000334e+02 8.202543421910152668e-06 2.003903655927670286e-05
7.092944274999999834e+02 1.453048776427923471e-05 2.928606427425013779e-05
7.092947399999999334e+02 2.095411365549187450e-05 3.949155659014993763e-05
7.092950524999999971e+02 2.520752652947594828e-05 5.054262699893815279e-05
7.092953649999999470e+02 2.833916771183210732e-05 6.232376915258010686e-05
7.092956775000000107e+02 3.864954720350803266e-05 7.471971732481962069e-05
7.092959899999999607e+02 3.344002380416242234e-05 8.761793512002768829e-05
7.092963025000000243e+02 5.300603121056593817e-05 1.009106780662915860e-04
7.092966149999999743e+02 6.608993736118485738e-05 1.144966096434679471e-04
7.092969275000000380e+02 7.348419755578839536e-05 1.282819793494206252e-04
7.092972399999999880e+02 9.881855184114308208e-05 1.421813931624439122e-04
7.092975524999999379e+02 9.943205187514693867e-05 1.561182221560099628e-04
7.092978650000000016e+02 1.047978932888047221e-04 1.700247033719720321e-04
7.092981774999999516e+02 1.210445680805676282e-04 1.838417903776939477e-04
7.092984900000000152e+02 1.558507903399143028e-04 1.975188098143365893e-04
7.092988024999999652e+02 1.619127754485164927e-04 2.110129759269528899e-04
7.092991150000000289e+02 1.689155479301006834e-04 2.242888093236905891e-04
7.092994274999999789e+02 1.931298618072223197e-04 2.373174989348687531e-04
7.092997400000000425e+02 2.144988604813166037e-04 2.500762392877593212e-04
7.093000524999999925e+02 2.329431717515983448e-04 2.625475680399553700e-04
7.093003649999999425e+02 2.590106473121831323e-04 2.747187227915091749e-04
7.093006775000000061e+02 2.776369018457677112e-04 2.865810305225843508e-04
7.093009899999999561e+02 2.828589074793331961e-04 2.981293386404170907e-04
7.093013025000000198e+02 2.846724339043547490e-04 3.093614929433919649e-04
7.093016149999999698e+02 3.353800965839824340e-04 3.202778647920689523e-04
7.093019275000000334e+02 3.507552246225892584e-04 3.308809278421027131e-04
7.093022399999999834e+02 3.191940562063209225e-04 3.411748828579281721e-04
7.093025524999999334e+02 3.882274126321070802e-04 3.511653282943109694e-04
7.093028649999999971e+02 3.829217724334832125e-04 3.608589734157436604e-04
7.093031774999999470e+02 3.264079269016997289e-04 3.702633904716915087e-04
7.093034900000000107e+02 4.393147096432738338e-04 3.793868022738072321e-04
7.093038024999999607e+02 4.250948355669199007e-04 3.882379014060336267e-04
7.093041150000000243e+02 4.177040338470703533e-04 3.968256976108890414e-04
7.093044274999999743e+02 4.290538391369526187e-04 4.051593898807770650e-04
7.093047400000000380e+02 4.091205904620353446e-04 4.132482602372151981e-04
7.093050524999999880e+02 4.304035147033054677e-04 4.211015862466910092e-04
7.093053649999999379e+02 4.819377534137582377e-04 4.287285697931444354e-04
7.093056775000000016e+02 4.411431662327817320e-04 4.361382797306700824e-04
7.093059899999999516e+02 4.989249538134119151e-04 4.433396064081270601e-04
7.093063025000000152e+02 4.889172474221702711e-04 4.503412262956647057e-04
7.093066149999999652e+02 4.978448573768508301e-04 4.571515750777600307e-04
7.093069275000000289e+02 5.500469041487491412e-04 4.637788279293845323e-04
7.093072399999999789e+02 5.402339356462748567e-04 4.702308857135175865e-04
7.093075525000000425e+02 5.381428032669479918e-04 4.765153661632580266e-04
7.093078649999999925e+02 6.001448911514663601e-04 4.826395991002394004e-04
7.093081774999999425e+02 5.876154253991787641e-04 4.886106250187088797e-04
7.093084900000000061e+02 5.822469160097264260e-04 4.944351963446290237e-04
7.093088024999999561e+02 5.035018008112332466e-04 5.001197808583332212e-04
7.093091150000000198e+02 5.150104122556257861e-04 5.056705668484702369e-04
7.093094274999999698e+02 4.799051415843256780e-04 5.110934695652029174e-04
7.093097400000000334e+02 6.047401863472919676e-04 5.163941387186143841e-04
7.093100524999999834e+02 5.577638237491337574e-04 5.215779666926378955e-04
7.093103649999999334e+02 6.150363302640115713e-04 5.266500973161106084e-04
7.093106774999999971e+02 5.823339451199788979e-04 5.316154349607099582e-04
7.093109899999999470e+02 6.273725827943320635e-04 5.364786538374937590e-04
7.093113025000000107e+02 6.222724165973202203e-04 5.412442073881498089e-04
7.093116149999999607e+02 5.900730973626628403e-04 5.459163376288205406e-04
7.093119275000000243e+02 5.918556044974520583e-04 5.504990844232398586e-04
7.093122399999999743e+02 6.177621114658658329e-04 5.549962945681005807e-04
7.093125525000000380e+02 5.527873154587900628e-04 5.594116306972691513e-04
7.093128649999999880e+02 6.040818868457690409e-04 5.637485799151056116e-04
7.093131774999999379e+02 6.496229390971338053e-04 5.680104621828884013e-04
7.093134900000000016e+02 6.347854611883063094e-04 5.722004383986688519e-04
7.093138024999999516e+02 6.531587550567037213e-04 5.763215181747612104e-04
7.093141150000000152e+02 5.882709966526512542e-04 5.803765673201602112e-04
7.093144274999999652e+02 6.523777690599821388e-04 5.843683149872303494e-04
7.093147400000000289e+02 7.034119345456988888e-04 5.882993605295327956e-04
7.093150524999999789e+02 6.556690738618241006e-04 5.921721800267577916e-04
7.093153650000000425e+02 6.085157868955582729e-04 5.959891325286246870e-04
7.093156774999999925e+02 6.562905120012555403e-04 5.997524659789996897e-04
7.093159899999999425e+02 6.190276155512822219e-04 6.034643228723164015e-04
7.093163025000000061e+02 6.531109363546885958e-04 6.071267456164758294e-04
7.093166149999999561e+02 7.014605481479457578e-04 6.107416816264981231e-04
7.093169275000000198e+02 6.512481226550258890e-04 6.143109881721311094e-04
7.093172399999999698e+02 6.167119796892158584e-04 6.178364369570052720e-04
7.093175525000000334e+02 6.428598747365393525e-04 6.213197184807560695e-04
7.093178649999999834e+02 6.522674014433511034e-04 6.247624461532218492e-04
7.093181774999999334e+02 6.587751258203489385e-04 6.281661602111046801e-04
7.093184899999999971e+02 6.059192932622859936e-04 6.315323314155224911e-04
7.093188024999999470e+02 6.427177284304761004e-04 6.348623645536055453e-04
7.093191150000000107e+02 6.760047734671980734e-04 6.381576017658667195e-04
7.093194274999999607e+02 6.686645802771993587e-04 6.414193256784712308e-04
7.093197400000000243e+02 6.398793562621075872e-04 6.446487623870900347e-04
7.093200524999999743e+02 6.854518203936329178e-04 6.478470842627673427e-04
7.093203650000000380e+02 6.919950146929131638e-04 6.510154126262157614e-04
7.093206774999999880e+02 6.551063656825840660e-04 6.541548202609993130e-04
7.093209899999999379e+02 6.293321462084427304e-04 6.572663338094090341e-04
7.093213025000000016e+02 6.812342180468026901e-04 6.603509360293502526e-04
7.093216149999999516e+02 6.858309657911775123e-04 6.634095679309905428e-04
7.093219275000000152e+02 7.381683691154259253e-04 6.664431308107509732e-04
7.093222399999999652e+02 6.870280499450992810e-04 6.694524881610270772e-04
7.093225525000000289e+02 6.474668429647014844e-04 6.724384674960539416e-04
7.093228649999999789e+02 6.502269490644281254e-04 6.754018620642224767e-04
7.093231775000000425e+02 6.820548507094676858e-04 6.783434324872109544e-04
7.093234899999999925e+02 6.945683065918354781e-04 6.812639082962008248e-04
7.093238024999999425e+02 7.080726931144826035e-04 6.841639894033879968e-04
7.093241150000000061e+02 7.237226641942936340e-04 6.870443474863910513e-04
7.093244274999999561e+02 6.345189543032957137e-04 6.899056273006882707e-04
7.093247400000000198e+02 6.739236011520574870e-04 6.927484479343798841e-04
7.093250524999999698e+02 5.918687412891157629e-04 6.955734039829803176e-04
7.093253650000000334e+02 7.096003491329808902e-04 6.983810666800492660e-04
7.093256774999999834e+02 6.662567455710959085e-04 7.011719849539246267e-04
7.093259899999999334e+02 6.894143524078716117e-04 7.039466864456061937e-04
7.093263024999999971e+02 7.227664602620266368e-04 7.067056784651347314e-04
7.093266149999999470e+02 7.199967977345913660e-04 7.094494488996417594e-04
7.093269275000000107e+02 6.873589062873844413e-04 7.121784670856147036e-04
7.093272399999999607e+02 6.361202594101887523e-04 7.148931846228846624e-04
7.093275525000000243e+02 6.844254898905746199e-04 7.175940361636173491e-04
7.093278649999999743e+02 6.852534909024337543e-04 7.202814401467586914e-04
7.093281775000000380e+02 6.453369126522939510e-04 7.229557995116371854e-04
7.093284899999999880e+02 6.979285018492113876e-04 7.256175023612466924e-04
7.093288024999999379e+02 7.166628200893901315e-04 7.282669226074037607e-04
7.093291150000000016e+02 6.870881708779687626e-04 7.309044205751245252e-04
7.093294274999999516e+02 7.215664864626811009e-04 7.335303435777186087e-04
7.093297400000000152e+02 6.865790854313158715e-04 7.361450264736448977e-04
7.093300524999999652e+02 6.938804028615771233e-04 7.387487921826859944e-04
7.093303650000000289e+02 7.163136339381867730e-04 7.413419521924315267e-04
7.093306774999999789e+02 6.931972872737666210e-04 7.439248070259381297e-04
7.093309900000000425e+02 6.860377434099630559e-04 7.464976467021173590e-04
7.093313024999999925e+02 6.955954284230508574e-04 7.490607511598234300e-04
7.093316149999999425e+02 6.540244361523381072e-04 7.516143906758868815e-04
7.093319275000000061e+02 6.474613668547190204e-04 7.541588262546712346e-04
7.093322399999999561e+02 7.049896719647821526e-04 7.566943099995764943e-04
7.093325525000000198e+02 7.230536865621273309e-04 7.592210854765911107e-04
7.093328649999999698e+02 6.349454386071327503e-04 7.617393880476784011e-04
7.093331775000000334e+02 7.191371961163643689e-04 7.642494452034144384e-04
7.093334899999999834e+02 7.722285966726580254e-04 7.667514768662379897e-04
7.093338024999999334e+02 7.181262892449516953e-04 7.692456956934630137e-04
