7.081138240000000224e+02 3.641626038448542873e-04 3.677015907771757778e-04
7.081141364999999723e+02 4.138085672124202545e-04 3.683263355274830593e-04
7.081144490000000360e+02 4.196459169316009170e-04 3.689050389772789706e-04
7.081147614999999860e+02 4.085253049230116139e-04 3.694358463537936784e-04
7.081150740000000496e+02 4.280205519248631105e-04 3.699168164598881691e-04
7.081153864999999996e+02 3.489934692200432698e-04 3.703459173267336767e-04
7.081156990000000633e+02 3.870570413069035942e-04 3.707210216588043786e-04
7.081160115000000133e+02 4.613565552813774710e-04 3.710399020590417576e-04
7.081163240000000769e+02 4.075741668228019489e-04 3.713002260331552183e-04
7.081166365000000269e+02 3.843641996788767267e-04 3.714995507634521674e-04
7.081169489999999769e+02 3.617954713492640235e-04 3.716353176515464936e-04
7.081172615000000405e+02 3.942821667851266476e-04 3.717048466241270233e-04
7.081175739999999905e+02 3.774565459175909443e-04 3.717053302017594421e-04
7.081178865000000542e+02 3.765227235940717706e-04 3.716338273307434755e-04
7.081181990000000042e+02 4.811921927576639124e-04 3.714872569804956830e-04
7.081185115000000678e+02 3.242660555084502416e-04 3.712623915118389234e-04
7.081188240000000178e+02 3.521452160741715188e-04 3.709558498259455783e-04
7.081191364999999678e+02 3.656259967358240956e-04 3.705640903053163777e-04
7.081194490000000314e+02 4.058686636259757705e-04 3.700834035661654036e-04
7.081197614999999814e+02 3.674384306595283173e-04 3.695099050457698975e-04
7.081200740000000451e+02 3.762793535639451367e-04 3.688395274527061151e-04
7.081203864999999951e+02 3.805190134943392793e-04 3.680680131234512599e-04
7.081206990000000587e+02 3.277599008321046073e-04 3.671909063267371162e-04
7.081210115000000087e+02 3.279908068802343487e-04 3.662035455826195590e-04
7.081213240000000724e+02 3.343297178552593566e-04 3.651010560593395161e-04
7.081216365000000224e+02 3.666501287075128496e-04 3.638783421454556727e-04
7.081219489999999723e+02 2.693793778954316730e-04 3.625300802910161996e-04
7.081222615000000360e+02 3.221857754925702851e-04 3.610507122522008702e-04
7.081225739999999860e+02 3.193782690712265531e-04 3.594344388852199973e-04
7.081228865000000496e+02 3.252373938766022084e-04 3.576752146586795644e-04
7.081231989999999996e+02 3.518127711292065086e-04 3.557667431055942385e-04
7.081235115000000633e+02 3.602456098286135281e-04 3.537024734390717016e-04
7.081238240000000133e+02 2.668354702033603402e-04 3.514755986353316998e-04
7.081241365000000769e+02 3.156549109597595135e-04 3.490790552911093880e-04
7.081244490000000269e+02 2.915052868925659731e-04 3.465055256612032493e-04
7.081247614999999769e+02 3.121662335085379240e-04 3.437474422918774804e-04
7.081250740000000405e+02 3.184637032438648917e-04 3.407969957776872303e-04
7.081253864999999905e+02 3.326158848781308108e-04 3.376461462153966552e-04
7.081256990000000542e+02 2.985742142934647188e-04 3.342866390051749364e-04
7.081260115000000042e+02 2.966687021743837820e-04 3.307100257799056725e-04
7.081263240000000678e+02 3.197162715597000196e-04 3.269076912778205550e-04
7.081266365000000178e+02 3.278074179385096474e-04 3.228708871549150180e-04
7.081269489999999678e+02 2.387199065541921233e-04 3.185907737675584329e-04
7.081272615000000314e+02 2.547584259886218755e-04 3.140584711479212218e-04
7.081275739999999814e+02 2.639309511326811894e-04 3.092651204725781222e-04
7.081278865000000451e+02 2.215999274680396556e-04 3.042019574404893957e-04
7.081281989999999951e+02 2.478669699507282036e-04 2.988603991571427989e-04
7.081285115000000587e+02 2.850702597199846204e-04 2.932321461334812794e-04
7.081288240000000087e+02 2.730493520164849522e-04 2.873093012133673689e-04
7.081291365000000724e+02 2.885989953273286309e-04 2.810845071862200185e-04
7.081294490000000224e+02 2.416105044510462687e-04 2.745511049935429881e-04
7.081297614999999723e+02 2.453930891823923738e-04 2.677033142748650786e-04
7.081300740000000360e+02 1.945377439047836369e-04 2.605364380146603636e-04
7.081303864999999860e+02 2.274391120772124354e-04 2.530470927762111435e-04
7.081306990000000496e+02 2.078124285671057760e-04 2.452334656766458191e-04
7.081310114999999996e+02 1.842368292192028266e-04 2.370955988808637837e-04
7.081313240000000633e+02 2.151194203445532167e-04 2.286357015860800395e-04
7.081316365000000133e+02 2.241883344225080259e-04 2.198584887771534301e-04
7.081319490000000769e+02 2.269162974751032463e-04 2.107715447345839431e-04
7.081322615000000269e+02 1.898561336602689080e-04 2.013857080843500216e-04
7.081325739999999769e+02 1.565287942468221092e-04 1.917154733020689681e-04
7.081328865000000405e+02 1.562746187764139255e-04 1.817794017816706190e-04
7.081331989999999905e+02 1.752847194822481909e-04 1.716005331951906874e-04
7.081335115000000542e+02 1.449426305629060441e-04 1.612067853359588627e-04
7.081338240000000042e+02 1.560242742296955064e-04 1.506313280597177393e-04
7.081341365000000678e+02 1.695341167792822283e-04 1.399129139545520796e-04
7.081344490000000178e+02 1.347030456725332884e-04 1.290961459233546022e-04
7.081347614999999678e+02 1.140780902747384913e-04 1.182316592504253954e-04
7.081350740000000314e+02 1.416881309705263106e-04 1.073761941450608370e-04
7.081353864999999814e+02 9.442168216492811115e-05 9.659253371785208545e-05
7.081356990000000451e+02 1.398205515323314965e-04 8.594928267698393885e-05
7.081360114999999951e+02 9.952562831797778580e-05 7.552046408226634493e-05
7.081363240000000587e+02 8.429692000946559043e-05 6.538491507532176016e-05
7.081366365000000087e+02 9.546056817298093761e-05 5.562546865946853665e-05
7.081369490000000724e+02 7.521520501129611079e-05 4.632791646459403216e-05
7.081372615000000224e+02 8.245049877001988563e-05 3.757975785906514984e-05
7.081375739999999723e+02 6.614538935390635926e-05 2.946875246381098985e-05
7.081378865000000360e+02 7.600790214798610874e-05 2.208130635429032541e-05
7.081381989999999860e+02 6.479351026247615357e-05 1.550073537532997670e-05
7.081385115000000496e+02 5.521331552534486679e-05 9.805461417818270761e-06
7.081388239999999996e+02 4.858134677441532296e-05 5.067207915113438434e-06
7.081391365000000633e+02 4.137211981113960948e-05 1.349267714877425049e-06
7.081394490000000133e+02 2.771402748763830749e-05 -1.295080691750902800e-06
7.081397615000000769e+02 2.234116839583784379e-05 -2.823935106855961788e-06
7.081400740000000269e+02 1.592755105455194984e-05 -3.207843879809627601e-06
7.081403864999999769e+02 1.940979602669175047e-05 -2.430539490726301696e-06
7.081406990000000405e+02 1.312616049545249194e-05 -4.892954323807391595e-07
7.081410114999999905e+02 7.595504950882353284e-06 2.605109701342322211e-06
7.081413240000000542e+02 1.979856636268357953e-06 6.828815921857675280e-06
7.081416365000000042e+02 1.584412297957080797e-06 1.214566776960243937e-05
7.081419490000000678e+02 8.716472801590431318e-06 1.850831871371554793e-05
7.081422615000000178e+02 1.484558305727545390e-05 2.585959571674588181e-05
7.081425739999999678e+02 8.079494761963889877e-06 3.413405599155446013e-05
7.081428865000000314e+02 1.144236523774039142e-05 4.325966325162378215e-05
7.081431989999999814e+02 1.561461690731249586e-05 5.315951125371909869e-05
7.081435115000000451e+02 3.292315699823293259e-05 6.375352736283440233e-05
7.081438239999999951e+02 2.820246128499194623e-05 7.496009719399161157e-05
7.081441365000000587e+02 5.052281880160033553e-05 8.669756247123199867e-05
7.081444490000000087e+02 7.026788767037849643e-05 9.888555616488411146e-05
7.081447615000000724e+02 5.875792625965757705e-05 1.114461515687746514e-04
7.081450740000000224e+02 7.440274042018368470e-05 1.243048133584020271e-04
7.081453864999999723e+02 7.819829688831281549e-05 1.373911492211230066e-04
7.081456990000000360e+02 8.710573363385684382e-05 1.506394688955306580e-04
7.081460114999999860e+02 1.028525617915568752e-04 1.639891641379516484e-04
7.081463240000000496e+02 1.333744443977510615e-04 1.773849277042053880e-04
7.081466364999999996e+02 1.357380927285797183e-04 1.907768320170215271e-04
7.081469490000000633e+02 1.650164941706024221e-04 2.041202896511468351e-04
7.081472615000000133e+02 2.020532665462633308e-04 2.173759173842069418e-04
7.081475740000000769e+02 1.929734805430412964e-04 2.305093248320828068e-04
7.081478865000000269e+02 1.939281936435679544e-04 2.434908466652003936e-04
7.081481989999999769e+02 2.162151619529323636e-04 2.562952355790822545e-04
7.081485115000000405e+02 2.619950208290248669e-04 2.689013305930481007e-04
7.081488239999999905e+02 2.536125651443444729e-04 2.812917130549333236e-04
7.081491365000000542e+02 2.623256128364277566e-04 2.934523604459109473e-04
7.081494490000000042e+02 3.949852549156322636e-04 3.053723058134557113e-04
7.081497615000000678e+02 3.090339665905655160e-04 3.170433090252358275e-04
7.081500740000000178e+02 3.332669476743472300e-04 3.284595441128111432e-04
7.081503864999999678e+02 3.376527202647200171e-04 3.396173058565508723e-04
7.081506990000000314e+02 3.573104719574296323e-04 3.505147373674778527e-04
7.081510114999999814e+02 3.656786065199434587e-04 3.611515796430562488e-04
7.081513240000000451e+02 3.829890311092501334e-04 3.715289433338845692e-04
7.081516364999999951e+02 4.031002069651871619e-04 3.816491022639069419e-04
7.081519490000000587e+02 4.125152990276600724e-04 3.915153080512774066e-04
7.081522615000000087e+02 4.859843792869649685e-04 4.011316246462511112e-04
7.081525740000000724e+02 4.187973771583398735e-04 4.105027816504479071e-04
7.081528865000000224e+02 4.816525973721050183e-04 4.196340449378104724e-04
7.081531989999999723e+02 4.593563378370503925e-04 4.285311032719297522e-04
7.081535115000000360e+02 4.841139691491737731e-04 4.371999694166012868e-04
7.081538239999999860e+02 5.428670820535277551e-04 4.456468943920377079e-04
7.081541365000000496e+02 4.773313986873305463e-04 4.538782935796185219e-04
7.081544489999999996e+02 4.998593593960148603e-04 4.619006833451173681e-04
7.081547615000000633e+02 5.215378614835902791e-04 4.697206271069858286e-04
7.081550740000000133e+02 5.208880306442542282e-04 4.773446896748900488e-04
7.081553865000000769e+02 5.416915886977147774e-04 4.847793989642342773e-04
7.081556990000000269e+02 5.611264945662598064e-04 4.920312140979480079e-04
7.081560114999999769e+02 5.375000293580952737e-04 4.991064991712529722e-04
7.081563240000000405e+02 5.441920879114807040e-04 5.060115018827312334e-04
7.081566364999999905e+02 5.514093420463846975e-04 5.127523364099945873e-04
7.081569490000000542e+02 5.618267448423193032e-04 5.193349699749381368e-04
7.081572615000000042e+02 5.433270647541225528e-04 5.257652125242490452e-04
7.081575740000000678e+02 5.030241642192163779e-04 5.320487091485630315e-04
7.081578865000000178e+02 5.438362619765940795e-04 5.381909347655398435e-04
7.081581989999999678e+02 6.123647149971056915e-04 5.441971907905739396e-04
7.081585115000000314e+02 6.087277436228514345e-04 5.500726034319301577e-04
7.081588239999999814e+02 5.887698323892362603e-04 5.558221233684367555e-04
7.081591365000000451e+02 5.969868349248351946e-04 5.614505265987110479e-04
7.081594489999999951e+02 6.664139702896852181e-04 5.669624162089338107e-04
7.081597615000000587e+02 5.869034008453086074e-04 5.723622249507403061e-04
7.081600740000000087e+02 6.563443194598789091e-04 5.776542184144548529e-04
7.081603865000000724e+02 5.882034238105509228e-04 5.828424987337027475e-04
7.081606990000000224e+02 6.445378691526435595e-04 5.879310086487284136e-04
7.081610114999999723e+02 5.830249792139260024e-04 5.929235358945997205e-04
7.081613240000000360e+02 6.679153529162797955e-04 5.978237177868025824e-04
7.081616364999999860e+02 6.750743213354172675e-04 6.026350459565508674e-04
7.081619490000000496e+02 6.498938715465056668e-04 6.073608711959213244e-04
7.081622614999999996e+02 5.974242507583835040e-04 6.120044083211619067e-04
7.081625740000000633e+02 6.426200952503645586e-04 6.165687410686189690e-04
7.081628865000000133e+02 6.823501653430770909e-04 6.210568269353618047e-04
7.081631990000000769e+02 5.515462473941714272e-04 6.254715019916104457e-04
7.081635115000000269e+02 6.588517130477563764e-04 6.298154855898839902e-04
7.081638239999999769e+02 6.201242297780692938e-04 6.340913850040185047e-04
7.081641365000000405e+02 6.473003764477618105e-04 6.383016999435657535e-04
7.081644489999999905e+02 7.065501411898237379e-04 6.424488269495386844e-04
7.081647615000000542e+02 7.250363594572503982e-04 6.465350636781707575e-04
7.081650740000000042e+02 6.996843129465560437e-04 6.505626130290340396e-04
7.081653865000000678e+02 6.647325663873791812e-04 6.545335871603702406e-04
7.081656990000000178e+02 6.848246311781030571e-04 6.584500113417917494e-04
7.081660114999999678e+02 7.146973229902042757e-04 6.623138276889523014e-04
7.081663240000000314e+02 7.091962474997715905e-04 6.661268987439122576e-04
7.081666364999999814e+02 7.030198401914402239e-04 6.698910109172384001e-04
7.081669490000000451e+02 6.351518857986889876e-04 6.736078778070932931e-04
7.081672614999999951e+02 6.285723930736116221e-04 6.772791433634059227e-04
7.081675740000000587e+02 7.437674791848389397e-04 6.809063849424650591e-04
7.081678865000000087e+02 6.086830361927118588e-04 6.844911162119575541e-04
7.081681990000000724e+02 6.311470104008458544e-04 6.880347899528011088e-04
7.081685115000000224e+02 6.964754220796033667e-04 6.915388007193360017e-04
7.081688239999999723e+02 7.726685497846587803e-04 6.950044874023164664e-04
7.081691365000000360e+02 6.381054655619927424e-04 6.984331356662539870e-04
7.081694489999999860e+02 6.476912578390648127e-04 7.018259802784495563e-04
7.081697615000000496e+02 6.359770735853476943e-04 7.051842073459412821e-04
7.081700739999999996e+02 7.546438422451458511e-04 7.085089564334968006e-04
7.081703865000000633e+02 6.945236511084612596e-04 7.118013226049152995e-04
7.081706990000000133e+02 6.749498346715881308e-04 7.150623583525107839e-04
7.081710115000000769e+02 7.577201960164128749e-04 7.182930754573772737e-04
7.081713240000000269e+02 7.317399044040822460e-04 7.214944467459032248e-04
7.081716364999999769e+02 6.599898006147003355e-04 7.246674077830523534e-04
7.081719490000000405e+02 7.017672352913457111e-04 7.278128584764197162e-04
7.081722614999999905e+02 7.264087325756799158e-04 7.309316646065449133e-04
7.081725740000000542e+02 7.264427839417301027e-04 7.340246592980212382e-04
7.081728865000000042e+02 7.283913050372057803e-04 7.370926444061874378e-04
7.081731990000000678e+02 6.792649766094534160e-04 7.401363918576563117e-04
7.081735115000000178e+02 6.515296612282336008e-04 7.431566449116465715e-04
7.081738239999999678e+02 7.403860537324145636e-04 7.461541193796173690e-04
7.081741365000000314e+02 7.312866380044145357e-04 7.491295047781130426e-04
7.081744489999999814e+02 7.760892578680136066e-04 7.520834654287231929e-04
7.081747615000000451e+02 7.531745930903110302e-04 7.550166415182899427e-04
7.081750739999999951e+02 6.385932494996957682e-04 7.579296500948357789e-04
7.081753865000000587e+02 6.400242425453840558e-04 7.608230860347976569e-04
7.081756990000000087e+02 7.123071111654190150e-04 7.636975229495984773e-04
7.081760115000000724e+02 6.347414695588426276e-04 7.665535140675628278e-04
