7.083200520000000324e+02 3.710636565784121714e-04 3.371974962997476271e-04
7.083203644999999824e+02 3.604162018692006223e-04 3.378639172596135747e-04
7.083206770000000461e+02 3.628204053744481196e-04 3.384881477509636607e-04
7.083209894999999960e+02 3.365186650987214375e-04 3.390684646656167887e-04
7.083213020000000597e+02 3.698858931554431864e-04 3.396030632196736444e-04
7.083216145000000097e+02 4.543128034707856282e-04 3.400900527449415302e-04
7.083219270000000733e+02 3.230089643447067987e-04 3.405274522708513318e-04
7.083222395000000233e+02 3.683097144229480332e-04 3.409131858829672558e-04
7.083225520000000870e+02 3.333095354926040926e-04 3.412450778564253572e-04
7.083228645000000370e+02 3.489568308950126083e-04 3.415208475524632130e-04
7.083231769999999869e+02 3.436881663243622487e-04 3.417381040764211602e-04
7.083234895000000506e+02 3.405753740141545787e-04 3.418943406888070571e-04
7.083238020000000006e+02 3.782241881465186854e-04 3.419869289673742319e-04
7.083241145000000643e+02 3.720020490539666927e-04 3.420131127180494734e-04
7.083244270000000142e+02 3.230077628596253426e-04 3.419700016334754531e-04
7.083247395000000779e+02 3.311617582236621969e-04 3.418545647023380559e-04
7.083250520000000279e+02 3.526233398891726761e-04 3.416636233744113063e-04
7.083253644999999779e+02 3.308430310588976854e-04 3.413938444897369855e-04
7.083256770000000415e+02 3.619203739598786385e-04 3.410417329857232138e-04
7.083259894999999915e+02 3.529612927534419827e-04 3.406036244008880682e-04
7.083263020000000552e+02 3.042512304993823420e-04 3.400756771979287683e-04
7.083266145000000051e+02 3.560295794321463635e-04 3.394538649419763629e-04
7.083269270000000688e+02 3.179733599077474169e-04 3.387339683698606147e-04
7.083272395000000188e+02 3.142591604157164644e-04 3.379115674078562526e-04
7.083275520000000824e+02 3.461458786553210415e-04 3.369820331941169905e-04
7.083278645000000324e+02 2.910587764217321548e-04 3.359405201920190841e-04
7.083281769999999824e+02 2.780328311322059157e-04 3.347819584797556659e-04
7.083284895000000461e+02 3.156279259056809757e-04 3.335010463379622122e-04
7.083288019999999960e+02 3.017076746552371292e-04 3.320922432697118068e-04
7.083291145000000597e+02 3.332644321868734739e-04 3.305497636100637130e-04
7.083294270000000097e+02 3.076893267895086897e-04 3.288675709308682771e-04
7.083297395000000733e+02 3.061459159015623467e-04 3.270393734529022803e-04
7.083300520000000233e+02 3.268527211526155228e-04 3.250586207516187038e-04
7.083303645000000870e+02 3.006282085166374915e-04 3.229185020509916008e-04
7.083306770000000370e+02 3.057931278294246215e-04 3.206119464931865039e-04
7.083309894999999869e+02 2.969944455385352877e-04 3.181316257875384137e-04
7.083313020000000506e+02 3.227962118909479612e-04 3.154699597499088575e-04
7.083316145000000006e+02 2.781581288155555824e-04 3.126191252940615671e-04
7.083319270000000643e+02 2.952186556757765089e-04 3.095710695156317707e-04
7.083322395000000142e+02 2.459308318409598277e-04 3.063175276391119964e-04
7.083325520000000779e+02 2.615038212032265203e-04 3.028500466429035311e-04
7.083328645000000279e+02 2.720023330064375586e-04 2.991600155571942339e-04
7.083331769999999779e+02 2.635773248915243019e-04 2.952387034777086703e-04
7.083334895000000415e+02 2.535101348172802546e-04 2.910773065328689578e-04
7.083338019999999915e+02 2.350221797547082298e-04 2.866670051346731211e-04
7.083341145000000552e+02 2.251708224564934137e-04 2.819990329730436831e-04
7.083344270000000051e+02 2.360782616169068205e-04 2.770647594047953295e-04
7.083347395000000688e+02 2.173363161277394313e-04 2.718557869263410844e-04
7.083350520000000188e+02 2.440347191680813845e-04 2.663640656363719340e-04
7.083353645000000824e+02 2.547567158837582774e-04 2.605820265703280569e-04
7.083356770000000324e+02 2.023644772011185889e-04 2.545027359563038576e-04
7.083359894999999824e+02 2.027225287251478529e-04 2.481200723151751183e-04
7.083363020000000461e+02 2.489078230914501750e-04 2.414289283616943154e-04
7.083366144999999960e+02 1.987612403925584424e-04 2.344254394182564128e-04
7.083369270000000597e+02 1.924231503962103211e-04 2.271072397427761067e-04
7.083372395000000097e+02 1.975796352142019036e-04 2.194737478035062425e-04
7.083375520000000733e+02 2.038191539880926438e-04 2.115264807407578513e-04
7.083378645000000233e+02 1.871472855127763197e-04 2.032693975403193024e-04
7.083381770000000870e+02 1.718214943268274984e-04 1.947092691233857356e-04
7.083384895000000370e+02 1.912684741804937787e-04 1.858560722930303985e-04
7.083388019999999869e+02 1.591577222470492710e-04 1.767234025192101782e-04
7.083391145000000506e+02 1.489724144699542980e-04 1.673288985998768624e-04
7.083394270000000006e+02 1.555920415692905686e-04 1.576946696849212037e-04
7.083397395000000643e+02 1.454077387020381363e-04 1.478477123980335723e-04
7.083400520000000142e+02 1.651788249048012961e-04 1.378203029488264848e-04
7.083403645000000779e+02 1.458679617474374038e-04 1.276503458653289026e-04
7.083406770000000279e+02 1.401899578579882209e-04 1.173816582126339264e-04
7.083409894999999779e+02 1.066595722177437523e-04 1.070641652698394841e-04
7.083413020000000415e+02 1.039776743312304869e-04 9.675398179948279135e-05
7.083416144999999915e+02 1.100499900367765758e-04 8.651335185593513825e-05
7.083419270000000552e+02 1.020259071979367539e-04 7.641042039471691719e-05
7.083422395000000051e+02 1.030439257473167723e-04 6.651881216661998351e-05
7.083425520000000688e+02 9.732235570759817009e-05 5.691699739254173489e-05
7.083428645000000188e+02 7.194966441284571669e-05 4.768743055195494805e-05
7.083431770000000824e+02 6.558425011665514417e-05 3.891545746638033136e-05
7.083434895000000324e+02 5.226064294555688615e-05 3.068799749616261355e-05
7.083438019999999824e+02 4.985733800066731133e-05 2.309202076842025296e-05
7.083441145000000461e+02 3.239518650184410341e-05 1.621285501499838069e-05
7.083444269999999960e+02 4.009741521701300665e-05 1.013237106621001466e-05
7.083447395000000597e+02 4.731174761871603449e-05 4.927109476930128445e-06
7.083450520000000097e+02 2.584105734625443925e-05 6.664216623594836431e-07
7.083453645000000733e+02 2.566290792963093519e-05 -2.589294344562216162e-06
7.083456770000000233e+02 2.305688718720614374e-05 -4.790181528751521738e-06
7.083459895000000870e+02 1.377147968654292905e-05 -5.898257140661535999e-06
7.083463020000000370e+02 1.697679509910758074e-05 -5.888423782782260659e-06
7.083466144999999869e+02 1.483311890718762245e-05 -4.749106218421023959e-06
7.083469270000000506e+02 1.057043757011913790e-05 -2.482481692166663502e-06
7.083472395000000006e+02 1.004984719414047512e-05 8.957057882985720057e-07
7.083475520000000643e+02 4.298159145877174738e-06 5.356733487683110817e-06
7.083478645000000142e+02 1.540917782767621004e-05 1.085985462561753703e-05
7.083481770000000779e+02 6.370354688541972320e-06 1.735356548250874419e-05
7.083484895000000279e+02 1.794909374710316617e-05 2.477711672894319239e-05
7.083488019999999779e+02 1.863498515403014212e-05 3.306219260823813175e-05
7.083491145000000415e+02 2.398944403193472243e-05 4.213467903036538325e-05
7.083494269999999915e+02 1.721939705562769784e-05 5.191644468395971483e-05
7.083497395000000552e+02 1.808086666855387460e-05 6.232706683928817464e-05
7.083500520000000051e+02 3.011298979522132534e-05 7.328544429161498697e-05
7.083503645000000688e+02 5.347040198928870020e-05 8.471125302568162016e-05
7.083506770000000188e+02 6.305790849599832301e-05 9.652621361489678478e-05
7.083509895000000824e+02 5.879785142495241222e-05 1.086551528796708053e-04
7.083513020000000324e+02 7.896814856209496524e-05 1.210268540566220306e-04
7.083516144999999824e+02 9.472266780515926703e-05 1.335747001157332019e-04
7.083519270000000461e+02 1.199311997210420193e-04 1.462371225709604235e-04
7.083522394999999960e+02 1.235688536579495928e-04 1.589578739959121448e-04
7.083525520000000597e+02 1.188947836594955216e-04 1.716861460707580782e-04
7.083528645000000097e+02 1.366169127099041501e-04 1.843765565834051899e-04
7.083531770000000733e+02 1.532293722438345855e-04 1.969890293062881979e-04
7.083534895000000233e+02 1.682620093871868517e-04 2.094885894509647341e-04
7.083538020000000870e+02 1.889558442681211353e-04 2.218450959422873733e-04
7.083541145000000370e+02 2.377593945191482376e-04 2.340329291818424827e-04
7.083544269999999869e+02 2.322888041565739949e-04 2.460306507117807919e-04
7.083547395000000506e+02 2.101622089261164091e-04 2.578206483232594118e-04
7.083550520000000006e+02 2.790359320017526436e-04 2.693887777825575060e-04
7.083553645000000643e+02 2.936179368999853050e-04 2.807240099942281465e-04
7.083556770000000142e+02 3.152167056074682864e-04 2.918180901698994370e-04
7.083559895000000779e+02 3.244122363068794430e-04 3.026652139781983090e-04
7.083563020000000279e+02 3.235931659542906776e-04 3.132617238414148208e-04
7.083566144999999779e+02 2.538385507928954963e-04 3.236058275250867878e-04
7.083569270000000415e+02 3.274354836613728860e-04 3.336973399147819094e-04
7.083572394999999915e+02 2.960817359574286389e-04 3.435374482134355379e-04
7.083575520000000552e+02 3.520541360552579624e-04 3.531285001762187186e-04
7.083578645000000051e+02 3.827427618990167390e-04 3.624738144302366676e-04
7.083581770000000688e+02 3.882026968155486021e-04 3.715775118178294887e-04
7.083584895000000188e+02 3.846491234517978122e-04 3.804443662802821651e-04
7.083588020000000824e+02 3.745186104836953421e-04 3.890796739066034468e-04
7.083591145000000324e+02 5.009873612886369667e-04 3.974891385116991827e-04
7.083594269999999824e+02 5.004948148958523850e-04 4.056787723197782000e-04
7.083597395000000461e+02 4.275895435947885690e-04 4.136548101905188480e-04
7.083600519999999960e+02 5.034699496933054286e-04 4.214236360067721843e-04
7.083603645000000597e+02 4.394839708620373094e-04 4.289917199209387130e-04
7.083606770000000097e+02 4.567026513035165095e-04 4.363655651537262539e-04
7.083609895000000733e+02 4.970084663769099194e-04 4.435516632971976399e-04
7.083613020000000233e+02 5.470950504203872045e-04 4.505564569988951750e-04
7.083616145000000870e+02 5.451509332709265736e-04 4.573863091763253849e-04
7.083619270000000370e+02 5.037357849904518193e-04 4.640474778359172481e-04
7.083622394999999869e+02 5.412714289697984462e-04 4.705460958226863376e-04
7.083625520000000506e+02 4.603120483400339547e-04 4.768881547673754209e-04
7.083628645000000006e+02 5.199133276791212442e-04 4.830794926639336026e-04
7.083631770000000643e+02 4.944844901335194954e-04 4.891257845753621200e-04
7.083634895000000142e+02 5.308207897897871622e-04 4.950325359510335125e-04
7.083638020000000779e+02 5.616677453081280001e-04 5.008050782220853847e-04
7.083641145000000279e+02 5.629335616442871209e-04 5.064485662525444742e-04
7.083644269999999779e+02 5.985678805924877534e-04 5.119679774067366004e-04
7.083647395000000415e+02 5.549126804604873975e-04 5.173681119138736056e-04
7.083650519999999915e+02 5.310526618586624507e-04 5.226535943220426278e-04
7.083653645000000552e+02 5.582031543754544314e-04 5.278288758618003389e-04
7.083656770000000051e+02 5.753100773946798500e-04 5.328982375004464667e-04
7.083659895000000688e+02 5.372833431252611132e-04 5.378657936002586432e-04
7.083663020000000188e+02 5.512598258133495762e-04 5.427354959954623940e-04
7.083666145000000824e+02 6.025837366510922990e-04 5.475111384405963177e-04
7.083669270000000324e+02 5.934615237350440373e-04 5.521963612821518966e-04
7.083672394999999824e+02 6.534596506657187930e-04 5.567946563323088096e-04
7.083675520000000461e+02 6.116352513538285060e-04 5.613093718366199414e-04
7.083678644999999960e+02 5.396865790334423379e-04 5.657437175001798829e-04
7.083681770000000597e+02 6.226428718959215293e-04 5.701007695433247136e-04
7.083684895000000097e+02 6.105999788348049576e-04 5.743834757094974349e-04
7.083688020000000733e+02 5.516138095756297930e-04 5.785946602450728988e-04
7.083691145000000233e+02 6.716839042673672161e-04 5.827370287759679919e-04
7.083694270000000870e+02 6.337675750118165145e-04 5.868131731113823734e-04
7.083697395000000370e+02 6.594534672788586764e-04 5.908255759102446327e-04
7.083700519999999869e+02 5.389947657959638563e-04 5.947766152453402280e-04
7.083703645000000506e+02 5.741655395859181178e-04 5.986685690187822963e-04
7.083706770000000006e+02 6.138883831050797116e-04 6.025036192378883980e-04
7.083709895000000643e+02 6.273514172455005788e-04 6.062838561608582420e-04
7.083713020000000142e+02 5.957295514152404284e-04 6.100112822747864828e-04
7.083716145000000779e+02 6.090866155728781551e-04 6.136878161482401577e-04
7.083719270000000279e+02 6.785562889000206323e-04 6.173152961146250155e-04
7.083722394999999779e+02 6.615769360393448668e-04 6.208954838297074154e-04
7.083725520000000415e+02 6.529702514665344489e-04 6.244300676715875548e-04
7.083728644999999915e+02 6.760916785701173888e-04 6.279206659996413057e-04
7.083731770000000552e+02 6.708235360386531057e-04 6.313688302880780812e-04
7.083734895000000051e+02 6.796809210284453489e-04 6.347760481058670363e-04
7.083738020000000688e+02 6.662169012078559193e-04 6.381437459862725160e-04
7.083741145000000188e+02 6.391453678817379108e-04 6.414732921499682146e-04
7.083744270000000824e+02 6.016052898518836622e-04 6.447659991256974839e-04
7.083747395000000324e+02 6.234246472508320593e-04 6.480231262336286517e-04
7.083750519999999824e+02 5.825396062304944887e-04 6.512458819734264241e-04
7.083753645000000461e+02 7.218428466225909265e-04 6.544354262912779711e-04
7.083756769999999960e+02 5.998231158443814845e-04 6.575928727425526263e-04
7.083759895000000597e+02 5.737352640935278842e-04 6.607192905657214817e-04
7.083763020000000097e+02 6.020613513128643055e-04 6.638157066429845781e-04
7.083766145000000733e+02 7.195074470310290366e-04 6.668831073873434344e-04
7.083769270000000233e+02 6.711913646508965194e-04 6.699224405237657817e-04
7.083772395000000870e+02 6.463984749067852977e-04 6.729346168044299378e-04
7.083775520000000370e+02 6.360235455368781418e-04 6.759205116261450888e-04
7.083778644999999869e+02 6.614501430407758974e-04 6.788809665879432355e-04
7.083781770000000506e+02 6.082437359564807182e-04 6.818167909648251233e-04
7.083784895000000006e+02 6.007034463386478566e-04 6.847287631122668528e-04
7.083788020000000643e+02 7.221266660309289941e-04 6.876176318152103523e-04
7.083791145000000142e+02 6.919694520399716046e-04 6.904841175581433394e-04
7.083794270000000779e+02 6.599459368333179506e-04 6.933289137520896178e-04
7.083797395000000279e+02 5.919628203688534918e-04 6.961526878877588110e-04
7.083800519999999779e+02 6.926821286090227570e-04 6.989560826499719706e-04
7.083803645000000415e+02 6.700058792410852051e-04 7.017397169699785562e-04
7.083806769999999915e+02 6.208074003332458499e-04 7.045041870287193373e-04
7.083809895000000552e+02 6.912084891867989380e-04 7.072500672233658506e-04
7.083813020000000051e+02 6.727738998524744260e-04 7.099779110742262438e-04
7.083816145000000688e+02 6.931685709024814051e-04 7.126882521053481577e-04
7.083819270000000188e+02 6.594524083547529400e-04 7.153816046689153753e-04
7.083822395000000824e+02 6.140860885805845062e-04 7.180584647471664663e-04
