7.162612000000000307e+02 3.683471379948297987e-04 3.258298962454958146e-04
7.162615124999999807e+02 3.297635393025914155e-04 3.261375024180212471e-04
7.162618250000000444e+02 3.589202005547474910e-04 3.264318898003890968e-04
7.162621374999999944e+02 3.342256444053727646e-04 3.267125332561403609e-04
7.162624500000000580e+02 3.179871344474095212e-04 3.269788821679157692e-04
7.162627625000000080e+02 3.661958257795117598e-04 3.272303589887655493e-04
7.162630750000000717e+02 3.444179335646995778e-04 3.274663577019143652e-04
7.162633875000000216e+02 3.426437238370429357e-04 3.276862421793137053e-04
7.162637000000000853e+02 3.350111063289981997e-04 3.278893444348405573e-04
7.162640125000000353e+02 3.195693986199898973e-04 3.280749627618101383e-04
7.162643249999999853e+02 3.298025285271496965e-04 3.282423597491433633e-04
7.162646375000000489e+02 3.036799035974755475e-04 3.283907601654666164e-04
7.162649499999999989e+02 3.006503416963146515e-04 3.285193487026324055e-04
7.162652625000000626e+02 3.688423768303470676e-04 3.286272675689173904e-04
7.162655750000000126e+02 3.419113258714584795e-04 3.287136139198116431e-04
7.162658875000000762e+02 3.142655086624247763e-04 3.287774371161552157e-04
7.162662000000000262e+02 3.230970375260937234e-04 3.288177357958630060e-04
7.162665124999999762e+02 3.393014873087635145e-04 3.288334547468126350e-04
7.162668250000000398e+02 3.357657344938416374e-04 3.288234815657865482e-04
7.162671374999999898e+02 2.983084292142359345e-04 3.287866430885200641e-04
7.162674500000000535e+02 2.774650847915223419e-04 3.287217015741075916e-04
7.162677625000000035e+02 3.010719497228895019e-04 3.286273506264135468e-04
7.162680750000000671e+02 3.019014770031780946e-04 3.285022108332186067e-04
7.162683875000000171e+02 3.043200241076686203e-04 3.283448251038248900e-04
7.162687000000000808e+02 2.971509168509502358e-04 3.281536536826762667e-04
7.162690125000000307e+02 4.024066143382778495e-04 3.279270688178153714e-04
7.162693249999999807e+02 3.415952825958910085e-04 3.276633490584382512e-04
7.162696375000000444e+02 3.355825258849244879e-04 3.273606731577238544e-04
7.162699499999999944e+02 3.409548870479729189e-04 3.270171135538987904e-04
7.162702625000000580e+02 3.328713211247258147e-04 3.266306294001239331e-04
7.162705750000000080e+02 3.101426850121994294e-04 3.261990591170281116e-04
7.162708875000000717e+02 2.974455877172278262e-04 3.257201124336782990e-04
7.162712000000000216e+02 2.978574867030463593e-04 3.251913618903323278e-04
7.162715125000000853e+02 3.538719163065438388e-04 3.246102337661160267e-04
7.162718250000000353e+02 3.105912468080353076e-04 3.239739984051173932e-04
7.162721374999999853e+02 3.270809302935871656e-04 3.232797599030513922e-04
7.162724500000000489e+02 3.038719666605173026e-04 3.225244451282961787e-04
7.162727624999999989e+02 3.305492331767908329e-04 3.217047920461323703e-04
7.162730750000000626e+02 2.780584898533861255e-04 3.208173373158960148e-04
7.162733875000000126e+02 2.752883177639956695e-04 3.198584031451511727e-04
7.162737000000000762e+02 2.834231732709060732e-04 3.188240833737911563e-04
7.162740125000000262e+02 3.265215500343693691e-04 3.177102287881173226e-04
7.162743249999999762e+02 3.489008651246319499e-04 3.165124316537253177e-04
7.162746375000000398e+02 2.864843357746166513e-04 3.152260094886569241e-04
7.162749499999999898e+02 3.084409093052439431e-04 3.138459881030775914e-04
7.162752625000000535e+02 3.298732235784710082e-04 3.123670839506612279e-04
7.162755750000000035e+02 3.048853862401211773e-04 3.107836858816394299e-04
7.162758875000000671e+02 2.998280073559354440e-04 3.090898363934013911e-04
7.162762000000000171e+02 3.374287198372079842e-04 3.072792125498704282e-04
7.162765125000000808e+02 2.989940818288159847e-04 3.053451067576287768e-04
7.162768250000000307e+02 2.970675347044364695e-04 3.032804076898116077e-04
7.162771374999999807e+02 2.759597773615822688e-04 3.010775816882069514e-04
7.162774500000000444e+02 3.482119466031433270e-04 2.987286551082602858e-04
7.162777624999999944e+02 3.161972809260123738e-04 2.962251981672557209e-04
7.162780750000000580e+02 2.892977000342390097e-04 2.935583109949646140e-04
7.162783875000000080e+02 2.525932862300850020e-04 2.907186127905576943e-04
7.162787000000000717e+02 2.547521865445750511e-04 2.876962351453397687e-04
7.162790125000000216e+02 3.576596498592987780e-04 2.844808208968240275e-04
7.162793250000000853e+02 2.547320818458145494e-04 2.810615301072523498e-04
7.162796375000000353e+02 2.563884047697488860e-04 2.774270551716082880e-04
7.162799499999999853e+02 3.035995051131978959e-04 2.735656473898559981e-04
7.162802625000000489e+02 2.378834964141334179e-04 2.694651578679382680e-04
7.162805749999999989e+02 2.448757886161866517e-04 2.651130961025864271e-04
7.162808875000000626e+02 2.532215331587264577e-04 2.604967101972521706e-04
7.162812000000000126e+02 2.720933818713608659e-04 2.556030933767092228e-04
7.162815125000000762e+02 2.206173280237494309e-04 2.504193221004209226e-04
7.162818250000000262e+02 2.546787476419467146e-04 2.449326319376748831e-04
7.162821374999999762e+02 2.299549506669596919e-04 2.391306380260422595e-04
7.162824500000000398e+02 2.406434350449144740e-04 2.330016077618050083e-04
7.162827624999999898e+02 2.048590080871438000e-04 2.265347939246421165e-04
7.162830750000000535e+02 1.758941475335505417e-04 2.197208368313974616e-04
7.162833875000000035e+02 2.041682540410109795e-04 2.125522442469419471e-04
7.162837000000000671e+02 2.036630109965904703e-04 2.050239571649567288e-04
7.162840125000000171e+02 1.853086504427223290e-04 1.971340084742476302e-04
7.162843250000000808e+02 1.904179062254355572e-04 1.888842790631571882e-04
7.162846375000000307e+02 1.678009901572436716e-04 1.802813524044766030e-04
7.162849499999999807e+02 1.549527452545785655e-04 1.713374630620461759e-04
7.162852625000000444e+02 1.650276935233023620e-04 1.620715271909919388e-04
7.162855749999999944e+02 1.614942236596466122e-04 1.525102330617854622e-04
7.162858875000000580e+02 1.351459209132466286e-04 1.426891571082187029e-04
7.162862000000000080e+02 1.574638981527460983e-04 1.326538561122921880e-04
7.162865125000000717e+02 1.116216855425132673e-04 1.224608689344756592e-04
7.162868250000000216e+02 1.067921105136285660e-04 1.121785434613995354e-04
7.162871375000000853e+02 8.330285481379293405e-05 1.018875870759863172e-04
7.162874500000000353e+02 9.719147102928121079e-05 9.168122545359659299e-05
7.162877624999999853e+02 8.149534591842892944e-05 8.166484728117384695e-05
7.162880750000000489e+02 9.970876683184567719e-05 7.195501640452793481e-05
7.162883874999999989e+02 7.157497268074477571e-05 6.267775109970207047e-05
7.162887000000000626e+02 6.370466532411178814e-05 5.396600630184170296e-05
7.162890125000000126e+02 8.760883879574578445e-05 4.595635003914032442e-05
7.162893250000000762e+02 3.303085275522271865e-05 3.878489798115562754e-05
7.162896375000000262e+02 3.626342463633140244e-05 3.258265514859134347e-05
7.162899499999999762e+02 3.812218599129088927e-05 2.747050106065013406e-05
7.162902625000000398e+02 4.661766758392664716e-05 2.355413167520208867e-05
7.162905749999999898e+02 2.464687713280090854e-05 2.091932334708663185e-05
7.162908875000000535e+02 3.190071031747008829e-05 1.962789814199592236e-05
7.162912000000000035e+02 2.405099142656752628e-05 1.971473792493741754e-05
7.162915125000000671e+02 3.065549689355871255e-05 2.118611606142365542e-05
7.162918250000000171e+02 1.993840982285174904e-05 2.401949877422933773e-05
7.162921375000000808e+02 2.145933364745974690e-05 2.816482912862608768e-05
7.162924500000000307e+02 3.667377548412872093e-05 3.354716612501621164e-05
7.162927624999999807e+02 3.460418070687553891e-05 4.007043055895377962e-05
7.162930750000000444e+02 2.868542956983508030e-05 4.762192472830971044e-05
7.162933874999999944e+02 3.890793784277761822e-05 5.607725410076462515e-05
7.162937000000000580e+02 7.953951813998259162e-05 6.530528605657957288e-05
7.162940125000000080e+02 5.948280321373149897e-05 7.517282640101758187e-05
7.162943250000000717e+02 7.413292245244744959e-05 8.554876661237766522e-05
7.162946375000000216e+02 1.024812850126984704e-04 9.630753898637988547e-05
7.162949500000000853e+02 8.684285860442459825e-05 1.073318007767056664e-04
7.162952625000000353e+02 8.224162257804329185e-05 1.185143414074966989e-04
7.162955749999999853e+02 1.218008807022242216e-04 1.297592639147235056e-04
7.162958875000000489e+02 1.217747681409509419e-04 1.409825299780852073e-04
7.162961999999999989e+02 1.582779488177829031e-04 1.521119789858200305e-04
7.162965125000000626e+02 1.493382652231583488e-04 1.630869378818185981e-04
7.162968250000000126e+02 1.431012831360337946e-04 1.738575337804416671e-04
7.162971375000000762e+02 1.798940785900665521e-04 1.843838097838373837e-04
7.162974500000000262e+02 1.843802225398390616e-04 1.946347285578042623e-04
7.162977624999999762e+02 2.255521539683723515e-04 2.045871315837396705e-04
7.162980750000000398e+02 1.948498028353351627e-04 2.142247054556535297e-04
7.162983874999999898e+02 1.955693261197864600e-04 2.235369920794486303e-04
7.162987000000000535e+02 2.059662251556511217e-04 2.325184672171981700e-04
7.162990125000000035e+02 2.664745136503727206e-04 2.411677016986256135e-04
7.162993250000000671e+02 2.358296102228448106e-04 2.494866121071091293e-04
7.162996375000000171e+02 3.070313982907053028e-04 2.574798018734921054e-04
7.162999500000000808e+02 2.640289599123054861e-04 2.651539899662915195e-04
7.163002625000000307e+02 2.724124961480918288e-04 2.725175215976265880e-04
7.163005749999999807e+02 2.892798696155755465e-04 2.795799540440623530e-04
7.163008875000000444e+02 3.143367627837234668e-04 2.863517098015806403e-04
7.163011999999999944e+02 3.080125352766679655e-04 2.928437892415174516e-04
7.163015125000000580e+02 3.012187896257706009e-04 2.990675351522580940e-04
7.163018250000000080e+02 3.322972126701038108e-04 3.050344419387007299e-04
7.163021375000000717e+02 2.979061479391553009e-04 3.107560029917253342e-04
7.163024500000000216e+02 3.251250983108804884e-04 3.162435902659030103e-04
7.163027625000000853e+02 3.386196469604656331e-04 3.215083609298012633e-04
7.163030750000000353e+02 3.187185885164346482e-04 3.265611864793904751e-04
7.163033874999999853e+02 3.297576604314155229e-04 3.314126004539937140e-04
7.163037000000000489e+02 3.679099748842983735e-04 3.360727613485592065e-04
7.163040124999999989e+02 3.112516675297423300e-04 3.405514278932048901e-04
7.163043250000000626e+02 3.467770854284122186e-04 3.448579443123987926e-04
7.163046375000000126e+02 3.363606790505441592e-04 3.490012335098007304e-04
7.163049500000000762e+02 3.959971425567812499e-04 3.529897965530678678e-04
7.163052625000000262e+02 3.708119419522538517e-04 3.568317170206605098e-04
7.163055749999999762e+02 4.092167026744253258e-04 3.605346691150024198e-04
7.163058875000000398e+02 3.744403434060614806e-04 3.641059285691993267e-04
7.163061999999999898e+02 4.079973171792034784e-04 3.675523856015880343e-04
7.163065125000000535e+02 3.768921419049752744e-04 3.708805593138543729e-04
7.163068250000000035e+02 4.568701332328190998e-04 3.740966130061649576e-04
7.163071375000000671e+02 3.901269148485315367e-04 3.772063700535826050e-04
7.163074500000000171e+02 3.508667961862935690e-04 3.802153299933275763e-04
7.163077625000000808e+02 4.100054755434785259e-04 3.831286846168542506e-04
7.163080750000000307e+02 4.181991955968424458e-04 3.859513338427178930e-04
7.163083874999999807e+02 4.077893943032529530e-04 3.886879012619980024e-04
7.163087000000000444e+02 4.188916570344784307e-04 3.913427492237084456e-04
7.163090124999999944e+02 3.933977141978333347e-04 3.939199933958746820e-04
7.163093250000000580e+02 3.628557837142656656e-04 3.964235167593225303e-04
7.163096375000000080e+02 4.326893105968260809e-04 3.988569829777369180e-04
7.163099500000000717e+02 4.191579163986560407e-04 4.012238491552507576e-04
7.163102625000000216e+02 4.134909119556609168e-04 4.035273779464554236e-04
7.163105750000000853e+02 4.000363018955894632e-04 4.057706490504153687e-04
7.163108875000000353e+02 4.307735233004834755e-04 4.079565700713123216e-04
7.163111999999999853e+02 4.154192392185753293e-04 4.100878867872495407e-04
7.163115125000000489e+02 3.983265635546551523e-04 4.121671928257122247e-04
7.163118249999999989e+02 4.429135376427120003e-04 4.141969387763204369e-04
7.163121375000000626e+02 3.902131284595255004e-04 4.161794407717123970e-04
7.163124500000000126e+02 4.432418094051141476e-04 4.181168885428050946e-04
7.163127625000000762e+02 4.391512354081227748e-04 4.200113529966295676e-04
7.163130750000000262e+02 4.613872789143325538e-04 4.218647933190634749e-04
7.163133874999999762e+02 4.254385402652044153e-04 4.236790636495397339e-04
7.163137000000000398e+02 4.698147153601006762e-04 4.254559193348699886e-04
7.163140124999999898e+02 4.307979510148725539e-04 4.271970227933639670e-04
7.163143250000000535e+02 4.384981255168579227e-04 4.289039490184431589e-04
7.163146375000000035e+02 4.692249195264222008e-04 4.305781907279685578e-04
7.163149500000000671e+02 4.121411900436702368e-04 4.322211632000384925e-04
7.163152625000000171e+02 4.392822838620673558e-04 4.338342087954971346e-04
7.163155750000000808e+02 3.761501858064839228e-04 4.354186012057437963e-04
7.163158875000000307e+02 3.943424571760954832e-04 4.369755494247519337e-04
7.163161999999999807e+02 4.128351371850242052e-04 4.385062014805710703e-04
7.163165125000000444e+02 4.585722316702306066e-04 4.400116479277533599e-04
7.163168249999999944e+02 4.226923473527158834e-04 4.414929251217934963e-04
7.163171375000000580e+02 4.599265687076634686e-04 4.429510182949718418e-04
7.163174500000000080e+02 4.320298258500980038e-04 4.443868644333376925e-04
7.163177625000000717e+02 4.793365283382469786e-04 4.458013549839448097e-04
7.163180750000000216e+02 4.798342532312729197e-04 4.471953383869892227e-04
7.163183875000000853e+02 4.456577915344859782e-04 4.485696224604497824e-04
7.163187000000000353e+02 4.474795009105508609e-04 4.499249766309241735e-04
7.163190124999999853e+02 4.189729979936227867e-04 4.512621340359065773e-04
7.163193250000000489e+02 4.016486206185507462e-04 4.525817934937503297e-04
7.163196374999999989e+02 5.037032900220092145e-04 4.538846213547551847e-04
7.163199500000000626e+02 4.186331202953050366e-04 4.551712532457377310e-04
7.163202625000000126e+02 4.271410028280454374e-04 4.564422957033927530e-04
7.163205750000000762e+02 4.493263580871856093e-04 4.576983277178402589e-04
7.163208875000000262e+02 4.372523598041736588e-04 4.589399021776404872e-04
7.163211999999999762e+02 4.637848000892356038e-04 4.601675472364777993e-04
7.163215125000000398e+02 5.062887721953375410e-04 4.613817675954445829e-04
7.163218249999999898e+02 4.492546469903231383e-04 4.625830457107066220e-04
7.163221375000000535e+02 4.736597041645104192e-04 4.637718429355791681e-04
7.163224500000000035e+02 4.283379490194250453e-04 4.649486005904779253e-04
7.163227625000000671e+02 4.484024153705979234e-04 4.661137409784025382e-04
7.163230750000000171e+02 3.948076232346267242e-04 4.672676683359584587e-04
7.163233875000000808e+02 3.928194133999657160e-04 4.684107697372120625e-04
