7.075579089999999951e+02 4.069443218604535577e-04 3.588527110708835430e-04
7.075582214999999451e+02 3.987359273527142558e-04 3.595064774712126835e-04
7.075585340000000087e+02 3.703064870061821686e-04 3.601179383046781719e-04
7.075588464999999587e+02 4.564475498626846973e-04 3.606853985898515746e-04
7.075591590000000224e+02 4.159785863612445599e-04 3.612070844769873080e-04
7.075594714999999724e+02 4.229265543661244668e-04 3.616811392547552781e-04
7.075597840000000360e+02 3.899206648886982779e-04 3.621056191613028388e-04
7.075600964999999860e+02 3.984095656213276207e-04 3.624784889864148983e-04
7.075604090000000497e+02 3.362404346333508140e-04 3.627976174634155648e-04
7.075607214999999997e+02 4.063703954742423031e-04 3.630607724394941055e-04
7.075610339999999496e+02 3.734083545593185234e-04 3.632656158229498030e-04
7.075613465000000133e+02 3.476342929879098521e-04 3.634096982991732896e-04
7.075616589999999633e+02 3.606279136225985023e-04 3.634904538131918908e-04
7.075619715000000269e+02 3.792870721460338463e-04 3.635051938162577718e-04
7.075622839999999769e+02 3.328523868608769553e-04 3.634511012747453584e-04
7.075625965000000406e+02 3.578832933459452745e-04 3.633252244434225691e-04
7.075629089999999906e+02 3.788946722701891237e-04 3.631244704067451744e-04
7.075632214999999405e+02 3.354000520129246416e-04 3.628455983945021212e-04
7.075635340000000042e+02 3.192769283625232599e-04 3.624852128830727250e-04
7.075638464999999542e+02 3.469448609946911423e-04 3.620397564975604303e-04
7.075641590000000178e+02 2.972371968998894056e-04 3.615055027330857135e-04
7.075644714999999678e+02 3.941302667730533778e-04 3.608785485256488625e-04
7.075647840000000315e+02 3.542475281621585651e-04 3.601548067014290265e-04
7.075650964999999815e+02 3.439725418084372058e-04 3.593299983535623381e-04
7.075654090000000451e+02 3.272737171568259446e-04 3.583996451921357424e-04
7.075657214999999951e+02 3.538812378007473100e-04 3.573590619409852372e-04
7.075660339999999451e+02 3.057110083797910161e-04 3.562033488512870278e-04
7.075663465000000087e+02 3.592610687565262308e-04 3.549273844352927344e-04
7.075666589999999587e+02 3.797568056387212905e-04 3.535258185324523629e-04
7.075669715000000224e+02 3.082658147762928251e-04 3.519930658388358913e-04
7.075672839999999724e+02 3.263205650538049136e-04 3.503233000742866942e-04
7.075675965000000360e+02 3.402024925668720623e-04 3.485104489625954084e-04
7.075679089999999860e+02 3.363442459879940026e-04 3.465481902674881964e-04
7.075682215000000497e+02 2.867573215051033076e-04 3.444299491282430052e-04
7.075685339999999997e+02 2.899351435987255294e-04 3.421488970232062208e-04
7.075688464999999496e+02 3.237598419633049181e-04 3.396979526960661579e-04
7.075691590000000133e+02 3.512613718727257655e-04 3.370697854762140814e-04
7.075694714999999633e+02 3.076358797752293435e-04 3.342568214633782832e-04
7.075697840000000269e+02 2.851013334307224921e-04 3.312512531126199106e-04
7.075700964999999769e+02 2.698551601426784664e-04 3.280450528708215522e-04
7.075704090000000406e+02 2.966397542946751318e-04 3.246299915458452658e-04
7.075707214999999906e+02 2.976049866092219786e-04 3.209976622521619667e-04
7.075710339999999405e+02 3.089638858211264552e-04 3.171395108094632233e-04
7.075713465000000042e+02 3.006766183176809567e-04 3.130468736478111969e-04
7.075716589999999542e+02 2.630873540843744075e-04 3.087110243506531460e-04
7.075719715000000178e+02 2.864050233025110638e-04 3.041232300830309715e-04
7.075722839999999678e+02 2.847371163999550176e-04 2.992748193326139430e-04
7.075725965000000315e+02 2.843380258407065013e-04 2.941572624258373772e-04
7.075729089999999815e+02 2.061042901071641527e-04 2.887622664997641217e-04
7.075732215000000451e+02 2.630381002632778214e-04 2.830818866016352841e-04
7.075735339999999951e+02 2.927137382235521132e-04 2.771086547823181320e-04
7.075738464999999451e+02 2.068306682541354823e-04 2.708357289728022927e-04
7.075741590000000087e+02 2.285654694773488335e-04 2.642570635370463392e-04
7.075744714999999587e+02 2.379951755526517484e-04 2.573676032534424700e-04
7.075747840000000224e+02 2.274949737198447321e-04 2.501635023071123779e-04
7.075750964999999724e+02 1.932875019603950647e-04 2.426423696896441034e-04
7.075754090000000360e+02 1.949579447173062255e-04 2.348035418481315029e-04
7.075757214999999860e+02 1.983654633515799395e-04 2.266483830008839129e-04
7.075760340000000497e+02 1.825150264350609104e-04 2.181806125747574681e-04
7.075763464999999997e+02 2.208153415935764155e-04 2.094066583695074375e-04
7.075766589999999496e+02 1.390756200123359661e-04 2.003360325755000376e-04
7.075769715000000133e+02 2.383026215706911808e-04 1.909817263490851331e-04
7.075772839999999633e+02 1.839382963112321152e-04 1.813606166521649710e-04
7.075775965000000269e+02 1.678679971004051015e-04 1.714938768566645275e-04
7.075779089999999769e+02 1.545663932118078920e-04 1.614073802656931420e-04
7.075782215000000406e+02 1.593499440820208201e-04 1.511320828200221102e-04
7.075785339999999906e+02 1.477832667421426877e-04 1.407043686791154620e-04
7.075788464999999405e+02 1.321887093636313272e-04 1.301663393691157903e-04
7.075791590000000042e+02 1.333473896809528661e-04 1.195660248628516999e-04
7.075794714999999542e+02 1.400946559416242903e-04 1.089574927886045668e-04
7.075797840000000178e+02 1.234580780075500547e-04 9.840083072206479305e-05
7.075800964999999678e+02 1.197679952701870461e-04 8.796197655675964543e-05
7.075804090000000315e+02 9.899119258900460050e-05 7.771237313725266752e-05
7.075807214999999815e+02 1.027411595992881694e-04 6.772842681709009339e-05
7.075810340000000451e+02 6.321628216640986543e-05 5.809075468911911467e-05
7.075813464999999951e+02 8.821993210498122926e-05 4.888321303095689467e-05
7.075816589999999451e+02 6.496882115267217748e-05 4.019170901057239560e-05
7.075819715000000087e+02 6.172810277589123437e-05 3.210280952475971122e-05
7.075822839999999587e+02 5.234427822669474744e-05 2.470217387679243161e-05
7.075825965000000224e+02 6.776395359668968489e-05 1.807285048673360969e-05
7.075829089999999724e+02 4.739154253598367545e-05 1.229349083575439636e-05
7.075832215000000360e+02 3.339783232559838903e-05 7.436544825360070474e-06
7.075835339999999860e+02 3.260384350070846864e-05 3.566509979885819812e-06
7.075838465000000497e+02 2.611464625306335276e-05 7.383106899491148265e-07
7.075841589999999997e+02 1.807097017914716160e-05 -1.004117291235894428e-06
7.075844714999999496e+02 2.041376504175228536e-05 -1.628968517153040670e-06
7.075847840000000133e+02 1.828893671863063205e-05 -1.117378829543759422e-06
7.075850964999999633e+02 1.583674110382307722e-05 5.361347957935496462e-07
7.075854090000000269e+02 9.852342579229103853e-06 3.323626375141647939e-06
7.075857214999999769e+02 9.695160049765027632e-06 7.224064540411520490e-06
7.075860340000000406e+02 4.857122848982752534e-06 1.220404612974795582e-05
7.075863464999999906e+02 6.697695761089329394e-06 1.821883907754705129e-05
7.075866589999999405e+02 1.493555891679855326e-05 2.521369847052799826e-05
7.075869715000000042e+02 1.144811363754064075e-05 3.312538866308463188e-05
7.075872839999999542e+02 1.905409990836326735e-05 4.188383870785475225e-05
7.075875965000000178e+02 2.405591614932822396e-05 5.141385790458666239e-05
7.075879089999999678e+02 3.399980116139034625e-05 6.163684237007812793e-05
7.075882215000000315e+02 4.485560822000734821e-05 7.247241172738355761e-05
7.075885339999999815e+02 5.527561661261228996e-05 8.383992550404398920e-05
7.075888465000000451e+02 5.495212324160339004e-05 9.565984124732876946e-05
7.075891589999999951e+02 5.567334863492345506e-05 1.078548886742988365e-04
7.075894714999999451e+02 6.063174094000326354e-05 1.203510463910409519e-04
7.075897840000000087e+02 1.118066724093062607e-04 1.330783181399910651e-04
7.075900964999999587e+02 1.064213205698193773e-04 1.459713145635472230e-04
7.075904090000000224e+02 1.351129721994115819e-04 1.589696533715859628e-04
7.075907214999999724e+02 1.460146640342303273e-04 1.720181955144885969e-04
7.075910340000000360e+02 1.277915277195483545e-04 1.850671382336242224e-04
7.075913464999999860e+02 1.549585517001392297e-04 1.980719869451268557e-04
7.075916590000000497e+02 1.908239750486623743e-04 2.109934282650893572e-04
7.075919714999999997e+02 1.790020282622233636e-04 2.237971252162040221e-04
7.075922839999999496e+02 2.324420655129670079e-04 2.364534542738188868e-04
7.075925965000000133e+02 2.024893768170783325e-04 2.489372015170654233e-04
7.075929089999999633e+02 2.385337270595533517e-04 2.612272329643309295e-04
7.075932215000000269e+02 2.366942663676383082e-04 2.733061517658425302e-04
7.075935339999999769e+02 2.835356883925471911e-04 2.851599524473832762e-04
7.075938465000000406e+02 2.710801691775885911e-04 2.967776804957709198e-04
7.075941589999999906e+02 3.102879832523845879e-04 3.081511033664050057e-04
7.075944714999999405e+02 3.449527792376117603e-04 3.192743975847843019e-04
7.075947840000000042e+02 2.908365955878409732e-04 3.301438549448166833e-04
7.075950964999999542e+02 3.780920153828369427e-04 3.407576097763449947e-04
7.075954090000000178e+02 3.486253178555404758e-04 3.511153882926517636e-04
7.075957214999999678e+02 4.139207996613367352e-04 3.612182801435791344e-04
7.075960340000000315e+02 4.165915002111785859e-04 3.710685319433655008e-04
7.075963464999999815e+02 3.558103833309735411e-04 3.806693618800269046e-04
7.075966590000000451e+02 4.324986081876500002e-04 3.900247944544217278e-04
7.075969714999999951e+02 4.393886623879387446e-04 3.991395139699440938e-04
7.075972839999999451e+02 4.305590601290551728e-04 4.080187355035739616e-04
7.075975965000000087e+02 4.322113824644313812e-04 4.166680918435414823e-04
7.075979089999999587e+02 4.773822492848952886e-04 4.250935349995956002e-04
7.075982215000000224e+02 4.961247117867057703e-04 4.333012509183634836e-04
7.075985339999999724e+02 5.365366082925574929e-04 4.412975859882090198e-04
7.075988465000000360e+02 5.116531428293130896e-04 4.490889841653565714e-04
7.075991589999999860e+02 4.451496201654708872e-04 4.566819334483618602e-04
7.075994715000000497e+02 5.108699844247449042e-04 4.640829207078325585e-04
7.075997839999999997e+02 5.088831521884458866e-04 4.712983937870109065e-04
7.076000964999999496e+02 4.994925542396532305e-04 4.783347300569365263e-04
7.076004090000000133e+02 5.118765591187360948e-04 4.851982105437008534e-04
7.076007214999999633e+02 4.885766825768596234e-04 4.918949989261147760e-04
7.076010340000000269e+02 5.370716476012961241e-04 4.984311247752669675e-04
7.076013464999999769e+02 5.050765729575686785e-04 5.048124703953085247e-04
7.076016590000000406e+02 5.406842391108240657e-04 5.110447608280677513e-04
7.076019714999999906e+02 5.776410330402715222e-04 5.171335564931929139e-04
7.076022839999999405e+02 5.928989153742740071e-04 5.230842481386783821e-04
7.076025965000000042e+02 6.189394703459754829e-04 5.289020536960907992e-04
7.076029089999999542e+02 5.677115911093683076e-04 5.345920167604885798e-04
7.076032215000000178e+02 5.994294933418062733e-04 5.401590064503188115e-04
7.076035339999999678e+02 6.593138462369150903e-04 5.456077183654486516e-04
7.076038465000000315e+02 6.287343154917291376e-04 5.509426765084987545e-04
7.076041589999999815e+02 5.501750416052997956e-04 5.561682359329603483e-04
7.076044715000000451e+02 5.792600664136701976e-04 5.612885860338370824e-04
7.076047839999999951e+02 6.201075175968505295e-04 5.663077542919233527e-04
7.076050964999999451e+02 5.620762629539312024e-04 5.712296104224372359e-04
7.076054090000000087e+02 5.894265154378608949e-04 5.760578707884225335e-04
7.076057214999999587e+02 6.246029673521305082e-04 5.807961030200453623e-04
7.076060340000000224e+02 6.878773753451422699e-04 5.854477307902060260e-04
7.076063464999999724e+02 6.286646776369241366e-04 5.900160386473841858e-04
7.076066590000000360e+02 5.799287500952604894e-04 5.945041769124205164e-04
7.076069714999999860e+02 6.216504996278209537e-04 5.989151665462657051e-04
7.076072840000000497e+02 6.401812273681627922e-04 6.032519040098933798e-04
7.076075964999999997e+02 6.026484600636374759e-04 6.075171660379069657e-04
7.076079089999999496e+02 5.636831469349001637e-04 6.117136143545047174e-04
7.076082215000000133e+02 5.695515803817059741e-04 6.158438002749626501e-04
7.076085339999999633e+02 6.297236119865707964e-04 6.199101691957608013e-04
7.076088465000000269e+02 6.221537293156472262e-04 6.239150649775678740e-04
7.076091589999999769e+02 6.753367034325936545e-04 6.278607341763790296e-04
7.076094715000000406e+02 6.058789190498084943e-04 6.317493301632616650e-04
7.076097839999999906e+02 6.551129701247440044e-04 6.355829170825942056e-04
7.076100964999999405e+02 6.441592744568338299e-04 6.393634736914759068e-04
7.076104090000000042e+02 6.550342595415839476e-04 6.430928970439748560e-04
7.076107214999999542e+02 6.650148234013839813e-04 6.467730060353080049e-04
7.076110340000000178e+02 6.039228092796543670e-04 6.504055448203941532e-04
7.076113464999999678e+02 7.109476895288977059e-04 6.539921860752389259e-04
7.076116590000000315e+02 6.454185411373941509e-04 6.575345341452496070e-04
7.076119714999999815e+02 7.274884851852493834e-04 6.610341280412647793e-04
7.076122840000000451e+02 7.555834203404555773e-04 6.644924443285199749e-04
7.076125964999999951e+02 6.581876649326738821e-04 6.679108998710020072e-04
7.076129089999999451e+02 6.012869957430365571e-04 6.712908544746348793e-04
7.076132215000000087e+02 6.751222415856919946e-04 6.746336134016128186e-04
7.076135339999999587e+02 6.878031508490871967e-04 6.779404297729317921e-04
7.076138465000000224e+02 6.324578608234372777e-04 6.812125068750803699e-04
7.076141589999999724e+02 6.792338074962850141e-04 6.844510003448698405e-04
7.076144715000000360e+02 7.111644149543438044e-04 6.876570202737828080e-04
7.076147839999999860e+02 6.643506402035377189e-04 6.908316331978032587e-04
7.076150965000000497e+02 6.078487455166060481e-04 6.939758640144393087e-04
7.076154089999999997e+02 7.133187671106615627e-04 6.970906977935111600e-04
7.076157214999999496e+02 6.427605695139880851e-04 7.001770815213683927e-04
7.076160340000000133e+02 6.582166644097198292e-04 7.032359257534427340e-04
7.076163464999999633e+02 6.334769561481679153e-04 7.062681061904283256e-04
7.076166590000000269e+02 6.531523253385995362e-04 7.092744651924228578e-04
7.076169714999999769e+02 6.752537127832436772e-04 7.122558132067266382e-04
7.076172840000000406e+02 7.312593379003573795e-04 7.152129301466868955e-04
7.076175964999999906e+02 7.244282359210859950e-04 7.181465666896781662e-04
7.076179089999999405e+02 6.625419980651149274e-04 7.210574455308446304e-04
7.076182215000000042e+02 7.007909635533267172e-04 7.239462625684124847e-04
7.076185339999999542e+02 6.881384458293487300e-04 7.268136880342565033e-04
7.076188465000000178e+02 6.947668060364979451e-04 7.296603675826404635e-04
7.076191589999999678e+02 7.376995094833604201e-04 7.324869233134876983e-04
7.076194715000000315e+02 6.229778374995097743e-04 7.352939547648761369e-04
7.076197839999999815e+02 7.402921587272055662e-04 7.380820398438874518e-04
7.076200965000000451e+02 6.719419233491073611e-04 7.408517357308908686e-04
