7.084459530000000314e+02 3.378463809766713705e-04 3.515150253948249670e-04
7.084462654999999813e+02 3.779487677706858074e-04 3.521046712649593641e-04
7.084465780000000450e+02 3.862174267947875053e-04 3.526511153942613074e-04
7.084468904999999950e+02 4.230391611133879843e-04 3.531526031822585583e-04
7.084472030000000586e+02 3.341937393243324308e-04 3.536072973976361715e-04
7.084475155000000086e+02 3.999741280472178919e-04 3.540132739589173195e-04
7.084478280000000723e+02 3.540469225599180586e-04 3.543685175080471365e-04
7.084481405000000223e+02 3.810530985141364225e-04 3.546709167644275735e-04
7.084484530000000859e+02 3.344870608941755098e-04 3.549182596573827457e-04
7.084487655000000359e+02 3.800551611627697268e-04 3.551082282268358428e-04
7.084490779999999859e+02 3.455477240511582531e-04 3.552383932903823739e-04
7.084493905000000495e+02 3.960963347315160752e-04 3.553062088699528577e-04
7.084497029999999995e+02 4.128746906147644094e-04 3.553090063766608056e-04
7.084500155000000632e+02 3.992734191806373688e-04 3.552439885523930884e-04
7.084503280000000132e+02 3.501396609920227974e-04 3.551082231689060191e-04
7.084506405000000768e+02 3.648630971853827269e-04 3.548986364879016392e-04
7.084509530000000268e+02 3.491027188364051199e-04 3.546120064895556638e-04
7.084512654999999768e+02 3.284950025457939165e-04 3.542449558785132563e-04
7.084515780000000404e+02 3.455769259540594665e-04 3.537939448838079478e-04
7.084518904999999904e+02 3.230504783280949252e-04 3.532552638731272518e-04
7.084522030000000541e+02 3.737447643389039281e-04 3.526250258059697939e-04
7.084525155000000041e+02 3.596677636525119777e-04 3.518991585649357853e-04
7.084528280000000677e+02 3.781867324758092551e-04 3.510733972025577147e-04
7.084531405000000177e+02 3.302178941920547108e-04 3.501432761653152509e-04
7.084534530000000814e+02 3.593045834550726817e-04 3.491041215530898967e-04
7.084537655000000314e+02 3.156968584820673022e-04 3.479510435050583777e-04
7.084540779999999813e+02 3.545125985994424444e-04 3.466789287999987750e-04
7.084543905000000450e+02 3.154472506778182965e-04 3.452824337979146685e-04
7.084547029999999950e+02 3.192536650952107046e-04 3.437559778613706032e-04
7.084550155000000586e+02 3.059400577362016583e-04 3.420937374180001633e-04
7.084553280000000086e+02 3.085010870622539782e-04 3.402896408759239111e-04
7.084556405000000723e+02 3.397521255360044659e-04 3.383373646080092270e-04
7.084559530000000223e+02 2.871153104374060379e-04 3.362303302979844635e-04
7.084562655000000859e+02 2.937146850662060069e-04 3.339617039468830676e-04
7.084565780000000359e+02 2.900487348269223994e-04 3.315243969343519568e-04
7.084568904999999859e+02 3.040895764948874807e-04 3.289110695420519493e-04
7.084572030000000495e+02 3.064004381107464326e-04 3.261141374561538422e-04
7.084575154999999995e+02 2.872937480425425023e-04 3.231257818142515290e-04
7.084578280000000632e+02 3.216092279012549324e-04 3.199379634399409549e-04
7.084581405000000132e+02 2.732043656569509344e-04 3.165424420385693285e-04
7.084584530000000768e+02 2.979103941942133215e-04 3.129308011676845496e-04
7.084587655000000268e+02 2.503695229551235017e-04 3.090944799762289472e-04
7.084590779999999768e+02 2.553744118069157685e-04 3.050248127485255837e-04
7.084593905000000404e+02 2.473330573113972984e-04 3.007130774826554157e-04
7.084597029999999904e+02 2.568901802891594309e-04 2.961505548190271624e-04
7.084600155000000541e+02 2.577942527347203507e-04 2.913285987585252233e-04
7.084603280000000041e+02 2.484881287014559020e-04 2.862387207960138242e-04
7.084606405000000677e+02 2.485268424681910736e-04 2.808726891216182663e-04
7.084609530000000177e+02 2.259164046211754287e-04 2.752226447532944709e-04
7.084612655000000814e+02 2.246469033911563460e-04 2.692812364252826843e-04
7.084615780000000314e+02 2.157495820037180572e-04 2.630417762163418443e-04
7.084618904999999813e+02 1.855834650700033297e-04 2.564984177579274498e-04
7.084622030000000450e+02 2.368443594101951523e-04 2.496463588856329238e-04
7.084625154999999950e+02 1.935891052642356208e-04 2.424820703358918691e-04
7.084628280000000586e+02 2.245503973284060806e-04 2.350035517659660464e-04
7.084631405000000086e+02 2.161219116544300879e-04 2.272106159966411618e-04
7.084634530000000723e+02 1.918941611238150714e-04 2.191052015719842665e-04
7.084637655000000223e+02 1.989347000632559848e-04 2.106917130150609400e-04
7.084640780000000859e+02 2.158552109756883212e-04 2.019773868380595448e-04
7.084643905000000359e+02 1.892094399954933248e-04 1.929726801172738546e-04
7.084647029999999859e+02 1.869513244621176615e-04 1.836916765076004410e-04
7.084650155000000495e+02 1.783043281786887658e-04 1.741525026715534793e-04
7.084653279999999995e+02 1.675817448205287464e-04 1.643777456050898238e-04
7.084656405000000632e+02 1.257296512978284015e-04 1.543948586718399570e-04
7.084659530000000132e+02 1.412616815780299109e-04 1.442365414189624849e-04
7.084662655000000768e+02 1.488905104185479420e-04 1.339410751061195358e-04
7.084665780000000268e+02 1.300006458436628537e-04 1.235525932585708757e-04
7.084668904999999768e+02 1.051173379725477787e-04 1.131212638096881009e-04
7.084672030000000404e+02 1.370414755392953784e-04 1.027033577132881854e-04
7.084675154999999904e+02 1.200006560017378515e-04 9.236117785127227568e-05
7.084678280000000541e+02 1.165099351489643062e-04 8.216282247712671926e-05
7.084681405000000041e+02 1.007318638799564156e-04 7.218175970128208575e-05
7.084684530000000677e+02 8.473016110686119276e-05 6.249619349649665001e-05
7.084687655000000177e+02 9.035768190874907417e-05 5.318820840254826989e-05
7.084690780000000814e+02 6.778056390005462626e-05 4.434268870335917673e-05
7.084693905000000314e+02 6.969753278622325488e-05 3.604601911894130033e-05
7.084697029999999813e+02 6.692759144265440524e-05 2.838458667748875320e-05
7.084700155000000450e+02 6.594019122660152497e-05 2.144311754581089530e-05
7.084703279999999950e+02 4.344059839358024215e-05 1.530289648603007794e-05
7.084706405000000586e+02 4.556591981846873525e-05 1.003992949832586233e-05
7.084709530000000086e+02 4.111317531360165957e-05 5.723120681344698629e-06
7.084712655000000723e+02 3.661460005627008605e-05 2.412540825551235017e-06
7.084715780000000223e+02 2.572644278953645219e-05 1.578671163362908379e-07
7.084718905000000859e+02 2.491832812156486910e-05 -1.002930627717744372e-06
7.084722030000000359e+02 1.770200714484527002e-05 -1.044591244192947248e-06
7.084725154999999859e+02 1.540928135003125245e-05 4.479997549715025818e-08
7.084728280000000495e+02 2.267951255730588477e-05 2.263568979733319662e-06
7.084731404999999995e+02 1.176791132283752056e-05 5.596616409281310270e-06
7.084734530000000632e+02 8.772966282709974533e-06 1.001597466750719657e-05
7.084737655000000132e+02 8.301295140319917766e-06 1.548172521346228710e-05
7.084740780000000768e+02 1.676895676190172591e-05 2.194322457929913026e-05
7.084743905000000268e+02 7.180669769448763613e-06 2.934057380440306759e-05
7.084747029999999768e+02 1.951242525901589032e-05 3.760625768840909582e-05
7.084750155000000404e+02 2.096005514484857983e-05 4.666687732839637021e-05
7.084753279999999904e+02 2.592735003998302988e-05 5.644490190464719490e-05
7.084756405000000541e+02 3.986432574219497349e-05 6.686037259408444467e-05
7.084759530000000041e+02 4.784526460060929990e-05 7.783250159408440624e-05
7.084762655000000677e+02 6.395045755471798698e-05 8.928112174731295660e-05
7.084765780000000177e+02 6.503444205496842351e-05 1.011279551708439857e-04
7.084768905000000814e+02 6.200658539156023380e-05 1.132976824181948251e-04
7.084772030000000314e+02 7.934303077744476356e-05 1.257188051891456151e-04
7.084775154999999813e+02 1.105394710742074673e-04 1.383243058852384971e-04
7.084778280000000450e+02 1.106166600282975190e-04 1.510521150314222570e-04
7.084781404999999950e+02 9.570036510965981304e-05 1.638454035561461291e-04
7.084784530000000586e+02 1.381895301136151018e-04 1.766527207034699004e-04
7.084787655000000086e+02 1.391831090234445950e-04 1.894280001465590104e-04
7.084790780000000723e+02 1.678088077707497606e-04 2.021304575813900059e-04
7.084793905000000223e+02 1.874275153505403112e-04 2.147244020599843584e-04
7.084797030000000859e+02 1.619782904822271257e-04 2.271789820446145725e-04
7.084800155000000359e+02 2.059835110879288918e-04 2.394678847430079037e-04
7.084803279999999859e+02 2.051185413272077604e-04 2.515690051499176456e-04
7.084806405000000495e+02 2.310657411406750604e-04 2.634640984428914087e-04
7.084809529999999995e+02 2.613515777379734543e-04 2.751384270733920798e-04
7.084812655000000632e+02 2.783965057639914875e-04 2.865804115798942816e-04
7.084815780000000132e+02 3.098433805500810522e-04 2.977812919167850160e-04
7.084818905000000768e+02 2.813066749757248824e-04 3.087348045058243878e-04
7.084822030000000268e+02 3.453003454650355837e-04 3.194368783972579618e-04
7.084825154999999768e+02 3.218495361257962383e-04 3.298853528955486970e-04
7.084828280000000404e+02 3.698181936262575535e-04 3.400797177307052395e-04
7.084831404999999904e+02 3.335321122244967761e-04 3.500208761742623067e-04
7.084834530000000541e+02 3.602202212714502357e-04 3.597109308594748523e-04
7.084837655000000041e+02 3.520028840286747759e-04 3.691529914718294741e-04
7.084840780000000677e+02 3.455598097823413912e-04 3.783510033483987846e-04
7.084843905000000177e+02 4.025329590143966372e-04 3.873095955811475116e-04
7.084847030000000814e+02 4.209268693247182375e-04 3.960339473124287581e-04
7.084850155000000314e+02 5.011352695931304722e-04 4.045296706336258779e-04
7.084853279999999813e+02 4.419327124001322903e-04 4.128027086990064174e-04
7.084856405000000450e+02 5.042329124376513337e-04 4.208592475162276103e-04
7.084859529999999950e+02 5.167041011534563707e-04 4.287056400487717777e-04
7.084862655000000586e+02 4.572839946569839530e-04 4.363483413369543379e-04
7.084865780000000086e+02 5.074740006118787661e-04 4.437938533342763938e-04
7.084868905000000723e+02 5.206074405017697970e-04 4.510486784114550599e-04
7.084872030000000223e+02 4.534115506370160449e-04 4.581192804004088339e-04
7.084875155000000859e+02 5.225197993815129584e-04 4.650120523223665449e-04
7.084878280000000359e+02 5.222269088288783489e-04 4.717332898658239482e-04
7.084881404999999859e+02 5.382764185956770767e-04 4.782891699326947748e-04
7.084884530000000495e+02 5.876693594099161901e-04 4.846857335095875949e-04
7.084887654999999995e+02 6.152928935412194534e-04 4.909288722878119276e-04
7.084890780000000632e+02 5.787017718004422830e-04 4.970243185208087855e-04
7.084893905000000132e+02 5.569971913716830880e-04 5.029776375923224099e-04
7.084897030000000768e+02 5.462652554441517136e-04 5.087942229535263221e-04
7.084900155000000268e+02 5.467798792168471721e-04 5.144792929976563884e-04
7.084903279999999768e+02 5.330659810691244782e-04 5.200378896252062875e-04
7.084906405000000404e+02 5.439862821718915303e-04 5.254748781726698405e-04
7.084909529999999904e+02 5.981706195724627523e-04 5.307949484902970598e-04
7.084912655000000541e+02 5.427530646168783482e-04 5.360026169827955241e-04
7.084915780000000041e+02 5.702073128268707282e-04 5.411022293878804462e-04
7.084918905000000677e+02 6.058603122415246855e-04 5.460979642010199697e-04
7.084922030000000177e+02 5.583253822010558840e-04 5.509938365559322211e-04
7.084925155000000814e+02 6.202915481575222226e-04 5.557937025094845680e-04
7.084928280000000314e+02 6.432525260402739220e-04 5.605012635786011440e-04
7.084931404999999813e+02 4.833686085527609966e-04 5.651200715047658774e-04
7.084934530000000450e+02 5.552048394195058072e-04 5.696535331345708216e-04
7.084937654999999950e+02 6.201388777418616197e-04 5.741049153781200686e-04
7.084940780000000586e+02 6.373321728757341299e-04 5.784773502138600663e-04
7.084943905000000086e+02 5.823924584535800477e-04 5.827738396600736469e-04
7.084947030000000723e+02 6.821444225505828279e-04 5.869972607310219685e-04
7.084950155000000223e+02 6.589035197220229761e-04 5.911503703006196252e-04
7.084953280000000859e+02 6.485421376704894820e-04 5.952358099025887358e-04
7.084956405000000359e+02 5.673827497361459520e-04 5.992561104011465004e-04
7.084959529999999859e+02 6.680649679750337924e-04 6.032136965661139385e-04
7.084962655000000495e+02 7.048275010519916648e-04 6.071108915049479955e-04
7.084965779999999995e+02 6.740589892245363269e-04 6.109499209598720114e-04
7.084968905000000632e+02 5.574051599823867881e-04 6.147329174786882872e-04
7.084972030000000132e+02 6.884757414555938869e-04 6.184619244210542988e-04
7.084975155000000768e+02 6.819294971889003571e-04 6.221388998418718582e-04
7.084978280000000268e+02 6.463684554033446213e-04 6.257657202074405839e-04
7.084981404999999768e+02 6.328088395795587653e-04 6.293441839872937135e-04
7.084984530000000404e+02 6.245907291249693395e-04 6.328760150895948195e-04
7.084987654999999904e+02 6.011787769525793771e-04 6.363628661562758431e-04
7.084990780000000541e+02 6.357479037885205688e-04 6.398063217332431623e-04
7.084993905000000041e+02 6.472741634124883851e-04 6.432079012871809789e-04
7.084997030000000677e+02 6.219239701199062026e-04 6.465690621119303408e-04
7.085000155000000177e+02 6.042371059757146220e-04 6.498912020882854391e-04
7.085003280000000814e+02 6.780810898644891969e-04 6.531756623409512704e-04
7.085006405000000314e+02 6.040785353112958049e-04 6.564237297577599174e-04
7.085009529999999813e+02 6.199809439586217823e-04 6.596366394129781971e-04
7.085012655000000450e+02 7.282813500414913460e-04 6.628155768689263008e-04
7.085015779999999950e+02 6.815370197472108826e-04 6.659616803724919230e-04
7.085018905000000586e+02 6.735243706244200407e-04 6.690760429620677165e-04
7.085022030000000086e+02 6.437592880455915434e-04 6.721597144604164742e-04
7.085025155000000723e+02 6.595591911111020871e-04 6.752137033930407815e-04
7.085028280000000223e+02 7.486839860694919973e-04 6.782389787998221791e-04
7.085031405000000859e+02 6.763583800796254923e-04 6.812364719797557285e-04
7.085034530000000359e+02 6.292064582882555364e-04 6.842070781370225042e-04
7.085037654999999859e+02 5.726034508931104796e-04 6.871516579662401885e-04
7.085040780000000495e+02 6.109497064749662637e-04 6.900710391530039730e-04
7.085043904999999995e+02 6.693939483992292737e-04 6.929660178042832677e-04
7.085047030000000632e+02 6.517121005839108128e-04 6.958373598223505574e-04
7.085050155000000132e+02 6.541820936428085738e-04 6.986858021990056782e-04
7.085053280000000768e+02 6.007210514506111567e-04 7.015120542657479839e-04
7.085056405000000268e+02 6.697915241660164568e-04 7.043167988693636427e-04
7.085059529999999768e+02 7.124831757212282332e-04 7.071006935078632269e-04
7.085062655000000404e+02 6.273434079915938925e-04 7.098643714035735236e-04
7.085065779999999904e+02 6.140328027310697993e-04 7.126084425263930168e-04
7.085068905000000541e+02 6.895737848211063977e-04 7.153334945794896302e-04
7.085072030000000041e+02 6.536546143633566695e-04 7.180400939247398150e-04
7.085075155000000677e+02 6.863974340489661973e-04 7.207287864810282135e-04
7.085078280000000177e+02 6.762482837633258326e-04 7.234000985657731845e-04
7.085081405000000814e+02 6.794404316446982965e-04 7.260545377131848079e-04
