7.167499070000000074e+02 3.213932626885279437e-04 2.974070849620393778e-04
7.167502194999999574e+02 2.782491376587163472e-04 2.977120062409892233e-04
7.167505320000000211e+02 2.934720106338568305e-04 2.980058026564717821e-04
7.167508444999999710e+02 3.163484072867522715e-04 2.982880325001228332e-04
7.167511570000000347e+02 3.119417846573614792e-04 2.985582325957914060e-04
7.167514694999999847e+02 2.914379364490575345e-04 2.988159170733700612e-04
7.167517820000000484e+02 3.411628268218005848e-04 2.990605760647345153e-04
7.167520944999999983e+02 3.207986414884364404e-04 2.992916743129578252e-04
7.167524070000000620e+02 2.936067300450674968e-04 2.995086496916642702e-04
7.167527195000000120e+02 3.423173434737181858e-04 2.997109116250801816e-04
7.167530319999999620e+02 3.285980209414881138e-04 2.998978394042929596e-04
7.167533445000000256e+02 2.752944617732368195e-04 3.000687803900015495e-04
7.167536569999999756e+02 2.848836761845509411e-04 3.002230480944417476e-04
7.167539695000000393e+02 3.009832534653262030e-04 3.003599201340915754e-04
7.167542819999999892e+02 2.987509331374900456e-04 3.004786360421486018e-04
7.167545945000000529e+02 2.792965735601452373e-04 3.005783949322006249e-04
7.167549070000000029e+02 3.029233231519335703e-04 3.006583530004262330e-04
7.167552194999999529e+02 2.910088083432778284e-04 3.007176208557583389e-04
7.167555320000000165e+02 2.828332797486447889e-04 3.007552606641583247e-04
7.167558444999999665e+02 3.456133344481731890e-04 3.007702830937578628e-04
7.167561570000000302e+02 3.367320394156079447e-04 3.007616440459942998e-04
7.167564694999999801e+02 2.836808885736364586e-04 3.007282411566206582e-04
7.167567820000000438e+02 3.579404818954065592e-04 3.006689100496416308e-04
7.167570944999999938e+02 2.697693893497095353e-04 3.005824203259696440e-04
7.167574070000000575e+02 2.726489540529151295e-04 3.004674712667898149e-04
7.167577195000000074e+02 2.975370408070882391e-04 3.003226872313591702e-04
7.167580319999999574e+02 3.540447052338190699e-04 3.001466127258963293e-04
7.167583445000000211e+02 2.845271838584366355e-04 2.999377071205527163e-04
7.167586569999999710e+02 3.090489120684911258e-04 2.996943389889515272e-04
7.167589695000000347e+02 2.572954344611074937e-04 2.994147800423248035e-04
7.167592819999999847e+02 3.069773093138081807e-04 2.990971986319122550e-04
7.167595945000000484e+02 2.385904068621500949e-04 2.987396527868392462e-04
7.167599069999999983e+02 3.024282185921739691e-04 2.983400827593194371e-04
7.167602195000000620e+02 2.991710511780244232e-04 2.978963030406830644e-04
7.167605320000000120e+02 2.604914566974813293e-04 2.974059938184559046e-04
7.167608444999999620e+02 2.644099599760924425e-04 2.968666918351244672e-04
7.167611570000000256e+02 2.887087838149848557e-04 2.962757806168495674e-04
7.167614694999999756e+02 3.262703099436965542e-04 2.956304800353354973e-04
7.167617820000000393e+02 3.014597602674943741e-04 2.949278351651170803e-04
7.167620944999999892e+02 3.075952531105520201e-04 2.941647044081369339e-04
7.167624070000000529e+02 2.787087720060660236e-04 2.933377468467247232e-04
7.167627195000000029e+02 2.739686357500006886e-04 2.924434088053309822e-04
7.167630319999999529e+02 2.841869823564439857e-04 2.914779095899540308e-04
7.167633445000000165e+02 2.861824953239696170e-04 2.904372263973375068e-04
7.167636569999999665e+02 2.868749460820311354e-04 2.893170783866844402e-04
7.167639695000000302e+02 2.608028883796549157e-04 2.881129099180372208e-04
7.167642819999999801e+02 2.830272957212527011e-04 2.868198729934896244e-04
7.167645945000000438e+02 2.896803748908152276e-04 2.854328089373861662e-04
7.167649069999999938e+02 2.363392476731172463e-04 2.839462294075213895e-04
7.167652195000000575e+02 2.654183109615930220e-04 2.823542968369434402e-04
7.167655320000000074e+02 2.842779161576156890e-04 2.806508044834795800e-04
7.167658444999999574e+02 2.863027834318029353e-04 2.788291562889657336e-04
7.167661570000000211e+02 2.695883569031121748e-04 2.768823468523584630e-04
7.167664694999999710e+02 2.863451466154083688e-04 2.748029418910246367e-04
7.167667820000000347e+02 2.924079703853268964e-04 2.725830596700499499e-04
7.167670944999999847e+02 2.599838061097043589e-04 2.702143540394965704e-04
7.167674070000000484e+02 2.754171421581656331e-04 2.676879998397232899e-04
7.167677194999999983e+02 2.556233345028506186e-04 2.649946816812640124e-04
7.167680320000000620e+02 2.534230554743055583e-04 2.621245872893115557e-04
7.167683445000000120e+02 2.885150361691639484e-04 2.590674069441348888e-04
7.167686569999999620e+02 2.321733970098434450e-04 2.558123408272366148e-04
7.167689695000000256e+02 2.353682649821194853e-04 2.523481165378941931e-04
7.167692819999999756e+02 2.456250371417880926e-04 2.486630194793359376e-04
7.167695945000000393e+02 2.392953145095393075e-04 2.447449393511108660e-04
7.167699069999999892e+02 1.951716065071480580e-04 2.405814366537815658e-04
7.167702195000000529e+02 2.429578917010667162e-04 2.361598337395388880e-04
7.167705320000000029e+02 2.323003778091683178e-04 2.314673358076821017e-04
7.167708444999999529e+02 2.554081337267962294e-04 2.264911879912543150e-04
7.167711570000000165e+02 1.869185293783179845e-04 2.212188756426492322e-04
7.167714694999999665e+02 1.889750798112493782e-04 2.156383757433193908e-04
7.167717820000000302e+02 2.319037714403690423e-04 2.097384681497060162e-04
7.167720944999999801e+02 1.825157032654171300e-04 2.035091160811990617e-04
7.167724070000000438e+02 1.794117645433299655e-04 1.969419254516998762e-04
7.167727194999999938e+02 1.868787800484061803e-04 1.900306925850351345e-04
7.167730320000000575e+02 1.657860700683008400e-04 1.827720487688661336e-04
7.167733445000000074e+02 1.862722870040826851e-04 1.751662082438380633e-04
7.167736569999999574e+02 1.460938274793880688e-04 1.672178226258678644e-04
7.167739695000000211e+02 1.527839591703217584e-04 1.589369395928225842e-04
7.167742819999999710e+02 1.496136416055485489e-04 1.503400559635838653e-04
7.167745945000000347e+02 1.476801977106442928e-04 1.414512449562060469e-04
7.167749069999999847e+02 1.470950553813853503e-04 1.323033241984951001e-04
7.167752195000000484e+02 1.107687309247225153e-04 1.229390145596013237e-04
7.167755319999999983e+02 1.354230856196299510e-04 1.134120211591015207e-04
7.167758445000000620e+02 1.249877962988572443e-04 1.037879472734820949e-04
7.167761570000000120e+02 9.270639974956079471e-05 9.414493204614117928e-05
7.167764694999999620e+02 8.189704392133476856e-05 8.457388596910968607e-05
7.167767820000000256e+02 8.683239410013099955e-05 7.517818878561407169e-05
7.167770944999999756e+02 6.921205109864250282e-05 6.607271669521886509e-05
7.167774070000000393e+02 7.209603330569676479e-05 5.738208479275226073e-05
7.167777194999999892e+02 6.715133965180527869e-05 4.923803052834689132e-05
7.167780320000000529e+02 4.549407825141806277e-05 4.177592606578804484e-05
7.167783445000000029e+02 3.878238478090671759e-05 3.513049066036675824e-05
7.167786569999999529e+02 3.858013286474017882e-05 2.943087124591712441e-05
7.167789695000000165e+02 3.570069357780579781e-05 2.479535937656317509e-05
7.167792819999999665e+02 1.636349818038426653e-05 2.132609903944090632e-05
7.167795945000000302e+02 3.506681448638290598e-05 1.910419558029544047e-05
7.167799069999999801e+02 1.493536508450458446e-05 1.818564568538698269e-05
7.167802195000000438e+02 2.130073574669661928e-05 1.859846310385986675e-05
7.167805319999999938e+02 2.432616419114510303e-05 2.034127582060024007e-05
7.167808445000000575e+02 2.161603955279337735e-05 2.338352941018169491e-05
7.167811570000000074e+02 2.166943186699522451e-05 2.766726954727181283e-05
7.167814694999999574e+02 2.390023264382665612e-05 3.311031985039973965e-05
7.167817820000000211e+02 2.423957382472633149e-05 3.961054384275242282e-05
7.167820944999999710e+02 3.396681661569302162e-05 4.705079974184501194e-05
7.167824070000000347e+02 5.666334269208195588e-05 5.530417162861259861e-05
7.167827194999999847e+02 5.084297449674196688e-05 6.423908708484532255e-05
7.167830320000000484e+02 7.130929191536872669e-05 7.372399841273890306e-05
7.167833444999999983e+02 7.020162549063300344e-05 8.363139519269570605e-05
7.167836570000000620e+02 9.069829454712229305e-05 9.384101404491410146e-05
7.167839695000000120e+02 9.241667736689077213e-05 1.042422021314802911e-04
7.167842819999999620e+02 1.041984582315586623e-04 1.147354654818658396e-04
7.167845945000000256e+02 1.051952155883145734e-04 1.252332862396050286e-04
7.167849069999999756e+02 1.386927536317743292e-04 1.356603248613917872e-04
7.167852195000000393e+02 1.091499582020296385e-04 1.459531363603010787e-04
7.167855319999999892e+02 1.905509405581260092e-04 1.560595280914016945e-04
7.167858445000000529e+02 1.834073398462922084e-04 1.659376754494743271e-04
7.167861570000000029e+02 1.286986213009861432e-04 1.755550946280425256e-04
7.167864694999999529e+02 2.137919211577464485e-04 1.848875526040815603e-04
7.167867820000000165e+02 2.232443325040034084e-04 1.939179753022934557e-04
7.167870944999999665e+02 1.744575838758721169e-04 2.026353977752427848e-04
7.167874070000000302e+02 2.129537745964880989e-04 2.110339855454448248e-04
7.167877194999999801e+02 2.174534107525977807e-04 2.191121442939818859e-04
7.167880320000000438e+02 2.156596513028976984e-04 2.268717261465799759e-04
7.167883444999999938e+02 2.702631569829661473e-04 2.343173339428189267e-04
7.167886570000000575e+02 2.627885024194854288e-04 2.414557204473825631e-04
7.167889695000000074e+02 2.309345709980343588e-04 2.482952763007566818e-04
7.167892819999999574e+02 2.389058423945426618e-04 2.548455989632945613e-04
7.167895945000000211e+02 2.330673129842824763e-04 2.611171339631598474e-04
7.167899069999999710e+02 2.867008849667202690e-04 2.671208797138907402e-04
7.167902195000000347e+02 2.521931404648750856e-04 2.728681474539061853e-04
7.167905319999999847e+02 2.950337063164172385e-04 2.783703683500436156e-04
7.167908445000000484e+02 3.112086305558638632e-04 2.836389406444325277e-04
7.167911569999999983e+02 3.081075074478551216e-04 2.886851103673074206e-04
7.167914695000000620e+02 2.725444604868440209e-04 2.935198800523665993e-04
7.167917820000000120e+02 3.560942811847584702e-04 2.981539405160466114e-04
7.167920944999999620e+02 2.903479755961167405e-04 3.025976215763826393e-04
7.167924070000000256e+02 3.746807583731267318e-04 3.068608581138232167e-04
7.167927194999999756e+02 3.295090758783260484e-04 3.109531684997984672e-04
7.167930320000000393e+02 3.541226922129198595e-04 3.148836429022791161e-04
7.167933444999999892e+02 3.299306261699659561e-04 3.186609393489699886e-04
7.167936570000000529e+02 3.631666480461317841e-04 3.222932858746074868e-04
7.167939695000000029e+02 3.004994046707282662e-04 3.257884872945806414e-04
7.167942819999999529e+02 3.187337261938450470e-04 3.291539354952185059e-04
7.167945945000000165e+02 3.091349016055416074e-04 3.323966222717501806e-04
7.167949069999999665e+02 3.411196117881234958e-04 3.355231539745848787e-04
7.167952195000000302e+02 3.399124260209940296e-04 3.385397673711455823e-04
7.167955319999999801e+02 3.282550962783625141e-04 3.414523462152654508e-04
7.167958445000000438e+02 3.502730345534230691e-04 3.442664381820997898e-04
7.167961569999999938e+02 3.237296727288324150e-04 3.469872718396736452e-04
7.167964695000000575e+02 3.527316679863475046e-04 3.496197734653608931e-04
7.167967820000000074e+02 3.548779855599933412e-04 3.521685835040013900e-04
7.167970944999999574e+02 4.163472002161143753e-04 3.546380725725569068e-04
7.167974070000000211e+02 3.589018029581705601e-04 3.570323568966288067e-04
7.167977194999999710e+02 3.591402540400679333e-04 3.593553131275161621e-04
7.167980320000000347e+02 3.112425839417172859e-04 3.616105925088093252e-04
7.167983444999999847e+02 3.463776109539497381e-04 3.638016343499982791e-04
7.167986570000000484e+02 3.611427918850713026e-04 3.659316788258925278e-04
7.167989694999999983e+02 3.505806101903140423e-04 3.680037790788876590e-04
7.167992820000000620e+02 4.409843389983892064e-04 3.700208126610388701e-04
7.167995945000000120e+02 3.852690150910319808e-04 3.719854923085402039e-04
7.167999069999999620e+02 3.764295182146870471e-04 3.739003760938495666e-04
7.168002195000000256e+02 3.546192693998116772e-04 3.757678769615611990e-04
7.168005319999999756e+02 3.891455911249785851e-04 3.775902716825876360e-04
7.168008445000000393e+02 4.248920740317994188e-04 3.793697092609013186e-04
7.168011569999999892e+02 4.338579212200347748e-04 3.811082188045442640e-04
7.168014695000000529e+02 3.928341207463512314e-04 3.828077169098207701e-04
7.168017820000000029e+02 3.579452765449130840e-04 3.844700145659629481e-04
7.168020944999999529e+02 3.603882579131941172e-04 3.860968236273032385e-04
7.168024070000000165e+02 4.040499529564444076e-04 3.876897628637488227e-04
7.168027194999999665e+02 4.325765896459572235e-04 3.892503636215538217e-04
7.168030320000000302e+02 4.009947957342024916e-04 3.907800751242452263e-04
7.168033444999999801e+02 3.613564924448357915e-04 3.922802694226375252e-04
7.168036570000000438e+02 3.644458236655905643e-04 3.937522460335301719e-04
7.168039694999999938e+02 4.152872550992760367e-04 3.951972362700910207e-04
7.168042820000000575e+02 4.250302020185920825e-04 3.966164073010419321e-04
7.168045945000000074e+02 4.208206230379865176e-04 3.980108659399766990e-04
7.168049069999999574e+02 4.143331134196453851e-04 3.993816621985040154e-04
7.168052195000000211e+02 3.607888684161788271e-04 4.007297926064144256e-04
7.168055319999999710e+02 3.802890730956384464e-04 4.020562033194857330e-04
7.168058445000000347e+02 4.221770989883948263e-04 4.033617930338607776e-04
7.168061569999999847e+02 4.046886048334616339e-04 4.046474157081872782e-04
7.168064695000000484e+02 4.081302459426784787e-04 4.059138831208800686e-04
7.168067819999999983e+02 4.244138558001351344e-04 4.071619672588842756e-04
7.168070945000000620e+02 4.440158582346507427e-04 4.083924025637204660e-04
7.168074070000000120e+02 3.779944837359347585e-04 4.096058880301232377e-04
7.168077194999999620e+02 4.275943951266082438e-04 4.108030891807565874e-04
7.168080320000000256e+02 4.145756104271401850e-04 4.119846399144327541e-04
7.168083444999999756e+02 3.781689213250822136e-04 4.131511442405884967e-04
7.168086570000000393e+02 3.810659594214900470e-04 4.143031779117382191e-04
7.168089694999999892e+02 4.104961749583633840e-04 4.154412899502930054e-04
7.168092820000000529e+02 4.422608914413861869e-04 4.165660040894422138e-04
7.168095945000000029e+02 4.522198631455038708e-04 4.176778201207783422e-04
7.168099069999999529e+02 3.863013251945180424e-04 4.187772151671981919e-04
7.168102195000000165e+02 4.278924596668556607e-04 4.198646448760488727e-04
7.168105319999999665e+02 3.452701518157523584e-04 4.209405445416414520e-04
7.168108445000000302e+02 4.042878304888303481e-04 4.220053301655537332e-04
7.168111569999999801e+02 4.600795230291301625e-04 4.230593994491685557e-04
7.168114695000000438e+02 4.027676343107932364e-04 4.241031327345382604e-04
7.168117819999999938e+02 4.240904519413132715e-04 4.251368938848728630e-04
7.168120945000000575e+02 3.512223861792075825e-04 4.261610311203703743e-04
