7.164559679999999844e+02 3.142782886871539638e-04 2.786965601072580352e-04
7.164562804999999344e+02 3.031113157485707411e-04 2.789996828919810712e-04
7.164565929999999980e+02 3.149897658200337468e-04 2.792902801284320247e-04
7.164569054999999480e+02 3.110162989279100995e-04 2.795678533508847894e-04
7.164572180000000117e+02 2.622277182337595441e-04 2.798318799492924931e-04
7.164575304999999616e+02 2.717049088116294669e-04 2.800818118046346952e-04
7.164578430000000253e+02 3.153375349441291478e-04 2.803170738391270122e-04
7.164581554999999753e+02 2.727061467614227855e-04 2.805370624722311381e-04
7.164584680000000390e+02 2.761098846234590889e-04 2.807411439789448565e-04
7.164587804999999889e+02 2.656846940419126178e-04 2.809286527407557112e-04
7.164590929999999389e+02 2.937330713183648571e-04 2.810988893843763920e-04
7.164594055000000026e+02 3.322586780253353016e-04 2.812511187984037802e-04
7.164597179999999526e+02 3.094416528943444715e-04 2.813845680203393975e-04
7.164600305000000162e+02 2.754671065697566514e-04 2.814984239853134183e-04
7.164603429999999662e+02 2.686012018104047983e-04 2.815918311255616378e-04
7.164606555000000299e+02 2.995014598779135052e-04 2.816638888117804990e-04
7.164609679999999798e+02 2.350176933824455524e-04 2.817136486239854728e-04
7.164612804999999298e+02 2.819667893735782523e-04 2.817401114411520924e-04
7.164615929999999935e+02 2.562006402721428606e-04 2.817422243362718631e-04
7.164619054999999435e+02 2.652413142862005704e-04 2.817188772639120419e-04
7.164622180000000071e+02 2.470358502907332721e-04 2.816688995258458464e-04
7.164625304999999571e+02 3.169741111154422914e-04 2.815910559998015109e-04
7.164628430000000208e+02 2.483069358588037593e-04 2.814840431150424918e-04
7.164631554999999707e+02 2.606225232007608320e-04 2.813464845584905268e-04
7.164634680000000344e+02 2.859731381024196582e-04 2.811769266926928031e-04
7.164637804999999844e+02 3.118046613103124445e-04 2.809738336682265285e-04
7.164640929999999344e+02 2.884469290807696032e-04 2.807355822095028322e-04
7.164644054999999980e+02 2.722658342840116085e-04 2.804604560549993288e-04
7.164647179999999480e+02 2.990576403408956303e-04 2.801466400306089127e-04
7.164650305000000117e+02 2.679168181550889666e-04 2.797922137331961337e-04
7.164653429999999616e+02 2.662728578730562986e-04 2.793951448051198170e-04
7.164656555000000253e+02 2.714292563311444676e-04 2.789532817739668138e-04
7.164659679999999753e+02 2.747189084006029704e-04 2.784643464396336222e-04
7.164662805000000390e+02 2.686505081236446662e-04 2.779259257826453616e-04
7.164665929999999889e+02 2.955395556869526603e-04 2.773354633784606295e-04
7.164669054999999389e+02 2.679465820065133762e-04 2.766902502935717390e-04
7.164672180000000026e+02 3.160295539530639814e-04 2.759874154517594192e-04
7.164675304999999526e+02 2.723711608898447801e-04 2.752239154563344945e-04
7.164678430000000162e+02 2.737991775403977738e-04 2.743965238573698568e-04
7.164681554999999662e+02 2.783187988735210468e-04 2.735018198690787107e-04
7.164684680000000299e+02 2.448979355419105930e-04 2.725361765352200707e-04
7.164687804999999798e+02 2.525773860882694053e-04 2.714957483693431818e-04
7.164690929999999298e+02 2.519866126692751180e-04 2.703764584903764847e-04
7.164694054999999935e+02 2.367783681434431817e-04 2.691739853092713942e-04
7.164697179999999435e+02 2.436654757054087454e-04 2.678837488323243922e-04
7.164700305000000071e+02 2.777099031610721957e-04 2.665008966706106184e-04
7.164703429999999571e+02 2.383409043098409026e-04 2.650202898937625666e-04
7.164706555000000208e+02 2.946556355279813730e-04 2.634364888796683862e-04
7.164709679999999707e+02 2.616570118519456322e-04 2.617437393908077399e-04
7.164712805000000344e+02 2.739304455624534435e-04 2.599359591332398825e-04
7.164715929999999844e+02 2.369893090733860832e-04 2.580067251611602012e-04
7.164719054999999344e+02 2.390615400146855227e-04 2.559492625382047163e-04
7.164722179999999980e+02 2.236260255619198936e-04 2.537564348043058965e-04
7.164725304999999480e+02 2.366742245127439310e-04 2.514207368987837212e-04
7.164728430000000117e+02 2.696338310369405687e-04 2.489342913328763604e-04
7.164731554999999616e+02 2.072386405531352160e-04 2.462888486079144049e-04
7.164734680000000253e+02 2.349976260380312566e-04 2.434757930313139797e-04
7.164737804999999753e+02 2.107177440168603506e-04 2.404861553757410152e-04
7.164740930000000390e+02 2.076485844929530080e-04 2.373106340422114911e-04
7.164744054999999889e+02 2.454108565079801511e-04 2.339396267677943872e-04
7.164747179999999389e+02 1.824371709652834359e-04 2.303632752114017940e-04
7.164750305000000026e+02 2.689670777602364026e-04 2.265715252150996657e-04
7.164753429999999526e+02 1.735483888375582474e-04 2.225542059450780728e-04
7.164756555000000162e+02 2.173945426834089385e-04 2.183011315898774317e-04
7.164759679999999662e+02 2.111646720504041367e-04 2.138022298482016666e-04
7.164762805000000299e+02 2.237937595236165977e-04 2.090477018644766865e-04
7.164765929999999798e+02 2.094689393944329091e-04 2.040282188473356313e-04
7.164769054999999298e+02 1.734132646196381606e-04 1.987351609183908498e-04
7.164772179999999935e+02 1.630442211645496389e-04 1.931609041122006880e-04
7.164775304999999435e+02 1.942817857414140233e-04 1.872991614593626003e-04
7.164778430000000071e+02 1.685578928073207554e-04 1.811453838211825340e-04
7.164781554999999571e+02 1.767669785557813764e-04 1.746972255028633421e-04
7.164784680000000208e+02 1.837866014691329544e-04 1.679550782059776237e-04
7.164787804999999707e+02 1.797496940117596987e-04 1.609226748434237930e-04
7.164790930000000344e+02 1.579714693474374028e-04 1.536077613691276241e-04
7.164794054999999844e+02 1.473407079809810870e-04 1.460228304296927492e-04
7.164797179999999344e+02 1.675230976651164339e-04 1.381859045105750879e-04
7.164800304999999980e+02 1.230214007142771762e-04 1.301213487966829661e-04
7.164803429999999480e+02 1.362450875676411070e-04 1.218606846463910555e-04
7.164806555000000117e+02 1.291091658833026725e-04 1.134433638884312328e-04
7.164809679999999616e+02 9.003516636048864547e-05 1.049174526019614959e-04
7.164812805000000253e+02 9.918692647736850596e-05 9.634016110701886860e-05
7.164815929999999753e+02 7.724693050895658814e-05 8.777814653115964137e-05
7.164819055000000390e+02 7.711093848913430464e-05 7.930750659343007900e-05
7.164822179999999889e+02 6.541790975229917022e-05 7.101338117381849420e-05
7.164825304999999389e+02 7.208405723954251559e-05 6.298908349160947586e-05
7.164828430000000026e+02 7.082546738587933491e-05 5.533469839901401121e-05
7.164831554999999526e+02 6.150834141811431510e-05 4.815511244152438251e-05
7.164834680000000162e+02 6.080314616682661500e-05 4.155747974901137981e-05
7.164837804999999662e+02 4.162386260647963135e-05 3.564817794510996291e-05
7.164840930000000299e+02 3.130103838088425637e-05 3.052936487741564738e-05
7.164844054999999798e+02 3.130741167185943348e-05 2.629530429448007726e-05
7.164847179999999298e+02 2.583916882322765955e-05 2.302867782312825685e-05
7.164850304999999935e+02 3.419187010205205243e-05 2.079713340724269533e-05
7.164853429999999435e+02 1.963180817463510618e-05 1.965032847537698111e-05
7.164856555000000071e+02 1.678028085802806633e-05 1.961770496511736777e-05
7.164859679999999571e+02 2.419125486957226777e-05 2.070718252151866468e-05
7.164862805000000208e+02 1.877372308718200359e-05 2.290488061661461881e-05
7.164865929999999707e+02 2.221373649216290926e-05 2.617588972611817864e-05
7.164869055000000344e+02 3.829401124072298894e-05 3.046601863476284362e-05
7.164872179999999844e+02 4.146279605356212290e-05 3.570436244290284798e-05
7.164875304999999344e+02 3.626235334002683995e-05 4.180647493654702574e-05
7.164878429999999980e+02 3.761945955344832152e-05 4.867789607806986054e-05
7.164881554999999480e+02 4.989065379597825794e-05 5.621778220507450289e-05
7.164884680000000117e+02 3.879031269403813591e-05 6.432240963348206746e-05
7.164887804999999616e+02 7.910013018470005446e-05 7.288836480060165699e-05
7.164890930000000253e+02 4.916334747351688877e-05 8.181528771596630154e-05
7.164894054999999753e+02 8.661068656040840478e-05 9.100809134069354699e-05
7.164897180000000390e+02 7.833283773719911783e-05 1.003786313935707482e-04
7.164900304999999889e+02 1.171383459748822633e-04 1.098468435551951968e-04
7.164903429999999389e+02 1.098043843173528790e-04 1.193413966093652444e-04
7.164906555000000026e+02 1.123213462428013682e-04 1.287999296574132777e-04
7.164909679999999526e+02 1.235909237246082793e-04 1.381689510626185342e-04
7.164912805000000162e+02 1.210995140168367312e-04 1.474034778457068489e-04
7.164915929999999662e+02 1.809811411128063434e-04 1.564664891887244567e-04
7.164919055000000299e+02 1.372811252733248649e-04 1.653282591761698513e-04
7.164922179999999798e+02 1.803264175137354387e-04 1.739656230840493274e-04
7.164925304999999298e+02 1.728788762254464012e-04 1.823612206886453886e-04
7.164928429999999935e+02 1.888736759528839633e-04 1.905027493879801097e-04
7.164931554999999435e+02 1.920026255823116025e-04 1.983822507066777612e-04
7.164934680000000071e+02 2.444612052733554589e-04 2.059954458576049817e-04
7.164937804999999571e+02 2.220581831777363466e-04 2.133411295596702594e-04
7.164940930000000208e+02 2.353686220643130789e-04 2.204206265359836376e-04
7.164944054999999707e+02 2.345677271677454301e-04 2.272373112797771615e-04
7.164947180000000344e+02 2.469208761618854218e-04 2.337961892673356187e-04
7.164950304999999844e+02 2.664326238255090851e-04 2.401035359192264242e-04
7.164953429999999344e+02 2.556219674151510640e-04 2.461665887412075064e-04
7.164956554999999980e+02 2.759882230676221140e-04 2.519932874198858495e-04
7.164959679999999480e+02 2.334595236327519476e-04 2.575920565883665979e-04
7.164962805000000117e+02 2.810688210676423561e-04 2.629716260794890607e-04
7.164965929999999616e+02 2.780767118164810146e-04 2.681408836909568265e-04
7.164969055000000253e+02 3.259082986904341186e-04 2.731087559789329247e-04
7.164972179999999753e+02 2.412621280480380559e-04 2.778841129001460440e-04
7.164975305000000390e+02 3.100641690485684697e-04 2.824756926910516755e-04
7.164978429999999889e+02 2.783855045167247014e-04 2.868920436926466317e-04
7.164981554999999389e+02 2.618389094708122684e-04 2.911414803573063640e-04
7.164984680000000026e+02 3.312215408806934024e-04 2.952320509610886832e-04
7.164987804999999526e+02 3.009550894273256734e-04 2.991715149541737976e-04
7.164990930000000162e+02 2.887375923432444519e-04 3.029673281877973199e-04
7.164994054999999662e+02 3.231471174224433791e-04 3.066266344800927068e-04
7.164997180000000299e+02 2.843575709432351285e-04 3.101562623025099158e-04
7.165000304999999798e+02 3.269797261016250890e-04 3.135627254864000986e-04
7.165003429999999298e+02 3.096163041891604310e-04 3.168522271124132482e-04
7.165006554999999935e+02 3.644831856584017111e-04 3.200306658222429454e-04
7.165009679999999435e+02 3.253521016610230764e-04 3.231036439674965012e-04
7.165012805000000071e+02 3.479671088238788608e-04 3.260764771154961049e-04
7.165015929999999571e+02 2.891819523446905295e-04 3.289542044842414512e-04
7.165019055000000208e+02 3.114022895608188016e-04 3.317416000178888703e-04
7.165022179999999707e+02 3.527203428533134456e-04 3.344431838085254439e-04
7.165025305000000344e+02 3.496088026081365318e-04 3.370632336911046295e-04
7.165028429999999844e+02 4.037741284768753790e-04 3.396057968161323207e-04
7.165031554999999344e+02 3.145536578881937603e-04 3.420747011038716189e-04
7.165034679999999980e+02 3.714462812769656346e-04 3.444735664585118042e-04
7.165037804999999480e+02 3.210772431589162495e-04 3.468058156795225666e-04
7.165040930000000117e+02 3.819566303970714310e-04 3.490746850249816708e-04
7.165044054999999616e+02 4.138719295936598699e-04 3.512832343681731749e-04
7.165047180000000253e+02 4.145521854687684877e-04 3.534343569492242113e-04
7.165050304999999753e+02 3.500691938487730239e-04 3.555307886811337535e-04
7.165053430000000390e+02 3.656834884344970600e-04 3.575751170298596031e-04
7.165056554999999889e+02 3.651539878387370847e-04 3.595697894437119117e-04
7.165059679999999389e+02 3.279044407977533973e-04 3.615171213610526109e-04
7.165062805000000026e+02 3.174868984947295343e-04 3.634193037864223664e-04
7.165065929999999526e+02 3.890100180529119933e-04 3.652784104548357233e-04
7.165069055000000162e+02 4.000043031611803779e-04 3.670964046046525401e-04
7.165072179999999662e+02 3.285545705651328995e-04 3.688751453573398337e-04
7.165075305000000299e+02 3.481651749762567890e-04 3.706163937413111927e-04
7.165078429999999798e+02 3.811594326755047462e-04 3.723218183554440129e-04
7.165081554999999298e+02 3.838699085802620321e-04 3.739930007093848438e-04
7.165084679999999935e+02 3.693131824241419471e-04 3.756314402415212119e-04
7.165087804999999435e+02 3.728094454129662633e-04 3.772385590379891411e-04
7.165090930000000071e+02 3.808396856006463545e-04 3.788157062747152097e-04
7.165094054999999571e+02 4.279242486712969240e-04 3.803641623836602893e-04
7.165097180000000208e+02 3.784094179643508618e-04 3.818851429766644641e-04
7.165100304999999707e+02 3.572306208389113610e-04 3.833798025232207189e-04
7.165103430000000344e+02 3.593647899981668560e-04 3.848492378142607845e-04
7.165106554999999844e+02 3.912718885411101567e-04 3.862944912076261947e-04
7.165109679999999344e+02 4.146613713532641991e-04 3.877165536848379678e-04
7.165112804999999980e+02 4.120321139560530915e-04 3.891163677176903962e-04
7.165115929999999480e+02 4.062721094857181829e-04 3.904948299616245108e-04
7.165119055000000117e+02 3.714009380853010907e-04 3.918527937915178565e-04
7.165122179999999616e+02 4.350408929166977028e-04 3.931910716774298709e-04
7.165125305000000253e+02 4.309000273200740572e-04 3.945104374253695693e-04
7.165128429999999753e+02 3.654230506519774864e-04 3.958116282762282794e-04
7.165131555000000390e+02 3.478476975622382021e-04 3.970953468868880076e-04
7.165134679999999889e+02 4.200649536151012135e-04 3.983622631860346303e-04
7.165137804999999389e+02 3.810485595829279969e-04 3.996130161267840417e-04
7.165140930000000026e+02 4.063854685108076164e-04 4.008482153312763912e-04
7.165144054999999526e+02 3.658661617372299018e-04 4.020684426385538485e-04
7.165147180000000162e+02 4.426323898570552078e-04 4.032742535661543084e-04
7.165150304999999662e+02 3.974066255417046944e-04 4.044661786799761153e-04
7.165153430000000299e+02 3.767312608578747384e-04 4.056447248914875283e-04
7.165156554999999798e+02 3.892670530041835060e-04 4.068103766732189455e-04
7.165159679999999298e+02 4.242632431801200569e-04 4.079635972106630403e-04
7.165162804999999935e+02 3.693517444888216872e-04 4.091048294841327258e-04
7.165165929999999435e+02 3.950207295566077756e-04 4.102344972890558435e-04
7.165169055000000071e+02 3.819818596813419429e-04 4.113530062025519169e-04
7.165172179999999571e+02 3.954798115322127536e-04 4.124607444895490209e-04
7.165175305000000208e+02 4.053683894575092913e-04 4.135580839644994837e-04
7.165178429999999707e+02 4.139928753883742726e-04 4.146453807987814490e-04
7.165181555000000344e+02 4.171404063429098755e-04 4.157229762895994448e-04
