7.170533104999999523e+02 2.296835181498129894e-04 2.316023844946301139e-04
7.170536230000000160e+02 2.270535538920748209e-04 2.314820998093455797e-04
7.170539354999999659e+02 2.483948039827183797e-04 2.313525177832828736e-04
7.170542480000000296e+02 2.486567850654535492e-04 2.312132866343887742e-04
7.170545604999999796e+02 2.218348723466074569e-04 2.310640383561144361e-04
7.170548730000000432e+02 2.432787801618172398e-04 2.309043878458128495e-04
7.170551854999999932e+02 2.336924727600621344e-04 2.307339319815522637e-04
7.170554980000000569e+02 2.217854842357251449e-04 2.305522486422034224e-04
7.170558105000000069e+02 2.203009856502564966e-04 2.303588956690382915e-04
7.170561229999999568e+02 2.281927824916575153e-04 2.301534097630640596e-04
7.170564355000000205e+02 2.139971808048398002e-04 2.299353053155563250e-04
7.170567479999999705e+02 2.192480074581284739e-04 2.297040731668549616e-04
7.170570605000000342e+02 2.212837781284972532e-04 2.294591792878519798e-04
7.170573729999999841e+02 2.364109424123427927e-04 2.292000633812759096e-04
7.170576855000000478e+02 2.245319498016632722e-04 2.289261373948691736e-04
7.170579979999999978e+02 2.241241474201269659e-04 2.286367839437154694e-04
7.170583104999999478e+02 2.385982628676958399e-04 2.283313546328712119e-04
7.170586230000000114e+02 2.477519201099753461e-04 2.280091682764056053e-04
7.170589354999999614e+02 2.148668405522532337e-04 2.276695090053449581e-04
7.170592480000000251e+02 2.393958093801610318e-04 2.273116242561751060e-04
7.170595604999999750e+02 2.230976773564420494e-04 2.269347226355383556e-04
7.170598730000000387e+02 2.471325598623161802e-04 2.265379716494790726e-04
7.170601854999999887e+02 2.169124821849301805e-04 2.261204952932469915e-04
7.170604980000000523e+02 2.218517092828132154e-04 2.256813714887240968e-04
7.170608105000000023e+02 2.338714067389308093e-04 2.252196293652081963e-04
7.170611229999999523e+02 2.207390062085908130e-04 2.247342463696399466e-04
7.170614355000000160e+02 2.309414634456655483e-04 2.242241452006068819e-04
7.170617479999999659e+02 2.258190757774662660e-04 2.236881905549747843e-04
7.170620605000000296e+02 2.051929274871332751e-04 2.231251856751337857e-04
7.170623729999999796e+02 2.098894320599884768e-04 2.225338686916364655e-04
7.170626855000000432e+02 2.444794898094472080e-04 2.219129087451484391e-04
7.170629979999999932e+02 2.103085864604901218e-04 2.212609018844665016e-04
7.170633105000000569e+02 1.978774231515473335e-04 2.205763667242664836e-04
7.170636230000000069e+02 2.229064024282104758e-04 2.198577398609876938e-04
7.170639354999999568e+02 2.045747079035235166e-04 2.191033710315923647e-04
7.170642480000000205e+02 2.241912648038741902e-04 2.183115180145370584e-04
7.170645604999999705e+02 2.196185704553649763e-04 2.174803412658100833e-04
7.170648730000000342e+02 2.007080698636750293e-04 2.166078982840912977e-04
7.170651854999999841e+02 2.187073904438403501e-04 2.156921377126502510e-04
7.170654980000000478e+02 2.366317645677228857e-04 2.147308931724106783e-04
7.170658104999999978e+02 2.219489944723062583e-04 2.137218768448899051e-04
7.170661229999999478e+02 2.303084633840144326e-04 2.126626728090887336e-04
7.170664355000000114e+02 2.226540364740385244e-04 2.115507301623693881e-04
7.170667479999999614e+02 2.098365777215215294e-04 2.103833559527683674e-04
7.170670605000000251e+02 2.173777075121479784e-04 2.091577079596317176e-04
7.170673729999999750e+02 1.923613040183978285e-04 2.078707873877177982e-04
7.170676855000000387e+02 2.134935297277728065e-04 2.065194315323124396e-04
7.170679979999999887e+02 1.853050826718864285e-04 2.051003065199353539e-04
7.170683105000000523e+02 2.029305799817704924e-04 2.036099002233493374e-04
7.170686230000000023e+02 2.253094545530547087e-04 2.020445155084636267e-04
7.170689354999999523e+02 2.065861426670420836e-04 2.004002639725924748e-04
7.170692480000000160e+02 1.972007354069979079e-04 1.986730604025228409e-04
7.170695604999999659e+02 1.884738166604262239e-04 1.968586182104078920e-04
7.170698730000000296e+02 1.939220035634731565e-04 1.949524461591465739e-04
7.170701854999999796e+02 2.011743681891308040e-04 1.929498467779480926e-04
7.170704980000000432e+02 1.980527963587782041e-04 1.908459169088852232e-04
7.170708104999999932e+02 2.036109743813155251e-04 1.886355509577111614e-04
7.170711230000000569e+02 1.652913454734005654e-04 1.863134474803543013e-04
7.170714355000000069e+02 1.597020803800966861e-04 1.838741199036996756e-04
7.170717479999999568e+02 1.753683984869365011e-04 1.813119122660030813e-04
7.170720605000000205e+02 1.739486638257496816e-04 1.786210210614082696e-04
7.170723729999999705e+02 1.564253649908330969e-04 1.757955244174170368e-04
7.170726855000000342e+02 1.716166878511634838e-04 1.728294200205201766e-04
7.170729979999999841e+02 1.719218228364603545e-04 1.697166734475722978e-04
7.170733105000000478e+02 1.896997832566306842e-04 1.664512787220049717e-04
7.170736229999999978e+02 1.423565559325556094e-04 1.630273332065274429e-04
7.170739354999999478e+02 1.577195949567534994e-04 1.594391290981251100e-04
7.170742480000000114e+02 1.459558719708684157e-04 1.556812640629355148e-04
7.170745604999999614e+02 1.388135748642503327e-04 1.517487736829364268e-04
7.170748730000000251e+02 1.400820904846966175e-04 1.476372884945278778e-04
7.170751854999999750e+02 1.597957896350310383e-04 1.433432184675698942e-04
7.170754980000000387e+02 1.377461592116800324e-04 1.388639675724581918e-04
7.170758104999999887e+02 1.515587208769080679e-04 1.341981808598281768e-04
7.170761230000000523e+02 1.277191348123628398e-04 1.293460258026967759e-04
7.170764355000000023e+02 1.166289698328054224e-04 1.243095088366425989e-04
7.170767479999999523e+02 1.062896347327410969e-04 1.190928265861199083e-04
7.170770605000000160e+02 1.450526785302997160e-04 1.137027494997421397e-04
7.170773729999999659e+02 1.153839491966268460e-04 1.081490330936841625e-04
7.170776855000000296e+02 8.087581730620645138e-05 1.024448488598314220e-04
7.170779979999999796e+02 8.360808420752254987e-05 9.660722312519977241e-05
7.170783105000000432e+02 1.000562228891484277e-04 9.065746752167147863e-05
7.170786229999999932e+02 8.386154924563324331e-05 8.462157978977019178e-05
7.170789355000000569e+02 8.544348690366700442e-05 7.853058814294325111e-05
7.170792480000000069e+02 7.412340788106387994e-05 7.242080730329208862e-05
7.170795604999999568e+02 6.984571527454875748e-05 6.633396963400078037e-05
7.170798730000000205e+02 6.480021609933473228e-05 6.031719184865815393e-05
7.170801854999999705e+02 5.287386837992107819e-05 5.442273704507434779e-05
7.170804980000000342e+02 5.142298026400572003e-05 4.870753457717337358e-05
7.170808104999999841e+02 4.932029365996939047e-05 4.323242748780860891e-05
7.170811230000000478e+02 2.785701953162386779e-05 3.806112930400814095e-05
7.170814354999999978e+02 2.604999773075203530e-05 3.325888960290140011e-05
7.170817479999999478e+02 2.377804970815114406e-05 2.889088987128216363e-05
7.170820605000000114e+02 2.635330787822741199e-05 2.502041689091634761e-05
7.170823729999999614e+02 3.039914310117775622e-05 2.170688739696656971e-05
7.170826855000000251e+02 2.524509258716398243e-05 1.900382215929745730e-05
7.170829979999999750e+02 1.946205412610799862e-05 1.695688623629437090e-05
7.170833105000000387e+02 1.298297428939700207e-05 1.560212130611632989e-05
7.170836229999999887e+02 1.153644668157664100e-05 1.496449326610778194e-05
7.170839355000000523e+02 1.580024366598794137e-05 1.505686228241271339e-05
7.170842480000000023e+02 1.514892739902608512e-05 1.587945417073578083e-05
7.170845604999999523e+02 2.330698864870180164e-05 1.741987406042055207e-05
7.170848730000000160e+02 2.871547391942424801e-05 1.965366032528086378e-05
7.170851854999999659e+02 2.836956884962789303e-05 2.254533410044194493e-05
7.170854980000000296e+02 2.925561352255872202e-05 2.604986273028189208e-05
7.170858104999999796e+02 3.372414230200715732e-05 3.011442842168058473e-05
7.170861230000000432e+02 3.459767013164299470e-05 3.468037893110541997e-05
7.170864354999999932e+02 2.565327736083111352e-05 3.968523559186903546e-05
7.170867480000000569e+02 4.154740806304748447e-05 4.506464430419314919e-05
7.170870605000000069e+02 5.149411628872441676e-05 5.075417413046447830e-05
7.170873729999999568e+02 5.351870002804149301e-05 5.669089273338064245e-05
7.170876855000000205e+02 5.245083765022578781e-05 6.281467407985963749e-05
7.170879979999999705e+02 6.512602948412922184e-05 6.906921891889448582e-05
7.170883105000000342e+02 7.605189817511732347e-05 7.540279007532710938e-05
7.170886229999999841e+02 7.907070527255186706e-05 8.176868126814626026e-05
7.170889355000000478e+02 8.173217129299374195e-05 8.812544984501966070e-05
7.170892479999999978e+02 7.985408977014105299e-05 9.443695031583161702e-05
7.170895604999999478e+02 8.667587635363495683e-05 1.006722081440495367e-04
7.170898730000000114e+02 1.136998386159892161e-04 1.068051722949036231e-04
7.170901854999999614e+02 1.031877457641083043e-04 1.128143820113979863e-04
7.170904980000000251e+02 1.111349825000079023e-04 1.186825787964665110e-04
7.170908104999999750e+02 1.434517292945038352e-04 1.243962893742961244e-04
7.170911230000000387e+02 1.260610668551415516e-04 1.299454003210899337e-04
7.170914354999999887e+02 1.403496010091824519e-04 1.353227400234687221e-04
7.170917480000000523e+02 1.325646863670310819e-04 1.405236794029994182e-04
7.170920605000000023e+02 1.618016221300263874e-04 1.455457590150913008e-04
7.170923729999999523e+02 1.568351900571932620e-04 1.503883472368945629e-04
7.170926855000000160e+02 1.632025251222198373e-04 1.550523317780641748e-04
7.170929979999999659e+02 1.618616632537545855e-04 1.595398450258491178e-04
7.170933105000000296e+02 1.656598743525115294e-04 1.638540224358812035e-04
7.170936229999999796e+02 1.606640364976204694e-04 1.679987922374352272e-04
7.170939355000000432e+02 1.807044103004589830e-04 1.719786942531836816e-04
7.170942479999999932e+02 1.852399075255592247e-04 1.757987252230982221e-04
7.170945605000000569e+02 1.898079432352368316e-04 1.794642079977956650e-04
7.170948730000000069e+02 1.718986123998605313e-04 1.829806818830094885e-04
7.170951854999999568e+02 1.740906955416602459e-04 1.863538116093360489e-04
7.170954980000000205e+02 1.828272727729031585e-04 1.895893124854045400e-04
7.170958104999999705e+02 2.237779357412811819e-04 1.926928895372250795e-04
7.170961230000000342e+02 2.318160658300463339e-04 1.956701886437260760e-04
7.170964354999999841e+02 2.091578167739368860e-04 1.985267578536894476e-04
7.170967480000000478e+02 2.050197328335405110e-04 2.012680173410030891e-04
7.170970604999999978e+02 2.220014534606737323e-04 2.038992365821288134e-04
7.170973729999999478e+02 1.958393080557505387e-04 2.064255175883417505e-04
7.170976855000000114e+02 2.001400707588817638e-04 2.088517831320846764e-04
7.170979979999999614e+02 2.156769403121546510e-04 2.111827690910791238e-04
7.170983105000000251e+02 2.172739104601065902e-04 2.134230201616735658e-04
7.170986229999999750e+02 2.008229579029766618e-04 2.155768882785232573e-04
7.170989355000000387e+02 1.950785245706485071e-04 2.176485332255208131e-04
7.170992479999999887e+02 2.027590674135883576e-04 2.196419249572880827e-04
7.170995605000000523e+02 2.215446749464070920e-04 2.215608472764106387e-04
7.170998730000000023e+02 2.107885549292147780e-04 2.234089025262417025e-04
7.171001854999999523e+02 2.385470143559488619e-04 2.251895170603433955e-04
7.171004980000000160e+02 2.394145054238807485e-04 2.269059472553499072e-04
7.171008104999999659e+02 2.426831145770360579e-04 2.285612858986651303e-04
7.171011230000000296e+02 2.348779199330972088e-04 2.301584688133831078e-04
7.171014354999999796e+02 2.665988373169258618e-04 2.317002815896224090e-04
7.171017480000000432e+02 2.482258299580306082e-04 2.331893663484248421e-04
7.171020604999999932e+02 2.379032870769479092e-04 2.346282284464212213e-04
7.171023730000000569e+02 2.067460925761912898e-04 2.360192430820726910e-04
7.171026855000000069e+02 2.141653323649973610e-04 2.373646617422136510e-04
7.171029979999999568e+02 1.981793681058657635e-04 2.386666184722052882e-04
7.171033105000000205e+02 2.573749239504018573e-04 2.399271359327025078e-04
7.171036229999999705e+02 2.097794829666104421e-04 2.411481312317577765e-04
7.171039355000000342e+02 2.387859488980567397e-04 2.423314215256476198e-04
7.171042479999999841e+02 2.585008113551278265e-04 2.434787293711840165e-04
7.171045605000000478e+02 2.485496455512028612e-04 2.445916878410357600e-04
7.171048729999999978e+02 2.235524106478427872e-04 2.456718453890852191e-04
7.171051854999999478e+02 2.097620735530662274e-04 2.467206704820017020e-04
7.171054980000000114e+02 2.462240489053503837e-04 2.477395559917014304e-04
7.171058104999999614e+02 2.642135772508248984e-04 2.487298233594189981e-04
7.171061230000000251e+02 2.534322211795988827e-04 2.496927265422149342e-04
7.171064354999999750e+02 2.532903463460858535e-04 2.506294557409533192e-04
7.171067480000000387e+02 2.303750755000271040e-04 2.515411409294807414e-04
7.171070604999999887e+02 2.668757170902085244e-04 2.524288551826540917e-04
7.171073730000000523e+02 2.563127216213590982e-04 2.532936178231259133e-04
7.171076855000000023e+02 2.416844950907759513e-04 2.541363973852572627e-04
7.171079979999999523e+02 2.601424329248751928e-04 2.549581144151044057e-04
7.171083105000000160e+02 2.872534504169951602e-04 2.557596441071945982e-04
7.171086229999999659e+02 2.462125661124861466e-04 2.565418187899318474e-04
7.171089355000000296e+02 2.781586357469842744e-04 2.573054302705868367e-04
7.171092479999999796e+02 2.714416358760443973e-04 2.580512320406386294e-04
7.171095605000000432e+02 2.634274372727804818e-04 2.587799413578815619e-04
7.171098729999999932e+02 2.867970916543195899e-04 2.594922412036829509e-04
7.171101855000000569e+02 2.815116636904824773e-04 2.601887821310242899e-04
7.171104980000000069e+02 2.468448396457241208e-04 2.608701840014413225e-04
7.171108104999999568e+02 2.543720360810731301e-04 2.615370376251928376e-04
7.171111230000000205e+02 2.749884479683275705e-04 2.621899063041650910e-04
7.171114354999999705e+02 2.578599564537245288e-04 2.628293272857987911e-04
7.171117480000000342e+02 2.680148398878983373e-04 2.634558131355935304e-04
7.171120604999999841e+02 2.424210599793068829e-04 2.640698530273470775e-04
7.171123730000000478e+02 2.656814686334465353e-04 2.646719139630497337e-04
7.171126854999999978e+02 2.902722077437828985e-04 2.652624419195839301e-04
7.171129979999999478e+02 2.520865590244049988e-04 2.658418629333561241e-04
7.171133105000000114e+02 2.488583525913722451e-04 2.664105841212456951e-04
7.171136229999999614e+02 2.638032039298845435e-04 2.669689946438615459e-04
7.171139355000000251e+02 2.169826142536806113e-04 2.675174666165485078e-04
7.171142479999999750e+02 2.912787723696560918e-04 2.680563559663017058e-04
7.171145605000000387e+02 2.544403949383907846e-04 2.685860032439367690e-04
7.171148729999999887e+02 2.930267151306556440e-04 2.691067343880044777e-04
7.171151855000000523e+02 2.610355440290395472e-04 2.696188614494204839e-04
7.171154980000000023e+02 2.772726447315955424e-04 2.701226832731741783e-04
