7.083521879999999555e+02 3.606738742902779724e-04 3.313941658261206221e-04
7.083525004999999055e+02 3.628966936653182495e-04 3.321731043347810010e-04
7.083528129999999692e+02 3.525090223536306473e-04 3.329123951025228425e-04
7.083531254999999192e+02 3.857322038613850341e-04 3.336103703491347409e-04
7.083534379999999828e+02 3.105440599082535968e-04 3.342652801393776636e-04
7.083537504999999328e+02 3.557594203470452912e-04 3.348752879111252740e-04
7.083540629999999965e+02 3.603378269216962271e-04 3.354384657591476899e-04
7.083543754999999464e+02 4.210282215342783839e-04 3.359527894552189007e-04
7.083546880000000101e+02 3.532095012717974530e-04 3.364161331998789415e-04
7.083550004999999601e+02 3.619091301732370921e-04 3.368262640876622509e-04
7.083553129999999101e+02 3.950447556501763234e-04 3.371808362802262418e-04
7.083556254999999737e+02 3.706732000232413715e-04 3.374773848718753445e-04
7.083559379999999237e+02 2.715923160797835195e-04 3.377133194393705279e-04
7.083562504999999874e+02 3.290635853402521698e-04 3.378859172672645937e-04
7.083565629999999373e+02 3.541878239800801869e-04 3.379923162384233185e-04
7.083568755000000010e+02 3.124276830995313626e-04 3.380295073859931367e-04
7.083571879999999510e+02 3.712801554346594293e-04 3.379943271007533742e-04
7.083575004999999010e+02 3.041458586733379686e-04 3.378834489938525995e-04
7.083578129999999646e+02 3.401941961170413240e-04 3.376933754164094061e-04
7.083581254999999146e+02 3.158226770098764903e-04 3.374204286434255009e-04
7.083584379999999783e+02 3.402780620844825308e-04 3.370607417326231046e-04
7.083587504999999283e+02 3.078784311381424759e-04 3.366102490790022061e-04
7.083590629999999919e+02 3.314386612673556314e-04 3.360646766883807444e-04
7.083593754999999419e+02 3.336478569915379681e-04 3.354195322101912770e-04
7.083596880000000056e+02 2.587284568740181711e-04 3.346700947717775221e-04
7.083600004999999555e+02 3.067623569559634598e-04 3.338114046818377290e-04
7.083603129999999055e+02 3.535646327455128912e-04 3.328382530734244268e-04
7.083606254999999692e+02 2.959274373011554931e-04 3.317451715896134923e-04
7.083609379999999192e+02 3.197715218723640607e-04 3.305264222300251264e-04
7.083612504999999828e+02 3.243218628513710013e-04 3.291759875000392784e-04
7.083615629999999328e+02 3.059098779528290771e-04 3.276875610520151852e-04
7.083618754999999965e+02 3.358295452936189605e-04 3.260545390202479162e-04
7.083621879999999464e+02 3.174964429915755619e-04 3.242700123244390332e-04
7.083625005000000101e+02 2.961790590395017332e-04 3.223267602336406918e-04
7.083628129999999601e+02 2.759597330039753799e-04 3.202172455774545583e-04
7.083631254999999101e+02 2.538192075588144455e-04 3.179336120195523944e-04
7.083634379999999737e+02 2.984296262744265361e-04 3.154676839226399233e-04
7.083637504999999237e+02 2.893579230292879999e-04 3.128109694004034915e-04
7.083640629999999874e+02 2.412534769217770838e-04 3.099546672477452637e-04
7.083643754999999373e+02 2.703364282099700137e-04 3.068896785889371260e-04
7.083646880000000010e+02 3.040081373056356998e-04 3.036066241577313517e-04
7.083650004999999510e+02 2.502411543578451957e-04 3.000958683302603486e-04
7.083653129999999010e+02 2.898621402444297819e-04 2.963475511221845917e-04
7.083656254999999646e+02 2.220071555600474321e-04 2.923516295975846181e-04
7.083659379999999146e+02 2.678657017026877607e-04 2.880979302858856141e-04
7.083662504999999783e+02 2.742909817666733881e-04 2.835762143949047262e-04
7.083665629999999283e+02 2.246066790261593536e-04 2.787762578695753045e-04
7.083668754999999919e+02 2.059622658507377635e-04 2.736879484688102158e-04
7.083671879999999419e+02 2.134442243940325688e-04 2.683014023377941351e-04
7.083675005000000056e+02 2.049815494525100419e-04 2.626071026312456124e-04
7.083678129999999555e+02 2.286686299996210342e-04 2.565960630136477337e-04
7.083681254999999055e+02 1.921961126469940828e-04 2.502600188462610108e-04
7.083684379999999692e+02 2.207761174113369480e-04 2.435916490076939472e-04
7.083687504999999192e+02 2.256962926318090861e-04 2.365848311454014691e-04
7.083690629999999828e+02 2.096979013699420730e-04 2.292349329170759555e-04
7.083693754999999328e+02 2.202914108545370598e-04 2.215391414487878575e-04
7.083696879999999965e+02 2.013430198836700278e-04 2.134968324259874106e-04
7.083700004999999464e+02 1.709376239714830911e-04 2.051099794243245249e-04
7.083703130000000101e+02 1.509107701922502581e-04 1.963836025686294942e-04
7.083706254999999601e+02 1.877649347522447783e-04 1.873262540152653938e-04
7.083709379999999101e+02 1.750925147386085180e-04 1.779505352980255395e-04
7.083712504999999737e+02 1.592555324691594142e-04 1.682736389467719086e-04
7.083715629999999237e+02 1.423805950388442362e-04 1.583179033258971520e-04
7.083718754999999874e+02 1.478624755365557319e-04 1.481113657417517770e-04
7.083721879999999373e+02 1.289428560184751520e-04 1.376882946521654195e-04
7.083725005000000010e+02 1.273365934345799342e-04 1.270896769627738313e-04
7.083728129999999510e+02 1.190230948843213493e-04 1.163636319230842373e-04
7.083731254999999010e+02 1.036285019525375501e-04 1.055657184944116817e-04
7.083734379999999646e+02 1.208548135633284325e-04 9.475909963447309479e-05
7.083737504999999146e+02 1.230723574749055559e-04 8.401452451192790820e-05
7.083740629999999783e+02 1.180890972079494405e-04 7.341008936272252052e-05
7.083743754999999283e+02 8.874872861487076024e-05 6.303074022531437797e-05
7.083746879999999919e+02 8.355215157229536665e-05 5.296748628782724260e-05
7.083750004999999419e+02 9.161808130566965135e-05 4.331630235111884927e-05
7.083753130000000056e+02 7.528918021136976992e-05 3.417671221932893640e-05
7.083756254999999555e+02 5.515216222270354199e-05 2.565006244157150571e-05
7.083759379999999055e+02 4.081138769573992500e-05 1.783751609603029397e-05
7.083762504999999692e+02 4.557761776868986909e-05 1.083781883292769964e-05
7.083765629999999192e+02 2.918545148965880615e-05 4.744911607686071648e-06
7.083768754999999828e+02 3.782038013528148861e-05 -3.545153410220594524e-07
7.083771879999999328e+02 2.885049340455891591e-05 -4.383417210723022873e-06
7.083775004999999965e+02 2.858172868286053798e-05 -7.276619672600108576e-06
7.083778129999999464e+02 1.922293623678794896e-05 -8.982756050479917241e-06
7.083781255000000101e+02 1.980430562634942241e-05 -9.465808611659559218e-06
7.083784379999999601e+02 2.111754232730578965e-05 -8.706165441308010049e-06
7.083787504999999101e+02 9.326464801044188956e-06 -6.701132168004730575e-06
7.083790629999999737e+02 5.853788024275744312e-06 -3.464871209557869578e-06
7.083793754999999237e+02 6.690759340863179785e-06 9.722228917481864372e-07
7.083796879999999874e+02 1.521406990042291405e-06 6.564668772531464707e-06
7.083800004999999373e+02 5.551406341361530536e-06 1.325349064115180659e-05
7.083803130000000010e+02 9.045153612458413484e-06 2.096816132246286828e-05
7.083806254999999510e+02 2.333261678230570617e-05 2.962878537379539799e-05
7.083809379999999010e+02 1.095653115995967911e-05 3.914840729407377133e-05
7.083812504999999646e+02 1.377543532223358403e-05 4.943533408888224070e-05
7.083815629999999146e+02 2.069458587811281785e-05 6.039537334535673944e-05
7.083818754999999783e+02 2.702863725492308858e-05 7.193390516146356802e-05
7.083821879999999283e+02 4.728489755534955941e-05 8.395772635530742638e-05
7.083825004999999919e+02 5.324668124019705053e-05 9.637662667735871498e-05
7.083828129999999419e+02 7.946731449089634088e-05 1.091046765495802111e-04
7.083831255000000056e+02 5.873347437710687256e-05 1.220612237823340490e-04
7.083834379999999555e+02 7.666696191926746602e-05 1.351716108297254071e-04
7.083837504999999055e+02 9.453849502588426560e-05 1.483676351981232913e-04
7.083840629999999692e+02 8.923748224703139731e-05 1.615877825513353197e-04
7.083843754999999192e+02 1.562749309587447742e-04 1.747772661667025399e-04
7.083846879999999828e+02 1.466233609829414506e-04 1.878879076284515346e-04
7.083850004999999328e+02 1.575086445119714047e-04 2.008778925866818615e-04
7.083853129999999965e+02 1.705115822263546742e-04 2.137114332715934898e-04
7.083856254999999464e+02 2.047055371316184929e-04 2.263583657726283757e-04
7.083859380000000101e+02 1.924695667560407156e-04 2.387937065044775091e-04
7.083862504999999601e+02 2.287472037559403534e-04 2.509971879424219158e-04
7.083865629999999101e+02 2.432173861988778626e-04 2.629527900790194599e-04
7.083868754999999737e+02 2.575084774379962985e-04 2.746482801709161474e-04
7.083871879999999237e+02 2.945533154013273125e-04 2.860747702826882594e-04
7.083875004999999874e+02 2.932007556765842127e-04 2.972262993552012619e-04
7.083878129999999373e+02 2.856268169921543547e-04 3.080994440675545302e-04
7.083881255000000010e+02 3.375809213856572548e-04 3.186929611188459997e-04
7.083884379999999510e+02 3.486867612411508055e-04 3.290074618200520109e-04
7.083887504999999010e+02 3.336076267616412097e-04 3.390451190112044868e-04
7.083890629999999646e+02 3.113650595200738447e-04 3.488094052681606650e-04
7.083893754999999146e+02 4.110373013938612590e-04 3.583048609198992169e-04
7.083896879999999783e+02 3.277665396721423752e-04 3.675368900067920732e-04
7.083900004999999283e+02 4.126356962273313301e-04 3.765115819657381332e-04
7.083903129999999919e+02 4.849358651947367413e-04 3.852355569190974750e-04
7.083906254999999419e+02 4.062176924660612209e-04 3.937158322182026022e-04
7.083909380000000056e+02 4.806003489307085182e-04 4.019597081582902188e-04
7.083912504999999555e+02 4.420763763110618612e-04 4.099746706750949030e-04
7.083915629999999055e+02 4.404654834448625575e-04 4.177683091601402531e-04
7.083918754999999692e+02 4.721819420697225900e-04 4.253482475057653749e-04
7.083921879999999192e+02 4.464937533986776549e-04 4.327220867538963522e-04
7.083925004999999828e+02 4.316133648121876364e-04 4.398973578718102227e-04
7.083928129999999328e+02 4.381711053063962018e-04 4.468814832369724026e-04
7.083931254999999965e+02 5.054031724035945193e-04 4.536817457086892379e-04
7.083934379999999464e+02 5.408379198313851719e-04 4.603052641337904605e-04
7.083937505000000101e+02 5.914691606605055815e-04 4.667589744243209144e-04
7.083940629999999601e+02 5.643828251602715914e-04 4.730496152996098371e-04
7.083943754999999101e+02 5.581209929322320440e-04 4.791837180434603527e-04
7.083946879999999737e+02 5.139623530421876842e-04 4.851675995860784850e-04
7.083950004999999237e+02 5.794223602503445394e-04 4.910073583886244517e-04
7.083953129999999874e+02 5.305327638996925341e-04 4.967088726778964196e-04
7.083956254999999373e+02 5.352228477044758620e-04 5.022778005703318989e-04
7.083959380000000010e+02 5.144930029874430653e-04 5.077195818013452823e-04
7.083962504999999510e+02 5.844066347209628427e-04 5.130394406943382998e-04
7.083965629999999010e+02 6.086462046013197324e-04 5.182423901772048114e-04
7.083968754999999646e+02 5.678493230441963640e-04 5.233332365791675640e-04
7.083971879999999146e+02 5.776934972090671042e-04 5.283165850451898397e-04
7.083975004999999783e+02 6.231061057775802783e-04 5.331968454305556363e-04
7.083978129999999283e+02 5.977725016618765314e-04 5.379782384999380520e-04
7.083981254999999919e+02 6.017983402564430978e-04 5.426648023783413885e-04
7.083984379999999419e+02 6.139167397575175534e-04 5.472603991066656189e-04
7.083987505000000056e+02 5.658319808099084806e-04 5.517687212829003839e-04
7.083990629999999555e+02 5.828078424828534105e-04 5.561932986730615085e-04
7.083993754999999055e+02 6.271694008838664793e-04 5.605375047939736063e-04
7.083996879999999692e+02 5.975979257201564053e-04 5.648045633861925379e-04
7.084000004999999192e+02 6.511315651174392777e-04 5.689975547622774712e-04
7.084003129999999828e+02 6.751769756708377295e-04 5.731194220202468458e-04
7.084006254999999328e+02 6.022166284124756295e-04 5.771729770647700567e-04
7.084009379999999965e+02 5.689858358923391120e-04 5.811609064691197627e-04
7.084012504999999464e+02 6.139191467223070351e-04 5.850857771197874114e-04
7.084015630000000101e+02 5.907580427730284300e-04 5.889500416843156984e-04
7.084018754999999601e+02 6.099131733886723567e-04 5.927560438520638542e-04
7.084021879999999101e+02 6.052322519391698658e-04 5.965060233907673072e-04
7.084025004999999737e+02 6.683601714394292806e-04 6.002021209837622717e-04
7.084028129999999237e+02 6.646128653964561818e-04 6.038463828643919964e-04
7.084031254999999874e+02 6.418140602184361316e-04 6.074407652637110137e-04
7.084034379999999373e+02 6.262454598476175499e-04 6.109871386423585630e-04
7.084037505000000010e+02 6.491864686807100743e-04 6.144872917525584597e-04
7.084040629999999510e+02 6.286583970805729961e-04 6.179429354938700998e-04
7.084043754999999010e+02 5.668754763989099004e-04 6.213557066086620746e-04
7.084046879999999646e+02 6.472731149902131737e-04 6.247271711913868555e-04
7.084050004999999146e+02 6.675940491677638056e-04 6.280588280311667684e-04
7.084053129999999783e+02 6.169361030047480722e-04 6.313521118060610006e-04
7.084056254999999283e+02 5.217684619640263139e-04 6.346083961051228158e-04
7.084059379999999919e+02 6.940315441996960585e-04 6.378289963222705684e-04
7.084062504999999419e+02 5.979068285001242367e-04 6.410151723900323582e-04
7.084065630000000056e+02 6.626568603760174666e-04 6.441681313973845937e-04
7.084068754999999555e+02 6.735605773862732553e-04 6.472890300603364924e-04
7.084071879999999055e+02 6.762077233690375879e-04 6.503789770872372500e-04
7.084075004999999692e+02 5.928552989030278593e-04 6.534390354157287428e-04
7.084078129999999192e+02 6.373430141103236541e-04 6.564702243387101873e-04
7.084081254999999828e+02 6.176060620721767532e-04 6.594735215355857069e-04
7.084084379999999328e+02 6.724291788660114073e-04 6.624498649863462887e-04
7.084087504999999965e+02 6.200522543060389604e-04 6.654001548076433946e-04
7.084090629999999464e+02 6.468151022679305808e-04 6.683252549806613634e-04
7.084093755000000101e+02 6.305220856254447823e-04 6.712259950100251229e-04
7.084096879999999601e+02 6.394567250603295366e-04 6.741031714837578646e-04
7.084100004999999101e+02 6.432770474642482850e-04 6.769575495714852745e-04
7.084103129999999737e+02 6.669825127637862838e-04 6.797898644383197327e-04
7.084106254999999237e+02 6.625561222389601823e-04 6.826008225889691663e-04
7.084109379999999874e+02 6.201201801359494973e-04 6.853911031557664109e-04
7.084112504999999373e+02 6.272036161064119871e-04 6.881613591084123453e-04
7.084115630000000010e+02 5.831573523503161879e-04 6.909122184203609143e-04
7.084118754999999510e+02 5.903913476844350680e-04 6.936442851624397650e-04
7.084121879999999010e+02 6.661892515586738221e-04 6.963581405579019092e-04
7.084125004999999646e+02 6.277454604295214149e-04 6.990543439765415376e-04
7.084128129999999146e+02 6.571384484414073083e-04 7.017334338806787385e-04
7.084131254999999783e+02 7.108840674242393205e-04 7.043959287351484865e-04
7.084134379999999283e+02 6.417609469449303550e-04 7.070423278592447014e-04
7.084137504999999919e+02 6.561601127539440186e-04 7.096731122530530646e-04
7.084140629999999419e+02 6.601493905292252348e-04 7.122887453692896675e-04
7.084143755000000056e+02 6.489373291502116819e-04 7.148896738634652644e-04
