7.165316854999999805e+02 3.533045164747013623e-04 3.253003480036344196e-04
7.165319980000000442e+02 3.343776555157707475e-04 3.254617731070237456e-04
7.165323104999999941e+02 3.201208869392861396e-04 3.256085843080415302e-04
7.165326230000000578e+02 3.677553210313191955e-04 3.257402061033533866e-04
7.165329355000000078e+02 3.455983411250899474e-04 3.258560354251978960e-04
7.165332480000000714e+02 3.124749885699492930e-04 3.259554401056967378e-04
7.165335605000000214e+02 2.491013778598917040e-04 3.260377572444858076e-04
7.165338730000000851e+02 3.418386201582029101e-04 3.261022914745387215e-04
7.165341855000000351e+02 3.274655242012042364e-04 3.261483131181174347e-04
7.165344979999999850e+02 3.188328800898098531e-04 3.261750562264015187e-04
7.165348105000000487e+02 3.340716301059238388e-04 3.261817164941998941e-04
7.165351229999999987e+02 3.277104333875422619e-04 3.261674490417201854e-04
7.165354355000000623e+02 3.350010837680823415e-04 3.261313660542466053e-04
7.165357480000000123e+02 3.795775651205194733e-04 3.260725342702015437e-04
7.165360605000000760e+02 3.556178390482221978e-04 3.259899723071721660e-04
7.165363730000000260e+02 3.766619195571184703e-04 3.258826478154469510e-04
7.165366854999999759e+02 3.170647341059200808e-04 3.257494744468474924e-04
7.165369980000000396e+02 3.248676628604834130e-04 3.255893086271629319e-04
7.165373104999999896e+02 3.280332382548592908e-04 3.254009461190871498e-04
7.165376230000000533e+02 3.387356373468808943e-04 3.251831183610436700e-04
7.165379355000000032e+02 3.263882740982738018e-04 3.249344885689599500e-04
7.165382480000000669e+02 2.947335540855489664e-04 3.246536475834636295e-04
7.165385605000000169e+02 2.662252590564757404e-04 3.243391094489119419e-04
7.165388730000000805e+02 3.464030496358346239e-04 3.239893067044411997e-04
7.165391855000000305e+02 3.043256216726413551e-04 3.236025853726859076e-04
7.165394979999999805e+02 2.974316378250961980e-04 3.231771996243355208e-04
7.165398105000000442e+02 3.512145801613563226e-04 3.227113061025695551e-04
7.165401229999999941e+02 3.095792963946397192e-04 3.222029578870445887e-04
7.165404355000000578e+02 3.086706821192721287e-04 3.216500980756463847e-04
7.165407480000000078e+02 2.575044647884492440e-04 3.210505529686430676e-04
7.165410605000000714e+02 3.517122611181480556e-04 3.204020248296978270e-04
7.165413730000000214e+02 2.871825104990960963e-04 3.197020842109264227e-04
7.165416855000000851e+02 3.446843212454208847e-04 3.189481618166256876e-04
7.165419980000000351e+02 3.066313051555078764e-04 3.181375398963059596e-04
7.165423104999999850e+02 3.128430591815250638e-04 3.172673431443526508e-04
7.165426230000000487e+02 2.760897664441941141e-04 3.163345291009359538e-04
7.165429354999999987e+02 3.381035692286229219e-04 3.153358780440467879e-04
7.165432480000000623e+02 3.398462980407526528e-04 3.142679823660362464e-04
7.165435605000000123e+02 3.280756081500223035e-04 3.131272354476625727e-04
7.165438730000000760e+02 2.621764664124834831e-04 3.119098200310442331e-04
7.165441855000000260e+02 3.053519470010192531e-04 3.106116961277182657e-04
7.165444979999999759e+02 3.381625164221435794e-04 3.092285884864732983e-04
7.165448105000000396e+02 2.581591604576906926e-04 3.077559736860764248e-04
7.165451229999999896e+02 3.405554625494336862e-04 3.061890669248830128e-04
7.165454355000000533e+02 2.585186251648244294e-04 3.045228086027740354e-04
7.165457480000000032e+02 3.070567716166084943e-04 3.027518508427091428e-04
7.165460605000000669e+02 3.372513205362955317e-04 3.008705441059629331e-04
7.165463730000000169e+02 3.175919740795628212e-04 2.988729241391740879e-04
7.165466855000000805e+02 2.891833799291261228e-04 2.967526995076816580e-04
7.165469980000000305e+02 2.752184151887704421e-04 2.945032400801269983e-04
7.165473104999999805e+02 2.867076619999379722e-04 2.921175668661828953e-04
7.165476230000000442e+02 3.158184700698585170e-04 2.895883437470734689e-04
7.165479354999999941e+02 2.390800244980231251e-04 2.869078717285758083e-04
7.165482480000000578e+02 2.951253244130788429e-04 2.840680864781018112e-04
7.165485605000000078e+02 2.822451866479449623e-04 2.810605601015725126e-04
7.165488730000000714e+02 2.958222834089518525e-04 2.778765082479789481e-04
7.165491855000000214e+02 2.598462984533041632e-04 2.745068039098273694e-04
7.165494980000000851e+02 2.666951223867722732e-04 2.709419994690930120e-04
7.165498105000000351e+02 2.930200947520747944e-04 2.671723588957175977e-04
7.165501229999999850e+02 2.515522770663649612e-04 2.631879022529638149e-04
7.165504355000000487e+02 2.282664404265026135e-04 2.589784650925091420e-04
7.165507479999999987e+02 2.443105026151722167e-04 2.545337756747923386e-04
7.165510605000000623e+02 2.398864289392037361e-04 2.498435533686617924e-04
7.165513730000000123e+02 2.246817806326809866e-04 2.448976320862074276e-04
7.165516855000000760e+02 2.543345095057140894e-04 2.396861129668113562e-04
7.165519980000000260e+02 1.863841999676401533e-04 2.341995510568310377e-04
7.165523104999999759e+02 1.953507082438449510e-04 2.284291809909496491e-04
7.165526230000000396e+02 2.270415808941924859e-04 2.223671870447247682e-04
7.165529354999999896e+02 1.874659798662713149e-04 2.160070229527858245e-04
7.165532480000000533e+02 1.934458134583338571e-04 2.093437867022032370e-04
7.165535605000000032e+02 1.844490654668682770e-04 2.023746550398297075e-04
7.165538730000000669e+02 1.994472341475616401e-04 1.950993812379889962e-04
7.165541855000000169e+02 1.773548738946082988e-04 1.875208580728730302e-04
7.165544980000000805e+02 1.714033679325688102e-04 1.796457452156857151e-04
7.165548105000000305e+02 1.767576540714845435e-04 1.714851567604575087e-04
7.165551229999999805e+02 1.561205444953969745e-04 1.630553995739279576e-04
7.165554355000000442e+02 1.460080011388535128e-04 1.543787470712483880e-04
7.165557479999999941e+02 1.471920919521990927e-04 1.454842252633040546e-04
7.165560605000000578e+02 1.154197048472313086e-04 1.364083789082550316e-04
7.165563730000000078e+02 1.319289933499818480e-04 1.271959756564049009e-04
7.165566855000000714e+02 1.305970868298918382e-04 1.179005953625901937e-04
7.165569980000000214e+02 1.187945927405130323e-04 1.085850418641498468e-04
7.165573105000000851e+02 9.042951991847327550e-05 9.932150600780861795e-05
7.165576230000000351e+02 1.215071193361221615e-04 9.019140411183223138e-05
7.165579354999999850e+02 1.047867589435786328e-04 8.128481652108323946e-05
7.165582480000000487e+02 7.029840135265653695e-05 7.269945936244503082e-05
7.165585604999999987e+02 8.206774156955249483e-05 6.453914014328014572e-05
7.165588730000000623e+02 7.438054058772812179e-05 5.691167598290924711e-05
7.165591855000000123e+02 6.384355125255352455e-05 4.992629183361813961e-05
7.165594980000000760e+02 7.179510586922056208e-05 4.369056276644664005e-05
7.165598105000000260e+02 7.389252240959574250e-05 3.830701596775813278e-05
7.165601229999999759e+02 4.410408943661341227e-05 3.386955797765361427e-05
7.165604355000000396e+02 3.277387917042341248e-05 3.045993434673241777e-05
7.165607479999999896e+02 3.769245698999615574e-05 2.814445427674748223e-05
7.165610605000000533e+02 1.864048486648960413e-05 2.697121600876469441e-05
7.165613730000000032e+02 3.223330827479941988e-05 2.696804603850558158e-05
7.165616855000000669e+02 1.717334070965265301e-05 2.814131692266819338e-05
7.165619980000000169e+02 1.691096670772234122e-05 3.047573932191387919e-05
7.165623105000000805e+02 3.116474212462407088e-05 3.393514234119848598e-05
7.165626230000000305e+02 3.887529169570744735e-05 3.846417303910469522e-05
7.165629354999999805e+02 5.211550636771505006e-05 4.399077232295925215e-05
7.165632480000000442e+02 5.338143764477301071e-05 5.042922941755461621e-05
7.165635604999999941e+02 4.881980300970051735e-05 5.768358658968015965e-05
7.165638730000000578e+02 4.344748928251760425e-05 6.565116122195916218e-05
7.165641855000000078e+02 5.796900560042656252e-05 7.422597095551728330e-05
7.165644980000000714e+02 3.854282562010530045e-05 8.330188422907499094e-05
7.165648105000000214e+02 8.708304470498280463e-05 9.277536540691558710e-05
7.165651230000000851e+02 7.229762223276219816e-05 1.025477342473333093e-04
7.165654355000000351e+02 1.238900833812023143e-04 1.125269068024930391e-04
7.165657479999999850e+02 1.015734545223584152e-04 1.226286253932306431e-04
7.165660605000000487e+02 1.265208470053354726e-04 1.327772158532559976e-04
7.165663729999999987e+02 1.225319254051291773e-04 1.429059308860156519e-04
7.165666855000000623e+02 1.563490335142378701e-04 1.529569494266827979e-04
7.165669980000000123e+02 1.525402376849235549e-04 1.628811049133864648e-04
7.165673105000000760e+02 1.578353607262316229e-04 1.726374127694913104e-04
7.165676230000000260e+02 1.542825887907786631e-04 1.821924603741014641e-04
7.165679354999999759e+02 2.110944482998532623e-04 1.915197139832520989e-04
7.165682480000000396e+02 2.070211375099178901e-04 2.005987869600434287e-04
7.165685604999999896e+02 2.630763524181507058e-04 2.094147040466154386e-04
7.165688730000000533e+02 1.892138294978683484e-04 2.179571874597112336e-04
7.165691855000000032e+02 1.817181089641132152e-04 2.262199827094097206e-04
7.165694980000000669e+02 2.457290137349653998e-04 2.342002357695927603e-04
7.165698105000000169e+02 2.411363226971082688e-04 2.418979278900164006e-04
7.165701230000000805e+02 3.103917628923359771e-04 2.493153706011890132e-04
7.165704355000000305e+02 2.644926804704266030e-04 2.564567603902812433e-04
7.165707479999999805e+02 2.647256849617068714e-04 2.633277906979311156e-04
7.165710605000000442e+02 2.313394028247769550e-04 2.699353174237627945e-04
7.165713729999999941e+02 3.015201117630129067e-04 2.762870734664072260e-04
7.165716855000000578e+02 2.385078270783243921e-04 2.823914274633233107e-04
7.165719980000000078e+02 3.116052958526269114e-04 2.882571817573247822e-04
7.165723105000000714e+02 3.246083128557384874e-04 2.938934048911080949e-04
7.165726230000000214e+02 3.633328809964916440e-04 2.993092940648231005e-04
7.165729355000000851e+02 3.325471159717594710e-04 3.045140634853885282e-04
7.165732480000000351e+02 2.702416105035553191e-04 3.095168547946851984e-04
7.165735604999999850e+02 3.233032497544540340e-04 3.143266662937321278e-04
7.165738730000000487e+02 2.824461803440080098e-04 3.189522979639622109e-04
7.165741854999999987e+02 3.619165835648079088e-04 3.234023097291491527e-04
7.165744980000000623e+02 2.991386779669975458e-04 3.276849907406673102e-04
7.165748105000000123e+02 3.435690055939097246e-04 3.318083377255219785e-04
7.165751230000000760e+02 3.855897207536139481e-04 3.357800408072696054e-04
7.165754355000000260e+02 3.829195573924969696e-04 3.396074753572031609e-04
7.165757479999999759e+02 3.710097247985458865e-04 3.432976987462770966e-04
7.165760605000000396e+02 3.545806346223426969e-04 3.468574509723046958e-04
7.165763729999999896e+02 3.762399121587050145e-04 3.502931583517662176e-04
7.165766855000000533e+02 3.442153740136510336e-04 3.536109396004326398e-04
7.165769980000000032e+02 3.587750869357762113e-04 3.568166137021028424e-04
7.165773105000000669e+02 3.994382884521518193e-04 3.599157091354186115e-04
7.165776230000000169e+02 3.946294316813104002e-04 3.629134740362665386e-04
7.165779355000000805e+02 3.777464229271555209e-04 3.658148870207431568e-04
7.165782480000000305e+02 3.665211567545403068e-04 3.686246683800122655e-04
7.165785604999999805e+02 4.229926400495377485e-04 3.713472914784852899e-04
7.165788730000000442e+02 3.888859197958583489e-04 3.739869941673861983e-04
7.165791854999999941e+02 4.555223782466448685e-04 3.765477900986112904e-04
7.165794980000000578e+02 3.393108821399321755e-04 3.790334798497474759e-04
7.165798105000000078e+02 3.297184442574741274e-04 3.814476617622288186e-04
7.165801230000000714e+02 4.626079570686086884e-04 3.837937424661221151e-04
7.165804355000000214e+02 3.734950277148313532e-04 3.860749470228962772e-04
7.165807480000000851e+02 3.877342934900474079e-04 3.882943286873265080e-04
7.165810605000000351e+02 4.504816750119158006e-04 3.904547782444285219e-04
7.165813729999999850e+02 4.055054918035410488e-04 3.925590329386644439e-04
7.165816855000000487e+02 4.299689391067230775e-04 3.946096849727391488e-04
7.165819979999999987e+02 4.265337762186830698e-04 3.966091895875586753e-04
7.165823105000000623e+02 4.557388530737027893e-04 3.985598727372144097e-04
7.165826230000000123e+02 3.687079307228658212e-04 4.004639383505816347e-04
7.165829355000000760e+02 3.837415755607647902e-04 4.023234752141597475e-04
7.165832480000000260e+02 3.860567012413754781e-04 4.041404634671499018e-04
7.165835604999999759e+02 4.163306179538414382e-04 4.059167807451315581e-04
7.165838730000000396e+02 3.968810798355600078e-04 4.076542079706403534e-04
7.165841854999999896e+02 4.107975548880262243e-04 4.093544348136436521e-04
7.165844980000000533e+02 4.033335142578615778e-04 4.110190648438237677e-04
7.165848105000000032e+02 3.729942585848955482e-04 4.126496203749616468e-04
7.165851230000000669e+02 3.748165642098168172e-04 4.142475470361628074e-04
7.165854355000000169e+02 4.025265714146472086e-04 4.158142180657568312e-04
7.165857480000000805e+02 3.892548409421375507e-04 4.173509383616273130e-04
7.165860605000000305e+02 4.217444116160995416e-04 4.188589482835975678e-04
7.165863729999999805e+02 3.839011338488374728e-04 4.203394272392545965e-04
7.165866855000000442e+02 3.925126740563307970e-04 4.217934970521211471e-04
7.165869979999999941e+02 3.822290426437200870e-04 4.232222251304813766e-04
7.165873105000000578e+02 4.169943372270699033e-04 4.246266274537519839e-04
7.165876230000000078e+02 4.230866888304300136e-04 4.260076713745767577e-04
7.165879355000000714e+02 4.111843099388290358e-04 4.273662782633731597e-04
7.165882480000000214e+02 3.917245049879125216e-04 4.287033259890259801e-04
7.165885605000000851e+02 4.369753622919277775e-04 4.300196512613039634e-04
7.165888730000000351e+02 4.631377680583610192e-04 4.313160518281131464e-04
7.165891854999999850e+02 4.583803732526638966e-04 4.325932885511172958e-04
7.165894980000000487e+02 4.252421825568340622e-04 4.338520873555374961e-04
7.165898104999999987e+02 4.501590420080878695e-04 4.350931410665326445e-04
7.165901230000000623e+02 4.417881590487674620e-04 4.363171111435534843e-04
7.165904355000000123e+02 4.449011290435406522e-04 4.375246293078893355e-04
7.165907480000000760e+02 4.443611906633828648e-04 4.387162990835358429e-04
7.165910605000000260e+02 3.742870142896538815e-04 4.398926972428946554e-04
7.165913729999999759e+02 4.254867656471914656e-04 4.410543751763512719e-04
7.165916855000000396e+02 3.904796305903024140e-04 4.422018601798571153e-04
7.165919979999999896e+02 4.580638174512513105e-04 4.433356566697302533e-04
7.165923105000000533e+02 4.853281611608893610e-04 4.444562473331602204e-04
7.165926230000000032e+02 4.007232306662873592e-04 4.455640942082307533e-04
7.165929355000000669e+02 4.626174884870226612e-04 4.466596397101304291e-04
7.165932480000000169e+02 4.704091608454467454e-04 4.477433075941532315e-04
7.165935605000000805e+02 4.351359133847526118e-04 4.488155038718075369e-04
7.165938730000000305e+02 4.286265290664459664e-04 4.498766176704764390e-04
