7.161532824999999320e+02 3.098175024925846430e-04 3.160848020422757517e-04
7.161535949999999957e+02 3.107212245116284946e-04 3.164424157640067766e-04
7.161539074999999457e+02 3.430237576019221947e-04 3.167881284411298327e-04
7.161542200000000093e+02 2.980162165465745773e-04 3.171214709429493665e-04
7.161545324999999593e+02 3.561689451755014734e-04 3.174419515209471704e-04
7.161548450000000230e+02 2.868809020724305244e-04 3.177490545302849470e-04
7.161551574999999730e+02 3.007325779220817790e-04 3.180422390672164781e-04
7.161554700000000366e+02 3.496668889202162399e-04 3.183209375203152071e-04
7.161557824999999866e+02 3.358675916603939653e-04 3.185845540256859623e-04
7.161560949999999366e+02 3.027325924033005150e-04 3.188324628227488344e-04
7.161564075000000003e+02 3.037881577479660967e-04 3.190640065007212733e-04
7.161567199999999502e+02 3.440146257806139221e-04 3.192784941291615668e-04
7.161570325000000139e+02 3.357605592401982555e-04 3.194751992648872511e-04
7.161573449999999639e+02 3.163579235898278472e-04 3.196533578242519288e-04
7.161576575000000275e+02 3.535407272121435913e-04 3.198121658134708031e-04
7.161579699999999775e+02 2.970440970990215288e-04 3.199507769042801643e-04
7.161582824999999275e+02 3.867678671662523170e-04 3.200682998457418898e-04
7.161585949999999912e+02 3.389187129398368425e-04 3.201637956985687651e-04
7.161589074999999411e+02 3.412853922876950405e-04 3.202362748797846258e-04
7.161592200000000048e+02 3.602746544419777692e-04 3.202846940039643753e-04
7.161595324999999548e+02 3.492893995598543013e-04 3.203079525054010855e-04
7.161598450000000184e+02 3.161270914703627282e-04 3.203048890259687699e-04
7.161601574999999684e+02 3.307783885603102257e-04 3.202742775509710878e-04
7.161604700000000321e+02 3.132796096362453148e-04 3.202148232748696440e-04
7.161607824999999821e+02 3.374497227833213406e-04 3.201251581773021911e-04
7.161610949999999320e+02 3.482776343157511015e-04 3.200038362881068178e-04
7.161614074999999957e+02 3.070809046043267696e-04 3.198493286193598937e-04
7.161617199999999457e+02 2.997905880712184857e-04 3.196600177407262454e-04
7.161620325000000093e+02 2.985341124169949142e-04 3.194341919720376636e-04
7.161623449999999593e+02 3.310140909970441816e-04 3.191700391680249113e-04
7.161626575000000230e+02 3.442539235612619036e-04 3.188656400648416677e-04
7.161629699999999730e+02 3.076347651159882959e-04 3.185189611614277399e-04
7.161632825000000366e+02 3.281128055248124127e-04 3.181278471016609237e-04
7.161635949999999866e+02 2.909031704112020932e-04 3.176900125286670441e-04
7.161639074999999366e+02 2.910953846242471149e-04 3.172030333741656326e-04
7.161642200000000003e+02 2.846525045280233479e-04 3.166643375520755135e-04
7.161645324999999502e+02 3.133977766172805026e-04 3.160711950209111123e-04
7.161648450000000139e+02 3.231902109297699619e-04 3.154207071781065593e-04
7.161651574999999639e+02 2.882972530170221774e-04 3.147097955577210309e-04
7.161654700000000275e+02 3.228561598196611404e-04 3.139351897924380543e-04
7.161657824999999775e+02 2.939077600464027576e-04 3.130934148176781648e-04
7.161660949999999275e+02 3.536671348825957072e-04 3.121807772839398044e-04
7.161664074999999912e+02 2.900726736682460215e-04 3.111933511636168757e-04
7.161667199999999411e+02 3.052556622088906319e-04 3.101269625373765499e-04
7.161670325000000048e+02 3.109988040498048111e-04 3.089771735533977746e-04
7.161673449999999548e+02 2.348152845644290213e-04 3.077392655800439210e-04
7.161676575000000184e+02 3.312325762208260345e-04 3.064082215685043592e-04
7.161679699999999684e+02 3.011261588740691501e-04 3.049787076901105259e-04
7.161682825000000321e+02 2.452259154930724210e-04 3.034450543138484009e-04
7.161685949999999821e+02 2.709837718250781647e-04 3.018012364557790352e-04
7.161689074999999320e+02 2.901617228500030419e-04 3.000408538458085176e-04
7.161692199999999957e+02 3.398229650819603511e-04 2.981571108429435595e-04
7.161695324999999457e+02 2.649246369857291236e-04 2.961427964821573529e-04
7.161698450000000093e+02 2.642629227072107933e-04 2.939902650185378182e-04
7.161701574999999593e+02 2.402778345400234617e-04 2.916914174656046297e-04
7.161704700000000230e+02 2.538350901194869579e-04 2.892376847122545827e-04
7.161707824999999730e+02 2.488519819110880486e-04 2.866200130068437745e-04
7.161710950000000366e+02 2.680404944451673065e-04 2.838288527333390938e-04
7.161714074999999866e+02 2.934579560345973058e-04 2.808541516863805021e-04
7.161717199999999366e+02 2.639020435912887226e-04 2.776853542646128253e-04
7.161720325000000003e+02 2.955114215098705562e-04 2.743114083765382165e-04
7.161723449999999502e+02 2.309056785932072330e-04 2.707207821992200646e-04
7.161726575000000139e+02 2.516520151573153940e-04 2.669014933673788501e-04
7.161729699999999639e+02 2.372888828128772126e-04 2.628411537293565961e-04
7.161732825000000275e+02 2.678276838749899988e-04 2.585270333204188389e-04
7.161735949999999775e+02 2.312035333037136650e-04 2.539461479514265119e-04
7.161739074999999275e+02 2.236799713414444092e-04 2.490853754542672496e-04
7.161742199999999912e+02 2.517469540985607483e-04 2.439316065022362570e-04
7.161745324999999411e+02 2.271973948669693631e-04 2.384719367043206092e-04
7.161748450000000048e+02 2.182638996481280286e-04 2.326939074960713617e-04
7.161751574999999548e+02 2.540967503350436514e-04 2.265858041935041745e-04
7.161754700000000184e+02 2.052999737530642800e-04 2.201370200946514439e-04
7.161757824999999684e+02 2.062818780332024049e-04 2.133384960053237914e-04
7.161760950000000321e+02 1.921770024488306076e-04 2.061832443571223197e-04
7.161764074999999821e+02 1.648853189483300995e-04 1.986669665120106008e-04
7.161767199999999320e+02 2.033633416336435456e-04 1.907887700507994693e-04
7.161770324999999957e+02 1.943500174108820429e-04 1.825519900775775478e-04
7.161773449999999457e+02 2.077420442385403661e-04 1.739651139399092574e-04
7.161776575000000093e+02 1.636800118131799152e-04 1.650428021550999491e-04
7.161779699999999593e+02 1.541630592848337096e-04 1.558069893991299046e-04
7.161782825000000230e+02 1.248389123540392953e-04 1.462880374498187243e-04
7.161785949999999730e+02 1.158470761064395681e-04 1.365258975368064580e-04
7.161789075000000366e+02 1.486606664266311407e-04 1.265712220943626947e-04
7.161792199999999866e+02 1.320634721410832548e-04 1.164863470446182177e-04
7.161795324999999366e+02 1.265591548484609231e-04 1.063460460680338291e-04
7.161798450000000003e+02 1.011321626355529810e-04 9.623794104310462688e-05
7.161801574999999502e+02 9.186337067280337591e-05 8.626244048448308496e-05
7.161804700000000139e+02 7.314248486278778990e-05 7.653207489902356616e-05
7.161807824999999639e+02 9.128896204518124121e-05 6.717010899953934329e-05
7.161810950000000275e+02 6.768617853904012162e-05 5.830833935388633901e-05
7.161814074999999775e+02 6.830624020699437048e-05 5.008403579440727743e-05
7.161817199999999275e+02 6.011428472320248779e-05 4.263605493298585014e-05
7.161820324999999912e+02 4.742964760110183629e-05 3.610024137111663285e-05
7.161823449999999411e+02 3.111327782463344167e-05 3.060432740138422937e-05
7.161826575000000048e+02 3.557773333733428665e-05 2.626263269139402027e-05
7.161829699999999548e+02 3.385064392664591454e-05 2.317093578282997872e-05
7.161832825000000184e+02 3.186295767206381662e-05 2.140192335651826012e-05
7.161835949999999684e+02 2.837787980497333046e-05 2.100160971591432082e-05
7.161839075000000321e+02 3.216618529251721360e-05 2.198705305006056507e-05
7.161842199999999821e+02 3.113806842031910556e-05 2.434558240957882794e-05
7.161845324999999320e+02 2.718908663217430759e-05 2.803560466286301127e-05
7.161848449999999957e+02 2.257646769423715449e-05 3.298890591764653217e-05
7.161851574999999457e+02 3.021651955497139927e-05 3.911422093770727576e-05
7.161854700000000093e+02 2.938660763873876346e-05 4.630173783276664111e-05
7.161857824999999593e+02 4.275147786402788675e-05 5.442814685109247872e-05
7.161860950000000230e+02 5.639203133740773062e-05 6.336183532293701961e-05
7.161864074999999730e+02 5.307415046664000930e-05 7.296786945178264578e-05
7.161867200000000366e+02 6.025270003910707068e-05 8.311247584594366202e-05
7.161870324999999866e+02 7.429849399269089559e-05 9.366682516386806885e-05
7.161873449999999366e+02 8.477103774881621751e-05 1.045100127190127875e-04
7.161876575000000003e+02 1.062941523917226903e-04 1.155312135766356816e-04
7.161879699999999502e+02 8.585372064888548876e-05 1.266310557164121030e-04
7.161882825000000139e+02 1.183182354292041413e-04 1.377223006455865313e-04
7.161885949999999639e+02 1.520784267299748322e-04 1.487299468509598662e-04
7.161889075000000275e+02 1.329189862271412572e-04 1.595908810588396096e-04
7.161892199999999775e+02 1.646307556535632423e-04 1.702531986289897051e-04
7.161895324999999275e+02 1.890449962990712392e-04 1.806753027708800233e-04
7.161898449999999912e+02 1.663698980642725844e-04 1.908248754495869024e-04
7.161901574999999411e+02 1.995979490772485470e-04 2.006777946899838115e-04
7.161904700000000048e+02 2.322177631312939727e-04 2.102170551093059364e-04
7.161907824999999548e+02 2.355743763280687827e-04 2.194317322688289545e-04
7.161910950000000184e+02 2.185218572455186609e-04 2.283160179604893248e-04
7.161914074999999684e+02 2.307524406914268481e-04 2.368683422921661784e-04
7.161917200000000321e+02 2.361809564794317684e-04 2.450905901652791676e-04
7.161920324999999821e+02 2.238795480650357535e-04 2.529874133006200553e-04
7.161923449999999320e+02 2.957041128245413084e-04 2.605656348411147728e-04
7.161926574999999957e+02 3.255029016558788949e-04 2.678337405824043026e-04
7.161929699999999457e+02 2.951028620819331778e-04 2.748014493600422592e-04
7.161932825000000093e+02 2.785793493284358514e-04 2.814793543477167571e-04
7.161935949999999593e+02 2.856656384935363051e-04 2.878786267817953401e-04
7.161939075000000230e+02 3.110128785839759674e-04 2.940107740317784903e-04
7.161942199999999730e+02 3.483067962934572204e-04 2.998874443015436733e-04
7.161945325000000366e+02 3.131241524581112050e-04 3.055202710661900447e-04
7.161948449999999866e+02 3.793425944868968991e-04 3.109207509356525932e-04
7.161951574999999366e+02 3.454917079317521358e-04 3.161001495162818822e-04
7.161954700000000003e+02 3.385516022765496826e-04 3.210694304371108660e-04
7.161957824999999502e+02 3.224142183092742835e-04 3.258392034489449420e-04
7.161960950000000139e+02 3.224635357475075475e-04 3.304196881034406909e-04
7.161964074999999639e+02 3.402485368570465829e-04 3.348206899994596916e-04
7.161967200000000275e+02 4.234239891080016950e-04 3.390515871562727566e-04
7.161970324999999775e+02 3.509457489450461937e-04 3.431213243785128167e-04
7.161973449999999275e+02 3.662768512308664081e-04 3.470384139357988117e-04
7.161976574999999912e+02 3.885561550036909515e-04 3.508109410930108766e-04
7.161979699999999411e+02 3.539595750582146872e-04 3.544465733398072314e-04
7.161982825000000048e+02 4.002799219254600939e-04 3.579525723792382217e-04
7.161985949999999548e+02 3.544819782978527443e-04 3.613358080701343611e-04
7.161989075000000184e+02 4.216828094263649560e-04 3.646027737427034294e-04
7.161992199999999684e+02 3.014764596043393533e-04 3.677596023497647936e-04
7.161995325000000321e+02 3.806977417693039028e-04 3.708120830993780594e-04
7.161998449999999821e+02 3.771228961691651610e-04 3.737656782217708691e-04
7.162001574999999320e+02 3.841644539653322750e-04 3.766255396666685104e-04
7.162004699999999957e+02 3.669324709460817092e-04 3.793965255194411664e-04
7.162007824999999457e+02 3.821749938639276700e-04 3.820832160107284770e-04
7.162010950000000093e+02 4.103171946132074888e-04 3.846899290284948834e-04
7.162014074999999593e+02 3.766354528148201466e-04 3.872207350373138069e-04
7.162017200000000230e+02 3.802789029118714163e-04 3.896794713882947522e-04
7.162020324999999730e+02 3.752726430869546270e-04 3.920697559612603225e-04
7.162023450000000366e+02 4.366185434230853389e-04 3.943950001554463150e-04
7.162026574999999866e+02 4.081583816615017642e-04 3.966584211983285846e-04
7.162029699999999366e+02 4.184393757965527267e-04 3.988630538067303448e-04
7.162032825000000003e+02 4.125130030476751621e-04 4.010117611923962239e-04
7.162035949999999502e+02 3.850302310573856454e-04 4.031072454396967121e-04
7.162039075000000139e+02 3.847052404255677980e-04 4.051520572849356787e-04
7.162042199999999639e+02 3.988571744776468146e-04 4.071486053026479829e-04
7.162045325000000275e+02 3.960114275883678029e-04 4.090991645485830461e-04
7.162048449999999775e+02 3.981267845494814274e-04 4.110058846624779706e-04
7.162051574999999275e+02 4.105895372360605922e-04 4.128707974804290471e-04
7.162054699999999912e+02 3.872097095740080703e-04 4.146958241659082353e-04
7.162057824999999411e+02 4.291138564307115690e-04 4.164827818935290093e-04
7.162060950000000048e+02 4.126265443041293051e-04 4.182333901177572228e-04
7.162064074999999548e+02 4.684576581358712447e-04 4.199492764352828408e-04
7.162067200000000184e+02 3.855353034353608231e-04 4.216319820852610441e-04
7.162070324999999684e+02 4.493527333264487494e-04 4.232829670900561253e-04
7.162073450000000321e+02 4.697068529990464699e-04 4.249036150784006138e-04
7.162076574999999821e+02 3.838459576006077591e-04 4.264952377921663713e-04
7.162079699999999320e+02 4.347175199819197102e-04 4.280590793150867274e-04
7.162082824999999957e+02 4.048340791163231598e-04 4.295963200270576680e-04
7.162085949999999457e+02 4.478656628248097230e-04 4.311080803076424058e-04
7.162089075000000093e+02 4.412750687101351082e-04 4.325954240105410074e-04
7.162092199999999593e+02 4.422453795923558307e-04 4.340593617106147336e-04
7.162095325000000230e+02 4.574373206279416142e-04 4.355008537549277174e-04
7.162098449999999730e+02 4.074414513481103934e-04 4.369208131139962572e-04
7.162101575000000366e+02 4.861945853444854071e-04 4.383201080629324270e-04
7.162104699999999866e+02 4.605416547716266419e-04 4.396995646875033470e-04
7.162107824999999366e+02 4.250789235742088220e-04 4.410599692421779926e-04
7.162110950000000003e+02 4.279539003509182917e-04 4.424020703575958315e-04
7.162114074999999502e+02 3.956918009985849953e-04 4.437265811123218095e-04
7.162117200000000139e+02 4.056218964873580337e-04 4.450341809825503116e-04
7.162120324999999639e+02 5.176380205825748763e-04 4.463255176660088207e-04
7.162123450000000275e+02 4.351397669140245504e-04 4.476012088027608339e-04
7.162126574999999775e+02 4.503446136460852092e-04 4.488618435849254357e-04
7.162129699999999275e+02 4.304575905684250841e-04 4.501079842766556147e-04
7.162132824999999912e+02 4.672465792766684542e-04 4.513401676389664006e-04
7.162135949999999411e+02 4.303920451420928449e-04 4.525589062700490633e-04
7.162139075000000048e+02 4.627412983846579853e-04 4.537646898708846488e-04
7.162142199999999548e+02 3.722841117024811562e-04 4.549579864301272797e-04
7.162145325000000184e+02 4.586106377118480924e-04 4.561392433467304527e-04
7.162148449999999684e+02 4.408716178067149808e-04 4.573088884806950148e-04
7.162151575000000321e+02 4.505481939140030157e-04 4.584673311499557098e-04
7.162154699999999821e+02 4.307093265687912003e-04 4.596149630634905085e-04
