7.167799189999999498e+02 3.038470537152609106e-04 2.902121237268816918e-04
7.167802314999998998e+02 3.193800484401790817e-04 2.904569334891794275e-04
7.167805439999999635e+02 2.946083262152373542e-04 2.906886601449301948e-04
7.167808564999999135e+02 2.652081514385311073e-04 2.909067838425361354e-04
7.167811689999999771e+02 2.965129206399523174e-04 2.911107595931776600e-04
7.167814814999999271e+02 2.989601963581841855e-04 2.913000158537390363e-04
7.167817939999999908e+02 2.609640367911816774e-04 2.914739530212486071e-04
7.167821064999999408e+02 2.957644348544900999e-04 2.916319418303039458e-04
7.167824190000000044e+02 2.597796999609798779e-04 2.917733216490803086e-04
7.167827314999999544e+02 2.806867861755134590e-04 2.918973986648360614e-04
7.167830439999999044e+02 3.184716093776680302e-04 2.920034439531492970e-04
7.167833564999999680e+02 3.478660126594300427e-04 2.920906914213970283e-04
7.167836689999999180e+02 2.996568501458826521e-04 2.921583356184956045e-04
7.167839814999999817e+02 3.232626752976336718e-04 2.922055294017978158e-04
7.167842939999999317e+02 2.875672655729375219e-04 2.922313814505878601e-04
7.167846064999999953e+02 2.666596166870662497e-04 2.922349536163489124e-04
7.167849189999999453e+02 2.889719492877528516e-04 2.922152580980032764e-04
7.167852314999998953e+02 3.354016339726655256e-04 2.921712544304421876e-04
7.167855439999999589e+02 3.101907840329338009e-04 2.921018462734043951e-04
7.167858564999999089e+02 2.676720089819046243e-04 2.920058779873759653e-04
7.167861689999999726e+02 3.396135404966033142e-04 2.918821309816465714e-04
7.167864814999999226e+02 2.766063011012090574e-04 2.917293198200952235e-04
7.167867939999999862e+02 3.033264499897099661e-04 2.915460880674943271e-04
7.167871064999999362e+02 3.355163861032972876e-04 2.913310038608452166e-04
7.167874189999999999e+02 2.571828769695981825e-04 2.910825551861674003e-04
7.167877314999999498e+02 2.965592756263876035e-04 2.907991448442888579e-04
7.167880439999998998e+02 3.111081512275404087e-04 2.904790850838752294e-04
7.167883564999999635e+02 3.199883296737896237e-04 2.901205918836924965e-04
7.167886689999999135e+02 2.620081037689036695e-04 2.897217788629038592e-04
7.167889814999999771e+02 2.702891320529354812e-04 2.892806507967207079e-04
7.167892939999999271e+02 2.620531801180555546e-04 2.887950967196741556e-04
7.167896064999999908e+02 2.792983794393404974e-04 2.882628825907649164e-04
7.167899189999999408e+02 3.228348579402469821e-04 2.876816435048957718e-04
7.167902315000000044e+02 3.108237028527959314e-04 2.870488754250423327e-04
7.167905439999999544e+02 2.668882015057609264e-04 2.863619264229702436e-04
7.167908564999999044e+02 2.827144243080767830e-04 2.856179874057642484e-04
7.167911689999999680e+02 2.663636192200191026e-04 2.848140823204512243e-04
7.167914814999999180e+02 2.756398095803389600e-04 2.839470578260013629e-04
7.167917939999999817e+02 2.340802749663480119e-04 2.830135724259190389e-04
7.167921064999999317e+02 2.801802912117608594e-04 2.820100850730927950e-04
7.167924189999999953e+02 2.766394508412496601e-04 2.809328432503451064e-04
7.167927314999999453e+02 3.177820573446846794e-04 2.797778705628301455e-04
7.167930439999998953e+02 2.936144515697199152e-04 2.785409538712649334e-04
7.167933564999999589e+02 2.853995339150119026e-04 2.772176300342924903e-04
7.167936689999999089e+02 2.336370549441069892e-04 2.758031723390219885e-04
7.167939814999999726e+02 2.763345603649619391e-04 2.742925767250910599e-04
7.167942939999999226e+02 2.250229990334303516e-04 2.726805479609787546e-04
7.167946064999999862e+02 2.694869795687618134e-04 2.709614859455927488e-04
7.167949189999999362e+02 2.584449382575099694e-04 2.691294723941963017e-04
7.167952314999999999e+02 2.339949817373865174e-04 2.671782581946250453e-04
7.167955439999999498e+02 2.305478377762982861e-04 2.651012518349994229e-04
7.167958564999998998e+02 2.382197375729119978e-04 2.628915093552091210e-04
7.167961689999999635e+02 2.752087913001121711e-04 2.605417264215948987e-04
7.167964814999999135e+02 2.669722880357448640e-04 2.580442332317990791e-04
7.167967939999999771e+02 3.008320403183510432e-04 2.553909931072916939e-04
7.167971064999999271e+02 1.933263612245025788e-04 2.525736058449354403e-04
7.167974189999999908e+02 2.623051633429760300e-04 2.495833170609061203e-04
7.167977314999999408e+02 2.099872716632523529e-04 2.464110350667361726e-04
7.167980440000000044e+02 2.432083763977914545e-04 2.430473570380175380e-04
7.167983564999999544e+02 2.610792369117047708e-04 2.394826066287816671e-04
7.167986689999999044e+02 2.540328776085810317e-04 2.357068854801105907e-04
7.167989814999999680e+02 2.372420285745890142e-04 2.317101415431788592e-04
7.167992939999999180e+02 1.874062619572463282e-04 2.274822575407852625e-04
7.167996064999999817e+02 2.311279742990371986e-04 2.230131633575446553e-04
7.167999189999999317e+02 1.605499953502172975e-04 2.182929766897355201e-04
7.168002314999999953e+02 1.843266577792135677e-04 2.133121766778423392e-04
7.168005439999999453e+02 1.873090030754901174e-04 2.080618157800606086e-04
7.168008564999998953e+02 1.604781925101440333e-04 2.025337753832804168e-04
7.168011689999999589e+02 1.653034820994605039e-04 1.967210709291609711e-04
7.168014814999999089e+02 1.806797410457078117e-04 1.906182122098683404e-04
7.168017939999999726e+02 1.556984837456981609e-04 1.842216240526863274e-04
7.168021064999999226e+02 2.039172567637638348e-04 1.775301317566568707e-04
7.168024189999999862e+02 1.755642177546530829e-04 1.705455139066058292e-04
7.168027314999999362e+02 1.714263427799145008e-04 1.632731228428867894e-04
7.168030439999999999e+02 1.580852562863797341e-04 1.557225693326959347e-04
7.168033564999999498e+02 1.209427602958143382e-04 1.479084632695633979e-04
7.168036689999998998e+02 1.769791000443828673e-04 1.398511957140022148e-04
7.168039814999999635e+02 1.526613580907193023e-04 1.315777398203300970e-04
7.168042939999999135e+02 1.344581623396989270e-04 1.231224386701823233e-04
7.168046064999999771e+02 1.259868380009051007e-04 1.145277373493513453e-04
7.168049189999999271e+02 1.172888038564287339e-04 1.058448053713754365e-04
7.168052314999999908e+02 9.388354790271979868e-05 9.713398434425532318e-05
7.168055439999999408e+02 1.142472212634536234e-04 8.846498666266296097e-05
7.168058565000000044e+02 9.942022297656923590e-05 7.991676509372209959e-05
7.168061689999999544e+02 7.816766709375415020e-05 7.157697342425955404e-05
7.168064814999999044e+02 5.366493190059391685e-05 6.354094638828317520e-05
7.168067939999999680e+02 5.107963438787471396e-05 5.591014573836902338e-05
7.168071064999999180e+02 6.586970942504850738e-05 4.879004917230838148e-05
7.168074189999999817e+02 5.284627642019778181e-05 4.228750014824521743e-05
7.168077314999999317e+02 5.049262402162821111e-05 3.650758726972699690e-05
7.168080439999999953e+02 4.853592303373495078e-05 3.155017717079549173e-05
7.168083564999999453e+02 3.081370560587943467e-05 2.750627861418266276e-05
7.168086689999998953e+02 3.604843168342339381e-05 2.445445913592957622e-05
7.168089814999999589e+02 3.115022897248635530e-05 2.245756125869905438e-05
7.168092939999999089e+02 2.236275163370046384e-05 2.155996578627035557e-05
7.168096064999999726e+02 2.471275126665207136e-05 2.178562171752957278e-05
7.168099189999999226e+02 3.672726471983995714e-05 2.313700673891785361e-05
7.168102314999999862e+02 1.319042171504210267e-05 2.559510496467393050e-05
7.168105439999999362e+02 2.970133797483457015e-05 2.912039968288154723e-05
7.168108564999999999e+02 2.326844147719235977e-05 3.365479062834567705e-05
7.168111689999999498e+02 3.324271552258041280e-05 3.912426979612274616e-05
7.168114814999998998e+02 2.523465728182443615e-05 4.544213675582520689e-05
7.168117939999999635e+02 4.492043232461940573e-05 5.251250885011603638e-05
7.168121064999999135e+02 3.584229832591418364e-05 6.023388420550029876e-05
7.168124189999999771e+02 6.169001069736687528e-05 6.850254204664104089e-05
7.168127314999999271e+02 5.247804036637675326e-05 7.721560833160133204e-05
7.168130439999999908e+02 6.949409494867009708e-05 8.627366741376354324e-05
7.168133564999999408e+02 5.147642908645834020e-05 9.558285390384008672e-05
7.168136690000000044e+02 1.198168534482675347e-04 1.050564076587118733e-04
7.168139814999999544e+02 1.205439674174253848e-04 1.146157140392961956e-04
7.168142939999999044e+02 9.315591102494851221e-05 1.241908802284623456e-04
7.168146064999999680e+02 1.273356162672893829e-04 1.337209156731873801e-04
7.168149189999999180e+02 1.448117330284725635e-04 1.431535926135713639e-04
7.168152314999999817e+02 1.534539515865034249e-04 1.524450627635090929e-04
7.168155439999999317e+02 2.097656048445109512e-04 1.615593007342984693e-04
7.168158564999999953e+02 1.395172759593105508e-04 1.704674362658642744e-04
7.168161689999999453e+02 1.500831624290512403e-04 1.791470267787239842e-04
7.168164814999998953e+02 1.453488967385631846e-04 1.875813113363850905e-04
7.168167939999999589e+02 1.818666472073555626e-04 1.957584768956496845e-04
7.168171064999999089e+02 2.449446543855047999e-04 2.036709589585300494e-04
7.168174189999999726e+02 2.460073599731920062e-04 2.113147912522257037e-04
7.168177314999999226e+02 2.330052086423942646e-04 2.186890129334832431e-04
7.168180439999999862e+02 2.329612838382147670e-04 2.257951373129379999e-04
7.168183564999999362e+02 2.506918215985870046e-04 2.326366824647500093e-04
7.168186689999999999e+02 2.220395639332443331e-04 2.392187618286333527e-04
7.168189814999999498e+02 2.956758763656572525e-04 2.455477311343373030e-04
7.168192939999998998e+02 2.683522320070729178e-04 2.516308871735435876e-04
7.168196064999999635e+02 2.716322244871856263e-04 2.574762133235687970e-04
7.168199189999999135e+02 2.901785225050893110e-04 2.630921666839029349e-04
7.168202314999999771e+02 2.443861733488002404e-04 2.684875017913611003e-04
7.168205439999999271e+02 2.698491840228035713e-04 2.736711260797263737e-04
7.168208564999999908e+02 3.056266463327560645e-04 2.786519827307798220e-04
7.168211689999999408e+02 2.819226490504403893e-04 2.834389568524921027e-04
7.168214815000000044e+02 3.047110086874801416e-04 2.880408014739351658e-04
7.168217939999999544e+02 3.038056368417100454e-04 2.924660801514216476e-04
7.168221064999999044e+02 3.062884031349950506e-04 2.967231234946489534e-04
7.168224189999999680e+02 3.339546886680979927e-04 3.008199971960215250e-04
7.168227314999999180e+02 3.070239938555392257e-04 3.047644795447708747e-04
7.168230439999999817e+02 3.435747803394236400e-04 3.085640467037340288e-04
7.168233564999999317e+02 3.518608788297291051e-04 3.122258642426721780e-04
7.168236689999999953e+02 3.574225820608085491e-04 3.157567837347079816e-04
7.168239814999999453e+02 2.645622846501760215e-04 3.191633433347885172e-04
7.168242939999998953e+02 3.318826038604612326e-04 3.224517715177251608e-04
7.168246064999999589e+02 2.934166555807242666e-04 3.256279932265783396e-04
7.168249189999999089e+02 3.550917387337581719e-04 3.286976378545294767e-04
7.168252314999999726e+02 3.275945259776292433e-04 3.316660485860853423e-04
7.168255439999999226e+02 4.030079767507827255e-04 3.345382926741268513e-04
7.168258564999999862e+02 3.252209808518742020e-04 3.373191723669709437e-04
7.168261689999999362e+02 3.481331939886870208e-04 3.400132361930648475e-04
7.168264814999999999e+02 3.798865494257680801e-04 3.426247904310865552e-04
7.168267939999999498e+02 3.245306831398649464e-04 3.451579105704869746e-04
7.168271064999998998e+02 3.284546406221586158e-04 3.476164526660931132e-04
7.168274189999999635e+02 3.501114319118704275e-04 3.500040644649067252e-04
7.168277314999999135e+02 3.470371977253465306e-04 3.523241962417067463e-04
7.168280439999999771e+02 3.752336343911280526e-04 3.545801112974656115e-04
7.168283564999999271e+02 3.609525039359916189e-04 3.567748960611772128e-04
7.168286689999999908e+02 3.781299333461595803e-04 3.589114697958839507e-04
7.168289814999999408e+02 3.616121113803025299e-04 3.609925938675567227e-04
7.168292940000000044e+02 3.824678125665297371e-04 3.630208805955053458e-04
7.168296064999999544e+02 3.646278524039066457e-04 3.649988016589388344e-04
7.168299189999999044e+02 3.513063088449947316e-04 3.669286960877478614e-04
7.168302314999999680e+02 4.267526214142291249e-04 3.688127778270699434e-04
7.168305439999999180e+02 3.518854385911925758e-04 3.706531428946722539e-04
7.168308564999999817e+02 3.902894682695195582e-04 3.724517761508925142e-04
7.168311689999999317e+02 3.269238052538140553e-04 3.742105576790749405e-04
7.168314814999999953e+02 3.775509909540897160e-04 3.759312688129855186e-04
7.168317939999999453e+02 3.621929333583485131e-04 3.776155978065857369e-04
7.168321064999998953e+02 3.899569000210143183e-04 3.792651451826578287e-04
7.168324189999999589e+02 3.865017806934928487e-04 3.808814287609854979e-04
7.168327314999999089e+02 3.781591833804842824e-04 3.824658883890767855e-04
7.168330439999999726e+02 3.993165590625730199e-04 3.840198903970651442e-04
7.168333564999999226e+02 3.470954492116979056e-04 3.855447317779139610e-04
7.168336689999999862e+02 3.571593693613364521e-04 3.870416441258565173e-04
7.168339814999999362e+02 3.618576031154233140e-04 3.885117973294770948e-04
7.168342939999999999e+02 3.897397636256722474e-04 3.899563030510827142e-04
7.168346064999999498e+02 4.123617169224668994e-04 3.913762179881745775e-04
7.168349189999998998e+02 3.998146618736503604e-04 3.927725469462361313e-04
7.168352314999999635e+02 3.466113808901171681e-04 3.941462457214840167e-04
7.168355439999999135e+02 3.676377392783986204e-04 3.954982238103593923e-04
7.168358564999999771e+02 3.895039270368320927e-04 3.968293469612236592e-04
7.168361689999999271e+02 3.720612965885538204e-04 3.981404395659756930e-04
7.168364814999999908e+02 4.019717996860814506e-04 3.994322869163010139e-04
7.168367939999999408e+02 3.938345665279400359e-04 4.007056373179701601e-04
7.168371065000000044e+02 3.864718669406028498e-04 4.019612040868403595e-04
7.168374189999999544e+02 3.362170812357049947e-04 4.031996674193837841e-04
7.168377314999999044e+02 4.102318064860519279e-04 4.044216761595146323e-04
7.168380439999999680e+02 3.815061199005164252e-04 4.056278494571069070e-04
7.168383564999999180e+02 4.411371531840061443e-04 4.068187783294057347e-04
7.168386689999999817e+02 4.272909751054329054e-04 4.079950271356499818e-04
7.168389814999999317e+02 4.172156815022540666e-04 4.091571349597197230e-04
7.168392939999999953e+02 3.611274876645347714e-04 4.103056169195505695e-04
7.168396064999999453e+02 3.985473553543448177e-04 4.114409653945990102e-04
7.168399189999998953e+02 4.067410736196068444e-04 4.125636511891462937e-04
7.168402314999999589e+02 4.295226814020671477e-04 4.136741246252723385e-04
7.168405439999999089e+02 4.534352365070572904e-04 4.147728165738722057e-04
7.168408564999999726e+02 4.246835540909460038e-04 4.158601394314566618e-04
7.168411689999999226e+02 4.663578726191933014e-04 4.169364880362825773e-04
7.168414814999999862e+02 4.109902114653580488e-04 4.180022405395302431e-04
7.168417939999999362e+02 4.342537630768877064e-04 4.190577592219889573e-04
7.168421064999999999e+02 4.074020965577512289e-04 4.201033912717065623e-04
