7.071628214999999500e+02 3.512695852496351863e-04 3.615624505001577998e-04
7.071631340000000137e+02 3.653128077064366343e-04 3.617109816140624996e-04
7.071634464999999636e+02 3.636856194501310400e-04 3.618130711142091395e-04
7.071637590000000273e+02 3.724651311089615703e-04 3.618669700650397106e-04
7.071640714999999773e+02 4.101001686740028728e-04 3.618708548452021423e-04
7.071643840000000409e+02 3.578698621968522424e-04 3.618228238528084896e-04
7.071646964999999909e+02 3.776051048566367611e-04 3.617208940891487997e-04
7.071650090000000546e+02 3.631549442510875574e-04 3.615629976214847219e-04
7.071653215000000046e+02 4.175590091580667928e-04 3.613469779271365873e-04
7.071656339999999545e+02 3.775484120378789794e-04 3.610705861206498554e-04
7.071659465000000182e+02 3.449355363839881595e-04 3.607314770694578171e-04
7.071662589999999682e+02 3.759718912346217022e-04 3.603272054040852009e-04
7.071665715000000318e+02 3.649537188126778919e-04 3.598552214292017595e-04
7.071668839999999818e+02 3.962370654686907657e-04 3.593128669494885757e-04
7.071671965000000455e+02 3.185789003883011603e-04 3.586973710188809806e-04
7.071675089999999955e+02 3.539592552000678282e-04 3.580058456351387888e-04
7.071678214999999454e+02 3.660538095101582606e-04 3.572352813938440620e-04
7.071681340000000091e+02 3.353943518998186188e-04 3.563825431313890160e-04
7.071684464999999591e+02 3.791275519923436969e-04 3.554443655848077682e-04
7.071687590000000228e+02 3.882318770222839012e-04 3.544173490996894147e-04
7.071690714999999727e+02 3.836007617793515132e-04 3.532979554360562015e-04
7.071693840000000364e+02 3.837623508340109340e-04 3.520825037105429836e-04
7.071696964999999864e+02 3.591733290586401569e-04 3.507671665444483554e-04
7.071700090000000500e+02 3.677014035337548142e-04 3.493479664718859888e-04
7.071703215000000000e+02 3.209598804389894567e-04 3.478207727005644899e-04
7.071706339999999500e+02 3.321274965362983923e-04 3.461812983013288808e-04
7.071709465000000137e+02 3.299245721775545710e-04 3.444250979437429427e-04
7.071712589999999636e+02 3.147019256972291242e-04 3.425475662945896295e-04
7.071715715000000273e+02 3.252065850675706473e-04 3.405439372108879531e-04
7.071718839999999773e+02 3.356429398235771257e-04 3.384092839033582523e-04
7.071721965000000409e+02 3.136501055527741565e-04 3.361385202307216056e-04
7.071725089999999909e+02 3.088637235792620868e-04 3.337264033550835555e-04
7.071728215000000546e+02 3.239411180487355079e-04 3.311675379682550626e-04
7.071731340000000046e+02 3.168091079718210815e-04 3.284563823810331151e-04
7.071734464999999545e+02 3.048422766565696621e-04 3.255872567477417312e-04
7.071737590000000182e+02 3.030438308206356152e-04 3.225543537846714418e-04
7.071740714999999682e+02 2.841103051559123278e-04 3.193517523509347518e-04
7.071743840000000318e+02 2.650286713583377895e-04 3.159734342988202056e-04
7.071746964999999818e+02 2.801488913151903575e-04 3.124133050879121737e-04
7.071750090000000455e+02 2.807057306323069512e-04 3.086652186407829010e-04
7.071753214999999955e+02 3.406483505060780279e-04 3.047230070443956822e-04
7.071756339999999454e+02 2.582838166202269456e-04 3.005805156737485469e-04
7.071759465000000091e+02 2.677731056737653239e-04 2.962316444389241979e-04
7.071762589999999591e+02 2.608528046789480425e-04 2.916703958623362964e-04
7.071765715000000228e+02 2.494927787143244981e-04 2.868909307340208729e-04
7.071768839999999727e+02 2.660362469028399552e-04 2.818876321922674823e-04
7.071771965000000364e+02 2.438708319623520185e-04 2.766551790159178120e-04
7.071775089999999864e+02 2.348326363479808507e-04 2.711886290406237410e-04
7.071778215000000500e+02 2.462580812752727662e-04 2.654835134978403917e-04
7.071781340000000000e+02 2.515350060425743150e-04 2.595359431712461018e-04
7.071784464999999500e+02 2.478569564871771881e-04 2.533427270889049678e-04
7.071787590000000137e+02 2.460763392526093695e-04 2.469015044886186858e-04
7.071790714999999636e+02 1.949393598285628182e-04 2.402108905848104393e-04
7.071793840000000273e+02 1.948869399171019581e-04 2.332706364603825738e-04
7.071796964999999773e+02 1.875854866036258156e-04 2.260818032267628182e-04
7.071800090000000409e+02 1.920774995611256183e-04 2.186469501138659942e-04
7.071803214999999909e+02 1.873828322447730860e-04 2.109703358720964599e-04
7.071806340000000546e+02 1.870121558096474830e-04 2.030581321670226532e-04
7.071809465000000046e+02 1.947199634018300090e-04 1.949186471711262386e-04
7.071812589999999545e+02 1.895420248804107291e-04 1.865625566232098523e-04
7.071815715000000182e+02 1.673986002438254813e-04 1.780031389064312892e-04
7.071818839999999682e+02 1.645836735460717197e-04 1.692565096131347119e-04
7.071821965000000318e+02 1.634570990641796471e-04 1.603418499786199740e-04
7.071825089999999818e+02 2.014439117063742302e-04 1.512816225301045234e-04
7.071828215000000455e+02 1.612903350912115558e-04 1.421017659425547158e-04
7.071831339999999955e+02 1.362716259835798150e-04 1.328318601444703547e-04
7.071834464999999454e+02 1.190502745162581616e-04 1.235052514577716150e-04
7.071837590000000091e+02 1.021066088811940276e-04 1.141591268725371640e-04
7.071840714999999591e+02 1.184877793536959917e-04 1.048345258628323570e-04
7.071843840000000228e+02 9.608467855107037734e-05 9.557627797390620293e-05
7.071846964999999727e+02 9.129685144606606542e-05 8.643285488160628899e-05
7.071850090000000364e+02 8.327244753069101141e-05 7.745612642968619020e-05
7.071853214999999864e+02 1.013774734872059744e-04 6.870101210281892850e-05
7.071856340000000500e+02 8.412850121771909434e-05 6.022502173803688074e-05
7.071859465000000000e+02 8.712237733736005827e-05 5.208768289039764277e-05
7.071862589999999500e+02 7.063088225529565482e-05 4.434985627968200537e-05
7.071865715000000137e+02 6.204534997252754056e-05 3.707294583715910300e-05
7.071868839999999636e+02 6.496352486327142399e-05 3.031801518092220002e-05
7.071871965000000273e+02 4.685228636387008081e-05 2.414482801354761053e-05
7.071875089999999773e+02 6.324251631941970242e-05 1.861083555315926451e-05
7.071878215000000409e+02 3.888345164035169103e-05 1.377013897280420697e-05
7.071881339999999909e+02 3.398919174666482695e-05 9.672459009755246759e-06
7.071884465000000546e+02 1.411519823324673204e-05 6.362147435792675299e-06
7.071887590000000046e+02 2.677788153593985116e-05 3.877276137295209052e-06
7.071890714999999545e+02 2.168139795738914700e-05 2.248838420941869295e-06
7.071893840000000182e+02 1.507517348641723557e-05 1.500094150368885390e-06
7.071896964999999682e+02 1.403854498943321243e-05 1.646085188815685164e-06
7.071900090000000318e+02 1.348669678790698453e-05 2.693340847212216221e-06
7.071903214999999818e+02 6.668336342149010115e-06 4.639784929254889041e-06
7.071906340000000455e+02 8.271809098327401861e-06 7.474847107022479284e-06
7.071909464999999955e+02 6.351043021055854986e-06 1.117977235157994849e-05
7.071912589999999454e+02 6.278945465766546394e-06 1.572811367830488367e-05
7.071915715000000091e+02 1.131550042151672065e-05 2.108638600107828339e-05
7.071918839999999591e+02 7.882177569132915509e-06 2.721485302638690661e-05
7.071921965000000228e+02 1.247478954697788976e-05 3.406841510961847917e-05
7.071925089999999727e+02 3.178018864490440940e-05 4.159756387597805029e-05
7.071928215000000364e+02 2.636176203374776956e-05 4.974936945598449023e-05
7.071931339999999864e+02 3.040289284391776135e-05 5.846846774071176649e-05
7.071934465000000500e+02 3.525349098468777805e-05 6.769801841143031353e-05
7.071937590000000000e+02 6.142752464096456273e-05 7.738060860191656512e-05
7.071940714999999500e+02 6.061330707072832549e-05 8.745908222296666634e-05
7.071943840000000137e+02 5.806230589491153380e-05 9.787728007707363273e-05
7.071946964999999636e+02 8.311740565004224041e-05 1.085806812197232164e-04
7.071950090000000273e+02 8.000378632089992590e-05 1.195169409040755580e-04
7.071953214999999773e+02 1.035227992848466853e-04 1.306363246134306189e-04
7.071956340000000409e+02 1.357351392352310927e-04 1.418920415101126921e-04
7.071959464999999909e+02 1.158562672692624231e-04 1.532404832271661162e-04
7.071962590000000546e+02 1.460827577712124929e-04 1.646413762672670298e-04
7.071965715000000046e+02 1.644942009968232714e-04 1.760578573792429588e-04
7.071968839999999545e+02 1.745094204235722504e-04 1.874564822694532566e-04
7.071971965000000182e+02 2.007309360758038766e-04 1.988071779653435888e-04
7.071975089999999682e+02 2.216940051432509328e-04 2.100831490539991654e-04
7.071978215000000318e+02 1.936337904519256151e-04 2.212607474540495068e-04
7.071981339999999818e+02 2.186373852394620084e-04 2.323193144448110735e-04
7.071984465000000455e+02 2.052206606273045055e-04 2.432410029750764003e-04
7.071987589999999955e+02 2.482187636923295095e-04 2.540105870171518359e-04
7.071990714999999454e+02 2.291921441214634313e-04 2.646152639747170851e-04
7.071993840000000091e+02 2.418645956449397576e-04 2.750444549478764139e-04
7.071996964999999591e+02 2.674105559172441395e-04 2.852896068818877736e-04
7.072000090000000228e+02 2.849367686160470675e-04 2.953439997847050517e-04
7.072003214999999727e+02 3.208773637841878974e-04 3.052025613244011546e-04
7.072006340000000364e+02 3.308019513289766744e-04 3.148616906792129798e-04
7.072009464999999864e+02 3.572890553115848486e-04 3.243190927289470215e-04
7.072012590000000500e+02 3.380103623297644696e-04 3.335736234472203216e-04
7.072015715000000000e+02 3.475539291780637666e-04 3.426251467494863083e-04
7.072018839999999500e+02 3.435550722338454239e-04 3.514744029688940960e-04
7.072021965000000137e+02 3.475410203634004039e-04 3.601228887034913775e-04
7.072025089999999636e+02 4.105725684795494029e-04 3.685727477200349302e-04
7.072028215000000273e+02 4.214862337009011835e-04 3.768266724628441711e-04
7.072031339999999773e+02 3.967506281443641271e-04 3.848878155183350891e-04
7.072034465000000409e+02 4.440332308046295679e-04 3.927597105004308536e-04
7.072037589999999909e+02 4.394067720907582309e-04 4.004462015994066505e-04
7.072040715000000546e+02 4.326965599297025850e-04 4.079513812160917726e-04
7.072043840000000046e+02 4.496259330366222939e-04 4.152795349232461125e-04
7.072046964999999545e+02 4.456549549154275734e-04 4.224350931920513828e-04
7.072050090000000182e+02 4.528084056901362348e-04 4.294225891915422850e-04
7.072053214999999682e+02 4.585835303499764294e-04 4.362466220993616592e-04
7.072056340000000318e+02 5.030757487404527396e-04 4.429118253933254533e-04
7.072059464999999818e+02 4.997451582399309311e-04 4.494228395451876500e-04
7.072062590000000455e+02 5.202364923286676183e-04 4.557842887163405339e-04
7.072065714999999955e+02 4.310560812202123330e-04 4.620007609396142791e-04
7.072068839999999454e+02 4.913825944116303286e-04 4.680767914605033593e-04
7.072071965000000091e+02 4.558381017403606789e-04 4.740168488150538445e-04
7.072075089999999591e+02 4.905323261274249910e-04 4.798253233393735807e-04
7.072078215000000228e+02 5.297313815573349632e-04 4.855065178340117510e-04
7.072081339999999727e+02 5.298820094139471268e-04 4.910646400630861233e-04
7.072084465000000364e+02 5.330733254021977107e-04 4.965037969144481950e-04
7.072087589999999864e+02 5.430358014557074443e-04 5.018279899412310310e-04
7.072090715000000500e+02 5.309514822341217678e-04 5.070411121594318744e-04
7.072093840000000000e+02 4.784764277822363692e-04 5.121469458693621085e-04
7.072096964999999500e+02 5.360095088581491368e-04 5.171491614116456104e-04
7.072100090000000137e+02 5.659823348934608662e-04 5.220513166775115179e-04
7.072103214999999636e+02 5.563497255615876269e-04 5.268568572768004632e-04
7.072106340000000273e+02 5.775373441987188263e-04 5.315691172781367114e-04
7.072109464999999773e+02 5.801210347507136569e-04 5.361913203873992177e-04
7.072112590000000409e+02 6.229464829488952663e-04 5.407265815399005986e-04
7.072115714999999909e+02 5.249196251463596934e-04 5.451779087826712829e-04
7.072118840000000546e+02 5.729323896241713147e-04 5.495482054408320615e-04
7.072121965000000046e+02 5.427992041335035628e-04 5.538402724632355634e-04
7.072125089999999545e+02 5.598067244368731604e-04 5.580568109526605177e-04
7.072128215000000182e+02 5.526792470261930514e-04 5.622004248014025006e-04
7.072131339999999682e+02 5.932365497428194329e-04 5.662736234153672391e-04
7.072134465000000318e+02 6.024480811190568953e-04 5.702788245123474120e-04
7.072137589999999818e+02 5.701379455381474191e-04 5.742183569327201798e-04
7.072140715000000455e+02 5.682005684272497560e-04 5.780944634875874195e-04
7.072143839999999955e+02 6.374677600838390360e-04 5.819093037800741495e-04
7.072146964999999454e+02 5.849294612571237333e-04 5.856649570294995485e-04
7.072150090000000091e+02 5.760689991797159635e-04 5.893634248504027711e-04
7.072153214999999591e+02 6.043450993016662295e-04 5.930066339908446121e-04
7.072156340000000228e+02 6.090764309985193794e-04 5.965964390345382352e-04
7.072159464999999727e+02 5.840580879167994212e-04 6.001346250267716557e-04
7.072162590000000364e+02 5.848319668808809810e-04 6.036229100597945065e-04
7.072165714999999864e+02 6.257596719569691627e-04 6.070629477717003238e-04
7.072168840000000500e+02 6.239941309995530047e-04 6.104563297968886894e-04
7.072171965000000000e+02 6.097747536955334946e-04 6.138045881252469829e-04
7.072175089999999500e+02 6.366545117287734576e-04 6.171091974074401293e-04
7.072178215000000137e+02 6.073134879838990073e-04 6.203715771743193927e-04
7.072181339999999636e+02 6.108793822925410923e-04 6.235930939829112743e-04
7.072184465000000273e+02 5.855747807708337836e-04 6.267750635006329087e-04
7.072187589999999773e+02 5.964414943474104095e-04 6.299187524988877820e-04
7.072190715000000409e+02 6.492431612318873019e-04 6.330253807932123425e-04
7.072193839999999909e+02 6.708455827229637325e-04 6.360961230940631031e-04
7.072196965000000546e+02 6.506243542090679299e-04 6.391321108062150529e-04
7.072200090000000046e+02 5.991367292776838193e-04 6.421344337421226647e-04
7.072203214999999545e+02 6.227541493178333741e-04 6.451041417855984212e-04
7.072206340000000182e+02 6.479989789843740343e-04 6.480422464797502792e-04
7.072209464999999682e+02 7.008983707090319770e-04 6.509497225523639199e-04
7.072212590000000318e+02 7.002080183725245457e-04 6.538275093910367840e-04
7.072215714999999818e+02 6.922242490143615040e-04 6.566765124434660508e-04
7.072218840000000455e+02 6.268790940202027557e-04 6.594976045776102967e-04
7.072221964999999955e+02 6.350589026386829587e-04 6.622916273701695599e-04
7.072225089999999454e+02 6.572624687076988837e-04 6.650593923575084249e-04
7.072228215000000091e+02 6.671628405157587795e-04 6.678016822251160115e-04
7.072231339999999591e+02 5.965893150607618932e-04 6.705192519480158986e-04
7.072234465000000228e+02 6.552584608663575890e-04 6.732128298937347516e-04
7.072237589999999727e+02 5.830068164227735243e-04 6.758831188648781792e-04
7.072240715000000364e+02 6.134969323918673233e-04 6.785307971137309211e-04
7.072243839999999864e+02 6.163140578721290402e-04 6.811565192992592287e-04
7.072246965000000500e+02 6.255614324092702381e-04 6.837609174193009544e-04
7.072250090000000000e+02 6.434586237778134373e-04 6.863446016887645405e-04
