7.080580690000000459e+02 3.997352551994856965e-04 3.548045571378737723e-04
7.080583814999999959e+02 3.921867619174516993e-04 3.558054429222300336e-04
7.080586940000000595e+02 3.567709887601323783e-04 3.567647111587287224e-04
7.080590065000000095e+02 3.923096342904900053e-04 3.576806248060640145e-04
7.080593190000000732e+02 3.966206029072961168e-04 3.585513618326571826e-04
7.080596315000000232e+02 3.763362181998570100e-04 3.593750106071238971e-04
7.080599440000000868e+02 3.845333506474646768e-04 3.601495650370286510e-04
7.080602565000000368e+02 4.096664949245994495e-04 3.608729194332809041e-04
7.080605690000001005e+02 3.719272910404615657e-04 3.615428630970800414e-04
7.080608815000000504e+02 3.756732410141951257e-04 3.621570746077131778e-04
7.080611940000000004e+02 4.180638104896241842e-04 3.627131158068159274e-04
7.080615065000000641e+02 3.983494022938243286e-04 3.632084254603352123e-04
7.080618190000000141e+02 3.223386742719277099e-04 3.636403125893060916e-04
7.080621315000000777e+02 3.427563957415953599e-04 3.640059494595952912e-04
7.080624440000000277e+02 3.507149212163838460e-04 3.643023642164289850e-04
7.080627565000000914e+02 3.809892784384428014e-04 3.645264331598052784e-04
7.080630690000000413e+02 4.018831677057824354e-04 3.646748726497541599e-04
7.080633814999999913e+02 3.645238325354279189e-04 3.647442306404398145e-04
7.080636940000000550e+02 3.727410872475674076e-04 3.647308778392184298e-04
7.080640065000000050e+02 3.575881545800902025e-04 3.646309984945910561e-04
7.080643190000000686e+02 3.994437780030574083e-04 3.644405808193881369e-04
7.080646315000000186e+02 3.841039493136967761e-04 3.641554070627276677e-04
7.080649440000000823e+02 2.891665172933379283e-04 3.637710432493894593e-04
7.080652565000000322e+02 3.472347757163038841e-04 3.632828286172888068e-04
7.080655690000000959e+02 3.656500782092062256e-04 3.626858647883787258e-04
7.080658815000000459e+02 3.451162246834634786e-04 3.619750047285109885e-04
7.080661939999999959e+02 3.146128037355399036e-04 3.611448415565628634e-04
7.080665065000000595e+02 2.945355190033938759e-04 3.601896972907807424e-04
7.080668190000000095e+02 3.369381559126998025e-04 3.591036116352126317e-04
7.080671315000000732e+02 3.302894641694126450e-04 3.578803309301456818e-04
7.080674440000000232e+02 3.279230955677973664e-04 3.565132974334292112e-04
7.080677565000000868e+02 3.657112706314410945e-04 3.549956391114742317e-04
7.080680690000000368e+02 3.290478447864417103e-04 3.533201601851601245e-04
7.080683815000001005e+02 3.263269867926083933e-04 3.514793326918502249e-04
7.080686940000000504e+02 3.169143672964897808e-04 3.494652894122060897e-04
7.080690065000000004e+02 3.171649357220346745e-04 3.472698185362801905e-04
7.080693190000000641e+02 3.020280585756283725e-04 3.448843605496376176e-04
7.080696315000000141e+02 3.229513290472489531e-04 3.423000078820738717e-04
7.080699440000000777e+02 3.037533058419876171e-04 3.395075079506326330e-04
7.080702565000000277e+02 2.898913899885788856e-04 3.364972703693765188e-04
7.080705690000000914e+02 3.079118962010828141e-04 3.332593791675193514e-04
7.080708815000000413e+02 2.626027725743705979e-04 3.297836110562802248e-04
7.080711939999999913e+02 2.876707710795508655e-04 3.260594608709599016e-04
7.080715065000000550e+02 2.591263507651573022e-04 3.220761755450779018e-04
7.080718190000000050e+02 2.826123852160315015e-04 3.178227981203809224e-04
7.080721315000000686e+02 2.928352030463172518e-04 3.132882234885844093e-04
7.080724440000000186e+02 2.719610829298612005e-04 3.084612678272634053e-04
7.080727565000000823e+02 2.509371110646973829e-04 3.033307538266242077e-04
7.080730690000000322e+02 2.298833779082168263e-04 2.978856141288599197e-04
7.080733815000000959e+02 2.488792332682385742e-04 2.921150155109112582e-04
7.080736940000000459e+02 2.692621157674576163e-04 2.860085066589045859e-04
7.080740064999999959e+02 2.793598511706576310e-04 2.795561924302345392e-04
7.080743190000000595e+02 2.568248580426196010e-04 2.727489377260545328e-04
7.080746315000000095e+02 2.716372092116789341e-04 2.655786040643076185e-04
7.080749440000000732e+02 2.258845201218618475e-04 2.580383218563226657e-04
7.080752565000000232e+02 2.422761516159479417e-04 2.501228012520451019e-04
7.080755690000000868e+02 2.677393937821211339e-04 2.418286838421648637e-04
7.080758815000000368e+02 1.992133502502557783e-04 2.331549369865702119e-04
7.080761940000001005e+02 1.888420731196779477e-04 2.241032913513099861e-04
7.080765065000000504e+02 1.900647088210766645e-04 2.146787210317349626e-04
7.080768190000000004e+02 1.977964582958520348e-04 2.048899635987719108e-04
7.080771315000000641e+02 2.022504285522928381e-04 1.947500752199356308e-04
7.080774440000000141e+02 1.826927843078613107e-04 1.842770129703028622e-04
7.080777565000000777e+02 1.667586011741044262e-04 1.734942329241292601e-04
7.080780690000000277e+02 1.597394349005969497e-04 1.624312886682539230e-04
7.080783815000000914e+02 1.407455397528964934e-04 1.511244100864589975e-04
7.080786940000000413e+02 1.516616317061943360e-04 1.396170375846100408e-04
7.080790064999999913e+02 1.268877108066889057e-04 1.279602816582079208e-04
7.080793190000000550e+02 1.153985666573456483e-04 1.162132731745190096e-04
7.080796315000000050e+02 1.288767435164632047e-04 1.044433655888128741e-04
7.080799440000000686e+02 1.002771692291898949e-04 9.272614763656218868e-05
7.080802565000000186e+02 8.568377822431241125e-05 8.114522454412345794e-05
7.080805690000000823e+02 8.338874478526863668e-05 6.979172765978360721e-05
7.080808815000000322e+02 7.186839076409581503e-05 5.876351821000894772e-05
7.080811940000000959e+02 9.515377639388882436e-05 4.816406013141973585e-05
7.080815065000000459e+02 6.247528949363103995e-05 3.810095096006845374e-05
7.080818189999999959e+02 4.648750465045401110e-05 2.868411738467956088e-05
7.080821315000000595e+02 5.107074715918852000e-05 2.002370362880518217e-05
7.080824440000000095e+02 5.344696536997470379e-05 1.222770421920539194e-05
7.080827565000000732e+02 4.150199640823877664e-05 5.399416615091473789e-06
7.080830690000000232e+02 3.261003476070039567e-05 -3.651887775744012719e-07
7.080833815000000868e+02 3.540912636356630458e-05 -4.980066395628659533e-06
7.080836940000000368e+02 2.790049386352311253e-05 -8.371535671476559932e-06
7.080840065000001005e+02 3.127297276412040926e-05 -1.048043678347724524e-05
7.080843190000000504e+02 1.542853996662734150e-05 -1.126388381893152725e-05
7.080846315000000004e+02 1.023768442672747200e-05 -1.069651617266961999e-05
7.080849440000000641e+02 1.261957311100475167e-05 -8.771176856188845876e-06
7.080852565000000141e+02 1.700128657307031270e-05 -5.498980965599305963e-06
7.080855690000000777e+02 1.439074891478383869e-05 -9.087753590932738538e-07
7.080858815000000277e+02 7.001441029353046793e-06 4.953971939641943701e-06
7.080861940000000914e+02 6.045786533832295373e-06 1.202878080659352866e-05
7.080865065000000413e+02 7.197590639736806803e-06 2.024216841081806389e-05
7.080868189999999913e+02 1.347637814806181835e-05 2.950994382533413945e-05
7.080871315000000550e+02 1.762636196580379648e-05 3.973966553552093378e-05
7.080874440000000050e+02 2.782747639960222137e-05 5.083314215137503452e-05
7.080877565000000686e+02 3.271144553335046646e-05 6.268886748702780210e-05
7.080880690000000186e+02 4.506677001841162804e-05 7.520429806050415512e-05
7.080883815000000823e+02 6.266120305055427773e-05 8.827790214233648309e-05
7.080886940000000322e+02 6.129993028471754282e-05 1.018109315189619175e-04
7.080890065000000959e+02 7.343085228397471138e-05 1.157088890979841573e-04
7.080893190000000459e+02 6.914497546140643369e-05 1.298826846538516527e-04
7.080896314999999959e+02 8.371683949288407202e-05 1.442494875279473144e-04
7.080899440000000595e+02 1.061508724852436444e-04 1.587332972697781967e-04
7.080902565000000095e+02 1.082289414730016312e-04 1.732652620061286548e-04
7.080905690000000732e+02 1.262355836352220062e-04 1.877837794222936480e-04
7.080908815000000232e+02 1.178586481380527583e-04 2.022344171141238147e-04
7.080911940000000868e+02 1.809303219661332696e-04 2.165696890113183296e-04
7.080915065000000368e+02 2.090945541962340706e-04 2.307487221076959521e-04
7.080918190000001005e+02 1.978232005089201699e-04 2.447368447522095449e-04
7.080921315000000504e+02 2.168583678805344965e-04 2.585051234280107786e-04
7.080924440000000004e+02 2.606077578231426111e-04 2.720298710185063110e-04
7.080927565000000641e+02 2.665947294095003992e-04 2.852921450627860346e-04
7.080930690000000141e+02 2.672534485838452107e-04 2.982772507368518038e-04
7.080933815000000777e+02 3.307686673252148370e-04 3.109742597370330369e-04
7.080936940000000277e+02 3.169129286284257064e-04 3.233755529874133877e-04
7.080940065000000914e+02 3.364596549679846316e-04 3.354763927521014827e-04
7.080943190000000413e+02 3.532034287141832532e-04 3.472745273035444794e-04
7.080946314999999913e+02 3.625395345334530292e-04 3.587698298843774113e-04
7.080949440000000550e+02 3.712027803048683554e-04 3.699639721325520916e-04
7.080952565000000050e+02 3.711715555679237521e-04 3.808601313151319004e-04
7.080955690000000686e+02 3.778764901337581497e-04 3.914627300029060791e-04
7.080958815000000186e+02 4.353798255160179096e-04 4.017772062033510782e-04
7.080961940000000823e+02 4.498850998924046438e-04 4.118098118968550447e-04
7.080965065000000322e+02 4.610785478350004195e-04 4.215674375214022163e-04
7.080968190000000959e+02 4.565838709761180399e-04 4.310574601479759188e-04
7.080971315000000459e+02 5.285576626250643303e-04 4.402876128841036376e-04
7.080974439999999959e+02 4.767299471578015260e-04 4.492658733580700160e-04
7.080977565000000595e+02 5.598778612340688356e-04 4.580003690629614178e-04
7.080980690000000095e+02 5.178562179111903096e-04 4.664992976125897309e-04
7.080983815000000732e+02 5.276641173576034072e-04 4.747708601141556895e-04
7.080986940000000232e+02 5.241027300561577028e-04 4.828232059191805330e-04
7.080990065000000868e+02 5.494478047084740092e-04 4.906643873500020391e-04
7.080993190000000368e+02 5.698846650754532542e-04 4.983023229633920873e-04
7.080996315000001005e+02 4.835063043650243155e-04 5.057447682506576716e-04
7.080999440000000504e+02 5.445580607391130659e-04 5.129992926257258279e-04
7.081002565000000004e+02 6.101538078588431870e-04 5.200732618567425808e-04
7.081005690000000641e+02 5.201183818504060818e-04 5.269738250561749890e-04
7.081008815000000141e+02 6.182135514930606895e-04 5.337079055456808848e-04
7.081011940000000777e+02 6.100286207767874856e-04 5.402821949995974173e-04
7.081015065000000277e+02 5.869866740744403158e-04 5.467031502684043280e-04
7.081018190000000914e+02 6.010635256116694108e-04 5.529769924942371309e-04
7.081021315000000413e+02 6.674500970699649011e-04 5.591097080427152952e-04
7.081024439999999913e+02 6.682131544008339903e-04 5.651070509813194490e-04
7.081027565000000550e+02 5.736301755436454784e-04 5.709745467535173782e-04
7.081030690000000050e+02 5.922039117576495450e-04 5.767174968231803889e-04
7.081033815000000686e+02 7.445983734257034066e-04 5.823409840974935834e-04
7.081036940000000186e+02 6.320618279662831591e-04 5.878498788965039580e-04
7.081040065000000823e+02 5.564852100937848264e-04 5.932488453828530179e-04
7.081043190000000322e+02 6.323296531308206367e-04 5.985423482594049056e-04
7.081046315000000959e+02 6.255017263110094778e-04 6.037346596930947239e-04
7.081049440000000459e+02 5.953112872492865920e-04 6.088298663142091387e-04
7.081052564999999959e+02 7.004473237776402076e-04 6.138318762784505294e-04
7.081055690000000595e+02 6.920197531184499708e-04 6.187444262845398502e-04
7.081058815000000095e+02 6.956177763794871120e-04 6.235710885189207735e-04
7.081061940000000732e+02 7.002073668341538730e-04 6.283152775059188018e-04
7.081065065000000232e+02 6.032486733061913136e-04 6.329802567886105586e-04
7.081068190000000868e+02 6.295737982500570085e-04 6.375691454709524978e-04
7.081071315000000368e+02 6.082562549814932206e-04 6.420849245478279588e-04
7.081074440000001005e+02 6.189057035229962589e-04 6.465304430640939634e-04
7.081077565000000504e+02 7.146667569760937642e-04 6.509084240399309450e-04
7.081080690000000004e+02 6.852951231420358925e-04 6.552214702076335651e-04
7.081083815000000641e+02 6.446409465615610471e-04 6.594720695158342010e-04
7.081086940000000141e+02 6.169439288933511317e-04 6.636626004170634828e-04
7.081090065000000777e+02 7.143466601528242589e-04 6.677953369545106248e-04
7.081093190000000277e+02 7.166036991574880992e-04 6.718724536122034708e-04
7.081096315000000914e+02 7.051703512508470653e-04 6.758960299794876912e-04
7.081099440000000413e+02 7.199367349075693834e-04 6.798680551863033657e-04
7.081102564999999913e+02 6.856797100939992454e-04 6.837904321606719238e-04
7.081105690000000550e+02 7.728630745789282549e-04 6.876649816773693254e-04
7.081108815000000050e+02 7.333056509274729065e-04 6.914934462191725615e-04
7.081111940000000686e+02 6.977081638542058199e-04 6.952774936709023388e-04
7.081115065000000186e+02 6.727324961389556527e-04 6.990187208180557782e-04
7.081118190000000823e+02 7.156770921360369308e-04 7.027186566999889467e-04
7.081121315000000322e+02 7.162576863636989323e-04 7.063787657804118658e-04
7.081124440000000959e+02 6.797628133110093481e-04 7.100004509855614146e-04
7.081127565000000459e+02 6.425777922149818449e-04 7.135850565736628339e-04
7.081130689999999959e+02 7.246767851721514159e-04 7.171338708835957136e-04
7.081133815000000595e+02 7.293623984043408771e-04 7.206481289359999544e-04
7.081136940000000095e+02 7.485582092276606668e-04 7.241290149065715337e-04
7.081140065000000732e+02 6.320197498319363909e-04 7.275776644900551872e-04
7.081143190000000232e+02 7.385219858535905070e-04 7.309951671290350209e-04
7.081146315000000868e+02 7.414917436480862991e-04 7.343825681523745430e-04
7.081149440000000368e+02 7.856868557640536536e-04 7.377408707885663294e-04
7.081152565000001005e+02 6.783412909605670031e-04 7.410710380989782298e-04
7.081155690000000504e+02 7.283583078574323855e-04 7.443739947965305210e-04
7.081158815000000004e+02 6.540159670925784147e-04 7.476506289924825417e-04
7.081161940000000641e+02 7.664238632673060726e-04 7.509017938454065101e-04
7.081165065000000141e+02 7.770875459596797907e-04 7.541283091290430698e-04
7.081168190000000777e+02 7.376492651290813933e-04 7.573309627347610132e-04
7.081171315000000277e+02 7.596135189675029976e-04 7.605105120831463349e-04
7.081174440000000914e+02 6.731895663639352783e-04 7.636676854848252526e-04
7.081177565000000413e+02 6.357065449270589766e-04 7.668031834167914496e-04
7.081180689999999913e+02 6.596841104157946797e-04 7.699176797535085348e-04
7.081183815000000550e+02 7.767317189838638877e-04 7.730118229271453617e-04
7.081186940000000050e+02 7.074931785623677022e-04 7.760862370316687570e-04
7.081190065000000686e+02 7.409116244252734454e-04 7.791415228847496178e-04
7.081193190000000186e+02 7.081061487821198840e-04 7.821782590222130932e-04
7.081196315000000823e+02 7.777661047438713931e-04 7.851970026622809426e-04
7.081199440000000322e+02 6.294506990458951026e-04 7.881982906064973534e-04
7.081202565000000959e+02 7.858167834913511694e-04 7.911826401150299668e-04
