7.071436889999999948e+02 4.088418557787977178e-04 3.864464890405593838e-04
7.071440014999999448e+02 3.902197757020573008e-04 3.868536703776306223e-04
7.071443140000000085e+02 4.062021609707259910e-04 3.872151424570744013e-04
7.071446264999999585e+02 4.161849495372991559e-04 3.875291538814541921e-04
7.071449390000000221e+02 4.138388364579268256e-04 3.877938760567601131e-04
7.071452514999999721e+02 4.400118197026705669e-04 3.880073995624304514e-04
7.071455640000000358e+02 3.734887209744523393e-04 3.881677303640750716e-04
7.071458764999999858e+02 4.135167216396014311e-04 3.882727858623804857e-04
7.071461890000000494e+02 3.955605832738430571e-04 3.883203907778239408e-04
7.071465014999999994e+02 4.182667270388765136e-04 3.883082728672789257e-04
7.071468139999999494e+02 4.221174063051096308e-04 3.882340584726433905e-04
7.071471265000000130e+02 3.903229192007795327e-04 3.880952679007349383e-04
7.071474389999999630e+02 3.892891933965541619e-04 3.878893106366558150e-04
7.071477515000000267e+02 4.434035014892894226e-04 3.876134803927112102e-04
7.071480639999999767e+02 3.606751615943598805e-04 3.872649499997618105e-04
7.071483765000000403e+02 3.816307620928569098e-04 3.868407661461849625e-04
7.071486889999999903e+02 3.579818711568355256e-04 3.863378439781389468e-04
7.071490014999999403e+02 3.639704207046174375e-04 3.857529615710985726e-04
7.071493140000000039e+02 3.637296529920302666e-04 3.850827542938010549e-04
7.071496264999999539e+02 3.919062513448577124e-04 3.843237090861927573e-04
7.071499390000000176e+02 3.960396266659221105e-04 3.834721586759652070e-04
7.071502514999999676e+02 3.611577343721075295e-04 3.825242757743891361e-04
7.071505640000000312e+02 3.795544374216101554e-04 3.814760672840627120e-04
7.071508764999999812e+02 3.667748195728552153e-04 3.803233685782635696e-04
7.071511890000000449e+02 3.447213877815982091e-04 3.790618379002769212e-04
7.071515014999999948e+02 3.428474114891314709e-04 3.776869509655723630e-04
7.071518139999999448e+02 3.397703712857444804e-04 3.761939958374048692e-04
7.071521265000000085e+02 3.344511877564806512e-04 3.745780681847969782e-04
7.071524389999999585e+02 4.164297629983238717e-04 3.728340670343759360e-04
7.071527515000000221e+02 3.793041464328525099e-04 3.709566911432682986e-04
7.071530639999999721e+02 3.583018319911703995e-04 3.689404361645061523e-04
7.071533765000000358e+02 4.097731570330788095e-04 3.667795927657107767e-04
7.071536889999999858e+02 3.781187149769778917e-04 3.644682459315047151e-04
7.071540015000000494e+02 3.625623768176704665e-04 3.620002756660771676e-04
7.071543139999999994e+02 3.273156381073818815e-04 3.593693593963181066e-04
7.071546264999999494e+02 3.563669640806542806e-04 3.565689763641804555e-04
7.071549390000000130e+02 3.473072459693956628e-04 3.535924143880865198e-04
7.071552514999999630e+02 3.375808088729759541e-04 3.504327793927604763e-04
7.071555640000000267e+02 3.090937953854502418e-04 3.470830081552405181e-04
7.071558764999999767e+02 3.673457858652542062e-04 3.435358848136654884e-04
7.071561890000000403e+02 2.901935540170479002e-04 3.397840616844048016e-04
7.071565014999999903e+02 3.237907651888816737e-04 3.358200850758667820e-04
7.071568139999999403e+02 2.829466555940912871e-04 3.316364267804302311e-04
7.071571265000000039e+02 3.109807814005773074e-04 3.272255220739318272e-04
7.071574389999999539e+02 2.967657418356544783e-04 3.225798150852677020e-04
7.071577515000000176e+02 2.687426869474381520e-04 3.176918124703802986e-04
7.071580639999999676e+02 3.048874368633073531e-04 3.125541464608475083e-04
7.071583765000000312e+02 2.340241269564378155e-04 3.071596483342776940e-04
7.071586889999999812e+02 2.555442678395716664e-04 3.015014335257844161e-04
7.071590015000000449e+02 2.704340468877992594e-04 2.955729995311355616e-04
7.071593139999999948e+02 2.894209261372468391e-04 2.893683379024687805e-04
7.071596264999999448e+02 2.666793469438862984e-04 2.828820615100666592e-04
7.071599390000000085e+02 2.257387586612979405e-04 2.761095483202387910e-04
7.071602514999999585e+02 2.218565066903884430e-04 2.690471027795112617e-04
7.071605640000000221e+02 2.165223127558242480e-04 2.616921357358039995e-04
7.071608764999999721e+02 2.550752718449075937e-04 2.540433636889378728e-04
7.071611890000000358e+02 2.172256777780090726e-04 2.461010276960996800e-04
7.071615014999999858e+02 1.955782418710405742e-04 2.378671319882710931e-04
7.071618140000000494e+02 2.102840996314597744e-04 2.293457016132676406e-04
7.071621264999999994e+02 1.991463782449190629e-04 2.205430578886405965e-04
7.071624389999999494e+02 1.993296418788348217e-04 2.114681093848905518e-04
7.071627515000000130e+02 1.935601300521746062e-04 2.021326552738428588e-04
7.071630639999999630e+02 1.859027262360614103e-04 1.925516965378940742e-04
7.071633765000000267e+02 1.943297071007412161e-04 1.827437491161697529e-04
7.071636889999999767e+02 1.438096322740976124e-04 1.727311516154932960e-04
7.071640015000000403e+02 1.884145282767116572e-04 1.625403583240121979e-04
7.071643139999999903e+02 1.563035864751074621e-04 1.522022067239768757e-04
7.071646264999999403e+02 1.611358258719860549e-04 1.417521467233382392e-04
7.071649390000000039e+02 1.362303769426312307e-04 1.312304174017060829e-04
7.071652514999999539e+02 1.426294566707707713e-04 1.206821555702298153e-04
7.071655640000000176e+02 1.350554104070865165e-04 1.101574194978570203e-04
7.071658764999999676e+02 8.666662741142064168e-05 9.971111095790643163e-05
7.071661890000000312e+02 1.263637420128698450e-04 8.940277900806983856e-05
7.071665014999999812e+02 8.833793531013484806e-05 7.929629063094860929e-05
7.071668140000000449e+02 1.190089858455722059e-04 6.945935575968547790e-05
7.071671264999999948e+02 9.495869069370258442e-05 5.996289837779693110e-05
7.071674389999999448e+02 6.975597647730733680e-05 5.088027039476801207e-05
7.071677515000000085e+02 6.905429263345050502e-05 4.228631170261372006e-05
7.071680639999999585e+02 9.205413164773925587e-05 3.425626724137301827e-05
7.071683765000000221e+02 6.434115205748200232e-05 2.686458018114023079e-05
7.071686889999999721e+02 4.291345425481870424e-05 2.018358892973789968e-05
7.071690015000000358e+02 2.137250110404811964e-05 1.428216363943015991e-05
7.071693139999999858e+02 2.462281689310292821e-05 9.224325134955527536e-06
7.071696265000000494e+02 2.386783126086087589e-05 5.067894342285214861e-06
7.071699389999999994e+02 2.389503791752478956e-05 1.863223365143815350e-06
7.071702514999999494e+02 2.709650259998869613e-05 -3.479407458196146827e-07
7.071705640000000130e+02 1.526478825435688622e-05 -1.533411544406558193e-06
7.071708764999999630e+02 1.035051038439222604e-05 -1.671296492700556781e-06
7.071711890000000267e+02 8.672219233226649446e-06 -7.504756693187912192e-07
7.071715014999999767e+02 8.243511904635473679e-06 1.229194904976271711e-06
7.071718140000000403e+02 1.176859190811877450e-05 4.256963062664627063e-06
7.071721264999999903e+02 1.516427637292888689e-05 8.311537589507674961e-06
7.071724389999999403e+02 1.089450825859878679e-05 1.336170383355442302e-05
7.071727515000000039e+02 9.949801030328060667e-06 1.936716747492254022e-05
7.071730639999999539e+02 6.597151771263982671e-06 2.627958691856898264e-05
7.071733765000000176e+02 1.370760514357648001e-05 3.404374843700978164e-05
7.071736889999999676e+02 2.221470165881171165e-05 4.259883484340688304e-05
7.071740015000000312e+02 2.335425384057508583e-05 5.187973843532819353e-05
7.071743139999999812e+02 3.033409929085614066e-05 6.181837138522569693e-05
7.071746265000000449e+02 5.440512388468831344e-05 7.234493183697089105e-05
7.071749389999999948e+02 7.644562079033002076e-05 8.338909032842012890e-05
7.071752514999999448e+02 5.740241085346141760e-05 9.488106895318210090e-05
7.071755640000000085e+02 7.611615481660833249e-05 1.067525934146197131e-04
7.071758764999999585e+02 7.128934787010171733e-05 1.189377060005657243e-04
7.071761890000000221e+02 1.125931458003280529e-04 1.313734346302149333e-04
7.071765014999999721e+02 1.156217810402632092e-04 1.440003191238643820e-04
7.071768140000000358e+02 1.142676170913154473e-04 1.567628011135155733e-04
7.071771264999999858e+02 1.523347245555097288e-04 1.696094875491405542e-04
7.071774390000000494e+02 1.270755772408955846e-04 1.824933006936546164e-04
7.071777514999999994e+02 1.631933213866400192e-04 1.953715287837700363e-04
7.071780639999999494e+02 1.837255764115493576e-04 2.082057924835546529e-04
7.071783765000000130e+02 1.702703105705131352e-04 2.209619419020475287e-04
7.071786889999999630e+02 1.817162718348552504e-04 2.336098984400654464e-04
7.071790015000000267e+02 2.762538218510941367e-04 2.461234546491868980e-04
7.071793139999999767e+02 2.509846445370561541e-04 2.584800437806088094e-04
7.071796265000000403e+02 2.552749594954736834e-04 2.706604894767737158e-04
7.071799389999999903e+02 2.641161162692862488e-04 2.826487442494574000e-04
7.071802514999999403e+02 2.651852436907761387e-04 2.944316241879047598e-04
7.071805640000000039e+02 2.872066531700838573e-04 3.059985456942584774e-04
7.071808764999999539e+02 3.647753939328738596e-04 3.173412689311468386e-04
7.071811890000000176e+02 3.120236514686718456e-04 3.284536515337477779e-04
7.071815014999999676e+02 3.105732352761711814e-04 3.393314150191092558e-04
7.071818140000000312e+02 3.513249278064311024e-04 3.499719257307447469e-04
7.071821264999999812e+02 3.782951638521630210e-04 3.603739912150635740e-04
7.071824390000000449e+02 4.021722696497893250e-04 3.705376726273651488e-04
7.071827514999999948e+02 3.822781486897636823e-04 3.804641130757334638e-04
7.071830639999999448e+02 3.971181404412114642e-04 3.901553817147091516e-04
7.071833765000000085e+02 4.971006730113750310e-04 3.996143329373781465e-04
7.071836889999999585e+02 4.228347128429600318e-04 4.088444799681811978e-04
7.071840015000000221e+02 4.339520369227006097e-04 4.178498820319409513e-04
7.071843139999999721e+02 4.696908117664367688e-04 4.266350440857538434e-04
7.071846265000000358e+02 4.806844450905204237e-04 4.352048282547443738e-04
7.071849389999999858e+02 4.978315487846015405e-04 4.435643758992793926e-04
7.071852515000000494e+02 4.649989009066642066e-04 4.517190394658943142e-04
7.071855639999999994e+02 4.460063263019657925e-04 4.596743231056683366e-04
7.071858764999999494e+02 5.698862172883429429e-04 4.674358312830826658e-04
7.071861890000000130e+02 5.309443845747324016e-04 4.750092244806248761e-04
7.071865014999999630e+02 5.064221192321560197e-04 4.824001812678618481e-04
7.071868140000000267e+02 5.069230970142932441e-04 4.896143660565245885e-04
7.071871264999999767e+02 4.982892613714925501e-04 4.966574018281697629e-04
7.071874390000000403e+02 5.206972412435071371e-04 5.035348473291583696e-04
7.071877514999999903e+02 5.158248623861374496e-04 5.102521781155649333e-04
7.071880639999999403e+02 5.527402512265330902e-04 5.168147710465909300e-04
7.071883765000000039e+02 5.407660146801285652e-04 5.232278917307428730e-04
7.071886889999999539e+02 5.148533591255880035e-04 5.294966845645584282e-04
7.071890015000000176e+02 5.761003210189110692e-04 5.356261650410768177e-04
7.071893139999999676e+02 6.565192300268482030e-04 5.416212139642984785e-04
7.071896265000000312e+02 5.335099711417188445e-04 5.474865733687567931e-04
7.071899389999999812e+02 5.567710369372660300e-04 5.532268438330120155e-04
7.071902515000000449e+02 5.578647286074569578e-04 5.588464830456341950e-04
7.071905639999999948e+02 5.694812961471593582e-04 5.643498053697107138e-04
7.071908764999999448e+02 6.624793181933214068e-04 5.697409823080901246e-04
7.071911890000000085e+02 6.732147235546576992e-04 5.750240436752446704e-04
7.071915014999999585e+02 5.360701766319931390e-04 5.802028793731788068e-04
7.071918140000000221e+02 6.747379982764392832e-04 5.852812416817022075e-04
7.071921264999999721e+02 6.205857694596699121e-04 5.902627479221070946e-04
7.071924390000000358e+02 7.102643319489269523e-04 5.951508834715933194e-04
7.071927514999999858e+02 6.244223796382114035e-04 5.999490049994723106e-04
7.071930640000000494e+02 6.335497024570112485e-04 6.046603439231493194e-04
7.071933764999999994e+02 6.193216093338958827e-04 6.092880099755201232e-04
7.071936889999999494e+02 6.631058352973222920e-04 6.138349948941372938e-04
7.071940015000000130e+02 6.964708520484365036e-04 6.183041761514483214e-04
7.071943139999999630e+02 6.705361653617979362e-04 6.226983207124333697e-04
7.071946265000000267e+02 5.995498327262731384e-04 6.270200888086359522e-04
7.071949389999999767e+02 6.396914939485351349e-04 6.312720376662464203e-04
7.071952515000000403e+02 5.577269590291420494e-04 6.354566252193254855e-04
7.071955639999999903e+02 7.344734343657213695e-04 6.395762137427153573e-04
7.071958764999999403e+02 6.595413574747157693e-04 6.436330734404139154e-04
7.071961890000000039e+02 6.048287987453976940e-04 6.476293859410901105e-04
7.071965014999999539e+02 6.423372367652717624e-04 6.515672477087924202e-04
7.071968140000000176e+02 5.672203358503344209e-04 6.554486733768910209e-04
7.071971264999999676e+02 6.524729944566502434e-04 6.592755989648793960e-04
7.071974390000000312e+02 6.219435998600762348e-04 6.630498850193016326e-04
7.071977514999999812e+02 6.866059857880372087e-04 6.667733196316286267e-04
7.071980640000000449e+02 6.885222358654208416e-04 6.704476213766179249e-04
7.071983764999999948e+02 6.432849148362091091e-04 6.740744421269619785e-04
7.071986889999999448e+02 7.232211706354323448e-04 6.776553697867067783e-04
7.071990015000000085e+02 6.734843278974925965e-04 6.811919309106831107e-04
7.071993139999999585e+02 6.269373880553415950e-04 6.846855932251493231e-04
7.071996265000000221e+02 7.806223811261436872e-04 6.881377680638816078e-04
7.071999389999999721e+02 6.313502523857582663e-04 6.915498126898961349e-04
7.072002515000000358e+02 6.808135316700396475e-04 6.949230325444713096e-04
7.072005639999999858e+02 6.463181619881746111e-04 6.982586833857464242e-04
7.072008765000000494e+02 6.439804998676523133e-04 7.015579733592606018e-04
7.072011889999999994e+02 6.598420216760443168e-04 7.048220649638545221e-04
7.072015014999999494e+02 6.922542027317416620e-04 7.080520769533904133e-04
7.072018140000000130e+02 7.272738087981566639e-04 7.112490861468606478e-04
7.072021264999999630e+02 7.662179360098384569e-04 7.144141291620200764e-04
7.072024390000000267e+02 7.061423521073959637e-04 7.175482040866763053e-04
7.072027514999999767e+02 7.026181322620709928e-04 7.206522720615543944e-04
7.072030640000000403e+02 6.510653796358119782e-04 7.237272588131440573e-04
7.072033764999999903e+02 6.900520688752986116e-04 7.267740561027367322e-04
7.072036889999999403e+02 7.536019510853044900e-04 7.297935231293462216e-04
7.072040015000000039e+02 7.030335539069842337e-04 7.327864878609409091e-04
7.072043139999999539e+02 7.058681959890638572e-04 7.357537483079322352e-04
7.072046265000000176e+02 7.762411989340187776e-04 7.386960737519983810e-04
7.072049389999999676e+02 6.820887656920081353e-04 7.416142059055463344e-04
7.072052515000000312e+02 6.849658411575781057e-04 7.445088600375291028e-04
7.072055639999999812e+02 7.094872907882992207e-04 7.473807260335646116e-04
7.072058765000000449e+02 6.463587528980235287e-04 7.502304694264527382e-04
