7.168763830000000326e+02 3.300905250879714275e-04 3.042173715938585664e-04
7.168766954999999825e+02 2.885282948360278518e-04 3.044745283607439360e-04
7.168770080000000462e+02 3.349594050766270970e-04 3.047188598819435272e-04
7.168773204999999962e+02 3.278127796903340771e-04 3.049498665729564019e-04
7.168776330000000598e+02 3.234465911409803158e-04 3.051670251500761006e-04
7.168779455000000098e+02 3.078739393974357736e-04 3.053697873182744825e-04
7.168782580000000735e+02 2.878227128157625483e-04 3.055575783786851438e-04
7.168785705000000235e+02 2.616752044361585986e-04 3.057297957476287869e-04
7.168788830000000871e+02 3.215944837028028255e-04 3.058858073836102616e-04
7.168791955000000371e+02 3.233524263751545334e-04 3.060249501137632822e-04
7.168795079999999871e+02 3.163823755573126595e-04 3.061465278549155723e-04
7.168798205000000507e+02 3.566236709357889999e-04 3.062498097204889298e-04
7.168801330000000007e+02 3.002214850965805103e-04 3.063340280061963320e-04
7.168804455000000644e+02 3.375448627586818311e-04 3.063983760464508038e-04
7.168807580000000144e+02 3.259174311531814658e-04 3.064420059317972400e-04
7.168810705000000780e+02 3.307196834306490307e-04 3.064640260788186279e-04
7.168813830000000280e+02 3.038476061596521419e-04 3.064634986416720440e-04
7.168816954999999780e+02 2.871693213252674340e-04 3.064394367549959776e-04
7.168820080000000416e+02 2.737985826749748486e-04 3.063908015963791439e-04
7.168823204999999916e+02 3.603387284766873706e-04 3.063164992564814792e-04
7.168826330000000553e+02 3.025133216597134813e-04 3.062153774034539013e-04
7.168829455000000053e+02 2.736228191314514198e-04 3.060862217285130016e-04
7.168832580000000689e+02 2.787774932835414732e-04 3.059277521572413300e-04
7.168835705000000189e+02 3.023541110890285593e-04 3.057386188124302856e-04
7.168838830000000826e+02 2.922116557495939054e-04 3.055173977107558171e-04
7.168841955000000326e+02 3.179972780380216271e-04 3.052625861781357538e-04
7.168845079999999825e+02 2.961472878997151582e-04 3.049725979638593428e-04
7.168848205000000462e+02 3.246225339019221268e-04 3.046457580367393711e-04
7.168851329999999962e+02 3.164681045677505966e-04 3.042802970435522247e-04
7.168854455000000598e+02 3.216920847280825102e-04 3.038743454084201663e-04
7.168857580000000098e+02 3.054543137436819471e-04 3.034259270560562324e-04
7.168860705000000735e+02 3.144352643055431710e-04 3.029329527341151308e-04
7.168863830000000235e+02 2.837722666725842492e-04 3.023932129187822449e-04
7.168866955000000871e+02 2.502123178350617997e-04 3.018043702780149815e-04
7.168870080000000371e+02 2.961609714554849131e-04 3.011639516785156317e-04
7.168873204999999871e+02 2.625114614048323046e-04 3.004693397118707071e-04
7.168876330000000507e+02 3.118284066519090830e-04 2.997177637281670426e-04
7.168879455000000007e+02 2.960327883992918156e-04 2.989062903612737490e-04
7.168882580000000644e+02 2.733414324415899942e-04 2.980318135319493054e-04
7.168885705000000144e+02 3.349029874439448480e-04 2.970910439301227557e-04
7.168888830000000780e+02 2.655464226233818963e-04 2.960804979674542159e-04
7.168891955000000280e+02 2.808939354509886388e-04 2.949964862187666437e-04
7.168895079999999780e+02 2.905314847322638364e-04 2.938351013604041141e-04
7.168898205000000416e+02 3.161036227066219223e-04 2.925922056457528069e-04
7.168901329999999916e+02 2.888063640062935446e-04 2.912634179625731273e-04
7.168904455000000553e+02 3.097488321931264111e-04 2.898441005345671470e-04
7.168907580000000053e+02 2.935663704283397908e-04 2.883293453714267534e-04
7.168910705000000689e+02 2.700199026356079994e-04 2.867139605750012861e-04
7.168913830000000189e+02 2.670968612807067804e-04 2.849924566780517366e-04
7.168916955000000826e+02 2.390977581860746239e-04 2.831590332029653920e-04
7.168920080000000326e+02 2.972119060072918924e-04 2.812075657190552121e-04
7.168923204999999825e+02 2.778786952123752014e-04 2.791315937048904341e-04
7.168926330000000462e+02 2.399122816713737281e-04 2.769243096366638636e-04
7.168929454999999962e+02 3.028984437460133629e-04 2.745785497969532841e-04
7.168932580000000598e+02 2.643999029483252278e-04 2.720867874075864499e-04
7.168935705000000098e+02 2.263279428303552007e-04 2.694411288543767510e-04
7.168938830000000735e+02 2.330195117676976636e-04 2.666333138818195226e-04
7.168941955000000235e+02 2.430078314005681278e-04 2.636547208768756558e-04
7.168945080000000871e+02 3.102060672137147822e-04 2.604963785168767855e-04
7.168948205000000371e+02 2.607986196449472971e-04 2.571489853699487882e-04
7.168951329999999871e+02 2.404126785775655183e-04 2.536029392565161125e-04
7.168954455000000507e+02 2.391524136385218347e-04 2.498483785665334784e-04
7.168957580000000007e+02 2.153148971172888005e-04 2.458752380543006641e-04
7.168960705000000644e+02 2.246689900822165407e-04 2.416733220293586931e-04
7.168963830000000144e+02 2.504109838707133172e-04 2.372323983487037761e-04
7.168966955000000780e+02 2.330833839825712211e-04 2.325423169946665429e-04
7.168970080000000280e+02 2.444742778229736695e-04 2.275931575852624942e-04
7.168973204999999780e+02 2.286544335937855063e-04 2.223754105174943990e-04
7.168976330000000416e+02 2.391301366697153085e-04 2.168801969362487727e-04
7.168979454999999916e+02 2.028363896367849615e-04 2.110995329656701518e-04
7.168982580000000553e+02 1.456024653885540214e-04 2.050266437626737011e-04
7.168985705000000053e+02 2.208105328238724749e-04 1.986563328980966384e-04
7.168988830000000689e+02 1.936181624252707450e-04 1.919854119518367506e-04
7.168991955000000189e+02 1.893861476268193984e-04 1.850131943283594331e-04
7.168995080000000826e+02 1.710797318334772075e-04 1.777420554554753017e-04
7.168998205000000326e+02 1.521173659402947839e-04 1.701780591105751274e-04
7.169001329999999825e+02 1.462177847001747111e-04 1.623316458185233759e-04
7.169004455000000462e+02 1.322326890600653850e-04 1.542183744964027400e-04
7.169007579999999962e+02 1.866573040394638649e-04 1.458597020977447976e-04
7.169010705000000598e+02 1.228213219706167890e-04 1.372837781712568498e-04
7.169013830000000098e+02 1.568057986887940163e-04 1.285262221031524749e-04
7.169016955000000735e+02 1.496186919293824864e-04 1.196308402538775491e-04
7.169020080000000235e+02 1.373057690577467941e-04 1.106502294564972794e-04
7.169023205000000871e+02 1.181748896925223968e-04 1.016462026173440680e-04
7.169026330000000371e+02 7.392312728198268670e-05 9.268996363287474154e-05
7.169029454999999871e+02 7.428284369313422730e-05 8.386195349333478636e-05
7.169032580000000507e+02 8.762553681180120305e-05 7.525129019077408140e-05
7.169035705000000007e+02 6.303851239724652853e-05 6.695473340403414132e-05
7.169038830000000644e+02 6.942273057435588131e-05 5.907512323978491295e-05
7.169041955000000144e+02 6.220481357583676192e-05 5.171927169965214041e-05
7.169045080000000780e+02 4.357381399804274174e-05 4.499532545002183644e-05
7.169048205000000280e+02 4.265333379275829199e-05 3.900966747196361737e-05
7.169051329999999780e+02 4.179840842307007849e-05 3.386347835476787634e-05
7.169054455000000416e+02 3.268030625825710239e-05 2.964912979843380486e-05
7.169057579999999916e+02 3.035160351423201239e-05 2.644662508857381202e-05
7.169060705000000553e+02 1.504345164194163749e-05 2.432032640551545075e-05
7.169063830000000053e+02 2.006458362889896924e-05 2.331621023200973358e-05
7.169066955000000689e+02 2.455896335655810100e-05 2.345986622265730024e-05
7.169070080000000189e+02 2.351894536268731668e-05 2.475540266117373788e-05
7.169073205000000826e+02 3.835833287311718714e-05 2.718534818792568079e-05
7.169076330000000326e+02 3.062185308318073990e-05 3.071155425139201974e-05
7.169079454999999825e+02 1.754659221758544111e-05 3.527701723266412232e-05
7.169082580000000462e+02 2.820051536210144497e-05 4.080846492604745575e-05
7.169085704999999962e+02 3.855151703638223852e-05 4.721949844038862996e-05
7.169088830000000598e+02 4.799422282574831934e-05 5.441405301906277744e-05
7.169091955000000098e+02 5.151795216384827023e-05 6.228994049836617051e-05
7.169095080000000735e+02 7.268690000726283685e-05 7.074225915145491517e-05
7.169098205000000235e+02 8.011338362774828525e-05 7.966649670971096572e-05
7.169101330000000871e+02 7.291705336312284658e-05 8.896120235900314781e-05
7.169104455000000371e+02 7.817661820097340894e-05 9.853015528724247667e-05
7.169107579999999871e+02 9.667097290890839232e-05 1.082840055027408635e-04
7.169110705000000507e+02 1.291488543774422116e-04 1.181414022055618984e-04
7.169113830000000007e+02 1.336771104811290884e-04 1.280296545542543751e-04
7.169116955000000644e+02 1.496207710932458352e-04 1.378849885343238254e-04
7.169120080000000144e+02 1.093792696465909961e-04 1.476524728041361627e-04
7.169123205000000780e+02 1.834634089484697347e-04 1.572856881274586156e-04
7.169126330000000280e+02 1.857181870046187668e-04 1.667462106337361531e-04
7.169129454999999780e+02 1.629725398085050221e-04 1.760029715768174526e-04
7.169132580000000416e+02 1.679344006941584718e-04 1.850315463561038568e-04
7.169135704999999916e+02 2.264694705195672403e-04 1.938134154183364312e-04
7.169138830000000553e+02 1.758120494275418832e-04 2.023352297702903525e-04
7.169141955000000053e+02 2.131964823081923500e-04 2.105881048225923620e-04
7.169145080000000689e+02 2.418869327175167687e-04 2.185669588561850788e-04
7.169148205000000189e+02 2.523695586711399578e-04 2.262699059828799698e-04
7.169151330000000826e+02 2.400668579578526455e-04 2.336977087825656209e-04
7.169154455000000326e+02 1.975829159960927443e-04 2.408532919329354192e-04
7.169157579999999825e+02 2.468434330234841028e-04 2.477413156824821066e-04
7.169160705000000462e+02 2.585920437924831830e-04 2.543678060634670850e-04
7.169163829999999962e+02 2.999480924433085101e-04 2.607398377134674539e-04
7.169166955000000598e+02 2.700224802138724350e-04 2.668652645518159198e-04
7.169170080000000098e+02 2.696035305539815400e-04 2.727524932399358402e-04
7.169173205000000735e+02 3.406802103269920400e-04 2.784102945150247668e-04
7.169176330000000235e+02 2.851287482670840888e-04 2.838476475535196440e-04
7.169179455000000871e+02 3.452889779364129658e-04 2.890736129834211719e-04
7.169182580000000371e+02 3.272994236863018881e-04 2.940972304152169627e-04
7.169185704999999871e+02 2.890054797983228731e-04 2.989274369004848585e-04
7.169188830000000507e+02 3.235709637238148016e-04 3.035730030297886751e-04
7.169191955000000007e+02 2.638150359226685204e-04 3.080424838488182867e-04
7.169195080000000644e+02 3.054256150328116910e-04 3.123441821380303963e-04
7.169198205000000144e+02 3.128091090486001123e-04 3.164861218851981609e-04
7.169201330000000780e+02 2.861706625717388270e-04 3.204760301780481971e-04
7.169204455000000280e+02 2.955911608725385938e-04 3.243213259159278454e-04
7.169207579999999780e+02 2.810619676567209036e-04 3.280291140756878333e-04
7.169210705000000416e+02 3.638196745525565877e-04 3.316061843909668739e-04
7.169213829999999916e+02 3.552457679403864840e-04 3.350590135370133259e-04
7.169216955000000553e+02 3.315452341955958432e-04 3.383937700636277025e-04
7.169220080000000053e+02 3.900577093406537295e-04 3.416163214071425897e-04
7.169223205000000689e+02 3.297192496540213790e-04 3.447322424948807214e-04
7.169226330000000189e+02 3.435988911256966432e-04 3.477468254724703405e-04
7.169229455000000826e+02 3.362961248025021343e-04 3.506650902405203558e-04
7.169232580000000326e+02 3.656694224399834915e-04 3.534917954800654931e-04
7.169235704999999825e+02 3.434993159233318055e-04 3.562314499724881286e-04
7.169238830000000462e+02 3.742208748556268309e-04 3.588883240047522510e-04
7.169241954999999962e+02 4.000716010297999297e-04 3.614664607278639122e-04
7.169245080000000598e+02 3.481384578292343827e-04 3.639696873657489659e-04
7.169248205000000098e+02 3.559168424243969631e-04 3.664016261653719716e-04
7.169251330000000735e+02 3.873672324975296986e-04 3.687657050530304551e-04
7.169254455000000235e+02 3.584137027457348938e-04 3.710651679210605325e-04
7.169257580000000871e+02 3.822701871657310855e-04 3.733030845408989804e-04
7.169260705000000371e+02 3.668947398504017422e-04 3.754823600539912952e-04
7.169263829999999871e+02 3.926717222580264799e-04 3.776057440547832679e-04
7.169266955000000507e+02 4.070498426583850035e-04 3.796758392405346510e-04
7.169270080000000007e+02 3.586557144187111886e-04 3.816951096378132431e-04
7.169273205000000644e+02 3.844382127644775530e-04 3.836658884183400818e-04
7.169276330000000144e+02 3.944538424368719022e-04 3.855903852947296061e-04
7.169279455000000780e+02 4.094871399120818029e-04 3.874706935304292679e-04
7.169282580000000280e+02 3.380464899927450501e-04 3.893087965543222243e-04
7.169285704999999780e+02 3.867565260492187066e-04 3.911065742164752642e-04
7.169288830000000416e+02 3.644240923284995746e-04 3.928658086831887729e-04
7.169291954999999916e+02 4.208403809979669157e-04 3.945881899945634006e-04
7.169295080000000553e+02 3.744802053825260421e-04 3.962753213068038864e-04
7.169298205000000053e+02 3.941754783227011897e-04 3.979287238196390210e-04
7.169301330000000689e+02 3.505598120256584816e-04 3.995498414241698882e-04
7.169304455000000189e+02 3.448304887583939090e-04 4.011400450670628455e-04
7.169307580000000826e+02 3.973833259756008010e-04 4.027006368654719565e-04
7.169310705000000326e+02 4.183718112155087308e-04 4.042328539684041577e-04
7.169313829999999825e+02 3.885394024201382023e-04 4.057378721965395284e-04
7.169316955000000462e+02 4.186628989431163809e-04 4.072168094595490979e-04
7.169320079999999962e+02 4.032780940824827682e-04 4.086707289696451476e-04
7.169323205000000598e+02 4.345660229424032936e-04 4.101006422686721592e-04
7.169326330000000098e+02 3.738024854847095727e-04 4.115075120670014068e-04
7.169329455000000735e+02 3.975573478748789026e-04 4.128922549215379161e-04
7.169332580000000235e+02 4.163524604743529711e-04 4.142557437465149879e-04
7.169335705000000871e+02 4.150098927887171246e-04 4.155988101832115223e-04
7.169338830000000371e+02 4.028943195058521092e-04 4.169222468216498331e-04
7.169341954999999871e+02 3.986247980280114406e-04 4.182268092983236181e-04
7.169345080000000507e+02 4.134480597259008908e-04 4.195132182657417908e-04
7.169348205000000007e+02 4.161008790600580665e-04 4.207821612464779457e-04
7.169351330000000644e+02 4.486202627623054012e-04 4.220342943834032930e-04
7.169354455000000144e+02 4.545226084299997514e-04 4.232702440812343412e-04
7.169357580000000780e+02 4.237862098183583235e-04 4.244906085599949551e-04
7.169360705000000280e+02 4.477064453424253439e-04 4.256959593117150492e-04
7.169363829999999780e+02 4.866046013683328624e-04 4.268868424798641023e-04
7.169366955000000416e+02 4.269891495465572809e-04 4.280637801555050421e-04
7.169370079999999916e+02 4.370587389933664889e-04 4.292272715995956939e-04
7.169373205000000553e+02 3.954487530401981361e-04 4.303777944001307629e-04
7.169376330000000053e+02 4.516803003792587779e-04 4.315158055577633352e-04
7.169379455000000689e+02 4.624465767655895902e-04 4.326417425169935219e-04
7.169382580000000189e+02 3.764315293601196372e-04 4.337560241332546248e-04
7.169385705000000826e+02 4.970745854074188480e-04 4.348590515926368518e-04
