7.158717309999999543e+02 3.093768695795359692e-04 3.144753207221344924e-04
7.158720434999999043e+02 3.132970209249409037e-04 3.149166235915799492e-04
7.158723559999999679e+02 3.447540856525649149e-04 3.153444833065103810e-04
7.158726684999999179e+02 3.301808988894529566e-04 3.157583547217678770e-04
7.158729809999999816e+02 3.497656871960667978e-04 3.161576657118636883e-04
7.158732934999999316e+02 3.548125952776703409e-04 3.165418156062970627e-04
7.158736059999999952e+02 3.644294381893907952e-04 3.169101735246576419e-04
7.158739184999999452e+02 2.823273382037676401e-04 3.172620765994810569e-04
7.158742310000000089e+02 2.909937168028574913e-04 3.175968280833733697e-04
7.158745434999999588e+02 3.225370076888718564e-04 3.179136953275660499e-04
7.158748559999999088e+02 3.764331233139664792e-04 3.182119076266769881e-04
7.158751684999999725e+02 2.876283868579652091e-04 3.184906539166127478e-04
7.158754809999999225e+02 3.008395290080899485e-04 3.187490803163333438e-04
7.158757934999999861e+02 2.836781354513563387e-04 3.189862875028520359e-04
7.158761059999999361e+02 3.367251823151545223e-04 3.192013279047225486e-04
7.158764184999999998e+02 3.060567913402100198e-04 3.193932027036330227e-04
7.158767309999999497e+02 3.064081275963584307e-04 3.195608586270949712e-04
7.158770434999998997e+02 3.277946520549606031e-04 3.197031845193648060e-04
7.158773559999999634e+02 3.178911962964536429e-04 3.198190076722662463e-04
7.158776684999999134e+02 3.384734600013094468e-04 3.199070898992128283e-04
7.158779809999999770e+02 3.216188688116283496e-04 3.199661233337294385e-04
7.158782934999999270e+02 3.769873138862169458e-04 3.199947259313766284e-04
7.158786059999999907e+02 3.304365642290335364e-04 3.199914366544130326e-04
7.158789184999999407e+02 3.735064011687287818e-04 3.199547103154569590e-04
7.158792310000000043e+02 3.051216474076168229e-04 3.198829120558918681e-04
7.158795434999999543e+02 3.059049425157265071e-04 3.197743114329494618e-04
7.158798559999999043e+02 2.812816072068414271e-04 3.196270760873903024e-04
7.158801684999999679e+02 3.079284427459923852e-04 3.194392649629316161e-04
7.158804809999999179e+02 3.175433562577309899e-04 3.192088210466717557e-04
7.158807934999999816e+02 3.093329321417007940e-04 3.189335635971316690e-04
7.158811059999999316e+02 3.017806917784251531e-04 3.186111798281504202e-04
7.158814184999999952e+02 2.704715401881366190e-04 3.182392160109845445e-04
7.158817309999999452e+02 3.100470923060057019e-04 3.178150679618588974e-04
7.158820435000000089e+02 3.559227591519082182e-04 3.173359708745438694e-04
7.158823559999999588e+02 3.300809779076569351e-04 3.167989884654447206e-04
7.158826684999999088e+02 3.310644448180091412e-04 3.162010013899781971e-04
7.158829809999999725e+02 3.090817305316252142e-04 3.155386948989090043e-04
7.158832934999999225e+02 2.943892385768912510e-04 3.148085457002914038e-04
7.158836059999999861e+02 3.217383757822087510e-04 3.140068079943457761e-04
7.158839184999999361e+02 3.363739950885469353e-04 3.131294986631200095e-04
7.158842309999999998e+02 3.450569881226293444e-04 3.121723815891437387e-04
7.158845434999999497e+02 2.995761547950955982e-04 3.111309511047519877e-04
7.158848559999998997e+02 2.735087407921528782e-04 3.100004145675206118e-04
7.158851684999999634e+02 3.073565611160304330e-04 3.087756740922295833e-04
7.158854809999999134e+02 2.754116549947380091e-04 3.074513074807909180e-04
7.158857934999999770e+02 3.270560221708550437e-04 3.060215484169468542e-04
7.158861059999999270e+02 2.384453735222293665e-04 3.044802660449922281e-04
7.158864184999999907e+02 2.973384714084020787e-04 3.028209440694052020e-04
7.158867309999999407e+02 3.041935128202296061e-04 3.010366595996550828e-04
7.158870435000000043e+02 2.642036459138888535e-04 2.991200619987560054e-04
7.158873559999999543e+02 2.931943734797133410e-04 2.970633521167457798e-04
7.158876684999999043e+02 3.195332224774913906e-04 2.948582623556171589e-04
7.158879809999999679e+02 2.558010684963116493e-04 2.924960381769148624e-04
7.158882934999999179e+02 2.535306412099370011e-04 2.899674217969236932e-04
7.158886059999999816e+02 2.403045879678326739e-04 2.872626389989010897e-04
7.158889184999999316e+02 2.775065470416826865e-04 2.843713902518653878e-04
7.158892309999999952e+02 2.721251388222036384e-04 2.812828475467783599e-04
7.158895434999999452e+02 2.333609539463822027e-04 2.779856587460772881e-04
7.158898560000000089e+02 2.842400107926969796e-04 2.744679615611865498e-04
7.158901684999999588e+02 2.512543430375151318e-04 2.707174097930118784e-04
7.158904809999999088e+02 2.606418180371264143e-04 2.667212149210243196e-04
7.158907934999999725e+02 2.431201112304417578e-04 2.624662067959696076e-04
7.158911059999999225e+02 2.651279670377446247e-04 2.579389178324116723e-04
7.158914184999999861e+02 2.224921854336414206e-04 2.531256958505452483e-04
7.158917309999999361e+02 2.247204291989728065e-04 2.480128516036643601e-04
7.158920434999999998e+02 2.447238475235312492e-04 2.425868478126150187e-04
7.158923559999999497e+02 2.175122648023959941e-04 2.368345375256336799e-04
7.158926684999998997e+02 2.707699083680364114e-04 2.307434603538436376e-04
7.158929809999999634e+02 1.953251762585842162e-04 2.243022059543102009e-04
7.158932934999999134e+02 1.789816435776080486e-04 2.175008545362657787e-04
7.158936059999999770e+02 2.082141263432041236e-04 2.103315042089890841e-04
7.158939184999999270e+02 1.956446198995251569e-04 2.027888944951790687e-04
7.158942309999999907e+02 2.039953995654801501e-04 1.948711336982928864e-04
7.158945434999999407e+02 2.324652453077993603e-04 1.865805352169240224e-04
7.158948560000000043e+02 1.349516649124461905e-04 1.779245633129130657e-04
7.158951684999999543e+02 1.875109282335079598e-04 1.689168825101775321e-04
7.158954809999999043e+02 1.712057335941469206e-04 1.595784955830248494e-04
7.158957934999999679e+02 1.264340851019793671e-04 1.499389433559997209e-04
7.158961059999999179e+02 1.367999359960610695e-04 1.400375244917565322e-04
7.158964184999999816e+02 1.514289906441253263e-04 1.299244756353950408e-04
7.158967309999999316e+02 1.144179318670882404e-04 1.196620324546466706e-04
7.158970434999999952e+02 1.262946934101222838e-04 1.093252712261713925e-04
7.158973559999999452e+02 1.184598376451428221e-04 9.900261175715998328e-05
7.158976685000000089e+02 8.507123727433265432e-05 8.879584802765865383e-05
7.158979809999999588e+02 6.842762781890797288e-05 7.881956815576171452e-05
7.158982934999999088e+02 7.219307382600549444e-05 6.919983393017540218e-05
7.158986059999999725e+02 8.497741458449680190e-05 6.007201768640685379e-05
7.158989184999999225e+02 7.126623584823271306e-05 5.157774316473529437e-05
7.158992309999999861e+02 5.562113639918850859e-05 4.386094821122967820e-05
7.158995434999999361e+02 6.984626007295730553e-05 3.706317723114771365e-05
7.158998559999999998e+02 5.518513747442803515e-05 3.131831139387220231e-05
7.159001684999999497e+02 3.240163930106890113e-05 2.674704214645380731e-05
7.159004809999998997e+02 3.295227940500991722e-05 2.345147139667509527e-05
7.159007934999999634e+02 2.097232422109746090e-05 2.151026355509840548e-05
7.159011059999999134e+02 2.602727306305755762e-05 2.097476668007665961e-05
7.159014184999999770e+02 1.875555228030742315e-05 2.186645687480800234e-05
7.159017309999999270e+02 2.610879845054132171e-05 2.417594612459828487e-05
7.159020434999999907e+02 3.628836258918607477e-05 2.786364378875996002e-05
7.159023559999999407e+02 2.762087083490567810e-05 3.286199862000467083e-05
7.159026685000000043e+02 2.625133970542986928e-05 3.907909703226549928e-05
7.159029809999999543e+02 3.225831491752866097e-05 4.640327691058291997e-05
7.159032934999999043e+02 4.235407933037814443e-05 5.470834981489884152e-05
7.159036059999999679e+02 3.824329827783047413e-05 6.385901232273042793e-05
7.159039184999999179e+02 5.426950280986597317e-05 7.371606450899348081e-05
7.159042309999999816e+02 4.164968216050301902e-05 8.414112717321308810e-05
7.159045434999999316e+02 9.978457285388201174e-05 9.500064286725066283e-05
7.159048559999999952e+02 6.600079014326332345e-05 1.061690433927165366e-04
7.159051684999999452e+02 1.068248999287458955e-04 1.175310544708456774e-04
7.159054810000000089e+02 1.131873270426824308e-04 1.289831792686126717e-04
7.159057934999999588e+02 1.300018605370102795e-04 1.404344517867544282e-04
7.159061059999999088e+02 1.959232223834475952e-04 1.518065800750092022e-04
7.159064184999999725e+02 1.152297127593055604e-04 1.630336097635557650e-04
7.159067309999999225e+02 1.609867392216122605e-04 1.740612355998301039e-04
7.159070434999999861e+02 2.176712793674871077e-04 1.848458765392051477e-04
7.159073559999999361e+02 2.030992997973795635e-04 1.953536125162355652e-04
7.159076684999999998e+02 1.775223317337076411e-04 2.055590620483439357e-04
7.159079809999999497e+02 2.099579551011373753e-04 2.154442607505979181e-04
7.159082934999998997e+02 2.760805193783906096e-04 2.249975840723910118e-04
7.159086059999999634e+02 2.633122804139327719e-04 2.342127428956657738e-04
7.159089184999999134e+02 2.442225109297999812e-04 2.430878690981032298e-04
7.159092309999999770e+02 2.202464449423423070e-04 2.516246991891557799e-04
7.159095434999999270e+02 2.387318823484546105e-04 2.598278574198218467e-04
7.159098559999999907e+02 2.697521189821301397e-04 2.677042353636144593e-04
7.159101684999999407e+02 2.782011326588713571e-04 2.752624617944673794e-04
7.159104810000000043e+02 2.731934770957190764e-04 2.825124551501085289e-04
7.159107934999999543e+02 3.300059849922619849e-04 2.894650498665129177e-04
7.159111059999999043e+02 3.004966045102341107e-04 2.961316878798569583e-04
7.159114184999999679e+02 3.014934211533833348e-04 3.025241667086584667e-04
7.159117309999999179e+02 3.708176912695860172e-04 3.086544361696298222e-04
7.159120434999999816e+02 3.258757431667120273e-04 3.145344364705164619e-04
7.159123559999999316e+02 3.254997476853717137e-04 3.201759711126327622e-04
7.159126684999999952e+02 3.728055940527611714e-04 3.255906089376172947e-04
7.159129809999999452e+02 3.797708039574027982e-04 3.307896102636404098e-04
7.159132935000000089e+02 3.187647630748129991e-04 3.357838728874264363e-04
7.159136059999999588e+02 3.261201799995892370e-04 3.405838942325699250e-04
7.159139184999999088e+02 3.174468015239155267e-04 3.451997466111613767e-04
7.159142309999999725e+02 3.614588230343415199e-04 3.496410629558735690e-04
7.159145434999999225e+02 3.475629609592519411e-04 3.539170308766574928e-04
7.159148559999999861e+02 4.039053724639806949e-04 3.580363932608058631e-04
7.159151684999999361e+02 3.629532513038895422e-04 3.620074538967194911e-04
7.159154809999999998e+02 3.683506005332304930e-04 3.658380869561034536e-04
7.159157934999999497e+02 3.528351702179494012e-04 3.695357492978124277e-04
7.159161059999998997e+02 4.041993467455208566e-04 3.731074948375521366e-04
7.159164184999999634e+02 3.476894770262887340e-04 3.765599903033500090e-04
7.159167309999999134e+02 3.822733143678043888e-04 3.798995318771904595e-04
7.159170434999999770e+02 3.733398479093415190e-04 3.831320623265275149e-04
7.159173559999999270e+02 3.582043745875603934e-04 3.862631882751938546e-04
7.159176684999999907e+02 4.650353107302692963e-04 3.892981974033853576e-04
7.159179809999999407e+02 4.233192813180874405e-04 3.922420753497374659e-04
7.159182935000000043e+02 3.764999599309253584e-04 3.950995222102108304e-04
7.159186059999999543e+02 4.430995406508654610e-04 3.978749684949608708e-04
7.159189184999999043e+02 4.410154737364076379e-04 4.005725905038649620e-04
7.159192309999999679e+02 3.840526074525885169e-04 4.031963250460404106e-04
7.159195434999999179e+02 4.442066311400164383e-04 4.057498834857647518e-04
7.159198559999999816e+02 3.942656136913398049e-04 4.082367651102027594e-04
7.159201684999999316e+02 4.022210528128575182e-04 4.106602697939424240e-04
7.159204809999999952e+02 4.399463455013225173e-04 4.130235099965842900e-04
7.159207934999999452e+02 4.714935103075850549e-04 4.153294220787640640e-04
7.159211060000000089e+02 4.643342305105289079e-04 4.175807769842701327e-04
7.159214184999999588e+02 4.832494587195533303e-04 4.197801902837502053e-04
7.159217309999999088e+02 4.586122794755128338e-04 4.219301316315949408e-04
7.159220434999999725e+02 4.200910789931529884e-04 4.240329336422225836e-04
7.159223559999999225e+02 4.337729741407393941e-04 4.260908002222831936e-04
7.159226684999999861e+02 4.408311727236973051e-04 4.281058143941346168e-04
7.159229809999999361e+02 3.932678600089080964e-04 4.300799456197460131e-04
7.159232934999999998e+02 4.491882780343290087e-04 4.320150566757046599e-04
7.159236059999999497e+02 4.391427976977164255e-04 4.339129100826327919e-04
7.159239184999998997e+02 4.100970200896853954e-04 4.357751741372255889e-04
7.159242309999999634e+02 4.650689366559848832e-04 4.376034285539262916e-04
7.159245434999999134e+02 4.536021654839704920e-04 4.393991697473635574e-04
7.159248559999999770e+02 4.647918375621615966e-04 4.411638157844945400e-04
7.159251684999999270e+02 4.282144179253548084e-04 4.428987110114788062e-04
7.159254809999999907e+02 4.124169634878929605e-04 4.446051303957843288e-04
7.159257934999999407e+02 4.062617022884014157e-04 4.462842835820944099e-04
7.159261060000000043e+02 3.893786066976491619e-04 4.479373187002286738e-04
7.159264184999999543e+02 4.865339904237826860e-04 4.495653259221138107e-04
7.159267309999999043e+02 5.124329814577433667e-04 4.511693408026530420e-04
7.159270434999999679e+02 4.567918524073530471e-04 4.527503474041578231e-04
7.159273559999999179e+02 4.417948875977038511e-04 4.543092812244903808e-04
7.159276684999999816e+02 4.331250519881353384e-04 4.558470319474578641e-04
7.159279809999999316e+02 4.685241608540761005e-04 4.573644460133725908e-04
7.159282934999999952e+02 4.798164899547153507e-04 4.588623290386851183e-04
7.159286059999999452e+02 4.124685835811190662e-04 4.603414480773636948e-04
7.159289185000000089e+02 4.502817360887578931e-04 4.618025337515695617e-04
7.159292309999999588e+02 4.952728097247432537e-04 4.632462822433857296e-04
7.159295434999999088e+02 5.149543921885414927e-04 4.646733571728913891e-04
7.159298559999999725e+02 4.413003275597143717e-04 4.660843913571749300e-04
7.159301684999999225e+02 4.585445143719610057e-04 4.674799884632033524e-04
7.159304809999999861e+02 4.775684278320355245e-04 4.688607245664737485e-04
7.159307934999999361e+02 4.934668812536593691e-04 4.702271496091762126e-04
7.159311059999999998e+02 4.491345234760708263e-04 4.715797887796187348e-04
7.159314184999999497e+02 4.343896570719346000e-04 4.729191438024438329e-04
7.159317309999998997e+02 4.273937196142272893e-04 4.742456941603012720e-04
7.159320434999999634e+02 4.078255935580793749e-04 4.755598982394544064e-04
7.159323559999999134e+02 4.236752206672518171e-04 4.768621944089023769e-04
7.159326684999999770e+02 4.885574704478407634e-04 4.781530020419113322e-04
7.159329809999999270e+02 4.246502660971313578e-04 4.794327224720256321e-04
7.159332934999999907e+02 4.876579084286758264e-04 4.807017399019083959e-04
7.159336059999999407e+02 4.829884175741706669e-04 4.819604222534123301e-04
7.159339185000000043e+02 4.558512009259035294e-04 4.832091219769789336e-04
