7.081782339999999749e+02 3.870720205698959080e-04 3.469269377057509433e-04
7.081785464999999249e+02 3.644337866429761259e-04 3.475460304696363178e-04
7.081788589999999886e+02 3.820339958135841462e-04 3.481219338205615230e-04
7.081791714999999385e+02 4.013146733151676726e-04 3.486528907800615518e-04
7.081794840000000022e+02 3.645424242286267628e-04 3.491370614874826010e-04
7.081797964999999522e+02 3.480941268032027762e-04 3.495725189587758886e-04
7.081801090000000158e+02 4.151268869924710451e-04 3.499572446365371262e-04
7.081804214999999658e+02 3.714943346229416512e-04 3.502891237183477884e-04
7.081807340000000295e+02 3.297947769342276809e-04 3.505659402615809994e-04
7.081810464999999795e+02 3.716048190314281160e-04 3.507853720539402787e-04
7.081813589999999294e+02 3.097383283406512661e-04 3.509449852480668402e-04
7.081816714999999931e+02 3.664236418574743953e-04 3.510422287529459790e-04
7.081819839999999431e+02 3.353229226456183121e-04 3.510744283806118467e-04
7.081822965000000067e+02 3.454065214261574932e-04 3.510387807465972245e-04
7.081826089999999567e+02 3.526793996323470738e-04 3.509323469243944113e-04
7.081829215000000204e+02 3.770505740142004059e-04 3.507520458574960422e-04
7.081832339999999704e+02 3.465350893349142779e-04 3.504946475358956945e-04
7.081835464999999203e+02 3.971058422959499205e-04 3.501567659461361196e-04
7.081838589999999840e+02 3.506692832243332139e-04 3.497348518108315423e-04
7.081841714999999340e+02 2.882106875846672696e-04 3.492251851379262481e-04
7.081844839999999976e+02 3.577999745874116486e-04 3.486238676040713763e-04
7.081847964999999476e+02 3.762569915541750815e-04 3.479268148108350441e-04
7.081851090000000113e+02 3.408299880679069110e-04 3.471297484512269964e-04
7.081854214999999613e+02 3.546562444433075693e-04 3.462281884476105091e-04
7.081857340000000249e+02 3.433386913066417039e-04 3.452174451193861047e-04
7.081860464999999749e+02 3.552266032213306779e-04 3.440926114709459238e-04
7.081863589999999249e+02 3.268959659446117388e-04 3.428485556880810341e-04
7.081866714999999886e+02 3.042520208519853132e-04 3.414799139694465135e-04
7.081869839999999385e+02 3.250185925476423523e-04 3.399810838316361821e-04
7.081872965000000022e+02 3.179607345338505715e-04 3.383462180495986162e-04
7.081876089999999522e+02 3.037922886258512950e-04 3.365692194442027681e-04
7.081879215000000158e+02 2.888218339312330742e-04 3.346437367337058081e-04
7.081882339999999658e+02 2.995521044411557235e-04 3.325631617425630487e-04
7.081885465000000295e+02 3.443583279616763831e-04 3.303206282673954060e-04
7.081888589999999795e+02 2.602455474342752514e-04 3.279090129957121800e-04
7.081891714999999294e+02 2.479733500490434277e-04 3.253209388867081618e-04
7.081894839999999931e+02 3.216137281761241064e-04 3.225487815331894311e-04
7.081897964999999431e+02 2.855041251300832793e-04 3.195846790729358852e-04
7.081901090000000067e+02 2.814458922963245153e-04 3.164205462964251258e-04
7.081904214999999567e+02 2.830300022778736149e-04 3.130480937286152167e-04
7.081907340000000204e+02 2.592072260233889837e-04 3.094588525039614979e-04
7.081910464999999704e+02 2.633574511342543357e-04 3.056442060349139457e-04
7.081913589999999203e+02 2.886768257579975963e-04 3.015954295179482146e-04
7.081916714999999840e+02 3.159028088492967434e-04 2.973037385156885540e-04
7.081919839999999340e+02 2.698156071969393392e-04 2.927603479417762301e-04
7.081922964999999976e+02 2.275053239946677082e-04 2.879565429004535076e-04
7.081926089999999476e+02 2.632132287255234816e-04 2.828837630208742892e-04
7.081929215000000113e+02 2.695405589123488817e-04 2.775337019551937334e-04
7.081932339999999613e+02 2.238975428121289053e-04 2.718984239222054628e-04
7.081935465000000249e+02 2.159866576580887830e-04 2.659704991418221972e-04
7.081938589999999749e+02 2.154361058543484550e-04 2.597431601664884127e-04
7.081941714999999249e+02 2.435409871175994820e-04 2.532104809738177091e-04
7.081944839999999886e+02 2.123419892994126324e-04 2.463675807086739044e-04
7.081947964999999385e+02 2.024328916113426211e-04 2.392108537020771379e-04
7.081951090000000022e+02 2.055256157815881770e-04 2.317382270694896720e-04
7.081954214999999522e+02 2.063689664198102125e-04 2.239494468100198437e-04
7.081957340000000158e+02 2.349961344584872158e-04 2.158463925188885469e-04
7.081960464999999658e+02 1.918699480565195224e-04 2.074334201031245739e-04
7.081963590000000295e+02 1.873531017637085913e-04 1.987177305603168062e-04
7.081966714999999795e+02 1.706471554087696826e-04 1.897097616187940015e-04
7.081969839999999294e+02 1.678116648525630012e-04 1.804235970843909938e-04
7.081972964999999931e+02 1.561250674866131269e-04 1.708773868174381851e-04
7.081976089999999431e+02 1.257426381239747527e-04 1.610937677445585579e-04
7.081979215000000067e+02 1.666442831423619588e-04 1.511002736085413818e-04
7.081982339999999567e+02 1.491380517616277472e-04 1.409297183873509953e-04
7.081985465000000204e+02 1.307398432651764330e-04 1.306205351356174793e-04
7.081988589999999704e+02 1.190633221617765395e-04 1.202170493463136338e-04
7.081991714999999203e+02 1.309560942297342020e-04 1.097696631527346830e-04
7.081994839999999840e+02 9.884188133112518373e-05 9.933492498248251668e-05
7.081997964999999340e+02 1.269216520138458006e-04 8.897545820916064486e-05
7.082001089999999976e+02 9.830505345291581476e-05 7.875972276981494128e-05
7.082004214999999476e+02 1.012440827802856187e-04 6.876158601260679536e-05
7.082007340000000113e+02 9.303610520169079169e-05 5.905968306971955958e-05
7.082010464999999613e+02 6.765203538346501995e-05 4.973655384114579611e-05
7.082013590000000249e+02 7.462999727015388809e-05 4.087755238769437129e-05
7.082016714999999749e+02 8.527527891497589912e-05 3.256953594634202025e-05
7.082019839999999249e+02 3.997903473277623687e-05 2.489935356598042116e-05
7.082022964999999886e+02 6.510145544133037298e-05 1.795216864103628933e-05
7.082026089999999385e+02 5.375651266819328955e-05 1.180966366304797403e-05
7.082029215000000022e+02 2.366187107375838076e-05 6.548188522777716766e-06
7.082032339999999522e+02 2.811283287709410297e-05 2.236924236315508294e-06
7.082035465000000158e+02 2.389002789900262374e-05 -1.063859546032823261e-06
7.082038589999999658e+02 2.271567922167105587e-05 -3.304373102603807137e-06
7.082041715000000295e+02 2.823754029161347885e-05 -4.446625232648899199e-06
7.082044839999999795e+02 1.129420544733906154e-05 -4.465425542959959551e-06
7.082047964999999294e+02 6.727188495280172269e-06 -3.349019277767688809e-06
7.082051089999999931e+02 1.185835660273260870e-05 -1.099322847365580456e-06
7.082054214999999431e+02 4.676369764758770244e-06 2.268249781599043933e-06
7.082057340000000067e+02 5.031295727050711722e-06 6.725357027530093640e-06
7.082060464999999567e+02 1.445094981041400180e-05 1.223166173721642680e-05
7.082063590000000204e+02 2.557015218537392616e-06 1.873607291006072829e-05
7.082066714999999704e+02 1.681598514480110419e-05 2.617823086963720551e-05
7.082069839999999203e+02 1.813562354642902062e-05 3.449016143616448195e-05
7.082072964999999840e+02 9.423337642589791599e-06 4.359802185584489776e-05
7.082076089999999340e+02 2.548158038691120152e-05 5.342386392490717167e-05
7.082079214999999976e+02 4.116275942058385533e-05 6.388734686194105902e-05
7.082082339999999476e+02 6.507065109904178668e-05 7.490734278262888024e-05
7.082085465000000113e+02 4.669321537140825673e-05 8.640339031600280471e-05
7.082088589999999613e+02 7.153877751526892964e-05 9.829696495511144340e-05
7.082091715000000249e+02 6.266212210082056089e-05 1.105125479635782142e-04
7.082094839999999749e+02 8.796858474547207692e-05 1.229784872058429851e-04
7.082097964999999249e+02 1.236052917188881068e-04 1.356276535768336118e-04
7.082101089999999886e+02 9.873732350211395880e-05 1.483979044213747697e-04
7.082104214999999385e+02 1.168739635656499895e-04 1.612323712759468396e-04
7.082107340000000022e+02 1.493851291525836002e-04 1.740795930014262546e-04
7.082110464999999522e+02 1.243784648637286138e-04 1.868935171176589296e-04
7.082113590000000158e+02 1.614505603183817475e-04 1.996333928060981997e-04
7.082116714999999658e+02 1.549266763453238226e-04 2.122635779739419240e-04
7.082119840000000295e+02 1.623927901276411303e-04 2.247532814494356782e-04
7.082122964999999795e+02 2.286460095970262098e-04 2.370762589160650116e-04
7.082126089999999294e+02 2.547764554242140352e-04 2.492104790276998658e-04
7.082129214999999931e+02 2.088502756618664696e-04 2.611377733442103288e-04
7.082132339999999431e+02 2.239151337113842635e-04 2.728434814035251600e-04
7.082135465000000067e+02 2.639301614397404844e-04 2.843160999201477376e-04
7.082138589999999567e+02 3.035912449807770118e-04 2.955469428604272039e-04
7.082141715000000204e+02 2.977658641379962051e-04 3.065298175557335534e-04
7.082144839999999704e+02 3.014477536184678036e-04 3.172607201944193278e-04
7.082147964999999203e+02 3.126974027642645581e-04 3.277375530041089051e-04
7.082151089999999840e+02 3.626500169803751738e-04 3.379598641646299178e-04
7.082154214999999340e+02 3.805314597247460976e-04 3.479286108144628723e-04
7.082157339999999976e+02 3.913364009472619317e-04 3.576459448785014182e-04
7.082160464999999476e+02 3.805858825207074619e-04 3.671150208555334438e-04
7.082163590000000113e+02 3.930158104418232201e-04 3.763398245810822915e-04
7.082166714999999613e+02 3.939399054331673496e-04 3.853250215411183370e-04
7.082169840000000249e+02 4.564015131144660603e-04 3.940758234094344646e-04
7.082172964999999749e+02 4.776689399757584652e-04 4.025978712066653298e-04
7.082176089999999249e+02 4.391694120958076694e-04 4.108971336833359598e-04
7.082179214999999886e+02 5.332386773040738350e-04 4.189798193804183750e-04
7.082182339999999385e+02 4.437846031853207745e-04 4.268523009969533532e-04
7.082185465000000022e+02 4.222621550754751562e-04 4.345210507672244587e-04
7.082188589999999522e+02 4.376517117708303732e-04 4.419925855410316694e-04
7.082191715000000158e+02 5.096145460218769402e-04 4.492734205177314013e-04
7.082194839999999658e+02 4.937659656918040423e-04 4.563700305048543353e-04
7.082197965000000295e+02 4.584038533569027960e-04 4.632888178452343117e-04
7.082201089999999795e+02 4.897806135866629136e-04 4.700360860780061702e-04
7.082204214999999294e+02 4.906738573478875180e-04 4.766180186524016679e-04
7.082207339999999931e+02 4.995888758722479136e-04 4.830406619515790643e-04
7.082210464999999431e+02 5.787124613278679403e-04 4.893099120509020877e-04
7.082213590000000067e+02 5.442186155846713037e-04 4.954315047002903023e-04
7.082216714999999567e+02 5.519056394675869509e-04 5.014110080046138996e-04
7.082219840000000204e+02 5.357846264450463140e-04 5.072538174615661474e-04
7.082222964999999704e+02 6.194998224721661373e-04 5.129651529261877643e-04
7.082226089999999203e+02 5.504145264139141333e-04 5.185500572562951917e-04
7.082229214999999840e+02 5.776613462051864104e-04 5.240133963124361414e-04
7.082232339999999340e+02 6.103523559583657427e-04 5.293598600987592211e-04
7.082235464999999976e+02 6.029267403369967249e-04 5.345939648596022449e-04
7.082238589999999476e+02 6.296257295290327545e-04 5.397200559071934148e-04
7.082241715000000113e+02 5.577663401704210325e-04 5.447423110897770633e-04
7.082244839999999613e+02 6.037126517253811912e-04 5.496647447100308937e-04
7.082247965000000249e+02 5.348367272850561944e-04 5.544912118432981669e-04
7.082251089999999749e+02 6.452445157659622782e-04 5.592254129034476525e-04
7.082254214999999249e+02 6.210974171212493584e-04 5.638708984327134863e-04
7.082257339999999886e+02 5.960051642508807290e-04 5.684310740041441682e-04
7.082260464999999385e+02 5.802783654517433467e-04 5.729092051989493305e-04
7.082263590000000022e+02 6.424461076787431682e-04 5.773084226277542001e-04
7.082266714999999522e+02 5.902360758728569931e-04 5.816317269160594522e-04
7.082269840000000158e+02 6.318775799678446724e-04 5.858819936724703799e-04
7.082272964999999658e+02 5.839277758892972908e-04 5.900619783625105953e-04
7.082276090000000295e+02 6.447900693685568087e-04 5.941743211174987417e-04
7.082279214999999795e+02 6.033056622455834021e-04 5.982215514124214917e-04
7.082282339999999294e+02 5.997700042216054994e-04 6.022060926471692202e-04
7.082285464999999931e+02 5.933656575604889100e-04 6.061302665835425390e-04
7.082288589999999431e+02 6.425901848847711878e-04 6.099962976464376810e-04
7.082291715000000067e+02 6.979685945630263993e-04 6.138063170980171670e-04
7.082294839999999567e+02 6.455970057401786560e-04 6.175623670465000669e-04
7.082297965000000204e+02 6.970925175569426830e-04 6.212664043316256735e-04
7.082301089999999704e+02 6.165864214853397076e-04 6.249203042422077619e-04
7.082304214999999203e+02 6.299733485089688972e-04 6.285258641090721689e-04
7.082307339999999840e+02 5.286664717186071111e-04 6.320848067410795267e-04
7.082310464999999340e+02 5.785340696622822505e-04 6.355987837205615606e-04
7.082313589999999976e+02 6.603673085570115672e-04 6.390693785736491304e-04
7.082316714999999476e+02 6.326621255834345833e-04 6.424981097868201789e-04
7.082319840000000113e+02 6.703591474175891324e-04 6.458864337129804900e-04
7.082322964999999613e+02 6.407648828321410974e-04 6.492357473306449188e-04
7.082326090000000249e+02 6.654072853635456400e-04 6.525473909003039457e-04
7.082329214999999749e+02 6.835367282942049960e-04 6.558226504827808362e-04
7.082332339999999249e+02 6.844895756258978980e-04 6.590627603617400148e-04
7.082335464999999886e+02 7.113132742811996249e-04 6.622689053443395722e-04
7.082338589999999385e+02 6.932767857395203716e-04 6.654422229567285218e-04
7.082341715000000022e+02 6.096879665268010095e-04 6.685838055500212653e-04
7.082344839999999522e+02 6.745502794349736387e-04 6.716947022920309769e-04
7.082347965000000158e+02 7.310282796871390033e-04 6.747759210846449333e-04
7.082351089999999658e+02 6.647090244400117361e-04 6.778284303743033635e-04
7.082354215000000295e+02 5.586628316037083389e-04 6.808531608957315608e-04
7.082357339999999795e+02 5.569623461359354908e-04 6.838510073168565075e-04
7.082360464999999294e+02 6.302598185112614658e-04 6.868228298230613042e-04
7.082363589999999931e+02 6.499550543588039370e-04 6.897694556166442548e-04
7.082366714999999431e+02 6.920646721273562060e-04 6.926916803461534910e-04
7.082369840000000067e+02 7.191034848458541283e-04 6.955902694793737653e-04
7.082372964999999567e+02 7.128678582075257189e-04 6.984659595964821379e-04
7.082376090000000204e+02 6.090684621519520600e-04 7.013194596393373861e-04
7.082379214999999704e+02 6.898059016159107694e-04 7.041514520860528122e-04
7.082382339999999203e+02 6.105032067273322800e-04 7.069625940860926015e-04
7.082385464999999840e+02 6.194618904929124516e-04 7.097535185324565891e-04
7.082388589999999340e+02 6.560616484152570265e-04 7.125248350840536352e-04
7.082391714999999976e+02 6.998621043128905620e-04 7.152771311506471484e-04
7.082394839999999476e+02 6.924667803918660176e-04 7.180109728174226920e-04
7.082397965000000113e+02 6.862387310084312351e-04 7.207269057426030816e-04
7.082401089999999613e+02 6.803353477299457601e-04 7.234254559981596758e-04
7.082404215000000249e+02 6.400211817901891882e-04 7.261071308874421934e-04
