7.061571934999999485e+02 4.122194662917775068e-04 4.047714402203237945e-04
7.061575060000000121e+02 4.264913651698130415e-04 4.048080150670737730e-04
7.061578184999999621e+02 3.888412225594299371e-04 4.047981494103982205e-04
7.061581310000000258e+02 3.973849967495301648e-04 4.047401174721817802e-04
7.061584434999999758e+02 3.815860641581473841e-04 4.046321201587568437e-04
7.061587560000000394e+02 3.888431210598314747e-04 4.044722817910042264e-04
7.061590684999999894e+02 4.289612957337469003e-04 4.042586467060622414e-04
7.061593810000000531e+02 4.690019842582337584e-04 4.039891757282481396e-04
7.061596935000000030e+02 4.961654056123090571e-04 4.036617425107132161e-04
7.061600059999999530e+02 4.815239146424227581e-04 4.032741297460466583e-04
7.061603185000000167e+02 3.657116234489587547e-04 4.028240252495932463e-04
7.061606309999999667e+02 3.741576044493721354e-04 4.023090179180429174e-04
7.061609435000000303e+02 4.383785696843927682e-04 4.017265935656516357e-04
7.061612559999999803e+02 4.139069690461393567e-04 4.010741306489909366e-04
7.061615685000000440e+02 4.022965755218757739e-04 4.003488958828631435e-04
7.061618809999999939e+02 4.083406902844982731e-04 3.995480397652585811e-04
7.061621934999999439e+02 3.937924693752547145e-04 3.986685920180833994e-04
7.061625060000000076e+02 3.874423748333309810e-04 3.977074569672164731e-04
7.061628184999999576e+02 3.446488356092989561e-04 3.966614088813614158e-04
7.061631310000000212e+02 3.606443374839598572e-04 3.955270872914499569e-04
7.061634434999999712e+02 4.109910910892984126e-04 3.943009923311295833e-04
7.061637560000000349e+02 3.787715253516437753e-04 3.929794801237314686e-04
7.061640684999999849e+02 3.774998448266087881e-04 3.915587582732620725e-04
7.061643810000000485e+02 3.549244379554907262e-04 3.900348814973974686e-04
7.061646934999999985e+02 3.853561362195009584e-04 3.884037474793133101e-04
7.061650059999999485e+02 4.140622492498978284e-04 3.866610929942463130e-04
7.061653185000000121e+02 3.680211883959999238e-04 3.848024904076310687e-04
7.061656309999999621e+02 3.565929108101162153e-04 3.828233446373563767e-04
7.061659435000000258e+02 4.346293312146286020e-04 3.807188906846318936e-04
7.061662559999999758e+02 3.988075889664254806e-04 3.784841918805755597e-04
7.061665685000000394e+02 4.195569374216889043e-04 3.761141389747709655e-04
7.061668809999999894e+02 3.586421073118504317e-04 3.736034502607956287e-04
7.061671935000000531e+02 3.639053776311661171e-04 3.709466729073757443e-04
7.061675060000000030e+02 3.618729363787781799e-04 3.681381857445828053e-04
7.061678184999999530e+02 3.833629287981944354e-04 3.651722037287124275e-04
7.061681310000000167e+02 3.004976223648927417e-04 3.620427843940927297e-04
7.061684434999999667e+02 3.281852742468249458e-04 3.587438366051263930e-04
7.061687560000000303e+02 3.503159664580900124e-04 3.552691319572371460e-04
7.061690684999999803e+02 3.402201787848822627e-04 3.516123192611598884e-04
7.061693810000000440e+02 3.061438445574270716e-04 3.477669425248133546e-04
7.061696934999999939e+02 3.292290885052860552e-04 3.437264629749949658e-04
7.061700059999999439e+02 3.466705740199932536e-04 3.394842856324438896e-04
7.061703185000000076e+02 3.245126732962317012e-04 3.350337910837993677e-04
7.061706309999999576e+02 2.826390460131412703e-04 3.303683731046598983e-04
7.061709435000000212e+02 3.199476029766919107e-04 3.254814828389578584e-04
7.061712559999999712e+02 2.616941872069395445e-04 3.203666803552861491e-04
7.061715685000000349e+02 3.028533945974734663e-04 3.150176943581392466e-04
7.061718809999999849e+02 2.988235269319281938e-04 3.094284909878774093e-04
7.061721935000000485e+02 2.902986656778609015e-04 3.035933525630136738e-04
7.061725059999999985e+02 2.623502486589378486e-04 2.975069672628525576e-04
7.061728184999999485e+02 2.573337726827933970e-04 2.911645306268224897e-04
7.061731310000000121e+02 2.128311562299561865e-04 2.845618598391742686e-04
7.061734434999999621e+02 2.264006812749875695e-04 2.776955216426020014e-04
7.061737560000000258e+02 2.689064597288921246e-04 2.705629746208183112e-04
7.061740684999999758e+02 2.542701827157924370e-04 2.631627265309168071e-04
7.061743810000000394e+02 2.513892385792918221e-04 2.554945070174640277e-04
7.061746934999999894e+02 2.666384800685772075e-04 2.475594559177792843e-04
7.061750060000000531e+02 2.202221696445519393e-04 2.393603268290012663e-04
7.061753185000000030e+02 2.143141465857796558e-04 2.309017053145509763e-04
7.061756309999999530e+02 2.257263969427537723e-04 2.221902403704540221e-04
7.061759435000000167e+02 1.884508107161750735e-04 2.132348872351599596e-04
7.061762559999999667e+02 1.922826923597595848e-04 2.040471587006329639e-04
7.061765685000000303e+02 2.042250919092972747e-04 1.946413811217377480e-04
7.061768809999999803e+02 1.642922197572462733e-04 1.850349503630361421e-04
7.061771935000000440e+02 1.806704528538239285e-04 1.752485815527277135e-04
7.061775059999999939e+02 1.314569205283518236e-04 1.653065454643221674e-04
7.061778184999999439e+02 1.674686322232482442e-04 1.552368828295934487e-04
7.061781310000000076e+02 1.446659808266016983e-04 1.450715868039645308e-04
7.061784434999999576e+02 1.655803262137131842e-04 1.348467425039336521e-04
7.061787560000000212e+02 1.138060438549767393e-04 1.246026115487195395e-04
7.061790684999999712e+02 1.404448969315059135e-04 1.143836489948497833e-04
7.061793810000000349e+02 9.733163130958374541e-05 1.042384396072774879e-04
7.061796934999999849e+02 9.669767120278929785e-05 9.421954097937249148e-05
7.061800060000000485e+02 1.259190564917127275e-04 8.438322181612506012e-05
7.061803184999999985e+02 9.279734923810241236e-05 7.478908579127404655e-05
7.061806309999999485e+02 9.370027427651526452e-05 6.549957392469615640e-05
7.061809435000000121e+02 6.558345631048889126e-05 5.657934233673864318e-05
7.061812559999999621e+02 8.527668859900035855e-05 4.809451672235428037e-05
7.061815685000000258e+02 5.065139938956127229e-05 4.011183030520803420e-05
7.061818809999999758e+02 8.234238902114112530e-05 3.269765813270932286e-05
7.061821935000000394e+02 3.169555209694223364e-05 2.591696667313012027e-05
7.061825059999999894e+02 4.235977608838116081e-05 1.983220402661484643e-05
7.061828185000000531e+02 3.281377430952256582e-05 1.450216148413489622e-05
7.061831310000000030e+02 6.062894557376539496e-05 9.980841885856885223e-06
7.061834434999999530e+02 2.130338753937915041e-05 6.316373122496538240e-06
7.061837560000000167e+02 2.584736062555268292e-05 3.550006372674929118e-06
7.061840684999999667e+02 1.009008000875083168e-05 1.715237525055172941e-06
7.061843810000000303e+02 1.256246800315668805e-05 8.370868906343204035e-07
7.061846934999999803e+02 6.873688320279430158e-06 9.315667399970394639e-07
7.061850060000000440e+02 9.352826195167677684e-06 2.005358628206025258e-06
7.061853184999999939e+02 1.638276889325096549e-05 4.055713492443311005e-06
7.061856309999999439e+02 6.082888183949903235e-06 7.070577629456907958e-06
7.061859435000000076e+02 1.095579651833994022e-05 1.102893762477030074e-05
7.061862559999999576e+02 1.094799444860427099e-05 1.590136781913984701e-05
7.061865685000000212e+02 1.107679320100832611e-05 2.165075563703422118e-05
7.061868809999999712e+02 1.582591369353331733e-05 2.823317347081244421e-05
7.061871935000000349e+02 2.420939199074991277e-05 3.559886142292384426e-05
7.061875059999999849e+02 3.708046568965372698e-05 4.369328283413739377e-05
7.061878185000000485e+02 2.278010355414177531e-05 5.245821461821406108e-05
7.061881309999999985e+02 4.016074272954793056e-05 6.183283620605466299e-05
7.061884434999999485e+02 4.814457242843222921e-05 7.175478467476029891e-05
7.061887560000000121e+02 5.225533028908355235e-05 8.216114829613856781e-05
7.061890684999999621e+02 7.376237982883898409e-05 9.298937643345973458e-05
7.061893810000000258e+02 6.927076099870114025e-05 1.041780896423519768e-04
7.061896934999999758e+02 8.126587154951711513e-05 1.156677795227938781e-04
7.061900060000000394e+02 1.051968337564432537e-04 1.274013935148672258e-04
7.061903184999999894e+02 1.112722861456870481e-04 1.393248043620630091e-04
7.061906310000000531e+02 1.298703098134802920e-04 1.513871682193945560e-04
7.061909435000000030e+02 1.353095116688969373e-04 1.635411782452924798e-04
7.061912559999999530e+02 1.526946721464489442e-04 1.757432230596545834e-04
7.061915685000000167e+02 1.759374123500866724e-04 1.879534606790086743e-04
7.061918809999999667e+02 1.714041284606579647e-04 2.001358194533395967e-04
7.061921935000000303e+02 1.851171109415893534e-04 2.122579376955019317e-04
7.061925059999999803e+02 1.777135712513426677e-04 2.242910532285019261e-04
7.061928185000000440e+02 2.077326578955262745e-04 2.362098536587115374e-04
7.061931309999999939e+02 2.553954392876717802e-04 2.479922969945091114e-04
7.061934434999999439e+02 2.538521616845678015e-04 2.596194114463058950e-04
7.061937560000000076e+02 2.343253728867068265e-04 2.710750818694417433e-04
7.061940684999999576e+02 2.588803129610986746e-04 2.823458293289639364e-04
7.061943810000000212e+02 2.668859454818548805e-04 2.934205891650613213e-04
7.061946934999999712e+02 3.388116644526036210e-04 3.042904917725133655e-04
7.061950060000000349e+02 3.032764883242085991e-04 3.149486496098981617e-04
7.061953184999999849e+02 3.176680789346405707e-04 3.253899528771419213e-04
7.061956310000000485e+02 3.709104871909888975e-04 3.356108758433339685e-04
7.061959434999999985e+02 3.662209501693624615e-04 3.456092949518150647e-04
7.061962559999999485e+02 3.650869435692093460e-04 3.553843195688068395e-04
7.061965685000000121e+02 4.067226504995110682e-04 3.649361356199284315e-04
7.061968809999999621e+02 3.839597847342535587e-04 3.742658621663286006e-04
7.061971935000000258e+02 4.369174289169859581e-04 3.833754207124934698e-04
7.061975059999999758e+02 4.514980230233806664e-04 3.922674167291155338e-04
7.061978185000000394e+02 4.588696488155933066e-04 4.009450329272142228e-04
7.061981309999999894e+02 3.715601341258886726e-04 4.094119335149024107e-04
7.061984435000000531e+02 4.524428015341085108e-04 4.176721788197440143e-04
7.061987560000000030e+02 4.656362615587880953e-04 4.257301494255311168e-04
7.061990684999999530e+02 4.269977282800770644e-04 4.335904791619973799e-04
7.061993810000000167e+02 5.350850841818534679e-04 4.412579961237542495e-04
7.061996934999999667e+02 5.066131072037292340e-04 4.487376710257266798e-04
7.062000060000000303e+02 4.843733354669878667e-04 4.560345722284425457e-04
7.062003184999999803e+02 4.567907802104323347e-04 4.631538267098819772e-04
7.062006310000000440e+02 5.122041978578074396e-04 4.701005864551042481e-04
7.062009434999999939e+02 5.068854148201836244e-04 4.768799996095105485e-04
7.062012559999999439e+02 4.575401309677501406e-04 4.834971859515030520e-04
7.062015685000000076e+02 4.930730956050117684e-04 4.899572161393025939e-04
7.062018809999999576e+02 4.883308141954602203e-04 4.962650943202359406e-04
7.062021935000000212e+02 5.726627241336638800e-04 5.024257437267319213e-04
7.062025059999999712e+02 5.807147230010859451e-04 5.084439948418623427e-04
7.062028185000000349e+02 5.274138833199264404e-04 5.143245758819756010e-04
7.062031309999999849e+02 5.327406212611244390e-04 5.200721052345847221e-04
7.062034435000000485e+02 5.402057493339596644e-04 5.256910856623136195e-04
7.062037559999999985e+02 5.131000480625500914e-04 5.311858999732797012e-04
7.062040684999999485e+02 5.655081866420839974e-04 5.365608080175249045e-04
7.062043810000000121e+02 6.037113328130321727e-04 5.418199447754948415e-04
7.062046934999999621e+02 5.456376433837575868e-04 5.469673193991218254e-04
7.062050060000000258e+02 5.451764133063682688e-04 5.520068150815664364e-04
7.062053184999999758e+02 5.501367785344349511e-04 5.569421895835754499e-04
7.062056310000000394e+02 5.550729372566286322e-04 5.617770763647371912e-04
7.062059434999999894e+02 5.321994031670382926e-04 5.665149861649087983e-04
7.062062560000000531e+02 5.222936644979324361e-04 5.711593090094362144e-04
7.062065685000000030e+02 5.827504668660144242e-04 5.757133165087734497e-04
7.062068809999999530e+02 5.976861095750180550e-04 5.801801644425818574e-04
7.062071935000000167e+02 6.556206501134821327e-04 5.845628955304537798e-04
7.062075059999999667e+02 7.302640557186883437e-04 5.888644423594222369e-04
7.062078185000000303e+02 6.348733061498017900e-04 5.930876304424794257e-04
7.062081309999999803e+02 6.265212049362280360e-04 5.972351813336443859e-04
7.062084435000000440e+02 6.095332984508145110e-04 6.013097158179948973e-04
7.062087559999999939e+02 6.357637074405362914e-04 6.053137571019384438e-04
7.062090684999999439e+02 5.552742462514398359e-04 6.092497340289975988e-04
7.062093810000000076e+02 6.180074653817700745e-04 6.131199842654036329e-04
7.062096934999999576e+02 6.203242793211624509e-04 6.169267574557487938e-04
7.062100060000000212e+02 6.724115196267829372e-04 6.206722183495711267e-04
7.062103184999999712e+02 5.850577723498327906e-04 6.243584498537473396e-04
7.062106310000000349e+02 6.840596669225707622e-04 6.279874560451943278e-04
7.062109434999999849e+02 6.129553873139265792e-04 6.315611650935796422e-04
7.062112560000000485e+02 6.831139988402491758e-04 6.350814321317675573e-04
7.062115684999999985e+02 6.214790719902922849e-04 6.385500420277812018e-04
7.062118809999999485e+02 6.877614227219012695e-04 6.419687120957979403e-04
7.062121935000000121e+02 6.988175631306919400e-04 6.453390947118709236e-04
7.062125059999999621e+02 5.826866273704233096e-04 6.486627798464825742e-04
7.062128185000000258e+02 6.311052485632109984e-04 6.519412975252368266e-04
7.062131309999999758e+02 6.576944165623101538e-04 6.551761201874038015e-04
7.062134435000000394e+02 6.302319555699818429e-04 6.583686649802819894e-04
7.062137559999999894e+02 5.996106423237719573e-04 6.615202959521221523e-04
7.062140685000000531e+02 6.340225645359166395e-04 6.646323261825291904e-04
7.062143810000000030e+02 6.786679989762326674e-04 6.677060198146693350e-04
7.062146934999999530e+02 6.140446291119605561e-04 6.707425940266078471e-04
7.062150060000000167e+02 6.149213376907033523e-04 6.737432209151043285e-04
7.062153184999999667e+02 6.332186093294273630e-04 6.767090293055444839e-04
7.062156310000000303e+02 6.982533897527609060e-04 6.796411065006974011e-04
7.062159434999999803e+02 6.336633069908307811e-04 6.825404999434082128e-04
7.062162560000000440e+02 6.169655313062593228e-04 6.854082188288596359e-04
7.062165684999999939e+02 6.408672100431002513e-04 6.882452356345053783e-04
7.062168809999999439e+02 6.460429502246024455e-04 6.910524876026729159e-04
7.062171935000000076e+02 7.017719520780716681e-04 6.938308781517997471e-04
7.062175059999999576e+02 6.297086704256999639e-04 6.965812782292327750e-04
7.062178185000000212e+02 7.211959114043575789e-04 6.993045276176258979e-04
7.062181309999999712e+02 6.953528479904352421e-04 7.020014361720044961e-04
7.062184435000000349e+02 7.454170255448647892e-04 7.046727850206015208e-04
7.062187559999999849e+02 6.650822515696168087e-04 7.073193276998185428e-04
7.062190685000000485e+02 6.791724612099678086e-04 7.099417912567292576e-04
7.062193809999999985e+02 7.440076191426084730e-04 7.125408772899748285e-04
