7.062386159999999791e+02 4.267378369167092785e-04 4.061228052198865082e-04
7.062389284999999290e+02 4.192537858656967013e-04 4.063354524034995551e-04
7.062392409999999927e+02 4.436268882395411886e-04 4.065029940276245813e-04
7.062395534999999427e+02 4.061241724367237031e-04 4.066237411662581409e-04
7.062398660000000064e+02 3.989731582842540340e-04 4.066959321288058315e-04
7.062401784999999563e+02 4.512390666498990676e-04 4.067177291201081639e-04
7.062404910000000200e+02 4.227468346157547572e-04 4.066872147588674051e-04
7.062408034999999700e+02 4.402612955961954211e-04 4.066023884507938236e-04
7.062411160000000336e+02 4.008032012102660368e-04 4.064611626144037644e-04
7.062414284999999836e+02 4.525387447901174339e-04 4.062613587582354050e-04
7.062417409999999336e+02 4.234246400617464870e-04 4.060007034078261289e-04
7.062420534999999973e+02 4.459396437459234438e-04 4.056768238836508064e-04
7.062423659999999472e+02 3.951225669644875408e-04 4.052872439315800650e-04
7.062426785000000109e+02 3.922853941171626545e-04 4.048293792071368247e-04
7.062429909999999609e+02 4.195471321561150850e-04 4.043005326217001777e-04
7.062433035000000245e+02 4.285984497266458757e-04 4.036978895530431047e-04
7.062436159999999745e+02 4.239883929948620560e-04 4.030185129349223429e-04
7.062439284999999245e+02 3.347598608348588108e-04 4.022593382320892807e-04
7.062442409999999882e+02 4.003335193377515182e-04 4.014171683213907838e-04
7.062445534999999381e+02 3.691567561011599137e-04 4.004886682971087923e-04
7.062448660000000018e+02 4.148304230286362472e-04 3.994703602209697204e-04
7.062451784999999518e+02 4.204522457783009017e-04 3.983586178545991041e-04
7.062454910000000154e+02 4.248485582699323667e-04 3.971496613995557988e-04
7.062458034999999654e+02 3.873018562407621549e-04 3.958395522997093193e-04
7.062461160000000291e+02 4.091675745014281950e-04 3.944241881440578319e-04
7.062464284999999791e+02 3.560123115788854740e-04 3.928992977445940559e-04
7.062467409999999290e+02 3.953333705321046641e-04 3.912604364458365479e-04
7.062470534999999927e+02 3.704817892052277321e-04 3.895029817618428955e-04
7.062473659999999427e+02 3.266918106471743805e-04 3.876221294342788973e-04
7.062476785000000064e+02 3.550479414052858020e-04 3.856128900177888726e-04
7.062479909999999563e+02 3.804947371556235904e-04 3.834700861412747904e-04
7.062483035000000200e+02 3.607572695187571000e-04 3.811883505760487920e-04
7.062486159999999700e+02 3.114609131555045023e-04 3.787621253098456603e-04
7.062489285000000336e+02 3.828492694035005861e-04 3.761856618032971859e-04
7.062492409999999836e+02 3.519971593346616192e-04 3.734530226862803619e-04
7.062495534999999336e+02 3.150721698320891012e-04 3.705580851303238500e-04
7.062498659999999973e+02 3.633575240031906893e-04 3.674945462191827879e-04
7.062501784999999472e+02 3.539644114994185391e-04 3.642559306494276539e-04
7.062504910000000109e+02 3.567381313787769967e-04 3.608356011323166101e-04
7.062508034999999609e+02 3.037081783045452550e-04 3.572267719581226266e-04
7.062511160000000245e+02 3.927391441307612218e-04 3.534225261707861325e-04
7.062514284999999745e+02 3.312313453000956189e-04 3.494158369339819717e-04
7.062517409999999245e+02 3.101987886196137583e-04 3.451995936496129471e-04
7.062520534999999882e+02 3.285118332339284413e-04 3.407666335271899061e-04
7.062523659999999381e+02 2.984605727634422642e-04 3.361097793233440477e-04
7.062526785000000018e+02 3.195101382139493547e-04 3.312218840320297415e-04
7.062529909999999518e+02 2.622367552713030740e-04 3.260958834328703021e-04
7.062533035000000154e+02 3.178495437245209589e-04 3.207248573751568608e-04
7.062536159999999654e+02 2.778817059064997083e-04 3.151021008441645547e-04
7.062539285000000291e+02 2.941364414236781184e-04 3.092212057900518146e-04
7.062542409999999791e+02 2.645476301536510075e-04 3.030761548586216906e-04
7.062545534999999290e+02 3.225604515329134913e-04 2.966614280548059948e-04
7.062548659999999927e+02 3.149854872213159662e-04 2.899721234756594333e-04
7.062551784999999427e+02 2.741123016774358202e-04 2.830040931350991367e-04
7.062554910000000064e+02 2.445493232466034676e-04 2.757540948064932389e-04
7.062558034999999563e+02 2.465998684750175568e-04 2.682199607544333004e-04
7.062561160000000200e+02 2.631908880133143635e-04 2.604007838726375224e-04
7.062564284999999700e+02 2.084751663330908678e-04 2.522971216127877793e-04
7.062567410000000336e+02 2.291259587555247862e-04 2.439112175237355179e-04
7.062570534999999836e+02 2.372449586191016950e-04 2.352472398930318504e-04
7.062573659999999336e+02 2.029162668864314999e-04 2.263115361667155810e-04
7.062576784999999973e+02 2.266139674515538932e-04 2.171129012140669866e-04
7.062579909999999472e+02 2.022488368636498354e-04 2.076628564764605863e-04
7.062583035000000109e+02 1.825725638867863173e-04 1.979759359521188959e-04
7.062586159999999609e+02 2.069502097367902072e-04 1.880699738598373000e-04
7.062589285000000245e+02 1.573581987448438991e-04 1.779663872672707656e-04
7.062592409999999745e+02 1.549496107914395443e-04 1.676904457168782434e-04
7.062595534999999245e+02 1.929708204587134374e-04 1.572715181270048751e-04
7.062598659999999882e+02 1.471077742998597160e-04 1.467432859230723965e-04
7.062601784999999381e+02 1.441131734976866703e-04 1.361439098002513318e-04
7.062604910000000018e+02 1.472757263691238543e-04 1.255161362978124960e-04
7.062608034999999518e+02 9.330088118483310022e-05 1.149073296302129799e-04
7.062611160000000154e+02 1.045896687965756672e-04 1.043694136338094717e-04
7.062614284999999654e+02 8.553062094889966925e-05 9.395870922476380778e-05
7.062617410000000291e+02 1.165758091901402830e-04 8.373565363960282183e-05
7.062620534999999791e+02 7.966692308424908595e-05 7.376439007095984704e-05
7.062623659999999290e+02 6.049358056879049634e-05 6.411221924973121631e-05
7.062626784999999927e+02 8.795090508848070812e-05 5.484890904482810802e-05
7.062629909999999427e+02 6.358675301069115215e-05 4.604586342224678260e-05
7.062633035000000064e+02 7.244432666698785240e-05 3.777515847877536715e-05
7.062636159999999563e+02 5.488255878405982923e-05 3.010846044878565388e-05
7.062639285000000200e+02 4.855910644042622982e-05 2.311584780968587723e-05
7.062642409999999700e+02 3.203226299738499283e-05 1.686456706936441321e-05
7.062645535000000336e+02 4.454280847599939233e-05 1.141775819926005676e-05
7.062648659999999836e+02 2.239395692495144949e-05 6.833191119688795904e-06
7.062651784999999336e+02 3.217688904570979090e-05 3.162057907963796079e-06
7.062654909999999973e+02 2.679157081740548375e-05 4.478666062680549280e-07
7.062658034999999472e+02 3.400582845084302588e-05 -1.274519152128682147e-06
7.062661160000000109e+02 7.813916645590050753e-06 -1.979654796447518637e-06
7.062664284999999609e+02 7.492737387053363554e-06 -1.652070807704694896e-06
7.062667410000000245e+02 7.426985592456935774e-06 -2.865863653967325738e-07
7.062670534999999745e+02 7.862452971186796469e-06 2.111632178877023713e-06
7.062673659999999245e+02 1.140765781527973520e-05 5.527269081564286119e-06
7.062676784999999882e+02 5.908073950685590133e-06 9.935302561382246335e-06
7.062679909999999381e+02 1.773726077270407580e-05 1.530167214743126115e-05
7.062683035000000018e+02 1.462294789609840182e-05 2.158413918131528884e-05
7.062686159999999518e+02 1.469726123670727110e-05 2.873330247692712914e-05
7.062689285000000154e+02 4.231287055480003863e-05 3.669372673564688328e-05
7.062692409999999654e+02 2.233948503828083493e-05 4.540513936092131146e-05
7.062695535000000291e+02 3.779361254416352639e-05 5.480365223171194153e-05
7.062698659999999791e+02 4.440320750665275180e-05 6.482296784557223788e-05
7.062701784999999290e+02 5.868843683898303465e-05 7.539553426330458240e-05
7.062704909999999927e+02 3.906897459068064537e-05 8.645361920539226287e-05
7.062708034999999427e+02 6.996165117269706577e-05 9.793028055925995289e-05
7.062711160000000064e+02 7.416297602966687727e-05 1.097602175464018924e-04
7.062714284999999563e+02 1.043843015245322936e-04 1.218804933476111277e-04
7.062717410000000200e+02 8.581866398823144654e-05 1.342311262880037186e-04
7.062720534999999700e+02 1.032500277317355709e-04 1.467555516205212201e-04
7.062723660000000336e+02 1.503529464902605701e-04 1.594009604278852777e-04
7.062726784999999836e+02 1.414090578855562667e-04 1.721185250450876965e-04
7.062729909999999336e+02 1.127381949319171287e-04 1.848635228547520701e-04
7.062733034999999973e+02 1.921810217927506369e-04 1.975953713134311551e-04
7.062736159999999472e+02 1.699150452309145833e-04 2.102775877105500458e-04
7.062739285000000109e+02 2.267491710115839020e-04 2.228776870150465646e-04
7.062742409999999609e+02 1.902431611872671888e-04 2.353670303719410171e-04
7.062745535000000245e+02 2.680308676582349127e-04 2.477206360948605341e-04
7.062748659999999745e+02 2.441142097058358136e-04 2.599169635172080320e-04
7.062751784999999245e+02 2.247564717340683671e-04 2.719376790424521319e-04
7.062754909999999882e+02 2.824181542983184175e-04 2.837674121391398009e-04
7.062758034999999381e+02 2.811938515808927192e-04 2.953935078774370146e-04
7.062761160000000018e+02 2.959153251662133472e-04 3.068057813681218443e-04
7.062764284999999518e+02 3.400299008160359072e-04 3.179962781937967979e-04
7.062767410000000154e+02 3.064972394621644832e-04 3.289590441598860132e-04
7.062770534999999654e+02 3.495135415288443083e-04 3.396899065608486950e-04
7.062773660000000291e+02 3.718703628806182431e-04 3.501862686811976766e-04
7.062776784999999791e+02 3.975237882191034263e-04 3.604469183777388717e-04
7.062779909999999290e+02 4.441177244510585535e-04 3.704718513366374007e-04
7.062783034999999927e+02 3.675460582357256570e-04 3.802621089809593200e-04
7.062786159999999427e+02 4.257304366734271047e-04 3.898196308312720012e-04
7.062789285000000064e+02 4.438514387274038967e-04 3.991471208814919148e-04
7.062792409999999563e+02 4.190403446884726152e-04 4.082479272622981234e-04
7.062795535000000200e+02 4.427132396532384041e-04 4.171259345442860484e-04
7.062798659999999700e+02 4.496355143540923995e-04 4.257854677452511992e-04
7.062801785000000336e+02 4.816344495654500154e-04 4.342312072837223964e-04
7.062804909999999836e+02 4.329853374094287275e-04 4.424681139017785860e-04
7.062808034999999336e+02 4.736481162564811832e-04 4.505013627925672165e-04
7.062811159999999973e+02 4.724415558407606651e-04 4.583362860181845570e-04
7.062814284999999472e+02 4.909813803119730292e-04 4.659783224516271700e-04
7.062817410000000109e+02 4.813699905482516500e-04 4.734329745152708103e-04
7.062820534999999609e+02 5.354959348909698507e-04 4.807057709408153095e-04
7.062823660000000245e+02 4.615912392576681676e-04 4.878022349831055270e-04
7.062826784999999745e+02 5.510230205855864982e-04 4.947278573994523618e-04
7.062829909999999245e+02 5.357334195720882698e-04 5.014880737265347719e-04
7.062833034999999882e+02 5.460274369380512059e-04 5.080882452887150848e-04
7.062836159999999381e+02 4.973745493043095836e-04 5.145336435119922435e-04
7.062839285000000018e+02 5.138097395059066513e-04 5.208294371577000103e-04
7.062842409999999518e+02 5.114956194449731203e-04 5.269806820502211239e-04
7.062845535000000154e+02 5.312129645265099669e-04 5.329923130431969778e-04
7.062848659999999654e+02 6.432214103556351328e-04 5.388691378583563294e-04
7.062851785000000291e+02 6.228842356186651847e-04 5.446158326085610108e-04
7.062854909999999791e+02 5.646984496866727524e-04 5.502369387045056822e-04
7.062858034999999290e+02 5.569538208642427950e-04 5.557368610077502652e-04
7.062861159999999927e+02 5.576551675225140895e-04 5.611198669972931917e-04
7.062864284999999427e+02 6.049549485996024009e-04 5.663900868136515941e-04
7.062867410000000064e+02 5.666812615137480254e-04 5.715515140602721094e-04
7.062870534999999563e+02 6.006711923381735955e-04 5.766080071926819352e-04
7.062873660000000200e+02 6.732418970553697519e-04 5.815632914487682244e-04
7.062876784999999700e+02 6.068755921584292716e-04 5.864209611678095546e-04
7.062879910000000336e+02 5.769009102887190594e-04 5.911844824770536673e-04
7.062883034999999836e+02 6.792063120096646480e-04 5.958571962187385069e-04
7.062886159999999336e+02 5.340193005717894063e-04 6.004423211125815884e-04
7.062889284999999973e+02 6.033940720400270911e-04 6.049429570582597060e-04
7.062892409999999472e+02 6.096084615309260886e-04 6.093620885517832134e-04
7.062895535000000109e+02 7.193956074583704495e-04 6.137025881935632326e-04
7.062898659999999609e+02 6.787941749162605459e-04 6.179672202156162239e-04
7.062901785000000245e+02 6.717200246770225775e-04 6.221586440504510342e-04
7.062904909999999745e+02 6.475234571546413997e-04 6.262794178681733168e-04
7.062908034999999245e+02 6.345795703424345459e-04 6.303320021108610146e-04
7.062911159999999882e+02 6.255505512900980981e-04 6.343187629697343011e-04
7.062914284999999381e+02 6.949290069698741681e-04 6.382419758079229668e-04
7.062917410000000018e+02 6.592855333993799093e-04 6.421038285321097700e-04
7.062920534999999518e+02 6.541320684102528088e-04 6.459064248686931979e-04
7.062923660000000154e+02 5.846211733706038012e-04 6.496517875819811903e-04
7.062926784999999654e+02 6.578522383125537214e-04 6.533418615843219991e-04
7.062929910000000291e+02 6.418705451395317202e-04 6.569785169786974922e-04
7.062933034999999791e+02 6.844713866223962884e-04 6.605635519875320419e-04
7.062936159999999290e+02 6.649648714632476866e-04 6.640986958077685093e-04
7.062939284999999927e+02 7.591549451008395514e-04 6.675856113579744979e-04
7.062942409999999427e+02 6.799360569238647274e-04 6.710258979310327037e-04
7.062945535000000064e+02 6.693934598642602846e-04 6.744210937651020461e-04
7.062948659999999563e+02 6.320795324491978139e-04 6.777726785023682103e-04
7.062951785000000200e+02 7.144291443720942898e-04 6.810820755756639543e-04
7.062954909999999700e+02 6.958130365283970477e-04 6.843506544850760714e-04
7.062958035000000336e+02 6.786370994364726746e-04 6.875797330054826033e-04
7.062961159999999836e+02 7.210517654242186956e-04 6.907705792886060722e-04
7.062964284999999336e+02 5.740206385648755202e-04 6.939244138987818444e-04
7.062967409999999973e+02 6.839495970921682369e-04 6.970424117552272841e-04
7.062970534999999472e+02 6.205316488465704517e-04 7.001257039953792541e-04
7.062973660000000109e+02 6.537237549904079082e-04 7.031753797728541172e-04
7.062976784999999609e+02 6.186955340321429950e-04 7.061924879644601973e-04
7.062979910000000245e+02 7.595277430262521463e-04 7.091780388235904798e-04
7.062983034999999745e+02 7.379468107182985499e-04 7.121330055470503342e-04
7.062986159999999245e+02 6.798548492164036049e-04 7.150583257919551237e-04
7.062989284999999882e+02 6.405722805906146049e-04 7.179549031178616677e-04
7.062992409999999381e+02 7.068793967419175232e-04 7.208236083677480987e-04
7.062995535000000018e+02 6.652297274295255070e-04 7.236652810005349788e-04
7.062998659999999518e+02 6.458827337070765064e-04 7.264807303513564837e-04
7.063001785000000154e+02 7.078495726402241712e-04 7.292707368542110727e-04
7.063004909999999654e+02 7.398459026123026510e-04 7.320360531961448997e-04
7.063008035000000291e+02 6.632190951662987177e-04 7.347774054379278483e-04
