7.070749829999999747e+02 4.160758447384207232e-04 3.755395756191299813e-04
7.070752954999999247e+02 3.767341042899001089e-04 3.760042535932620446e-04
7.070756079999999884e+02 4.482806593333321914e-04 3.764255189178691797e-04
7.070759204999999383e+02 3.739902292555282327e-04 3.768016696804748784e-04
7.070762330000000020e+02 3.702193405622843472e-04 3.771309266941649699e-04
7.070765454999999520e+02 4.225600726349005827e-04 3.774114297047405082e-04
7.070768580000000156e+02 3.648174647985881545e-04 3.776412334200096783e-04
7.070771704999999656e+02 3.639200361335505774e-04 3.778183033518034547e-04
7.070774830000000293e+02 4.332095308643945362e-04 3.779405114687951631e-04
7.070777954999999793e+02 3.967205907907348384e-04 3.780056316528637456e-04
7.070781079999999292e+02 3.339607535600744824e-04 3.780113349571903852e-04
7.070784204999999929e+02 3.642785636766992271e-04 3.779551846616968180e-04
7.070787329999999429e+02 4.361673062635772159e-04 3.778346311250559857e-04
7.070790455000000065e+02 3.843566808557476806e-04 3.776470064322160858e-04
7.070793579999999565e+02 3.996436600755571829e-04 3.773895188398266264e-04
7.070796705000000202e+02 3.567310763922041912e-04 3.770592470217083280e-04
7.070799829999999702e+02 3.669356022551824477e-04 3.766531341227820676e-04
7.070802954999999201e+02 3.853238262700421028e-04 3.761679816279099847e-04
7.070806079999999838e+02 3.826749396469869037e-04 3.756004430611703483e-04
7.070809204999999338e+02 3.673795874155385546e-04 3.749470175324295961e-04
7.070812329999999974e+02 3.198180017546778170e-04 3.742040431509461923e-04
7.070815454999999474e+02 3.950134445740400104e-04 3.733676903403125753e-04
7.070818580000000111e+02 3.894173850149245395e-04 3.724339550829667916e-04
7.070821704999999611e+02 3.879007782774045415e-04 3.713986521470426369e-04
7.070824830000000247e+02 3.190065165568099553e-04 3.702574083395983296e-04
7.070827954999999747e+02 3.631005128662554218e-04 3.690056558622660217e-04
7.070831079999999247e+02 3.277253648350377337e-04 3.676386258360077384e-04
7.070834204999999884e+02 3.948974199969956344e-04 3.661513420981203919e-04
7.070837329999999383e+02 3.761308651253516926e-04 3.645386153793492832e-04
7.070840455000000020e+02 3.159348577373742649e-04 3.627950379857698151e-04
7.070843579999999520e+02 3.750151180182021175e-04 3.609149791540309073e-04
7.070846705000000156e+02 3.439709260971418733e-04 3.588925812423162461e-04
7.070849829999999656e+02 3.349058126779843486e-04 3.567217569883334555e-04
7.070852955000000293e+02 3.342867234477561191e-04 3.543961880576935357e-04
7.070856079999999793e+02 2.770234801354603009e-04 3.519093251905184693e-04
7.070859204999999292e+02 3.402177081947058666e-04 3.492543902501154944e-04
7.070862329999999929e+02 3.385302629952463755e-04 3.464243805714454670e-04
7.070865454999999429e+02 3.385831832952642686e-04 3.434120760352779252e-04
7.070868580000000065e+02 2.891563102076182131e-04 3.402100493505324195e-04
7.070871704999999565e+02 3.698888730755304035e-04 3.368106801340642440e-04
7.070874830000000202e+02 2.804097145610108576e-04 3.332061733907190539e-04
7.070877954999999702e+02 2.959453397829032973e-04 3.293885831494998916e-04
7.070881079999999201e+02 3.204242489732043921e-04 3.253498420240205006e-04
7.070884204999999838e+02 3.251578580543699245e-04 3.210817976286693557e-04
7.070887329999999338e+02 2.883941886479176849e-04 3.165762568377405279e-04
7.070890454999999974e+02 3.146451190911295432e-04 3.118250389699156770e-04
7.070893579999999474e+02 2.433500608404070729e-04 3.068200391407003582e-04
7.070896705000000111e+02 2.807215150440893524e-04 3.015533030337496007e-04
7.070899829999999611e+02 3.075809214429121039e-04 2.960171145414683055e-04
7.070902955000000247e+02 2.943238218234625072e-04 2.902040976916437981e-04
7.070906079999999747e+02 2.184484879972015061e-04 2.841073344564343586e-04
7.070909204999999247e+02 2.885768680202493433e-04 2.777204999466815105e-04
7.070912329999999884e+02 2.347241123465446761e-04 2.710380165966241157e-04
7.070915454999999383e+02 2.229391846963881354e-04 2.640552288079725334e-04
7.070918580000000020e+02 2.448523100966185691e-04 2.567685993752882173e-04
7.070921704999999520e+02 2.256465375408813281e-04 2.491759288741792052e-04
7.070924830000000156e+02 1.925733790060740573e-04 2.412765987084372773e-04
7.070927954999999656e+02 2.084632370383921558e-04 2.330718381950404533e-04
7.070931080000000293e+02 1.995973387105459728e-04 2.245650152482096796e-04
7.070934204999999793e+02 2.374236913505698441e-04 2.157619495704789388e-04
7.070937329999999292e+02 2.077771032987131973e-04 2.066712460278854427e-04
7.070940454999999929e+02 1.782395349561644753e-04 1.973046447741932995e-04
7.070943579999999429e+02 1.997495550345017995e-04 1.876773830604282114e-04
7.070946705000000065e+02 1.902508835376904011e-04 1.778085618879330211e-04
7.070949829999999565e+02 1.473563636085056534e-04 1.677215087895409234e-04
7.070952955000000202e+02 1.419980385937685938e-04 1.574441256442706417e-04
7.070956079999999702e+02 1.624590344468091992e-04 1.470092083547065633e-04
7.070959204999999201e+02 1.541431951375885469e-04 1.364547226784770025e-04
7.070962329999999838e+02 1.521487797250527880e-04 1.258240185369022040e-04
7.070965454999999338e+02 1.077822061261153006e-04 1.151659631452096232e-04
7.070968579999999974e+02 1.112117356161246035e-04 1.045349720073038003e-04
7.070971704999999474e+02 1.175712753847219601e-04 9.399091646938036550e-05
7.070974830000000111e+02 8.291823490613427954e-05 8.359888691569562519e-05
7.070977954999999611e+02 8.425097822288637615e-05 7.342879290195417953e-05
7.070981080000000247e+02 7.025620460517972225e-05 6.355478484431553645e-05
7.070984204999999747e+02 7.834059736371316775e-05 5.405448744989450264e-05
7.070987329999999247e+02 5.628881941103124271e-05 4.500804196273563415e-05
7.070990454999999884e+02 4.045712909335989890e-05 3.649696330476936469e-05
7.070993579999999383e+02 5.767182747840941229e-05 2.860282821970895213e-05
7.070996705000000020e+02 4.914391269708740905e-05 2.140582153555302863e-05
7.070999829999999520e+02 5.623404185424214915e-05 1.498317886066641581e-05
7.071002955000000156e+02 2.692775339675907689e-05 9.407574177172922799e-06
7.071006079999999656e+02 4.123118013459702968e-05 4.745509501858800118e-06
7.071009205000000293e+02 2.716629807431254737e-05 1.055769415341972432e-06
7.071012329999999793e+02 2.545360046286209902e-05 -1.611994403261247309e-06
7.071015454999999292e+02 1.705001494994473919e-05 -3.218485592185363434e-06
7.071018579999999929e+02 1.280674061572035174e-05 -3.735735706493410886e-06
7.071021704999999429e+02 8.223986073427757713e-06 -3.147780851283443751e-06
7.071024830000000065e+02 1.400597880804209036e-05 -1.451010252500586819e-06
7.071027954999999565e+02 8.630489378708616757e-06 1.345828752502676997e-06
7.071031080000000202e+02 1.088159355629503942e-05 5.221967109776679399e-06
7.071034204999999702e+02 7.491412314555024647e-06 1.014527218571841723e-05
7.071037329999999201e+02 1.542185844304531014e-05 1.607319234579829910e-05
7.071040454999999838e+02 1.599310879805159296e-05 2.295393982350047861e-05
7.071043579999999338e+02 2.341378191778617588e-05 3.072785474131858202e-05
7.071046704999999974e+02 1.949773698287168860e-05 3.932888836763226469e-05
7.071049829999999474e+02 2.854472792479430401e-05 4.868614300342826649e-05
7.071052955000000111e+02 4.019835607985722020e-05 5.872540929809457361e-05
7.071056079999999611e+02 4.736112085567034311e-05 6.937064800535154823e-05
7.071059205000000247e+02 2.753730391704962882e-05 8.054537207528042562e-05
7.071062329999999747e+02 7.475103084726692328e-05 9.217389476754326108e-05
7.071065454999999247e+02 7.536996304196804698e-05 1.041824201531756783e-04
7.071068579999999884e+02 8.486011251604119981e-05 1.164999622558351229e-04
7.071071704999999383e+02 1.237795975604089461e-04 1.290590883657361681e-04
7.071074830000000020e+02 1.023343996015728462e-04 1.417964898521812203e-04
7.071077954999999520e+02 1.412503642961770371e-04 1.546533898337045269e-04
7.071081080000000156e+02 1.143720368522839422e-04 1.675758018737498760e-04
7.071084204999999656e+02 1.617252041795936299e-04 1.805146565703898533e-04
7.071087330000000293e+02 1.679476762416896494e-04 1.934258148008643650e-04
7.071090454999999793e+02 1.549528233733473977e-04 2.062699865082650783e-04
7.071093579999999292e+02 2.016104993757210752e-04 2.190125737162253346e-04
7.071096704999999929e+02 2.087954852347476825e-04 2.316234550188918699e-04
7.071099829999999429e+02 1.985322580557403939e-04 2.440767273289702437e-04
7.071102955000000065e+02 2.380439298265874545e-04 2.563504187719945360e-04
7.071106079999999565e+02 2.624823144293120941e-04 2.684261844594349714e-04
7.071109205000000202e+02 3.064506402690604214e-04 2.802889951454577483e-04
7.071112329999999702e+02 2.355861044652397666e-04 2.919268266095291671e-04
7.071115454999999201e+02 2.566939594286211891e-04 3.033303561651831052e-04
7.071118579999999838e+02 3.173561672189785477e-04 3.144926709205807399e-04
7.071121704999999338e+02 3.387741075992486495e-04 3.254089912475969831e-04
7.071124829999999974e+02 3.005740071416894334e-04 3.360764117915198681e-04
7.071127954999999474e+02 3.191820334431970992e-04 3.464936612927185192e-04
7.071131080000000111e+02 3.911945732408367792e-04 3.566608819714660924e-04
7.071134204999999611e+02 3.322920135582149714e-04 3.665794283969100835e-04
7.071137330000000247e+02 4.638427316771354461e-04 3.762516855619851375e-04
7.071140454999999747e+02 4.189291525864399703e-04 3.856809053194432254e-04
7.071143579999999247e+02 3.852224240117827761e-04 3.948710603355714264e-04
7.071146704999999884e+02 4.045603445621689335e-04 4.038267143670020006e-04
7.071149829999999383e+02 5.053740090571022395e-04 4.125529077070942793e-04
7.071152955000000020e+02 4.911379837618496487e-04 4.210550566053137384e-04
7.071156079999999520e+02 4.737155780726709357e-04 4.293388653544203651e-04
7.071159205000000156e+02 4.510390870794990775e-04 4.374102499482620675e-04
7.071162329999999656e+02 4.545138054492114813e-04 4.452752720656030869e-04
7.071165455000000293e+02 5.019523729309751173e-04 4.529400823942641920e-04
7.071168579999999793e+02 5.182012132816355516e-04 4.604108721910455337e-04
7.071171704999999292e+02 4.607671097208757244e-04 4.676938322320221028e-04
7.071174829999999929e+02 5.526319211448477240e-04 4.747951182252876565e-04
7.071177954999999429e+02 5.198025476217201955e-04 4.817208219354049805e-04
7.071181080000000065e+02 6.197168722036068382e-04 4.884769473374692703e-04
7.071184204999999565e+02 4.970921181818889478e-04 4.950693911016346930e-04
7.071187330000000202e+02 4.929150267524463067e-04 5.015039269165829164e-04
7.071190454999999702e+02 5.002033669996826595e-04 5.077861930653250998e-04
7.071193579999999201e+02 6.016250515175367106e-04 5.139216828766932088e-04
7.071196704999999838e+02 5.167740488732284988e-04 5.199157375935560283e-04
7.071199829999999338e+02 5.661548905564610682e-04 5.257735413300861126e-04
7.071202954999999974e+02 5.557686206523716147e-04 5.315001178285968858e-04
7.071206079999999474e+02 5.638761072857969387e-04 5.371003286904910481e-04
7.071209205000000111e+02 5.034490925913004010e-04 5.425788729095801710e-04
7.071212329999999611e+02 6.292378165147357542e-04 5.479402874338101673e-04
7.071215455000000247e+02 5.459028402892459730e-04 5.531889486404193952e-04
7.071218579999999747e+02 5.647195039818653402e-04 5.583290745044229087e-04
7.071221704999999247e+02 6.050328056708064676e-04 5.633647273859288419e-04
7.071224829999999884e+02 6.109652202494851971e-04 5.682998172713094129e-04
7.071227954999999383e+02 6.285211085911025222e-04 5.731381053881225455e-04
7.071231080000000020e+02 6.109525193580384560e-04 5.778832081249661102e-04
7.071234204999999520e+02 6.327427209337396210e-04 5.825386011387334757e-04
7.071237330000000156e+02 6.549109652765527836e-04 5.871076236414125068e-04
7.071240454999999656e+02 6.294467685119599929e-04 5.915934827583747922e-04
7.071243580000000293e+02 5.821321538212623301e-04 5.959992579678941678e-04
7.071246704999999793e+02 6.359345326204006920e-04 6.003279055313851193e-04
7.071249829999999292e+02 6.007028995241582266e-04 6.045822629340175417e-04
7.071252954999999929e+02 6.500593794562466209e-04 6.087650532694628865e-04
7.071256079999999429e+02 5.764608432729516774e-04 6.128788895644468127e-04
7.071259205000000065e+02 6.144355778214117929e-04 6.169262790406199919e-04
7.071262329999999565e+02 6.423099197608558896e-04 6.209096272625380273e-04
7.071265455000000202e+02 6.563343502907830959e-04 6.248312422073991649e-04
7.071268579999999702e+02 6.505980763273959628e-04 6.286933382012195723e-04
7.071271704999999201e+02 6.271947498967399455e-04 6.324980397604232536e-04
7.071274829999999838e+02 5.947262607770818516e-04 6.362473852985387835e-04
7.071277954999999338e+02 6.555559296688031430e-04 6.399433307100718714e-04
7.071281079999999974e+02 6.329815007361278174e-04 6.435877528432293153e-04
7.071284204999999474e+02 6.857702232551450994e-04 6.471824528273536830e-04
7.071287330000000111e+02 6.862931593600866877e-04 6.507291592972052653e-04
7.071290454999999611e+02 6.385429561898203288e-04 6.542295314728791477e-04
7.071293580000000247e+02 6.196441599113424467e-04 6.576851621390487988e-04
7.071296704999999747e+02 5.962780603029234610e-04 6.610975804845430591e-04
7.071299829999999247e+02 6.329088884104935604e-04 6.644682548444860986e-04
7.071302954999999884e+02 5.841055812448410142e-04 6.677985953162773316e-04
7.071306079999999383e+02 7.067542642782589750e-04 6.710899562655759862e-04
7.071309205000000020e+02 6.551677341034502396e-04 6.743436387374031294e-04
7.071312329999999520e+02 6.564899585450131208e-04 6.775608927458096889e-04
7.071315455000000156e+02 6.335266358375889932e-04 6.807429194827537390e-04
7.071318579999999656e+02 7.093182583513315534e-04 6.838908734118838732e-04
7.071321705000000293e+02 7.361775887487994642e-04 6.870058642882954187e-04
7.071324829999999793e+02 6.834911475135810408e-04 6.900889590707782496e-04
7.071327954999999292e+02 6.910160888740157032e-04 6.931411837656459123e-04
7.071331079999999929e+02 7.098240169043470212e-04 6.961635251770797441e-04
7.071334204999999429e+02 7.062450386351012879e-04 6.991569325790131847e-04
7.071337330000000065e+02 6.626462980850476641e-04 7.021223193225936601e-04
7.071340454999999565e+02 6.916608521931144442e-04 7.050605643551552480e-04
7.071343580000000202e+02 6.093113167436888617e-04 7.079725136875680315e-04
7.071346704999999702e+02 7.320022652653575745e-04 7.108589817784773937e-04
7.071349829999999201e+02 7.191394313409169101e-04 7.137207528715384854e-04
7.071352954999999838e+02 6.802747346952504100e-04 7.165585822618326679e-04
7.071356079999999338e+02 7.865405272912782009e-04 7.193731975050081558e-04
7.071359204999999974e+02 6.429517674859217165e-04 7.221652995818642886e-04
7.071362329999999474e+02 6.644689400780984636e-04 7.249355639952381096e-04
7.071365455000000111e+02 7.276681469814848171e-04 7.276846418333200337e-04
7.071368579999999611e+02 6.537404750324656054e-04 7.304131607692032494e-04
7.071371705000000247e+02 6.223365402265588261e-04 7.331217260311327730e-04
