7.170463474999999107e+02 2.418447523156452025e-04 2.346903456277432947e-04
7.170466599999999744e+02 2.823075812028163220e-04 2.346165178703633913e-04
7.170469724999999244e+02 2.279434815956201906e-04 2.345323771333502347e-04
7.170472849999999880e+02 2.383612401444665718e-04 2.344375306322361136e-04
7.170475974999999380e+02 2.392098408116569998e-04 2.343315674061279723e-04
7.170479100000000017e+02 2.497007019986155940e-04 2.342140573417989295e-04
7.170482224999999517e+02 2.447824821254355240e-04 2.340845501399915491e-04
7.170485350000000153e+02 2.478389384218316238e-04 2.339425742189668405e-04
7.170488474999999653e+02 2.224250185652142792e-04 2.337876355527018866e-04
7.170491599999999153e+02 2.194520066185805739e-04 2.336192164380698191e-04
7.170494724999999789e+02 2.325985762438248310e-04 2.334367741877280372e-04
7.170497849999999289e+02 1.979802012844513446e-04 2.332397397435589373e-04
7.170500974999999926e+02 2.276208949477557337e-04 2.330275162048237492e-04
7.170504099999999426e+02 2.410324924245327012e-04 2.327994772674249946e-04
7.170507225000000062e+02 2.359414170205360872e-04 2.325549655663628639e-04
7.170510349999999562e+02 2.207849657596464813e-04 2.322932909178667890e-04
7.170513474999999062e+02 2.490836328146213831e-04 2.320137284523155743e-04
7.170516599999999698e+02 2.228666175193646669e-04 2.317155166333944715e-04
7.170519724999999198e+02 2.316934149955157814e-04 2.313978551557425718e-04
7.170522849999999835e+02 2.085575330638804199e-04 2.310599027124797295e-04
7.170525974999999335e+02 2.329406620711149483e-04 2.307007746277437007e-04
7.170529099999999971e+02 2.306153182592917100e-04 2.303195403425858489e-04
7.170532224999999471e+02 2.245288634171303159e-04 2.299152207498182969e-04
7.170535350000000108e+02 2.255305979789029298e-04 2.294867853649817794e-04
7.170538474999999607e+02 2.533761549391417385e-04 2.290331493289936564e-04
7.170541599999999107e+02 1.997473869541014756e-04 2.285531702288484245e-04
7.170544724999999744e+02 2.239326618401580736e-04 2.280456447308925510e-04
7.170547849999999244e+02 2.017628057306239820e-04 2.275093050160918175e-04
7.170550974999999880e+02 2.182889780688898704e-04 2.269428150060110263e-04
7.170554099999999380e+02 2.349482601866018788e-04 2.263447663753328099e-04
7.170557225000000017e+02 2.673802300492121608e-04 2.257136743362391906e-04
7.170560349999999517e+02 2.105075694632231272e-04 2.250479731933081688e-04
7.170563475000000153e+02 2.234529683501039476e-04 2.243460116548882054e-04
7.170566599999999653e+02 2.244835252130157773e-04 2.236060479024879388e-04
7.170569724999999153e+02 2.252945996920455488e-04 2.228262444065346132e-04
7.170572849999999789e+02 2.194076409786237161e-04 2.220046624926337879e-04
7.170575974999999289e+02 2.492544693518971601e-04 2.211392566568862259e-04
7.170579099999999926e+02 2.315288330747963721e-04 2.202278686311622826e-04
7.170582224999999426e+02 2.212454541249878992e-04 2.192682212147317017e-04
7.170585350000000062e+02 2.049095355951591245e-04 2.182579118765274608e-04
7.170588474999999562e+02 1.983074403265678480e-04 2.171944061595244510e-04
7.170591599999999062e+02 2.377154689389416567e-04 2.160750309055683408e-04
7.170594724999999698e+02 2.151895761267080701e-04 2.148969673487078204e-04
7.170597849999999198e+02 2.243371060298353739e-04 2.136572441252819379e-04
7.170600974999999835e+02 2.048828944700777663e-04 2.123527302621734745e-04
7.170604099999999335e+02 1.912839458611679719e-04 2.109801282383402918e-04
7.170607224999999971e+02 2.294605627975262086e-04 2.095359672108933593e-04
7.170610349999999471e+02 1.875472657027304460e-04 2.080165965517986773e-04
7.170613475000000108e+02 2.282819441684943290e-04 2.064181798404150358e-04
7.170616599999999607e+02 1.833084029465377636e-04 2.047366895259648486e-04
7.170619724999999107e+02 1.691495242150944586e-04 2.029679024827009805e-04
7.170622849999999744e+02 1.976291735785766165e-04 2.011073967617564085e-04
7.170625974999999244e+02 1.842601428072181461e-04 1.991505498833839871e-04
7.170629099999999880e+02 1.934968420027628202e-04 1.970925390793617192e-04
7.170632224999999380e+02 1.644069664496667933e-04 1.949283440001202742e-04
7.170635350000000017e+02 2.140090908962423324e-04 1.926527524534284207e-04
7.170638474999999517e+02 1.827014719069238954e-04 1.902603698933349671e-04
7.170641600000000153e+02 1.915637721098792151e-04 1.877456334491533596e-04
7.170644724999999653e+02 2.095612969938534010e-04 1.851028314719908722e-04
7.170647849999999153e+02 1.841506830537786084e-04 1.823261296748720389e-04
7.170650974999999789e+02 1.742942814080551380e-04 1.794096051592438995e-04
7.170654099999999289e+02 1.602854037403288222e-04 1.763472897730305328e-04
7.170657224999999926e+02 1.760436743658197185e-04 1.731332244359229009e-04
7.170660349999999426e+02 1.817788030922657912e-04 1.697615263087561693e-04
7.170663475000000062e+02 1.964408662830139740e-04 1.662264708237746655e-04
7.170666599999999562e+02 1.587240210856452540e-04 1.625225908566652034e-04
7.170669724999999062e+02 1.745387728241269741e-04 1.586447954123569864e-04
7.170672849999999698e+02 1.533303777508821940e-04 1.545885103860516639e-04
7.170675974999999198e+02 1.472275982421561902e-04 1.503498439657261962e-04
7.170679099999999835e+02 1.355952558833340446e-04 1.459257791758120158e-04
7.170682224999999335e+02 1.030596393622257236e-04 1.413143959015818586e-04
7.170685349999999971e+02 1.275268301033464244e-04 1.365151242258422356e-04
7.170688474999999471e+02 1.139285613241568175e-04 1.315290303160654884e-04
7.170691600000000108e+02 1.356461767033289797e-04 1.263591349582342727e-04
7.170694724999999607e+02 1.412247951565094453e-04 1.210107634852106086e-04
7.170697849999999107e+02 1.105309610550850286e-04 1.154919237789733290e-04
7.170700974999999744e+02 9.060917380217484054e-05 1.098137066051674444e-04
7.170704099999999244e+02 1.126197272913784079e-04 1.039906993423586802e-04
7.170707224999999880e+02 1.057134630436153551e-04 9.804140041830278207e-05
7.170710349999999380e+02 8.810708987444232224e-05 9.198861754620419717e-05
7.170713475000000017e+02 8.774602550964104037e-05 8.585982804858879555e-05
7.170716599999999517e+02 7.411158066811886257e-05 7.968747488762130361e-05
7.170719725000000153e+02 7.722527865116094944e-05 7.350916738297845314e-05
7.170722849999999653e+02 6.908602083275203643e-05 6.736775212533546286e-05
7.170725974999999153e+02 6.399025331851488914e-05 6.131121745160558701e-05
7.170729099999999789e+02 5.843821911277962913e-05 5.539239542193452246e-05
7.170732224999999289e+02 5.732250415629590491e-05 4.966842892027160050e-05
7.170735349999999926e+02 5.315666954661113079e-05 4.419997933554369903e-05
7.170738474999999426e+02 3.158988998656741257e-05 3.905016273840710800e-05
7.170741600000000062e+02 3.852283309043587833e-05 3.428321929345723711e-05
7.170744724999999562e+02 3.759690258661540992e-05 2.996294161380680561e-05
7.170747849999999062e+02 3.391381775000287043e-05 2.615091093781105180e-05
7.170750974999999698e+02 2.357772166630607116e-05 2.290461362240912000e-05
7.170754099999999198e+02 1.634971394421514732e-05 2.027553124222255678e-05
7.170757224999999835e+02 2.474364758900071096e-05 1.830731267043773778e-05
7.170760349999999335e+02 1.920228719751413966e-05 1.703414292489965778e-05
7.170763474999999971e+02 2.013052602269222704e-05 1.647941909881862660e-05
7.170766599999999471e+02 1.523563186823995031e-05 1.665482781624351549e-05
7.170769725000000108e+02 1.489105313889248016e-05 1.755989210752783330e-05
7.170772849999999607e+02 1.914335155708154460e-05 1.918202116915080355e-05
7.170775974999999107e+02 1.287781858388692729e-05 2.149705804480148654e-05
7.170779099999999744e+02 2.455742885901016895e-05 2.447028252606097163e-05
7.170782224999999244e+02 3.420990078115913316e-05 2.805779405390709905e-05
7.170785349999999880e+02 3.164353413259891082e-05 3.220817573418450884e-05
7.170788474999999380e+02 3.777483232455452827e-05 3.686432780621701731e-05
7.170791600000000017e+02 5.188301470304168583e-05 4.196535762920211316e-05
7.170794724999999517e+02 4.260375168024466494e-05 4.744842201942540445e-05
7.170797850000000153e+02 5.009118458895462088e-05 5.325043456707465392e-05
7.170800974999999653e+02 5.467185234548225842e-05 5.930957198318897999e-05
7.170804099999999153e+02 3.852949547503243876e-05 6.556653695898616090e-05
7.170807224999999789e+02 5.910433322141059689e-05 7.196555733227252935e-05
7.170810349999999289e+02 7.261531770641627820e-05 7.845512098125551103e-05
7.170813474999999926e+02 8.275721423405145894e-05 8.498846136882882258e-05
7.170816599999999426e+02 8.613846274862702241e-05 9.152381956882629517e-05
7.170819725000000062e+02 1.066329554980864055e-04 9.802451537716494435e-05
7.170822849999999562e+02 1.020831946165407834e-04 1.044588628090455589e-04
7.170825974999999062e+02 1.038529672948997447e-04 1.107999652656922404e-04
7.170829099999999698e+02 1.065293831217097411e-04 1.170254231818098375e-04
7.170832224999999198e+02 1.358245245484586709e-04 1.231169833260061430e-04
7.170835349999999835e+02 1.475971317573864850e-04 1.290601544880152227e-04
7.170838474999999335e+02 1.312993455661847755e-04 1.348438095815436999e-04
7.170841599999999971e+02 1.390521802244757473e-04 1.404597898677350794e-04
7.170844724999999471e+02 1.562312070657511580e-04 1.459025228348890440e-04
7.170847850000000108e+02 1.425058390834861154e-04 1.511686619181645938e-04
7.170850974999999607e+02 1.536057407411811117e-04 1.562567532109430414e-04
7.170854099999999107e+02 1.457165411208157164e-04 1.611669321238008831e-04
7.170857224999999744e+02 1.709494318510625522e-04 1.659006510430649658e-04
7.170860349999999244e+02 1.607994467295231278e-04 1.704604377797372297e-04
7.170863474999999880e+02 1.675396809888558239e-04 1.748496836519186919e-04
7.170866599999999380e+02 2.049115287016606615e-04 1.790724593591680089e-04
7.170869725000000017e+02 1.930735500668415085e-04 1.831333565213235683e-04
7.170872849999999517e+02 1.944430959234490696e-04 1.870373524619047738e-04
7.170875975000000153e+02 1.687976208434370615e-04 1.907896958658070804e-04
7.170879099999999653e+02 1.921147437372128317e-04 1.943958108924277880e-04
7.170882224999999153e+02 2.275399082610260048e-04 1.978612175313536293e-04
7.170885349999999789e+02 2.252586504718387904e-04 2.011914660643763608e-04
7.170888474999999289e+02 2.075144168717739769e-04 2.043920837264668309e-04
7.170891599999999926e+02 2.244102102996140414e-04 2.074685318422773983e-04
7.170894724999999426e+02 1.941125183794529705e-04 2.104261718620271536e-04
7.170897850000000062e+02 2.301759808349845458e-04 2.132702389666798549e-04
7.170900974999999562e+02 2.358893070620448490e-04 2.160058220100122663e-04
7.170904099999999062e+02 2.270518718210474344e-04 2.186378487906333063e-04
7.170907224999999698e+02 2.237393306120681114e-04 2.211710757283789582e-04
7.170910349999999198e+02 2.278903908014400523e-04 2.236100811841104684e-04
7.170913474999999835e+02 2.285526804739603315e-04 2.259592617712870700e-04
7.170916599999999335e+02 1.916039489826058372e-04 2.282228310757559411e-04
7.170919724999999971e+02 2.467349349796377385e-04 2.304048203362947143e-04
7.170922849999999471e+02 2.329771733616630672e-04 2.325090806584435127e-04
7.170925975000000108e+02 2.357391621802444679e-04 2.345392864524980592e-04
7.170929099999999607e+02 2.467568415518708804e-04 2.364989397901383133e-04
7.170932224999999107e+02 2.521827786301478712e-04 2.383913754708598496e-04
7.170935349999999744e+02 2.648035299934472738e-04 2.402197665869458163e-04
7.170938474999999244e+02 2.388652713263500027e-04 2.419871304369031260e-04
7.170941599999999880e+02 2.356807236634585504e-04 2.436963346642792864e-04
7.170944724999999380e+02 2.313701101520126220e-04 2.453501035008955988e-04
7.170947850000000017e+02 2.517226606714255128e-04 2.469510240501312181e-04
7.170950974999999517e+02 2.467391428700359485e-04 2.485015525232429088e-04
7.170954100000000153e+02 2.297539001558173918e-04 2.500040203952126052e-04
7.170957224999999653e+02 2.754030473131576970e-04 2.514606404205613709e-04
7.170960349999999153e+02 2.673788085273399420e-04 2.528735124956406821e-04
7.170963474999999789e+02 2.723603109341355636e-04 2.542446293304885876e-04
7.170966599999999289e+02 2.455526543011566677e-04 2.555758819198332421e-04
7.170969724999999926e+02 2.375758332705678766e-04 2.568690648069811349e-04
7.170972849999999426e+02 2.602936188022686860e-04 2.581258811219296501e-04
7.170975975000000062e+02 2.582439599079413423e-04 2.593479474057805586e-04
7.170979099999999562e+02 2.655354909699067772e-04 2.605367982063145358e-04
7.170982224999999062e+02 2.582949173845171514e-04 2.616938904611261843e-04
7.170985349999999698e+02 2.549786892859382740e-04 2.628206076608981972e-04
7.170988474999999198e+02 2.667274843877774160e-04 2.639182638027968032e-04
7.170991599999999835e+02 2.685043385051371994e-04 2.649881071440477213e-04
7.170994724999999335e+02 2.338340256628974097e-04 2.660313237525995596e-04
7.170997849999999971e+02 2.853151171638129550e-04 2.670490408746957153e-04
7.171000974999999471e+02 2.378151897418565573e-04 2.680423301146701029e-04
7.171004100000000108e+02 2.653737849774295290e-04 2.690122104470752448e-04
7.171007224999999607e+02 2.653697559576002288e-04 2.699596510572890894e-04
7.171010349999999107e+02 2.561790788369367497e-04 2.708855740297998822e-04
7.171013474999999744e+02 2.621692690212724659e-04 2.717908568830490522e-04
7.171016599999999244e+02 2.585518930375639676e-04 2.726763349622308204e-04
7.171019724999999880e+02 2.870205425984018914e-04 2.735428037006106114e-04
7.171022849999999380e+02 2.623958383429328455e-04 2.743910207484711607e-04
7.171025975000000017e+02 2.683625812859582408e-04 2.752217079866019342e-04
7.171029099999999517e+02 2.906655414533611606e-04 2.760355534209068076e-04
7.171032225000000153e+02 2.741723877539516043e-04 2.768332129743855609e-04
7.171035349999999653e+02 2.711026246174178542e-04 2.776153121728972234e-04
7.171038474999999153e+02 2.914251662888501983e-04 2.783824477396993529e-04
7.171041599999999789e+02 2.640183455535262554e-04 2.791351890969043844e-04
7.171044724999999289e+02 2.696863465257611490e-04 2.798740797821086513e-04
7.171047849999999926e+02 2.528336403688023065e-04 2.805996387877334039e-04
7.171050974999999426e+02 2.835453764323078068e-04 2.813123618209924172e-04
7.171054100000000062e+02 2.777078945158820231e-04 2.820127224972132033e-04
7.171057224999999562e+02 2.972453607724753885e-04 2.827011734622238083e-04
7.171060349999999062e+02 2.966999507893440524e-04 2.833781474557875804e-04
7.171063474999999698e+02 2.713129224441156737e-04 2.840440583133334979e-04
7.171066599999999198e+02 2.782087670574541244e-04 2.846993019121174507e-04
7.171069724999999835e+02 2.722209538681885296e-04 2.853442570674105281e-04
7.171072849999999335e+02 3.057082671774054381e-04 2.859792863758074070e-04
7.171075974999999971e+02 2.725171599296618056e-04 2.866047370159325865e-04
7.171079099999999471e+02 3.028215467212332741e-04 2.872209415017565803e-04
7.171082225000000108e+02 3.022696123343470483e-04 2.878282183984802998e-04
7.171085349999999607e+02 3.240536701694265542e-04 2.884268729961058449e-04
