7.170920079999999643e+02 1.771375052964165877e-04 1.747761297888694796e-04
7.170923204999999143e+02 1.763063183417446639e-04 1.747453049856565702e-04
7.170926329999999780e+02 1.748996636794312976e-04 1.747064531125568651e-04
7.170929454999999280e+02 1.825381431910209906e-04 1.746592688967670449e-04
7.170932579999999916e+02 2.020097114843385231e-04 1.746034329926572811e-04
7.170935704999999416e+02 1.633575597057364986e-04 1.745386112315685482e-04
7.170938830000000053e+02 1.913780914966148328e-04 1.744644538268997952e-04
7.170941954999999552e+02 1.776310888869562067e-04 1.743805945323522442e-04
7.170945080000000189e+02 1.610607799689325187e-04 1.742866497496159048e-04
7.170948204999999689e+02 1.826147940410592467e-04 1.741822175832272537e-04
7.170951329999999189e+02 1.732455668300509266e-04 1.740668768383359175e-04
7.170954454999999825e+02 1.849572273007137578e-04 1.739401859586475199e-04
7.170957579999999325e+02 1.920434892280143324e-04 1.738016819005719631e-04
7.170960704999999962e+02 1.782735453983927952e-04 1.736508789390780875e-04
7.170963829999999462e+02 2.090045742800362245e-04 1.734872674023261671e-04
7.170966955000000098e+02 1.702771243663518891e-04 1.733103123291187641e-04
7.170970079999999598e+02 1.758281387846856187e-04 1.731194520463281929e-04
7.170973204999999098e+02 2.136613948152795361e-04 1.729140966596373033e-04
7.170976329999999734e+02 1.552289817705596910e-04 1.726936264540637213e-04
7.170979454999999234e+02 1.778545738471640908e-04 1.724573901984792869e-04
7.170982579999999871e+02 1.669551804787633258e-04 1.722047033477057810e-04
7.170985704999999371e+02 1.739259809282674997e-04 1.719348461386105095e-04
7.170988830000000007e+02 1.591135507783508307e-04 1.716470615716581233e-04
7.170991954999999507e+02 1.539933804858175769e-04 1.713405532748666184e-04
7.170995080000000144e+02 1.641201480753109315e-04 1.710144832409136876e-04
7.170998204999999643e+02 1.601201770262474801e-04 1.706679694345899741e-04
7.171001329999999143e+02 1.664648567978039401e-04 1.703000832610116302e-04
7.171004454999999780e+02 1.672069389916511011e-04 1.699098468913743461e-04
7.171007579999999280e+02 1.916466906010377152e-04 1.694962304393968580e-04
7.171010704999999916e+02 1.408890519572704621e-04 1.690581489813047843e-04
7.171013829999999416e+02 1.584612718607939809e-04 1.685944594180051770e-04
7.171016955000000053e+02 1.667494736260657202e-04 1.681039571703820301e-04
7.171020079999999552e+02 1.685067700277331890e-04 1.675853727093779976e-04
7.171023205000000189e+02 1.612042030025243738e-04 1.670373679132147119e-04
7.171026329999999689e+02 1.676040180211316416e-04 1.664585322567963335e-04
7.171029454999999189e+02 1.595213031522193983e-04 1.658473788287787032e-04
7.171032579999999825e+02 1.731100661378077424e-04 1.652023401848923896e-04
7.171035704999999325e+02 1.710452521117481308e-04 1.645217640427100870e-04
7.171038829999999962e+02 1.625695003599191826e-04 1.638039088259340417e-04
7.171041954999999462e+02 1.560783134873847925e-04 1.630469390797070599e-04
7.171045080000000098e+02 1.649221463085714229e-04 1.622489207703513585e-04
7.171048204999999598e+02 1.467848592985298564e-04 1.614078165059961377e-04
7.171051329999999098e+02 1.547929926820228500e-04 1.605214807060755075e-04
7.171054454999999734e+02 1.757385084579028603e-04 1.595876547732725636e-04
7.171057579999999234e+02 1.671027616725277839e-04 1.586039623241045711e-04
7.171060704999999871e+02 1.509094609991667524e-04 1.575679045474862885e-04
7.171063829999999371e+02 1.298262641584159937e-04 1.564768557904415880e-04
7.171066955000000007e+02 1.447519390402238725e-04 1.553280594705591883e-04
7.171070079999999507e+02 1.421433888008604958e-04 1.541186244621791952e-04
7.171073205000000144e+02 1.432804916658298182e-04 1.528455221068933411e-04
7.171076329999999643e+02 1.385407881880440593e-04 1.515055840584034956e-04
7.171079454999999143e+02 1.486915688484308196e-04 1.500955011837455655e-04
7.171082579999999780e+02 1.377803962638108259e-04 1.486118238129461005e-04
7.171085704999999280e+02 1.342266165918733017e-04 1.470509636664630573e-04
7.171088829999999916e+02 1.355982561136871549e-04 1.454091978481148069e-04
7.171091954999999416e+02 1.229099740008521790e-04 1.436826753803342976e-04
7.171095080000000053e+02 1.558488049894761896e-04 1.418674268053917039e-04
7.171098204999999552e+02 1.191620233380327005e-04 1.399593775015783566e-04
7.171101330000000189e+02 1.347237269782210613e-04 1.379543654227452325e-04
7.171104454999999689e+02 1.312055541195707728e-04 1.358481641196746014e-04
7.171107579999999189e+02 1.280829070431736816e-04 1.336365119772833147e-04
7.171110704999999825e+02 1.286130730189310404e-04 1.313151487665655665e-04
7.171113829999999325e+02 1.078034851482602538e-04 1.288798607170684298e-04
7.171116954999999962e+02 1.217542265222099659e-04 1.263265354440812815e-04
7.171120079999999462e+02 1.205562198710276236e-04 1.236512282216081554e-04
7.171123205000000098e+02 1.010955677836407486e-04 1.208502411534680815e-04
7.171126329999999598e+02 1.117517941145131826e-04 1.179202169357314051e-04
7.171129454999999098e+02 1.196404494675500519e-04 1.148582488836102038e-04
7.171132579999999734e+02 1.038224975545623394e-04 1.116620089253774888e-04
7.171135704999999234e+02 1.116975736799799427e-04 1.083298951152861993e-04
7.171138829999999871e+02 9.069910704823956941e-05 1.048611999723867512e-04
7.171141954999999371e+02 9.670044856981412518e-05 1.012563005906928201e-04
7.171145080000000007e+02 9.353495886978373372e-05 9.751687078718601664e-05
7.171148204999999507e+02 1.201907845738186729e-04 9.364611476598109238e-05
7.171151330000000144e+02 1.103935197651587135e-04 8.964902052455060060e-05
7.171154454999999643e+02 8.668894533880918004e-05 8.553262979486649293e-05
7.171157579999999143e+02 9.045434979719840719e-05 8.130631932546294668e-05
7.171160704999999780e+02 7.102711976147898240e-05 7.698208609696873613e-05
7.171163829999999280e+02 7.934426187434088823e-05 7.257482635330312715e-05
7.171166954999999916e+02 7.248107657626156654e-05 6.810259537203726746e-05
7.171170079999999416e+02 9.569746914926724783e-05 6.358683184629364054e-05
7.171173205000000053e+02 5.316020041069936727e-05 5.905252762683588181e-05
7.171176329999999552e+02 6.116492132763248486e-05 5.452832103395394093e-05
7.171179455000000189e+02 3.985658660193979884e-05 5.004649001339347671e-05
7.171182579999999689e+02 6.684091590562959561e-05 4.564282098969527524e-05
7.171185704999999189e+02 4.769862477541213398e-05 4.135633048541698190e-05
7.171188829999999825e+02 4.378097454113109323e-05 3.722882034572301595e-05
7.171191954999999325e+02 3.007752633277125805e-05 3.330425379114108220e-05
7.171195079999999962e+02 3.604673468973571156e-05 2.962794890302463655e-05
7.171198204999999462e+02 2.509486798009143081e-05 2.624559833832073710e-05
7.171201330000000098e+02 2.914933127402785076e-05 2.320213827665174494e-05
7.171204454999999598e+02 2.134593465278283883e-05 2.054050500670506329e-05
7.171207579999999098e+02 2.113950131222172389e-05 1.830033225844561457e-05
7.171210704999999734e+02 1.099004688678034165e-05 1.651665481529284203e-05
7.171213829999999234e+02 1.945903605554169492e-05 1.521869189066508740e-05
7.171216954999999871e+02 1.417708042673051521e-05 1.442878572126416078e-05
7.171220079999999371e+02 1.710509247579228905e-05 1.416156570662546858e-05
7.171223205000000007e+02 9.907553845330063314e-06 1.442339601617681198e-05
7.171226329999999507e+02 1.283465921540352658e-05 1.521214588696247615e-05
7.171229455000000144e+02 7.623820035900794663e-06 1.651729865936582138e-05
7.171232579999999643e+02 9.972522150385925902e-06 1.832039061719824903e-05
7.171235704999999143e+02 1.694833386468382158e-05 2.059574683756070572e-05
7.171238829999999780e+02 2.554215222697852394e-05 2.331146120691360339e-05
7.171241954999999280e+02 2.168177418748879661e-05 2.643055366332630249e-05
7.171245079999999916e+02 2.213447113211857646e-05 2.991223069786133802e-05
7.171248204999999416e+02 3.283963156149043741e-05 3.371317522023343773e-05
7.171251330000000053e+02 3.591744390934355078e-05 3.778879836925707545e-05
7.171254454999999552e+02 3.488506322231814361e-05 4.209439694650012493e-05
7.171257580000000189e+02 2.697413655169809653e-05 4.658617428701636895e-05
7.171260704999999689e+02 4.995694551223269110e-05 5.122209732915362587e-05
7.171263829999999189e+02 3.501909586071206637e-05 5.596257713555266350e-05
7.171266954999999825e+02 6.935651369170820737e-05 6.077097257421471563e-05
7.171270079999999325e+02 7.167329174046609813e-05 6.561392689270116553e-05
7.171273204999999962e+02 8.068790068928549230e-05 7.046155404294042056e-05
7.171276329999999462e+02 7.258022581149812125e-05 7.528749591661716473e-05
7.171279455000000098e+02 9.017746030673143916e-05 8.006887369982638785e-05
7.171282579999999598e+02 7.994285363992734183e-05 8.478615645985338519e-05
7.171285704999999098e+02 9.062240189107714024e-05 8.942296878806142246e-05
7.171288829999999734e+02 8.457689434931350435e-05 9.396585690551220423e-05
7.171291954999999234e+02 1.011264128437785255e-04 9.840402988498245707e-05
7.171295079999999871e+02 1.009318352445921313e-04 1.027290896653081765e-04
7.171298204999999371e+02 1.163089224527431902e-04 1.069347605843975633e-04
7.171301330000000007e+02 1.288225442957843683e-04 1.110166265963141372e-04
7.171304454999999507e+02 1.089296742513352656e-04 1.149718819179759385e-04
7.171307580000000144e+02 1.389510301833344881e-04 1.187990989992556101e-04
7.171310704999999643e+02 1.132685712363108716e-04 1.224980160309115346e-04
7.171313829999999143e+02 1.110919376663754908e-04 1.260693450569500018e-04
7.171316954999999780e+02 1.381695191439431369e-04 1.295146007414049792e-04
7.171320079999999280e+02 1.351264343859221774e-04 1.328359492127199112e-04
7.171323204999999916e+02 1.329628564045905864e-04 1.360360759407000140e-04
7.171326329999999416e+02 1.480332219254342711e-04 1.391180712645381670e-04
7.171329455000000053e+02 1.504252825322990536e-04 1.420853320953942810e-04
7.171332579999999552e+02 1.618089377378548080e-04 1.449414781783232387e-04
7.171335705000000189e+02 1.569926513074521479e-04 1.476902813790671991e-04
7.171338829999999689e+02 1.488000324341560944e-04 1.503356064479488281e-04
7.171341954999999189e+02 1.427263645134041090e-04 1.528813618697509634e-04
7.171345079999999825e+02 1.502082908946942468e-04 1.553314594594350511e-04
7.171348204999999325e+02 1.638398167099765451e-04 1.576897815186979561e-04
7.171351329999999962e+02 1.466346040534990936e-04 1.599601544864860561e-04
7.171354454999999462e+02 1.594478454147699891e-04 1.621463281054201955e-04
7.171357580000000098e+02 1.767064047548959663e-04 1.642519592871037148e-04
7.171360704999999598e+02 1.664202651171566309e-04 1.662805999113639804e-04
7.171363829999999098e+02 1.661304515219717316e-04 1.682356879419563624e-04
7.171366954999999734e+02 1.605527893397313850e-04 1.701205412837756181e-04
7.171370079999999234e+02 1.679760423050949392e-04 1.719383539123596027e-04
7.171373204999999871e+02 1.792893352450902983e-04 1.736921938732115961e-04
7.171376329999999371e+02 1.793636571349093507e-04 1.753850027861247537e-04
7.171379455000000007e+02 2.035041620064816027e-04 1.770195965797500854e-04
7.171382579999999507e+02 1.721465326783906831e-04 1.785986671867116670e-04
7.171385705000000144e+02 1.748431119949947325e-04 1.801247850094664599e-04
7.171388829999999643e+02 1.933942721303526474e-04 1.816004019624817690e-04
7.171391954999999143e+02 1.716311851589476603e-04 1.830278549625321345e-04
7.171395079999999780e+02 1.728590720357258336e-04 1.844093697317981452e-04
7.171398204999999280e+02 1.834838065696703922e-04 1.857470648199196367e-04
7.171401329999999916e+02 2.231135517756915876e-04 1.870429557677789694e-04
7.171404454999999416e+02 1.819072458977412474e-04 1.882989593341494107e-04
7.171407580000000053e+02 1.888265230041969822e-04 1.895168977465080528e-04
7.171410704999999552e+02 1.960929286279859012e-04 1.906985029179363771e-04
7.171413830000000189e+02 2.045258682129896723e-04 1.918454206107971178e-04
7.171416954999999689e+02 1.815143470208060224e-04 1.929592145065634791e-04
7.171420079999999189e+02 2.149601215762707946e-04 1.940413701750054161e-04
7.171423204999999825e+02 1.994228758493684435e-04 1.950932989170788576e-04
7.171426329999999325e+02 2.279819896034202713e-04 1.961163414752370882e-04
7.171429454999999962e+02 2.127546855896765045e-04 1.971117716074553155e-04
7.171432579999999462e+02 1.947912357042073039e-04 1.980807995111841192e-04
7.171435705000000098e+02 2.181522877405777240e-04 1.990245751066398118e-04
7.171438829999999598e+02 1.955287034614671803e-04 1.999441911675821663e-04
7.171441954999999098e+02 2.140221263149921489e-04 2.008406863117640200e-04
7.171445079999999734e+02 2.083239187634665422e-04 2.017150478446812765e-04
7.171448204999999234e+02 1.985569668296970731e-04 2.025682144635296473e-04
7.171451329999999871e+02 2.092747364892329784e-04 2.034010788282752870e-04
7.171454454999999371e+02 2.089387014357171652e-04 2.042144899964525723e-04
7.171457580000000007e+02 2.170470117211879281e-04 2.050092557360696924e-04
7.171460704999999507e+02 1.932650393555585531e-04 2.057861447119234183e-04
7.171463830000000144e+02 2.030292278726843148e-04 2.065458885599380122e-04
7.171466954999999643e+02 2.264669966051389462e-04 2.072891838454600012e-04
7.171470079999999143e+02 2.028300116069382104e-04 2.080166939194788935e-04
7.171473204999999780e+02 2.060097415615574933e-04 2.087290506708780024e-04
7.171476329999999280e+02 1.992702871639417223e-04 2.094268561826513576e-04
7.171479454999999916e+02 2.149092549841179385e-04 2.101106842994329878e-04
7.171482579999999416e+02 2.120889247954009364e-04 2.107810821047045998e-04
7.171485705000000053e+02 2.224502752176940796e-04 2.114385713201227931e-04
7.171488829999999552e+02 2.017257863694900161e-04 2.120836496234101683e-04
7.171491955000000189e+02 2.037685503787220400e-04 2.127167918968472782e-04
7.171495079999999689e+02 2.122029169923809393e-04 2.133384514027491196e-04
7.171498204999999189e+02 1.970192491105752315e-04 2.139490608970743104e-04
7.171501329999999825e+02 2.014815535386678012e-04 2.145490336790034560e-04
7.171504454999999325e+02 2.272415104112721551e-04 2.151387645823766854e-04
7.171507579999999962e+02 1.954336023816631161e-04 2.157186309143814182e-04
7.171510704999999462e+02 2.138087828422597769e-04 2.162889933392321041e-04
7.171513830000000098e+02 2.193677592639442942e-04 2.168501967164482378e-04
7.171516954999999598e+02 2.000749527297183148e-04 2.174025708897789214e-04
7.171520079999999098e+02 2.060413615944887142e-04 2.179464314358692657e-04
7.171523204999999734e+02 2.228161208208176815e-04 2.184820803700039866e-04
7.171526329999999234e+02 1.926302804475792530e-04 2.190098068134053544e-04
7.171529454999999871e+02 2.273765494460517527e-04 2.195298876261780896e-04
7.171532579999999371e+02 1.926191238601712447e-04 2.200425880031738393e-04
7.171535705000000007e+02 2.219988032873032363e-04 2.205481620406894770e-04
7.171538829999999507e+02 2.148418394083617601e-04 2.210468532697981855e-04
7.171541955000000144e+02 2.458581156191396453e-04 2.215388951640309733e-04
