7.078781729999999470e+02 3.778004221142483078e-04 3.280982759831334566e-04
7.078784854999998970e+02 3.939162992950795113e-04 3.289489042193354429e-04
7.078787979999999607e+02 3.732244419487853104e-04 3.297601940776970155e-04
7.078791104999999106e+02 3.553590870307569744e-04 3.305305039815530999e-04
7.078794229999999743e+02 3.639579101693668343e-04 3.312581122455199724e-04
7.078797354999999243e+02 3.390692853319467116e-04 3.319412127626336141e-04
7.078800479999999880e+02 3.778317153644520504e-04 3.325779104597743831e-04
7.078803604999999379e+02 3.584305996801094660e-04 3.331662165020667370e-04
7.078806730000000016e+02 3.473822700618111052e-04 3.337040432433302918e-04
7.078809854999999516e+02 3.481847231294255603e-04 3.341891989044572307e-04
7.078812979999999015e+02 3.396826964144526945e-04 3.346193819759435807e-04
7.078816104999999652e+02 3.090236435741282469e-04 3.349921753293626757e-04
7.078819229999999152e+02 3.619425906515863142e-04 3.353050400309245819e-04
7.078822354999999789e+02 2.920741631141613066e-04 3.355553088496198376e-04
7.078825479999999288e+02 3.211259153073018615e-04 3.357401794498690345e-04
7.078828604999999925e+02 3.125039376719343466e-04 3.358567072667192487e-04
7.078831729999999425e+02 3.467089794414833634e-04 3.359017980574605512e-04
7.078834854999998925e+02 3.632105532386807655e-04 3.358722001312765401e-04
7.078837979999999561e+02 3.170320341351584820e-04 3.357644962582703773e-04
7.078841104999999061e+02 3.318376253507079312e-04 3.355750952659622855e-04
7.078844229999999698e+02 3.136745582615624176e-04 3.353002233342717762e-04
7.078847354999999197e+02 3.382830948014392005e-04 3.349359150087585584e-04
7.078850479999999834e+02 3.131434338681839949e-04 3.344780039556044310e-04
7.078853604999999334e+02 3.264975778092883999e-04 3.339221134963174390e-04
7.078856729999999970e+02 3.148146806427131556e-04 3.332636469633757054e-04
7.078859854999999470e+02 3.231474385275730611e-04 3.324977779405000619e-04
7.078862979999998970e+02 2.776970518751609943e-04 3.316194404549254186e-04
7.078866104999999607e+02 2.882914490440763181e-04 3.306233192185513274e-04
7.078869229999999106e+02 3.359763362218190865e-04 3.295038400293910240e-04
7.078872354999999743e+02 2.839454177829493688e-04 3.282551604664345267e-04
7.078875479999999243e+02 3.282619655826481738e-04 3.268711610548045380e-04
7.078878604999999880e+02 2.665262391399698732e-04 3.253454370896018133e-04
7.078881729999999379e+02 3.117714051578709239e-04 3.236712913740713397e-04
7.078884855000000016e+02 2.771740348533533707e-04 3.218417281431442604e-04
7.078887979999999516e+02 3.054183335642059421e-04 3.198494485308334937e-04
7.078891104999999015e+02 2.692428786182226598e-04 3.176868479649366242e-04
7.078894229999999652e+02 2.767477050798370568e-04 3.153460159774894994e-04
7.078897354999999152e+02 3.031916608773873928e-04 3.128187389793033943e-04
7.078900479999999789e+02 2.525441474008635959e-04 3.100965066336210628e-04
7.078903604999999288e+02 3.104944605732094798e-04 3.071705226000561676e-04
7.078906729999999925e+02 2.527642994872104703e-04 3.040317204850193729e-04
7.078909854999999425e+02 2.643439868131795107e-04 3.006707860250497962e-04
7.078912979999998925e+02 2.325593495233781432e-04 2.970781866081173496e-04
7.078916104999999561e+02 3.237830004269767184e-04 2.932442094545438917e-04
7.078919229999999061e+02 2.888772075014066202e-04 2.891590099117707187e-04
7.078922354999999698e+02 2.398453457538616358e-04 2.848126714901927240e-04
7.078925479999999197e+02 2.538319934483817077e-04 2.801952795070962433e-04
7.078928604999999834e+02 2.652318523872414062e-04 2.752970103128982442e-04
7.078931729999999334e+02 2.561619735626538097e-04 2.701082383570595365e-04
7.078934854999999970e+02 2.486897842248471336e-04 2.646196634188735563e-04
7.078937979999999470e+02 2.025904305420507924e-04 2.588224605851619387e-04
7.078941104999998970e+02 1.947099135345471579e-04 2.527084555440669666e-04
7.078944229999999607e+02 2.365416831134098841e-04 2.462703279078316235e-04
7.078947354999999106e+02 2.283746899280718595e-04 2.395018451578177364e-04
7.078950479999999743e+02 1.913272032964582602e-04 2.323981296161538898e-04
7.078953604999999243e+02 1.794437609247230754e-04 2.249559605911278983e-04
7.078956729999999880e+02 2.180698446267464617e-04 2.171741131513772022e-04
7.078959854999999379e+02 1.929267494052100363e-04 2.090537343269278296e-04
7.078962980000000016e+02 1.647525125456472520e-04 2.005987562318423849e-04
7.078966104999999516e+02 1.563308919865921622e-04 1.918163442725278115e-04
7.078969229999999015e+02 1.439865129603304351e-04 1.827173764889755941e-04
7.078972354999999652e+02 1.604995832829198303e-04 1.733169478369812032e-04
7.078975479999999152e+02 1.593616830034591905e-04 1.636348902178672352e-04
7.078978604999999789e+02 1.687251527303774122e-04 1.536962956677981741e-04
7.078981729999999288e+02 1.334820909440613437e-04 1.435320264236124646e-04
7.078984854999999925e+02 1.335727819832636118e-04 1.331791912446296500e-04
7.078987979999999425e+02 1.190075089975805417e-04 1.226815633218293958e-04
7.078991104999998925e+02 1.076370386567505704e-04 1.120899107513650207e-04
7.078994229999999561e+02 1.346611517294824434e-04 1.014622071581392740e-04
7.078997354999999061e+02 9.135479319800877355e-05 9.086368732972613480e-05
7.079000479999999698e+02 1.107813844077857224e-04 8.036671168305710032e-05
7.079003604999999197e+02 9.905229242774304444e-05 7.005040465106618993e-05
7.079006729999999834e+02 8.172768360461586537e-05 6.000003574516432376e-05
7.079009854999999334e+02 6.810254241661796166e-05 5.030611942548839479e-05
7.079012979999999970e+02 6.521936795729333758e-05 4.106322035777249847e-05
7.079016104999999470e+02 8.089440496306763849e-05 3.236846510383370099e-05
7.079019229999998970e+02 6.269663660038362479e-05 2.431977842901815622e-05
7.079022354999999607e+02 7.504054307301361514e-05 1.701388219938595583e-05
7.079025479999999106e+02 3.055807593649178953e-05 1.054411514684685515e-05
7.079028604999999743e+02 4.307495527209975977e-05 4.998151245527102590e-06
7.079031729999999243e+02 3.520163454663005441e-05 4.557108866171737026e-07
7.079034854999999880e+02 3.830898534698406625e-05 -3.013629944618699151e-06
7.079037979999999379e+02 2.798520570002064651e-05 -5.352423070039216600e-06
7.079041105000000016e+02 2.689910452455625796e-05 -6.517019042947996593e-06
7.079044229999999516e+02 1.323628830670137838e-05 -6.478833424286519727e-06
7.079047354999999015e+02 1.089149139002411263e-05 -5.225137383779238903e-06
7.079050479999999652e+02 1.006220388346968548e-05 -2.759329079459950451e-06
7.079053604999999152e+02 1.108579677700922872e-05 8.993262290321670019e-07
7.079056729999999789e+02 4.773791889177813018e-06 5.716467034468072824e-06
7.079059854999999288e+02 6.155922275039545662e-06 1.164386690255149047e-05
7.079062979999999925e+02 1.771059012552058133e-05 1.862105070572602213e-05
7.079066104999999425e+02 1.645458938507277189e-05 2.657720211283076090e-05
7.079069229999998925e+02 3.031504383670996147e-05 3.543325905443501237e-05
7.079072354999999561e+02 2.919965920824561708e-05 4.510409240669095574e-05
7.079075479999999061e+02 1.605987396038554034e-05 5.550066944469376497e-05
7.079078604999999698e+02 2.195497097082030758e-05 6.653211596265013296e-05
7.079081729999999197e+02 5.699991103939720962e-05 7.810760731351878614e-05
7.079084854999999834e+02 5.750848640892231457e-05 9.013803746781819191e-05
7.079087979999999334e+02 6.650312317350634398e-05 1.025374338539340318e-04
7.079091104999999970e+02 6.032679873748534373e-05 1.152241036436148968e-04
7.079094229999999470e+02 7.577235565318912866e-05 1.281215121439168770e-04
7.079097354999998970e+02 9.171890237437589698e-05 1.411589064917605403e-04
7.079100479999999607e+02 1.156089700759292888e-04 1.542717066080723340e-04
7.079103604999999106e+02 1.090830595728525094e-04 1.674016913998829759e-04
7.079106729999999743e+02 1.395251111270792081e-04 1.804970112742996125e-04
7.079109854999999243e+02 1.387850928670221712e-04 1.935120586062377148e-04
7.079112979999999880e+02 1.590920282342559171e-04 2.064072270214644571e-04
7.079116104999999379e+02 1.853347339988216272e-04 2.191485877372809186e-04
7.079119230000000016e+02 1.822066599605433237e-04 2.317075083842310031e-04
7.079122354999999516e+02 2.211874542861285667e-04 2.440602358996862235e-04
7.079125479999999015e+02 1.975117687947386858e-04 2.561874617442030455e-04
7.079128604999999652e+02 2.484626946506637260e-04 2.680738839218512609e-04
7.079131729999999152e+02 2.463574114033430327e-04 2.797077772113072723e-04
7.079134854999999789e+02 2.472167658017582420e-04 2.910805801322736389e-04
7.079137979999999288e+02 3.147532169311132908e-04 3.021865045504123787e-04
7.079141104999999925e+02 2.960142791577570118e-04 3.130221719945304741e-04
7.079144229999999425e+02 3.175260687393574631e-04 3.235862788171954617e-04
7.079147354999998925e+02 3.487488888460220284e-04 3.338792912612835711e-04
7.079150479999999561e+02 3.554990607397644610e-04 3.439031702528562505e-04
7.079153604999999061e+02 3.753958976825410329e-04 3.536611251315772606e-04
7.079156729999999698e+02 4.088792249571064500e-04 3.631573949911566100e-04
7.079159854999999197e+02 3.767158147551521400e-04 3.723970558269964061e-04
7.079162979999999834e+02 4.396154957516944413e-04 3.813858516775935027e-04
7.079166104999999334e+02 3.971689569530016391e-04 3.901300476259193556e-04
7.079169229999999970e+02 4.023314806471322506e-04 3.986363027279274255e-04
7.079172354999999470e+02 4.711612697252033784e-04 4.069115607660268559e-04
7.079175479999998970e+02 4.310175856118684699e-04 4.149629570142035636e-04
7.079178604999999607e+02 4.540755902272582546e-04 4.227977391366145280e-04
7.079181729999999106e+02 4.901053931092281234e-04 4.304232005829923633e-04
7.079184854999999743e+02 5.099261965855224473e-04 4.378466249755309445e-04
7.079187979999999243e+02 4.270589126101785246e-04 4.450752400253167509e-04
7.079191104999999880e+02 4.709790968429809050e-04 4.521161798093009860e-04
7.079194229999999379e+02 4.985278481891000299e-04 4.589764541980902624e-04
7.079197355000000016e+02 4.300665277911164199e-04 4.656629245194109394e-04
7.079200479999999516e+02 5.882494548674795098e-04 4.721822844908320693e-04
7.079203604999999015e+02 5.213161958165264806e-04 4.785410457205219029e-04
7.079206729999999652e+02 5.415503397488535256e-04 4.847455270311628738e-04
7.079209854999999152e+02 6.189808585117854110e-04 4.908018470363502590e-04
7.079212979999999789e+02 5.603096173600105980e-04 4.967159194715867632e-04
7.079216104999999288e+02 6.432729022757151510e-04 5.024934507743760662e-04
7.079219229999999925e+02 5.928355389092428585e-04 5.081399395926747232e-04
7.079222354999999425e+02 5.793501701259230752e-04 5.136606778178177003e-04
7.079225479999998925e+02 5.991351229585528335e-04 5.190607529196750733e-04
7.079228604999999561e+02 6.329511482216897827e-04 5.243450512857178144e-04
7.079231729999999061e+02 5.744076517191689518e-04 5.295182623756988392e-04
7.079234854999999698e+02 6.259551525657489675e-04 5.345848835316309444e-04
7.079237979999999197e+02 5.433602694688182463e-04 5.395492252445812948e-04
7.079241104999999834e+02 5.621994926131644414e-04 5.444154168090439014e-04
7.079244229999999334e+02 5.938498853228535738e-04 5.491874121987919436e-04
7.079247354999999970e+02 6.364099138636571638e-04 5.538689961325653265e-04
7.079250479999999470e+02 5.891801109261429661e-04 5.584637901985242724e-04
7.079253604999998970e+02 5.629390855941844487e-04 5.629752590300077936e-04
7.079256729999999607e+02 5.954117062940273960e-04 5.674067164390942568e-04
7.079259854999999106e+02 6.430072263565675145e-04 5.717613314848515611e-04
7.079262979999999743e+02 6.372112606430371503e-04 5.760421344587782298e-04
7.079266104999999243e+02 6.962576615931373013e-04 5.802520227215723046e-04
7.079269229999999880e+02 6.037589315171321223e-04 5.843937664199812991e-04
7.079272354999999379e+02 6.129258821890899581e-04 5.884700140184516643e-04
7.079275480000000016e+02 5.760044060830978897e-04 5.924832976832766687e-04
7.079278604999999516e+02 5.983711563560231749e-04 5.964360384630901278e-04
7.079281729999999015e+02 6.306667852015530786e-04 6.003305513067069311e-04
7.079284854999999652e+02 6.432452465382769609e-04 6.041690498787034846e-04
7.079287979999999152e+02 6.483674119196361583e-04 6.079536511871068936e-04
7.079291104999999789e+02 6.591163910523732726e-04 6.116863800374490586e-04
7.079294229999999288e+02 6.222519940450876603e-04 6.153691732807270573e-04
7.079297354999999925e+02 6.691761608031002780e-04 6.190038839010304078e-04
7.079300479999999425e+02 6.255227443847863333e-04 6.225922849033081307e-04
7.079303604999998925e+02 5.835859850107243162e-04 6.261360730474592592e-04
7.079306729999999561e+02 7.014850848130552976e-04 6.296368724004353535e-04
7.079309854999999061e+02 6.665883249027653584e-04 6.330962377253856934e-04
7.079312979999999698e+02 5.759533484614567716e-04 6.365156577258154758e-04
7.079316104999999197e+02 5.980023090128773911e-04 6.398965581189707853e-04
7.079319229999999834e+02 6.631968086447562021e-04 6.432403045832890383e-04
7.079322354999999334e+02 6.598908669274243782e-04 6.465482055459754671e-04
7.079325479999999970e+02 6.538791405021199266e-04 6.498215148559242493e-04
7.079328604999999470e+02 6.392630323791862954e-04 6.530614343088221151e-04
7.079331729999998970e+02 6.153357683653750722e-04 6.562691160674666334e-04
7.079334854999999607e+02 6.332617475870738234e-04 6.594456649528469480e-04
7.079337979999999106e+02 6.897475065025911655e-04 6.625921406235886621e-04
7.079341104999999743e+02 6.751296177269169342e-04 6.657095596602549941e-04
7.079344229999999243e+02 6.388409037913330086e-04 6.687988975308624190e-04
7.079347354999999880e+02 5.955514781601223273e-04 6.718610904779443067e-04
7.079350479999999379e+02 7.020386760360709712e-04 6.748970372955483089e-04
7.079353605000000016e+02 6.668913337652051122e-04 6.779076010366507331e-04
7.079356729999999516e+02 6.264331466355481295e-04 6.808936106196417787e-04
7.079359854999999015e+02 6.356794831884958301e-04 6.838558623722962174e-04
7.079362979999999652e+02 6.575826707183565940e-04 6.867951214896344603e-04
7.079366104999999152e+02 6.348740109632293547e-04 6.897121234206126912e-04
7.079369229999999789e+02 6.426263731180400281e-04 6.926075751977172875e-04
7.079372354999999288e+02 5.312317488774660713e-04 6.954821566862957535e-04
7.079375479999999925e+02 6.740247617447214009e-04 6.983365217897614941e-04
7.079378604999999425e+02 6.567172092310333449e-04 7.011712995800558571e-04
7.079381729999998925e+02 6.311779272088958352e-04 7.039870953887674082e-04
7.079384854999999561e+02 6.193011875079486740e-04 7.067844918356191216e-04
7.079387979999999061e+02 6.642098821363355728e-04 7.095640498075442499e-04
7.079391104999999698e+02 6.651588205162313515e-04 7.123263094008743836e-04
7.079394229999999197e+02 6.701246207403338323e-04 7.150717908037150039e-04
7.079397354999999834e+02 6.667325025503043892e-04 7.178009951521028588e-04
7.079400479999999334e+02 6.575083128285600471e-04 7.205144053299422516e-04
7.079403604999999970e+02 6.869702173010487547e-04 7.232124867467261365e-04
