7.075672640000000229e+02 4.100006171335488447e-04 3.526235541539888521e-04
7.075675764999999728e+02 3.765453815877657195e-04 3.533433890560177030e-04
7.075678890000000365e+02 4.165639669925024044e-04 3.540216649922501126e-04
7.075682014999999865e+02 3.912239372489866506e-04 3.546566696241056364e-04
7.075685140000000501e+02 3.692776012733929949e-04 3.552466081656364288e-04
7.075688265000000001e+02 3.478930580004950838e-04 3.557895990148800345e-04
7.075691390000000638e+02 3.488975439438122238e-04 3.562836691548490345e-04
7.075694515000000138e+02 3.734233947582562001e-04 3.567267493070407037e-04
7.075697640000000774e+02 3.901334784379314980e-04 3.571166688335839900e-04
7.075700765000000274e+02 3.877629271811240241e-04 3.574511503723163818e-04
7.075703889999999774e+02 3.905902074978057342e-04 3.577278042002289375e-04
7.075707015000000411e+02 3.297904090110956071e-04 3.579441223123432103e-04
7.075710139999999910e+02 3.387212173451422076e-04 3.580974722097093063e-04
7.075713265000000547e+02 3.789962334971076503e-04 3.581850903895985976e-04
7.075716390000000047e+02 3.878342010475593926e-04 3.582040755305554848e-04
7.075719515000000683e+02 3.683439196327891168e-04 3.581513813699764180e-04
7.075722640000000183e+02 3.468954668261637763e-04 3.580238092715562460e-04
7.075725764999999683e+02 3.625463266687305804e-04 3.578180004840706644e-04
7.075728890000000320e+02 3.651666390571389059e-04 3.575304280962243232e-04
7.075732014999999819e+02 3.714805642324141418e-04 3.571573886971067644e-04
7.075735140000000456e+02 3.883985334585700463e-04 3.566949937547650657e-04
7.075738264999999956e+02 3.681703059733233046e-04 3.561391607366587919e-04
7.075741390000000592e+02 3.501463876951170224e-04 3.554856039958808190e-04
7.075744515000000092e+02 3.138725886956299292e-04 3.547298254659055614e-04
7.075747640000000729e+02 2.995965644384331766e-04 3.538671052055529336e-04
7.075750765000000229e+02 2.956156678504222031e-04 3.528924918629006645e-04
7.075753889999999728e+02 3.444034817240310695e-04 3.518007931260430719e-04
7.075757015000000365e+02 3.331100011499620842e-04 3.505865662621364181e-04
7.075760139999999865e+02 3.112525462008639780e-04 3.492441088580400602e-04
7.075763265000000501e+02 2.949211833913511138e-04 3.477674498971765533e-04
7.075766390000000001e+02 3.281332423224875804e-04 3.461503413534580166e-04
7.075769515000000638e+02 3.102808010779502484e-04 3.443862504895399911e-04
7.075772640000000138e+02 3.134083345531141532e-04 3.424683531182902657e-04
7.075775765000000774e+02 3.198548687503084578e-04 3.403895280953573980e-04
7.075778890000000274e+02 2.994034880244240472e-04 3.381423534022542812e-04
7.075782014999999774e+02 2.934467185207425741e-04 3.357191041970532773e-04
7.075785140000000411e+02 3.264808634400942489e-04 3.331117533175068741e-04
7.075788264999999910e+02 3.396677965595533834e-04 3.303119747754171384e-04
7.075791390000000547e+02 2.621041800922405823e-04 3.273111508641696242e-04
7.075794515000000047e+02 3.157015830761322360e-04 3.241003836367888579e-04
7.075797640000000683e+02 3.015453929451224722e-04 3.206705115663571509e-04
7.075800765000000183e+02 2.588343711314718501e-04 3.170121323912456781e-04
7.075803889999999683e+02 3.029181584572181066e-04 3.131156332128662962e-04
7.075807015000000320e+02 2.514271793355495879e-04 3.089712291280554031e-04
7.075810139999999819e+02 2.564988360422518362e-04 3.045690117981061972e-04
7.075813265000000456e+02 2.943138628714884390e-04 2.998990095191996744e-04
7.075816389999999956e+02 2.683504605741476585e-04 2.949512605919102489e-04
7.075819515000000592e+02 2.132345381163427978e-04 2.897159018766506315e-04
7.075822640000000092e+02 2.635636494090401851e-04 2.841832747007954491e-04
7.075825765000000729e+02 2.510675243075291422e-04 2.783440503323615731e-04
7.075828890000000229e+02 1.779501780431832667e-04 2.721893774902175707e-04
7.075832014999999728e+02 2.248962540225461445e-04 2.657110543336018717e-04
7.075835140000000365e+02 2.246995724315884293e-04 2.589017275226779182e-04
7.075838264999999865e+02 2.262652009805104895e-04 2.517551208232326489e-04
7.075841390000000501e+02 2.255189701433137376e-04 2.442662955550626105e-04
7.075844515000000001e+02 2.084078169790999028e-04 2.364319449603449448e-04
7.075847640000000638e+02 2.186068692737744496e-04 2.282507239156004162e-04
7.075850765000000138e+02 1.884344303580163594e-04 2.197236148322042563e-04
7.075853890000000774e+02 1.965838233343109238e-04 2.108543293750413312e-04
7.075857015000000274e+02 1.984682517552938694e-04 2.016497444364223439e-04
7.075860139999999774e+02 1.931139455813588653e-04 1.921203688411383199e-04
7.075863265000000411e+02 1.781446810839450276e-04 1.822808352300134304e-04
7.075866389999999910e+02 2.113817414577195367e-04 1.721504088013864700e-04
7.075869515000000547e+02 1.541391153361866963e-04 1.617535014643350574e-04
7.075872640000000047e+02 1.369155087608060935e-04 1.511201765548077507e-04
7.075875765000000683e+02 1.288455731966081695e-04 1.402866252027526516e-04
7.075878890000000183e+02 1.500109788951803098e-04 1.292955916499028454e-04
7.075882014999999683e+02 9.755920322507476790e-05 1.181967206258824170e-04
7.075885140000000320e+02 1.305720660028146193e-04 1.070467965533041156e-04
7.075888264999999819e+02 1.230524373176358397e-04 9.590984147749317382e-05
7.075891390000000456e+02 9.781276785225777456e-05 8.485703718393665233e-05
7.075894514999999956e+02 1.006942379043106536e-04 7.396643753755688833e-05
7.075897640000000592e+02 8.453102426203108549e-05 6.332243969132416339e-05
7.075900765000000092e+02 8.404369503388092082e-05 5.301498880831115486e-05
7.075903890000000729e+02 7.269897447931465240e-05 4.313849967942602262e-05
7.075907015000000229e+02 6.095159873283335190e-05 3.379049120702785918e-05
7.075910139999999728e+02 4.838457064094187126e-05 2.506994492764697257e-05
7.075913265000000365e+02 5.345830307800646688e-05 1.707541683849170041e-05
7.075916389999999865e+02 3.367419742205462557e-05 9.902950865883004583e-06
7.075919515000000501e+02 6.841296495612117392e-05 3.643861325070548271e-06
7.075922640000000001e+02 3.033902426901623870e-05 -1.617531265293942656e-06
7.075925765000000638e+02 3.246032487010021977e-05 -5.806113926861508842e-06
7.075928890000000138e+02 1.732365175168667080e-05 -8.858040320928943869e-06
7.075932015000000774e+02 9.875144469366960046e-06 -1.072253151426032034e-05
7.075935140000000274e+02 4.350867210545137262e-06 -1.136332309297867756e-05
7.075938264999999774e+02 9.055415749165065549e-06 -1.075967984087220106e-05
7.075941390000000411e+02 1.633548174883027608e-05 -8.906922481205366453e-06
7.075944514999999910e+02 1.009804297796846959e-05 -5.816439304185729099e-06
7.075947640000000547e+02 1.022173789027860938e-05 -1.515186086755356289e-06
7.075950765000000047e+02 6.490196683996094719e-06 3.955292183104280953e-06
7.075953890000000683e+02 2.351513701746678492e-06 1.054025762076199054e-05
7.075957015000000183e+02 8.878773354644431268e-06 1.817351253274986035e-05
7.075960139999999683e+02 1.486431000019401627e-05 2.677937434680993428e-05
7.075963265000000320e+02 1.795060829481963518e-05 3.627479146485218536e-05
7.075966389999999819e+02 1.953412458433170500e-05 4.657150095540314846e-05
7.075969515000000456e+02 3.976040917318315459e-05 5.757813741187290605e-05
7.075972639999999956e+02 4.616273335368802067e-05 6.920221559192592296e-05
7.075975765000000592e+02 3.304456074906114157e-05 8.135192628656203449e-05
7.075978890000000092e+02 4.569877827195854559e-05 9.393770260378846864e-05
7.075982015000000729e+02 7.379047090301122931e-05 1.068735318071600815e-04
7.075985140000000229e+02 7.033266750832907770e-05 1.200780036888084932e-04
7.075988264999999728e+02 8.298067563856673600e-05 1.334751003921286162e-04
7.075991390000000365e+02 7.958851892494326946e-05 1.469947430665180207e-04
7.075994514999999865e+02 1.187012976309840683e-04 1.605731185784854730e-04
7.075997640000000501e+02 1.281278111854826244e-04 1.741528143157314724e-04
7.076000765000000001e+02 1.504348921414827491e-04 1.876827912353308319e-04
7.076003890000000638e+02 1.419543286523841598e-04 2.011182258156778103e-04
7.076007015000000138e+02 2.068147155456974168e-04 2.144202499319200462e-04
7.076010140000000774e+02 1.355798856049496282e-04 2.275556155726508217e-04
7.076013265000000274e+02 1.999402792110350027e-04 2.404963079193810831e-04
7.076016389999999774e+02 2.496347859960887329e-04 2.532191272145151292e-04
7.076019515000000411e+02 2.229622403035216535e-04 2.657052561222512065e-04
7.076022639999999910e+02 2.657431474308538004e-04 2.779398261519211216e-04
7.076025765000000547e+02 3.031115286567525485e-04 2.899114936761934677e-04
7.076028890000000047e+02 2.841373612126346258e-04 3.016120332388461762e-04
7.076032015000000683e+02 2.893090626145736460e-04 3.130359537944207501e-04
7.076035140000000183e+02 2.833064418199363640e-04 3.241801413244334686e-04
7.076038264999999683e+02 3.413188974387120086e-04 3.350435299865905676e-04
7.076041390000000320e+02 3.889670657540316595e-04 3.456268024835927339e-04
7.076044514999999819e+02 3.405517813092220989e-04 3.559321195438257322e-04
7.076047640000000456e+02 3.287649482882573247e-04 3.659628776998316547e-04
7.076050764999999956e+02 4.037750605707575999e-04 3.757234939263798929e-04
7.076053890000000592e+02 3.850531943223048305e-04 3.852192155830918099e-04
7.076057015000000092e+02 4.235441248412676767e-04 3.944559536787882741e-04
7.076060140000000729e+02 4.751114331558024166e-04 4.034401376126512816e-04
7.076063265000000229e+02 3.894894650601376683e-04 4.121785893078258687e-04
7.076066389999999728e+02 4.489548773194626812e-04 4.206784149096646900e-04
7.076069515000000365e+02 4.683094309043957476e-04 4.289469121141554001e-04
7.076072639999999865e+02 5.175878759733388039e-04 4.369914914178216550e-04
7.076075765000000501e+02 4.837276805314600541e-04 4.448196096969609932e-04
7.076078890000000001e+02 5.340012806941678725e-04 4.524387145539149465e-04
7.076082015000000638e+02 4.913932057330759910e-04 4.598561981659232559e-04
7.076085140000000138e+02 4.852963634738978135e-04 4.670793593218253506e-04
7.076088265000000774e+02 5.829438834850090472e-04 4.741153726380756121e-04
7.076091390000000274e+02 5.333291150310306289e-04 4.809712638894692634e-04
7.076094514999999774e+02 5.019935902794626275e-04 4.876538906689619249e-04
7.076097640000000411e+02 5.824079341316468813e-04 4.941699275459454643e-04
7.076100764999999910e+02 5.718433930493841029e-04 5.005258550775490596e-04
7.076103890000000547e+02 5.953671881793137863e-04 5.067279521064015340e-04
7.076107015000000047e+02 5.434585806202863606e-04 5.127822907732539287e-04
7.076110140000000683e+02 5.382863154664540824e-04 5.186947338698584282e-04
7.076113265000000183e+02 6.025603164387324535e-04 5.244709340734315288e-04
7.076116389999999683e+02 6.374693778550748029e-04 5.301163347975875123e-04
7.076119515000000320e+02 6.014518988895077752e-04 5.356361723179425003e-04
7.076122639999999819e+02 6.221998492592136637e-04 5.410354789487721756e-04
7.076125765000000456e+02 6.413099792404650373e-04 5.463190870789757288e-04
7.076128889999999956e+02 5.841310036526748371e-04 5.514916338383970065e-04
7.076132015000000592e+02 6.110934593490309789e-04 5.565575663028232700e-04
7.076135140000000092e+02 5.403106916531635710e-04 5.615211470471341733e-04
7.076138265000000729e+02 6.285013261727700595e-04 5.663864599982032597e-04
7.076141390000000229e+02 6.615319550104554070e-04 5.711574164374221777e-04
7.076144514999999728e+02 6.333583584527404612e-04 5.758377611329834047e-04
7.076147640000000365e+02 6.444682468954625537e-04 5.804310784940260167e-04
7.076150764999999865e+02 5.940046299049419817e-04 5.849407987132890230e-04
7.076153890000000501e+02 6.572596269452334571e-04 5.893702038717975669e-04
7.076157015000000001e+02 6.182705825480035167e-04 5.937224339300922488e-04
7.076160140000000638e+02 6.882254972532618866e-04 5.980004926294442977e-04
7.076163265000000138e+02 6.708258460470125067e-04 6.022072532299875460e-04
7.076166390000000774e+02 6.453892830952347648e-04 6.063454641199453798e-04
7.076169515000000274e+02 7.028710071716840228e-04 6.104177542337855958e-04
7.076172639999999774e+02 5.771843949830601566e-04 6.144266383180292408e-04
7.076175765000000411e+02 6.516082999256610480e-04 6.183745220007507695e-04
7.076178889999999910e+02 6.543520338173701000e-04 6.222637066769558462e-04
7.076182015000000547e+02 6.926288689874992915e-04 6.260963942221932236e-04
7.076185140000000047e+02 6.121779676852785778e-04 6.298746914991018965e-04
7.076188265000000683e+02 6.355757233389308387e-04 6.336006147022714028e-04
7.076191390000000183e+02 6.581168857502503119e-04 6.372760934994493821e-04
7.076194514999999683e+02 6.164403770449268559e-04 6.409029750153260154e-04
7.076197640000000320e+02 6.507854172195283188e-04 6.444830276278918930e-04
7.076200764999999819e+02 5.506561594132675878e-04 6.480179445961165756e-04
7.076203890000000456e+02 6.207319412866663588e-04 6.515093475366580747e-04
7.076207014999999956e+02 6.758798995620159122e-04 6.549587897227446363e-04
7.076210140000000592e+02 6.524776941220605505e-04 6.583677592506408539e-04
7.076213265000000092e+02 6.499721834524723602e-04 6.617376820387420224e-04
7.076216390000000729e+02 6.551087867887204954e-04 6.650699247052091175e-04
7.076219515000000229e+02 6.951705037297395071e-04 6.683657972901818753e-04
7.076222639999999728e+02 6.716162739751664352e-04 6.716265558663227350e-04
7.076225765000000365e+02 6.865972287112713296e-04 6.748534050127412247e-04
7.076228889999999865e+02 6.668989739556294410e-04 6.780475001702357223e-04
7.076232015000000501e+02 6.863546827698442654e-04 6.812099498946235735e-04
7.076235140000000001e+02 7.224917702236858478e-04 6.843418179842297071e-04
7.076238265000000638e+02 6.327157273482225067e-04 6.874441255225612578e-04
7.076241390000000138e+02 6.547452593501375913e-04 6.905178528042148082e-04
7.076244515000000774e+02 6.347868166437905992e-04 6.935639411851788521e-04
7.076247640000000274e+02 6.312596011429495550e-04 6.965832948259222156e-04
7.076250764999999774e+02 6.794228244999933998e-04 6.995767823663107728e-04
7.076253890000000411e+02 6.315303057863263202e-04 7.025452385086243664e-04
7.076257014999999910e+02 6.859956531123059982e-04 7.054894655239745196e-04
7.076260140000000547e+02 6.351436016470731047e-04 7.084102346964803783e-04
7.076263265000000047e+02 6.662935252625126151e-04 7.113082876819948851e-04
7.076266390000000683e+02 6.710561903141777813e-04 7.141843378180181114e-04
7.076269515000000183e+02 6.518664651617824338e-04 7.170390713540862040e-04
7.076272639999999683e+02 6.403359844048986480e-04 7.198731486384949557e-04
7.076275765000000320e+02 6.846055012830773532e-04 7.226872052380473293e-04
7.076278889999999819e+02 6.510860489180626820e-04 7.254818530043217334e-04
7.076282015000000456e+02 6.405423603339277560e-04 7.282576810992095334e-04
7.076285139999999956e+02 7.208950952930249243e-04 7.310152569568236641e-04
7.076288265000000592e+02 6.564129876313278380e-04 7.337551272157069333e-04
7.076291390000000092e+02 6.887200019807984252e-04 7.364778185913391662e-04
7.076294515000000729e+02 6.957684997390236378e-04 7.391838387232440959e-04
