7.067608750000000555e+02 3.615364842058776257e-04 3.817975700504835056e-04
7.067611875000000055e+02 3.708410917452703527e-04 3.822588021733718477e-04
7.067615000000000691e+02 4.283291651893785857e-04 3.826771621948395316e-04
7.067618125000000191e+02 3.857854478752496168e-04 3.830509702004619753e-04
7.067621250000000828e+02 4.075827020494989677e-04 3.833784698502633250e-04
7.067624375000000327e+02 4.049614542456587887e-04 3.836578246035579382e-04
7.067627500000000964e+02 3.953159838063071232e-04 3.838871137635296491e-04
7.067630625000000464e+02 4.416112662319011733e-04 3.840643283315863530e-04
7.067633750000001100e+02 3.514472104210557540e-04 3.841873666688941672e-04
7.067636875000000600e+02 4.176769005337896998e-04 3.842540299570760967e-04
7.067640000000000100e+02 4.085967737010230650e-04 3.842620174553831825e-04
7.067643125000000737e+02 4.138931096605793125e-04 3.842089215489337124e-04
7.067646250000000236e+02 3.803686846748063942e-04 3.840922225860779276e-04
7.067649375000000873e+02 4.030383923436912669e-04 3.839092835025152868e-04
7.067652500000000373e+02 3.859636933581684238e-04 3.836573442329816136e-04
7.067655625000001010e+02 4.074078373519194490e-04 3.833335159109439814e-04
7.067658750000000509e+02 3.168891634172427314e-04 3.829347748626516662e-04
7.067661875000000009e+02 3.765152366054771364e-04 3.824579563997739396e-04
7.067665000000000646e+02 4.016955420808893812e-04 3.818997484234765106e-04
7.067668125000000146e+02 3.895226624302047130e-04 3.812566848538482839e-04
7.067671250000000782e+02 3.957936423285345149e-04 3.805251389010696214e-04
7.067674375000000282e+02 3.585624983685562080e-04 3.797013162087042697e-04
7.067677500000000919e+02 4.082542317363510131e-04 3.787812478931119257e-04
7.067680625000000418e+02 3.514956630800190147e-04 3.777607835266935470e-04
7.067683750000001055e+02 3.367657979854637778e-04 3.766355841035917218e-04
7.067686875000000555e+02 3.955707203688557487e-04 3.754011150574554042e-04
7.067690000000000055e+02 4.192961568422635065e-04 3.740526393910563658e-04
7.067693125000000691e+02 3.801995175194632201e-04 3.725852110128323545e-04
7.067696250000000191e+02 3.598012525647678529e-04 3.709936683793762765e-04
7.067699375000000828e+02 3.541126987896096325e-04 3.692726285586887922e-04
7.067702500000000327e+02 3.388833437305865839e-04 3.674164818715399241e-04
7.067705625000000964e+02 3.269127940048317761e-04 3.654193872612631158e-04
7.067708750000000464e+02 3.756144321187684736e-04 3.632752686094552425e-04
7.067711875000001100e+02 3.271472111097742646e-04 3.609778122062870997e-04
7.067715000000000600e+02 3.613821968661174193e-04 3.585204656666025847e-04
7.067718125000000100e+02 3.769461513212226614e-04 3.558964385781403532e-04
7.067721250000000737e+02 3.344147990943346482e-04 3.530987052601045886e-04
7.067724375000000236e+02 3.032426697848177315e-04 3.501200100374401601e-04
7.067727500000000873e+02 3.421287092114507172e-04 3.469528754915510355e-04
7.067730625000000373e+02 3.108032980802967861e-04 3.435896142534879648e-04
7.067733750000001010e+02 3.096731046782888247e-04 3.400223449191609325e-04
7.067736875000000509e+02 2.994563218659628380e-04 3.362430128181194086e-04
7.067740000000000009e+02 3.193420017143897721e-04 3.322434163809954077e-04
7.067743125000000646e+02 3.020469046767881144e-04 3.280152400145041713e-04
7.067746250000000146e+02 3.136494756398486251e-04 3.235500944516415804e-04
7.067749375000000782e+02 3.056385564996779401e-04 3.188395656438119149e-04
7.067752500000000282e+02 2.424888519718587437e-04 3.138752734271641289e-04
7.067755625000000919e+02 2.859597378296642998e-04 3.086489412127797695e-04
7.067758750000000418e+02 2.403092642186428882e-04 3.031524781600133207e-04
7.067761875000001055e+02 2.495518547194862510e-04 2.973780752742626239e-04
7.067765000000000555e+02 2.465780490625561652e-04 2.913183170679720753e-04
7.067768125000000055e+02 2.399420866881912264e-04 2.849663103550652103e-04
7.067771250000000691e+02 2.411519487356071070e-04 2.783158318798701725e-04
7.067774375000000191e+02 2.073067340059473688e-04 2.713614963819875082e-04
7.067777500000000828e+02 2.446334686103553949e-04 2.640989465945391265e-04
7.067780625000000327e+02 2.479700738987239720e-04 2.565250665830167299e-04
7.067783750000000964e+02 2.560159280522023690e-04 2.486382194053696052e-04
7.067786875000000464e+02 2.252720509943812648e-04 2.404385098216977343e-04
7.067790000000001100e+02 2.096637298233454362e-04 2.319280720364307275e-04
7.067793125000000600e+02 1.907724382730049603e-04 2.231113818783230299e-04
7.067796250000000100e+02 2.138168593066775455e-04 2.139955916700703056e-04
7.067799375000000737e+02 1.823327605720447724e-04 2.045908850005936875e-04
7.067802500000000236e+02 2.152606641513053179e-04 1.949108470480103079e-04
7.067805625000000873e+02 1.866042348218817652e-04 1.849728443678873941e-04
7.067808750000000373e+02 1.757382555205887274e-04 1.747984062044196719e-04
7.067811875000001010e+02 1.430386374260354115e-04 1.644135969763496738e-04
7.067815000000000509e+02 1.629770813876854315e-04 1.538493674335250497e-04
7.067818125000000009e+02 1.559913926576402530e-04 1.431418692889724602e-04
7.067821250000000646e+02 1.499569709539845573e-04 1.323327159289209708e-04
7.067824375000000146e+02 1.338028454163225369e-04 1.214691694915991262e-04
7.067827500000000782e+02 1.122019907083829848e-04 1.106042328692232401e-04
7.067830625000000282e+02 1.194271442657388478e-04 9.979662430655064761e-05
7.067833750000000919e+02 9.980555280450331527e-05 8.911061203158812162e-05
7.067836875000000418e+02 1.204604161191862499e-04 7.861568788837319452e-05
7.067840000000001055e+02 8.330151138772306900e-05 6.838606155909796687e-05
7.067843125000000555e+02 6.477099787569325453e-05 5.849996188211751164e-05
7.067846250000000055e+02 7.179166116106124723e-05 4.903873811818402622e-05
7.067849375000000691e+02 6.706589424864802733e-05 4.008576269930272140e-05
7.067852500000000191e+02 4.896421510565141113e-05 3.172514698018547426e-05
7.067855625000000828e+02 6.684729134225951357e-05 2.404029284697318297e-05
7.067858750000000327e+02 4.715379590627381026e-05 1.711231498811615129e-05
7.067861875000000964e+02 4.142124043247262581e-05 1.101837994501365822e-05
7.067865000000000464e+02 2.852713091613816624e-05 5.830018340534518569e-06
7.067868125000001100e+02 3.595213024214589579e-05 1.611474160813225340e-06
7.067871250000000600e+02 2.901150140671031102e-05 -1.581840680782041605e-06
7.067874375000000100e+02 2.914693870027859821e-05 -3.704718410617045661e-06
7.067877500000000737e+02 1.779198584384355044e-05 -4.723290559732863395e-06
7.067880625000000236e+02 1.486894608315905547e-05 -4.615872055675477531e-06
7.067883750000000873e+02 5.086566557198059441e-06 -3.373473473337606359e-06
7.067886875000000373e+02 9.274040069668733398e-06 -9.999573059764371153e-07
7.067890000000001010e+02 3.531080013557873031e-06 2.488167382858353759e-06
7.067893125000000509e+02 1.404883535708464771e-05 7.062298705182230652e-06
7.067896250000000009e+02 2.237094128720843356e-05 1.268261328661480239e-05
7.067899375000000646e+02 9.311465210481935834e-06 1.929920934285455717e-05
7.067902500000000146e+02 1.101150075334523287e-05 2.685346438490351229e-05
7.067905625000000782e+02 2.069941599032161603e-05 3.527954356551294568e-05
7.067908750000000282e+02 1.836012933654052506e-05 4.450599223742766029e-05
7.067911875000000919e+02 2.797106798848869998e-05 5.445734841192300069e-05
7.067915000000000418e+02 3.959103916099415731e-05 6.505571627039552745e-05
7.067918125000001055e+02 4.327060272104342101e-05 7.622225053582617831e-05
7.067921250000000555e+02 5.556586778211733060e-05 8.787851154043165112e-05
7.067924375000000055e+02 6.692593221503438737e-05 9.994766211244773824e-05
7.067927500000000691e+02 7.460542154808161969e-05 1.123554881480592237e-04
7.067930625000000191e+02 7.511911323488899156e-05 1.250312350104399578e-04
7.067933750000000828e+02 9.232595843078117209e-05 1.379082607159976004e-04
7.067936875000000327e+02 1.086373146662284410e-04 1.509245138694728595e-04
7.067940000000000964e+02 1.311781319901141475e-04 1.640228499760510458e-04
7.067943125000000464e+02 1.282917705905942053e-04 1.771512031611272020e-04
7.067946250000001100e+02 1.626704681015489636e-04 1.902626327642599772e-04
7.067949375000000600e+02 1.678564702009086723e-04 2.033152647751674765e-04
7.067952500000000100e+02 2.090579133951123267e-04 2.162721481144073141e-04
7.067955625000000737e+02 2.123003430103078304e-04 2.291010444269196906e-04
7.067958750000000236e+02 1.922750659337225368e-04 2.417741686038554522e-04
7.067961875000000873e+02 2.170553634655848470e-04 2.542678952897340825e-04
7.067965000000000373e+02 2.714321771277656875e-04 2.665624443598548204e-04
7.067968125000001010e+02 2.652549450178571860e-04 2.786415564859664020e-04
7.067971250000000509e+02 3.083132538163617549e-04 2.904921675832423640e-04
7.067974375000000009e+02 2.759340114744360164e-04 3.021040893359332700e-04
7.067977500000000646e+02 3.015501280998068964e-04 3.134697010682883597e-04
7.067980625000000146e+02 3.063283235073400827e-04 3.245836569224121171e-04
7.067983750000000782e+02 3.006672218482004137e-04 3.354426110570817021e-04
7.067986875000000282e+02 3.525640787445667289e-04 3.460449624127370110e-04
7.067990000000000919e+02 2.862774244157456952e-04 3.563906199833745837e-04
7.067993125000000418e+02 3.987120821136147498e-04 3.664807886293896307e-04
7.067996250000001055e+02 4.247483936287479436e-04 3.763177752133155599e-04
7.067999375000000555e+02 3.892222826809320965e-04 3.859048142252673522e-04
7.068002500000000055e+02 4.720681497877892352e-04 3.952459120371275844e-04
7.068005625000000691e+02 4.633863760493949499e-04 4.043457085459435619e-04
7.068008750000000191e+02 4.349079030409169484e-04 4.132093549939390778e-04
7.068011875000000828e+02 4.812663254236438119e-04 4.218424066989897702e-04
7.068015000000000327e+02 4.799416920836978100e-04 4.302507293134892889e-04
7.068018125000000964e+02 4.459224187697107661e-04 4.384404174383437760e-04
7.068021250000000464e+02 4.590010961627885664e-04 4.464177242690770637e-04
7.068024375000001100e+02 4.788435134891406487e-04 4.541890012154422684e-04
7.068027500000000600e+02 4.977081421295265987e-04 4.617606463181652440e-04
7.068030625000000100e+02 4.971120895094163382e-04 4.691390605529250691e-04
7.068033750000000737e+02 5.288753829240308568e-04 4.763306110320279416e-04
7.068036875000000236e+02 5.538579440824153727e-04 4.833416002981812056e-04
7.068040000000000873e+02 5.614114137617425828e-04 4.901782409785731100e-04
7.068043125000000373e+02 5.264187311173362284e-04 4.968466350544765682e-04
7.068046250000001010e+02 5.487107124667366456e-04 5.033527572158567366e-04
7.068049375000000509e+02 5.571214559743745175e-04 5.097024416780258655e-04
7.068052500000000009e+02 5.298454300893365746e-04 5.159013720533758797e-04
7.068055625000000646e+02 5.595520354825080436e-04 5.219550737911845878e-04
7.068058750000000146e+02 5.656300231900706493e-04 5.278689088342397671e-04
7.068061875000000782e+02 6.352161338402654471e-04 5.336480721822117702e-04
7.068065000000000282e+02 6.225008382757762741e-04 5.392975900178230073e-04
7.068068125000000919e+02 5.750398672519015401e-04 5.448223192091858130e-04
7.068071250000000418e+02 5.811530596770608705e-04 5.502269479004005467e-04
7.068074375000001055e+02 5.811180322387006839e-04 5.555159970645979009e-04
7.068077500000000555e+02 6.203860621409330303e-04 5.606938227890468762e-04
7.068080625000000055e+02 5.806233825284426789e-04 5.657646192100409480e-04
7.068083750000000691e+02 6.172947887233181047e-04 5.707324219252055044e-04
7.068086875000000191e+02 6.580298300055279284e-04 5.756011117973788838e-04
7.068090000000000828e+02 6.452361536522410908e-04 5.803744190764032829e-04
7.068093125000000327e+02 6.532119502627989002e-04 5.850559277168685107e-04
7.068096250000000964e+02 5.736197118320360624e-04 5.896490798808709391e-04
7.068099375000000464e+02 6.359346262877154819e-04 5.941571805145722538e-04
7.068102500000001100e+02 5.397647815927926343e-04 5.985834020062940014e-04
7.068105625000000600e+02 6.315752820161836230e-04 6.029307888334789001e-04
7.068108750000000100e+02 5.953854423770611227e-04 6.072022622169334334e-04
7.068111875000000737e+02 6.520804473553823161e-04 6.114006247147123685e-04
7.068115000000000236e+02 6.636207757153352472e-04 6.155285647504970788e-04
7.068118125000000873e+02 6.155310222732250387e-04 6.195886610733170909e-04
7.068121250000000373e+02 5.519687394211342506e-04 6.235833870967612573e-04
7.068124375000001010e+02 6.356069692388462318e-04 6.275151151531276322e-04
7.068127500000000509e+02 6.353802249547722087e-04 6.313861206068187510e-04
7.068130625000000009e+02 6.996446144870518708e-04 6.351985858659589491e-04
7.068133750000000646e+02 6.533012875595602684e-04 6.389546042517975323e-04
7.068136875000000146e+02 6.625014858866027810e-04 6.426561837380451994e-04
7.068140000000000782e+02 7.068203579266090723e-04 6.463052505719218402e-04
7.068143125000000282e+02 6.146882073547737125e-04 6.499036527428604833e-04
7.068146250000000919e+02 5.947095324369918628e-04 6.534531633412346552e-04
7.068149375000000418e+02 6.666707055317691415e-04 6.569554837660359931e-04
7.068152500000001055e+02 6.398601314541095498e-04 6.604122468254603308e-04
7.068155625000000555e+02 6.765894896260486995e-04 6.638250196915980103e-04
7.068158750000000055e+02 6.512424726946921009e-04 6.671953067517291452e-04
7.068161875000000691e+02 6.547931437955579028e-04 6.705245523277224371e-04
7.068165000000000191e+02 6.364726181907635677e-04 6.738141432799645090e-04
7.068168125000000828e+02 7.032674199413715401e-04 6.770654115111658785e-04
7.068171250000000327e+02 5.839157243399221986e-04 6.802796363437543792e-04
7.068174375000000964e+02 6.519141271776220234e-04 6.834580468117080077e-04
7.068177500000000464e+02 7.005669809346914533e-04 6.866018238327984292e-04
7.068180625000001100e+02 6.833124200481636165e-04 6.897121023024935021e-04
7.068183750000000600e+02 6.854509603649490152e-04 6.927899730763061341e-04
7.068186875000000100e+02 7.037177946946423113e-04 6.958364848798398623e-04
7.068190000000000737e+02 6.755843606541828573e-04 6.988526461217137728e-04
7.068193125000000236e+02 6.031557262884920971e-04 7.018394266245690056e-04
7.068196250000000873e+02 7.071666508729836141e-04 7.047977592883593540e-04
7.068199375000000373e+02 5.850314902909700037e-04 7.077285416620932414e-04
7.068202500000001010e+02 6.384412361005519865e-04 7.106326374609917571e-04
7.068205625000000509e+02 6.889639201673193039e-04 7.135108779978139833e-04
7.068208750000000009e+02 6.085231571970068504e-04 7.163640635645338864e-04
7.068211875000000646e+02 7.747883567964065432e-04 7.191929647407615698e-04
7.068215000000000146e+02 7.038769033943829360e-04 7.219983236425705966e-04
7.068218125000000782e+02 7.022097217118334960e-04 7.247808551245432879e-04
7.068221250000000282e+02 6.935723976679359542e-04 7.275412479121014979e-04
7.068224375000000919e+02 7.343441521556178051e-04 7.302801656982612450e-04
7.068227500000000418e+02 7.154186431054000966e-04 7.329982481748375644e-04
7.068230625000001055e+02 6.849973478390749410e-04 7.356961120325588872e-04
