7.085760485000000699e+02 3.380775159290930632e-04 2.968319299753145344e-04
7.085763610000000199e+02 2.990642069619517895e-04 2.968892499708749959e-04
7.085766734999999699e+02 3.066012344332066670e-04 2.968894156734568058e-04
7.085769860000000335e+02 3.419465192028429187e-04 2.968298602169772669e-04
7.085772984999999835e+02 3.076221855585109023e-04 2.967078866589574135e-04
7.085776110000000472e+02 2.953883077126002446e-04 2.965206612700030430e-04
7.085779234999999971e+02 2.841426048106850729e-04 2.962652065538095756e-04
7.085782360000000608e+02 3.214652344985131091e-04 2.959383940035603937e-04
7.085785485000000108e+02 3.301733863016366867e-04 2.955369366088872875e-04
7.085788610000000745e+02 2.782903530347692177e-04 2.950573811279427272e-04
7.085791735000000244e+02 2.458207465445712801e-04 2.944961001527171139e-04
7.085794859999999744e+02 3.006152597757395014e-04 2.938492839955340104e-04
7.085797985000000381e+02 3.075001213389625255e-04 2.931129324426399682e-04
7.085801109999999881e+02 2.870016211573593254e-04 2.922828464274794210e-04
7.085804235000000517e+02 2.982718910800724859e-04 2.913546196873961400e-04
7.085807360000000017e+02 2.503330609961307708e-04 2.903236304943824977e-04
7.085810485000000654e+02 2.702651766138923495e-04 2.891850335526833268e-04
7.085813610000000153e+02 2.737024495873331448e-04 2.879337521987283084e-04
7.085816735000000790e+02 2.982378223396512057e-04 2.865644710420732423e-04
7.085819860000000290e+02 2.820986802560912520e-04 2.850716292418392118e-04
7.085822984999999790e+02 2.457055317876415709e-04 2.834494146212606812e-04
7.085826110000000426e+02 2.778658293498181744e-04 2.816917588897098999e-04
7.085829234999999926e+02 2.573897922909982282e-04 2.797923342734944712e-04
7.085832360000000563e+02 2.713751963679903595e-04 2.777445519075281586e-04
7.085835485000000062e+02 2.948319046375154069e-04 2.755415624269822350e-04
7.085838610000000699e+02 2.358765760541536405e-04 2.731762592308195105e-04
7.085841735000000199e+02 2.461259096086074898e-04 2.706412850156238539e-04
7.085844859999999699e+02 2.396544257821324854e-04 2.679290422208700046e-04
7.085847985000000335e+02 1.822483015205696416e-04 2.650317081742998996e-04
7.085851109999999835e+02 2.282733229328245527e-04 2.619412558124478490e-04
7.085854235000000472e+02 2.216579204774107056e-04 2.586494809716649037e-04
7.085857359999999971e+02 2.387175469322302165e-04 2.551480374215420112e-04
7.085860485000000608e+02 2.443801518667549450e-04 2.514284808970822390e-04
7.085863610000000108e+02 2.392745673493247062e-04 2.474823236153374218e-04
7.085866735000000745e+02 2.241062345840886844e-04 2.433011008444058447e-04
7.085869860000000244e+02 2.082798990173626323e-04 2.388764513395373124e-04
7.085872984999999744e+02 2.224079127788675049e-04 2.342002135308704762e-04
7.085876110000000381e+02 1.786705274440762573e-04 2.292645395715671875e-04
7.085879234999999881e+02 1.910742375573800517e-04 2.240620294233619915e-04
7.085882360000000517e+02 1.973440316434595132e-04 2.185858872258526092e-04
7.085885485000000017e+02 1.703711992660223286e-04 2.128301022787139612e-04
7.085888610000000654e+02 1.718506952019921679e-04 2.067896567914569975e-04
7.085891735000000153e+02 1.806844354334939695e-04 2.004607624947821458e-04
7.085894860000000790e+02 1.527483220676296950e-04 1.938411277436195184e-04
7.085897985000000290e+02 1.727030574554490794e-04 1.869302563561124186e-04
7.085901109999999790e+02 1.557907369251701078e-04 1.797297785328709561e-04
7.085904235000000426e+02 1.441588671728559273e-04 1.722438132881831208e-04
7.085907359999999926e+02 1.768687255793900562e-04 1.644793603710884477e-04
7.085910485000000563e+02 1.474880875577249675e-04 1.564467178955556911e-04
7.085913610000000062e+02 1.397596723278742698e-04 1.481599198379703346e-04
7.085916735000000699e+02 1.403694419854463948e-04 1.396371848156034050e-04
7.085919860000000199e+02 1.435805738219704129e-04 1.309013647412891998e-04
7.085922984999999699e+02 1.343582479398329748e-04 1.219803784054196774e-04
7.085926110000000335e+02 1.039601850809132155e-04 1.129076115994642510e-04
7.085929234999999835e+02 1.105728982132536914e-04 1.037222616140763299e-04
7.085932360000000472e+02 7.885181495774315648e-05 9.446960045233830205e-05
7.085935484999999971e+02 9.900637984237510342e-05 8.520112826215386784e-05
7.085938610000000608e+02 9.584096569904692350e-05 7.597458631029315032e-05
7.085941735000000108e+02 8.112570415607641772e-05 6.685379848806722962e-05
7.085944860000000745e+02 6.438756931022425348e-05 5.790831155620026739e-05
7.085947985000000244e+02 6.429329851419352351e-05 4.921280845793314282e-05
7.085951109999999744e+02 7.200361310812271060e-05 4.084627560425532766e-05
7.085954235000000381e+02 6.738962556131236040e-05 3.289091509460184524e-05
7.085957359999999881e+02 5.731944797464342845e-05 2.543080561189627671e-05
7.085960485000000517e+02 4.519492532519510999e-05 1.855033121322681141e-05
7.085963610000000017e+02 3.778873208762159472e-05 1.233241452152521329e-05
7.085966735000000654e+02 3.991435975119993749e-05 6.856608290195391790e-06
7.085969860000000153e+02 3.718406504322433479e-05 2.197115884331391603e-06
7.085972985000000790e+02 3.839983994647042537e-05 -1.579175568044707828e-06
7.085976110000000290e+02 1.403326470271747760e-05 -4.414556971424077980e-06
7.085979234999999790e+02 1.253366475773339576e-05 -6.262159631316119198e-06
7.085982360000000426e+02 8.618764765629763436e-06 -7.087328969150913579e-06
7.085985484999999926e+02 5.291824228260043454e-06 -6.868633178629248545e-06
7.085988610000000563e+02 9.874899557477658055e-06 -5.598449941487311870e-06
7.085991735000000062e+02 6.785693335803599808e-06 -3.283099071343823037e-06
7.085994860000000699e+02 2.727275579510358689e-06 5.748339951185380846e-08
7.085997985000000199e+02 5.442013573941315921e-06 4.390506283246755694e-06
7.086001109999999699e+02 7.108916046315260372e-06 9.671470673938484857e-06
7.086004235000000335e+02 1.172819629506654927e-05 1.584563431996540754e-05
7.086007359999999835e+02 1.441314040556681247e-05 2.284970935593264014e-05
7.086010485000000472e+02 1.707262958892881736e-05 3.061370294630272868e-05
7.086013609999999971e+02 1.732528167614563543e-05 3.906281059752021799e-05
7.086016735000000608e+02 2.948380355327200617e-05 4.811927869193591392e-05
7.086019860000000108e+02 3.243915565700863696e-05 5.770416424054459434e-05
7.086022985000000745e+02 4.805219227627320454e-05 6.773893490434355143e-05
7.086026110000000244e+02 3.500986838351678347e-05 7.814686850038988521e-05
7.086029234999999744e+02 4.996407683685383309e-05 8.885422771210626472e-05
7.086032360000000381e+02 6.560769095210241533e-05 9.979120048063996320e-05
7.086035484999999881e+02 8.838933774992147920e-05 1.108926094159024613e-04
7.086038610000000517e+02 7.648370269890656954e-05 1.220984036216269612e-04
7.086041735000000017e+02 1.109645241986848696e-04 1.333539534083304559e-04
7.086044860000000654e+02 9.105951257826913289e-05 1.446101731330048262e-04
7.086047985000000153e+02 1.300502176322051887e-04 1.558234993331204538e-04
7.086051110000000790e+02 1.298919283773458991e-04 1.669557518418738771e-04
7.086054235000000290e+02 1.473978560180926034e-04 1.779739041096595599e-04
7.086057359999999790e+02 1.588861586956676465e-04 1.888497870005409289e-04
7.086060485000000426e+02 1.776011984865258223e-04 1.995597472749493357e-04
7.086063609999999926e+02 2.152989083234245298e-04 2.100842789938431408e-04
7.086066735000000563e+02 1.942151580322784218e-04 2.204076429178534959e-04
7.086069860000000062e+02 1.976530546045973463e-04 2.305174858258234613e-04
7.086072985000000699e+02 2.434915037698204862e-04 2.404044691370374833e-04
7.086076110000000199e+02 2.432652021575782981e-04 2.500619135555165440e-04
7.086079234999999699e+02 2.388928132272991295e-04 2.594854646158456881e-04
7.086082360000000335e+02 2.396789591278258044e-04 2.686727820841235560e-04
7.086085484999999835e+02 2.930717414540153182e-04 2.776232549088214897e-04
7.086088610000000472e+02 2.957244702478377700e-04 2.863377423211488381e-04
7.086091734999999971e+02 2.907699371231657636e-04 2.948183407444222295e-04
7.086094860000000608e+02 3.378726831460891972e-04 3.030681757498926996e-04
7.086097985000000108e+02 3.193822262904770243e-04 3.110912176731744547e-04
7.086101110000000745e+02 3.169213857866170722e-04 3.188921194326297293e-04
7.086104235000000244e+02 3.175600946898180410e-04 3.264760747399839732e-04
7.086107359999999744e+02 3.477975994137780572e-04 3.338486950138071729e-04
7.086110485000000381e+02 3.249394339582022183e-04 3.410159031438478078e-04
7.086113609999999881e+02 3.946262086947323658e-04 3.479838424057325242e-04
7.086116735000000517e+02 3.801016472817214794e-04 3.547587989016423712e-04
7.086119860000000017e+02 3.635163156008610176e-04 3.613471359182824695e-04
7.086122985000000654e+02 4.053246054212624773e-04 3.677552388519707456e-04
7.086126110000000153e+02 4.203107293184742306e-04 3.739894693151228698e-04
7.086129235000000790e+02 4.002522058246616517e-04 3.800561273163617529e-04
7.086132360000000290e+02 4.100674011143859714e-04 3.859614203742197411e-04
7.086135484999999790e+02 3.987195310353508536e-04 3.917114386832519328e-04
7.086138610000000426e+02 4.515734195753667813e-04 3.973121354310788747e-04
7.086141734999999926e+02 4.334025716581213885e-04 4.027693115431207069e-04
7.086144860000000563e+02 4.559044115548880737e-04 4.080886042173986349e-04
7.086147985000000062e+02 4.858497167400109866e-04 4.132754786245003333e-04
7.086151110000000699e+02 4.755949406945229560e-04 4.183352223327634046e-04
7.086154235000000199e+02 4.777659803639522948e-04 4.232729419610677221e-04
7.086157359999999699e+02 4.917273216096993381e-04 4.280935617407407787e-04
7.086160485000000335e+02 4.959524056805787815e-04 4.328018236142419845e-04
7.086163609999999835e+02 4.901167906369104012e-04 4.374022886101194027e-04
7.086166735000000472e+02 4.687725482679467801e-04 4.418993392702685549e-04
7.086169859999999971e+02 4.859766657595518142e-04 4.462971828822416987e-04
7.086172985000000608e+02 4.982436710716442105e-04 4.505998553937100607e-04
7.086176110000000108e+02 5.244428641476746051e-04 4.548112258084577135e-04
7.086179235000000745e+02 4.733641812222819079e-04 4.589350009898417225e-04
7.086182360000000244e+02 5.043792416569539997e-04 4.629747307161120244e-04
7.086185484999999744e+02 4.963182024834721963e-04 4.669338129468349002e-04
7.086188610000000381e+02 4.949922877720227708e-04 4.708154991886705134e-04
7.086191734999999881e+02 5.014934905081177294e-04 4.746228999151749415e-04
7.086194860000000517e+02 5.516668742361424899e-04 4.783589900037476714e-04
7.086197985000000017e+02 5.409226755853855902e-04 4.820266141138507916e-04
7.086201110000000654e+02 5.224146986380119335e-04 4.856284920161801238e-04
7.086204235000000153e+02 5.145544372338064186e-04 4.891672238027508415e-04
7.086207360000000790e+02 4.852857196159012778e-04 4.926452949997660400e-04
7.086210485000000290e+02 5.117553904904661565e-04 4.960650815252266345e-04
7.086213609999999790e+02 5.323566908141563097e-04 4.994288545192294678e-04
7.086216735000000426e+02 5.077938868010035967e-04 5.027387850062440058e-04
7.086219859999999926e+02 5.235510674373520645e-04 5.059969483966566574e-04
7.086222985000000563e+02 5.320850537457861001e-04 5.092053288355732335e-04
7.086226110000000062e+02 5.018796507374107853e-04 5.123658233675029532e-04
7.086229235000000699e+02 5.258757756967792456e-04 5.154802459535817380e-04
7.086232360000000199e+02 5.022386029300139783e-04 5.185503313052299956e-04
7.086235484999999699e+02 5.337734531709464880e-04 5.215777385722544183e-04
7.086238610000000335e+02 5.638299922813116549e-04 5.245640548599003012e-04
7.086241734999999835e+02 5.113236643753355046e-04 5.275107985903423153e-04
7.086244860000000472e+02 5.570811423504382553e-04 5.304194227233578014e-04
7.086247984999999971e+02 5.880636824958902038e-04 5.332913178139061334e-04
7.086251110000000608e+02 5.524404237186868356e-04 5.361278149447061851e-04
7.086254235000000108e+02 5.285580309844687243e-04 5.389301885050059486e-04
7.086257360000000745e+02 5.386361885327076724e-04 5.416996588541642382e-04
7.086260485000000244e+02 5.740180564326918854e-04 5.444373948422247169e-04
7.086263609999999744e+02 5.564450857272136607e-04 5.471445162243471824e-04
7.086266735000000381e+02 5.657250201075980905e-04 5.498220959488589335e-04
7.086269859999999881e+02 5.732419438080988902e-04 5.524711623343660184e-04
7.086272985000000517e+02 5.645593234366909092e-04 5.550927011503620310e-04
7.086276110000000017e+02 5.730707374053828091e-04 5.576876575820241674e-04
7.086279235000000654e+02 5.920503617585284048e-04 5.602569381137527740e-04
7.086282360000000153e+02 5.746294235230500758e-04 5.628014123054946851e-04
7.086285485000000790e+02 6.015502975375138991e-04 5.653219144964721776e-04
7.086288610000000290e+02 5.708374146965247697e-04 5.678192454106448283e-04
7.086291734999999790e+02 5.795802329182327736e-04 5.702941736967147247e-04
7.086294860000000426e+02 5.382419786292406451e-04 5.727474373835107812e-04
7.086297984999999926e+02 5.565991038010850928e-04 5.751797452638745829e-04
7.086301110000000563e+02 6.080414423476560373e-04 5.775917782193500929e-04
7.086304235000000062e+02 5.756273481296752571e-04 5.799841904669226925e-04
7.086307360000000699e+02 5.582499250886511100e-04 5.823576107584774652e-04
7.086310485000000199e+02 5.360139983056742439e-04 5.847126435080024541e-04
7.086313609999999699e+02 5.959793579555085034e-04 5.870498698765059739e-04
7.086316735000000335e+02 5.812396344988729263e-04 5.893698487957610681e-04
7.086319859999999835e+02 5.465588199667911285e-04 5.916731179423492717e-04
7.086322985000000472e+02 5.931161559596576007e-04 5.939601946728303040e-04
7.086326109999999971e+02 5.808571991688994164e-04 5.962315769014601063e-04
7.086329235000000608e+02 5.717700881610406245e-04 5.984877439487087123e-04
7.086332360000000108e+02 5.494784577468121885e-04 6.007291573361270244e-04
7.086335485000000745e+02 5.767929598429410391e-04 6.029562615560702917e-04
7.086338610000000244e+02 5.947641717315444712e-04 6.051694847919702590e-04
7.086341734999999744e+02 5.717162380529214501e-04 6.073692396163078797e-04
7.086344860000000381e+02 5.992177678418371834e-04 6.095559236477024988e-04
7.086347984999999881e+02 5.209976342292319982e-04 6.117299201770075995e-04
7.086351110000000517e+02 5.533002388264031575e-04 6.138915987718259392e-04
7.086354235000000017e+02 5.492805267870073255e-04 6.160413158411353696e-04
7.086357360000000654e+02 5.979383777357427567e-04 6.181794151859447113e-04
7.086360485000000153e+02 5.502129164387104107e-04 6.203062285121547755e-04
7.086363610000000790e+02 6.139482003574643545e-04 6.224220759319243476e-04
7.086366735000000290e+02 6.269664784571218636e-04 6.245272664298532695e-04
7.086369859999999790e+02 5.859302832159688206e-04 6.266220983191216889e-04
7.086372985000000426e+02 5.622850965885912251e-04 6.287068596693578702e-04
7.086376109999999926e+02 5.755185584121413032e-04 6.307818287150451179e-04
7.086379235000000563e+02 6.481784404968199149e-04 6.328472742529309874e-04
7.086382360000000062e+02 5.700929314336640463e-04 6.349034560104575061e-04
