7.062192870000000084e+02 3.811943468911173491e-04 4.126723921562824859e-04
7.062195994999999584e+02 4.249505058533988304e-04 4.128584142336247202e-04
7.062199120000000221e+02 4.452012666951255058e-04 4.129975383099426995e-04
7.062202244999999721e+02 4.368651670083113542e-04 4.130880082859596323e-04
7.062205370000000357e+02 4.464494350415081016e-04 4.131279926031290891e-04
7.062208494999999857e+02 4.645448206151541739e-04 4.131155808084356119e-04
7.062211620000000494e+02 4.348652262392395189e-04 4.130487799770567441e-04
7.062214744999999994e+02 3.781202523701981629e-04 4.129255109901468104e-04
7.062217870000000630e+02 4.357613912696400643e-04 4.127436046659549765e-04
7.062220995000000130e+02 3.910320835051188685e-04 4.125007977442692953e-04
7.062224119999999630e+02 3.986522236329498228e-04 4.121947287230375381e-04
7.062227245000000266e+02 4.294323945051443632e-04 4.118229335498265289e-04
7.062230369999999766e+02 4.553280101806961452e-04 4.113828411708362318e-04
7.062233495000000403e+02 4.166592951781153452e-04 4.108717689400482893e-04
7.062236619999999903e+02 4.377013551781925508e-04 4.102869178988418361e-04
7.062239745000000539e+02 4.047188999684237149e-04 4.096253679298945548e-04
7.062242870000000039e+02 3.665245539259709179e-04 4.088840728030165828e-04
7.062245994999999539e+02 4.144670305300349493e-04 4.080598551213130104e-04
7.062249120000000175e+02 4.132078960167226943e-04 4.071494011919102470e-04
7.062252244999999675e+02 4.361472721758600938e-04 4.061492558426976307e-04
7.062255370000000312e+02 4.052343017014858190e-04 4.050558172092265353e-04
7.062258494999999812e+02 4.017703479469899837e-04 4.038653315347300586e-04
7.062261620000000448e+02 4.362838326827412098e-04 4.025738880127593369e-04
7.062264744999999948e+02 3.467684788664896585e-04 4.011774137339511903e-04
7.062267870000000585e+02 4.839713646529271353e-04 3.996716687807642097e-04
7.062270995000000084e+02 4.451476461726361898e-04 3.980522415532841327e-04
7.062274119999999584e+02 3.430209692029075790e-04 3.963145443902407186e-04
7.062277245000000221e+02 3.862611944421764920e-04 3.944538095914202833e-04
7.062280369999999721e+02 3.784375089222475740e-04 3.924650859454947979e-04
7.062283495000000357e+02 3.573655452950311390e-04 3.903432358811399511e-04
7.062286619999999857e+02 3.493231311379078408e-04 3.880829334044534899e-04
7.062289745000000494e+02 3.560558742822749183e-04 3.856786629673889162e-04
7.062292869999999994e+02 2.966376834459174671e-04 3.831247194841110016e-04
7.062295995000000630e+02 3.887085348567422081e-04 3.804152096888717850e-04
7.062299120000000130e+02 3.263371754010634140e-04 3.775440551144654028e-04
7.062302244999999630e+02 3.682928330537196381e-04 3.745049969481643805e-04
7.062305370000000266e+02 3.929423774936938217e-04 3.712916031125637899e-04
7.062308494999999766e+02 3.389357347553504816e-04 3.678972779288921450e-04
7.062311620000000403e+02 3.377027104253259348e-04 3.643152747615712264e-04
7.062314744999999903e+02 3.684575470595893463e-04 3.605387121365611291e-04
7.062317870000000539e+02 3.056675204533539970e-04 3.565605938112142450e-04
7.062320995000000039e+02 3.474385252090203069e-04 3.523738334115591206e-04
7.062324119999999539e+02 3.202054160126165550e-04 3.479712842299469036e-04
7.062327245000000175e+02 3.039774641128434058e-04 3.433457749170686643e-04
7.062330369999999675e+02 3.232024116748994920e-04 3.384901518203270823e-04
7.062333495000000312e+02 3.329269425958904910e-04 3.333973287798157434e-04
7.062336619999999812e+02 3.625175422677918936e-04 3.280603453192387255e-04
7.062339745000000448e+02 2.796953228560903845e-04 3.224724341298606124e-04
7.062342869999999948e+02 2.992052803955228056e-04 3.166270989117458620e-04
7.062345995000000585e+02 3.095019793915956591e-04 3.105182035548171779e-04
7.062349120000000084e+02 2.872615388482741873e-04 3.041400737922971952e-04
7.062352244999999584e+02 2.727156130263457033e-04 2.974876123275958339e-04
7.062355370000000221e+02 2.583564933259337648e-04 2.905564285233414598e-04
7.062358494999999721e+02 2.788103398800902133e-04 2.833429835955829780e-04
7.062361620000000357e+02 2.301283688178848322e-04 2.758447521255049132e-04
7.062364744999999857e+02 2.653829211924373143e-04 2.680604006082794918e-04
7.062367870000000494e+02 2.349887150103487196e-04 2.599899833511178397e-04
7.062370994999999994e+02 2.445625612065475225e-04 2.516351558506823476e-04
7.062374120000000630e+02 2.363847989418382703e-04 2.429994051465210231e-04
7.062377245000000130e+02 2.532948566701474086e-04 2.340882962570351789e-04
7.062380369999999630e+02 2.387913971212813323e-04 2.249097329096681199e-04
7.062383495000000266e+02 1.904999267689493504e-04 2.154742300977309933e-04
7.062386619999999766e+02 1.676276557823603804e-04 2.057951948918471173e-04
7.062389745000000403e+02 1.933902991991185143e-04 1.958892107796362386e-04
7.062392869999999903e+02 1.637269026525432574e-04 1.857763196471704317e-04
7.062395995000000539e+02 1.444827339672999453e-04 1.754802939201373542e-04
7.062399120000000039e+02 1.702031962305310478e-04 1.650288901319374847e-04
7.062402244999999539e+02 1.734645800886571408e-04 1.544540734628885997e-04
7.062405370000000175e+02 1.678310499236780520e-04 1.437922015656302433e-04
7.062408494999999675e+02 1.199895573094155414e-04 1.330841545874998665e-04
7.062411620000000312e+02 1.316766099795543929e-04 1.223753973041966829e-04
7.062414744999999812e+02 1.413846180633016156e-04 1.117159588480171902e-04
7.062417870000000448e+02 1.281073889819514923e-04 1.011603153084061213e-04
7.062420994999999948e+02 1.180758513320119497e-04 9.076716147896512121e-05
7.062424120000000585e+02 9.064593535585408726e-05 8.059905941775396621e-05
7.062427245000000084e+02 8.470838086126218148e-05 7.072195438398938875e-05
7.062430369999999584e+02 8.533856527860028403e-05 6.120455220817254524e-05
7.062433495000000221e+02 6.914841937214764097e-05 5.211755718236269657e-05
7.062436619999999721e+02 6.232105144565765870e-05 4.353277523909132861e-05
7.062439745000000357e+02 5.417385494708031225e-05 3.552209381630462901e-05
7.062442869999999857e+02 4.288662128643013502e-05 2.815635702711557380e-05
7.062445995000000494e+02 3.016421881766642767e-05 2.150416176632011269e-05
7.062449119999999994e+02 5.094452958995454383e-05 1.563060733127540717e-05
7.062452245000000630e+02 3.025820110794880325e-05 1.059603672319119077e-05
7.062455370000000130e+02 2.157600792066755144e-05 6.454812167714465726e-06
7.062458494999999630e+02 2.053063897623545687e-05 3.254169399121704413e-06
7.062461620000000266e+02 2.005348314823548258e-05 1.033195071813091412e-06
7.062464744999999766e+02 1.829903574236544294e-05 -1.780313682939970885e-07
7.062467870000000403e+02 9.054248698915030110e-06 -3.590955858167668238e-07
7.062470994999999903e+02 1.342518796527713826e-05 5.003217703151263107e-07
7.062474120000000539e+02 4.980528529074297966e-06 2.400261118715585193e-06
7.062477245000000039e+02 5.060460676312773853e-06 5.330552731317213836e-06
7.062480369999999539e+02 1.183555286179813016e-05 9.271133538000102020e-06
7.062483495000000175e+02 1.651692399401185994e-05 1.419259609863043508e-05
7.062486619999999675e+02 1.321320012525041883e-05 2.005694398517849692e-05
7.062489745000000312e+02 1.760844813221262427e-05 2.681851979529835284e-05
7.062492869999999812e+02 2.680930679664070482e-05 3.442506622291760835e-05
7.062495995000000448e+02 1.760416582636675369e-05 4.281887758435820612e-05
7.062499119999999948e+02 3.983480618481935335e-05 5.193799848869136714e-05
7.062502245000000585e+02 2.674824228535673719e-05 6.171742831697665896e-05
7.062505370000000084e+02 4.625543392011035693e-05 7.209029379956256877e-05
7.062508494999999584e+02 6.575890363120912821e-05 8.298895750231613522e-05
7.062511620000000221e+02 6.359088949738734642e-05 9.434603614562125321e-05
7.062514744999999721e+02 9.139381539831931025e-05 1.060953095397588623e-04
7.062517870000000357e+02 8.914493768836528084e-05 1.181725076461264491e-04
7.062520994999999857e+02 9.810438764382935683e-05 1.305159694047739762e-04
7.062524120000000494e+02 1.201997470180924364e-04 1.430671727706416289e-04
7.062527244999999994e+02 1.262122882547669293e-04 1.557711397867552741e-04
7.062530370000000630e+02 1.842482768094490621e-04 1.685767244716944208e-04
7.062533495000000130e+02 1.742242805136229680e-04 1.814367936799157505e-04
7.062536619999999630e+02 1.652129600741464343e-04 1.943083131171247275e-04
7.062539745000000266e+02 1.933690025408642862e-04 2.071523513410991970e-04
7.062542869999999766e+02 1.722358289426951866e-04 2.199340149511980474e-04
7.062545995000000403e+02 2.110070479202359023e-04 2.326223278270271989e-04
7.062549119999999903e+02 2.244686457917354828e-04 2.451900663568014034e-04
7.062552245000000539e+02 2.267440552814610456e-04 2.576135618150820475e-04
7.062555370000000039e+02 2.604226332242208963e-04 2.698724795450576286e-04
7.062558494999999539e+02 3.113838796662827786e-04 2.819495835974811389e-04
7.062561620000000175e+02 2.980338658505243192e-04 2.938304939248838192e-04
7.062564744999999675e+02 3.054461444988013953e-04 3.055034421415119797e-04
7.062567870000000312e+02 3.120143300617000287e-04 3.169590306922105043e-04
7.062570994999999812e+02 3.169269815489898540e-04 3.281899990739191330e-04
7.062574120000000448e+02 3.116667011053365953e-04 3.391910000634305693e-04
7.062577244999999948e+02 3.370332022079184156e-04 3.499583878391145965e-04
7.062580370000000585e+02 3.615010293383699161e-04 3.604900194708061923e-04
7.062583495000000084e+02 3.307202544263569948e-04 3.707850704323779694e-04
7.062586619999999584e+02 4.598446949119453127e-04 3.808438645866872498e-04
7.062589745000000221e+02 4.005394406407907231e-04 3.906677185137763411e-04
7.062592869999999721e+02 4.116564498023636944e-04 4.002587999136796352e-04
7.062595995000000357e+02 4.801764797972742495e-04 4.096199996016424631e-04
7.062599119999999857e+02 4.039862556862794450e-04 4.187548163446208312e-04
7.062602245000000494e+02 4.871664284239132932e-04 4.276672538850474900e-04
7.062605369999999994e+02 4.409985232788343886e-04 4.363617292218265509e-04
7.062608495000000630e+02 4.662551159658125284e-04 4.448429914061929067e-04
7.062611620000000130e+02 4.917482421784880606e-04 4.531160498965892372e-04
7.062614744999999630e+02 4.531573720687306277e-04 4.611861117340768914e-04
7.062617870000000266e+02 5.290518897099465590e-04 4.690585266517588317e-04
7.062620994999999766e+02 5.192377611868718643e-04 4.767387393812811780e-04
7.062624120000000403e+02 4.651189737957788103e-04 4.842322484583093411e-04
7.062627244999999903e+02 4.859927108992681956e-04 4.915445707802003480e-04
7.062630370000000539e+02 5.367187850823269954e-04 4.986812113761414757e-04
7.062633495000000039e+02 5.658800108775959665e-04 5.056476377267980380e-04
7.062636619999999539e+02 5.505092117929006245e-04 5.124492581901123013e-04
7.062639745000000175e+02 5.232924520251658503e-04 5.190914039889466328e-04
7.062642869999999675e+02 4.849811149648085577e-04 5.255793143552629342e-04
7.062645995000000312e+02 5.425704802977298962e-04 5.319181244635355459e-04
7.062649119999999812e+02 4.982325797565637570e-04 5.381128557439017251e-04
7.062652245000000448e+02 5.599603298290805773e-04 5.441684083349006534e-04
7.062655369999999948e+02 6.020596517976050960e-04 5.500895553226986577e-04
7.062658495000000585e+02 5.482934168816206311e-04 5.558809385906947733e-04
7.062661620000000084e+02 5.977033943027683805e-04 5.615470659888403913e-04
7.062664744999999584e+02 5.933734529703785579e-04 5.670923096950240177e-04
7.062667870000000221e+02 6.264411394006501365e-04 5.725209055433694294e-04
7.062670994999999721e+02 6.173044087198352632e-04 5.778369531906041127e-04
7.062674120000000357e+02 6.344860405974700164e-04 5.830444170066182655e-04
7.062677244999999857e+02 6.002311793431241256e-04 5.881471275245359802e-04
7.062680370000000494e+02 5.992915438641323918e-04 5.931487834088109605e-04
7.062683494999999994e+02 6.102552670737545820e-04 5.980529537924211955e-04
7.062686620000000630e+02 6.571802809186550300e-04 6.028630809659217158e-04
7.062689745000000130e+02 6.878846240412110017e-04 6.075824832936532098e-04
7.062692869999999630e+02 6.324477031387731830e-04 6.122143583551801962e-04
7.062695995000000266e+02 5.656962008061752626e-04 6.167617862181938061e-04
7.062699119999999766e+02 6.908746453286820520e-04 6.212277328187854920e-04
7.062702245000000403e+02 6.405528968136609469e-04 6.256150534285994822e-04
7.062705369999999903e+02 6.302882022302580458e-04 6.299264961371852083e-04
7.062708495000000539e+02 6.488954517685968431e-04 6.341647053737119091e-04
7.062711620000000039e+02 7.051598544778320396e-04 6.383322253949481754e-04
7.062714744999999539e+02 6.698658436078779553e-04 6.424315037698431720e-04
7.062717870000000175e+02 6.339690871552382820e-04 6.464648948064241835e-04
7.062720994999999675e+02 6.603166431078122140e-04 6.504346629245020498e-04
7.062724120000000312e+02 6.933019289644792426e-04 6.543429859780295049e-04
7.062727244999999812e+02 6.549171666227725230e-04 6.581919584826737913e-04
7.062730370000000448e+02 6.452922299811439388e-04 6.619835947868854282e-04
7.062733494999999948e+02 7.284658060159037319e-04 6.657198321360358051e-04
7.062736620000000585e+02 6.269918744306959574e-04 6.694025336708328252e-04
7.062739745000000084e+02 7.376597060129207531e-04 6.730334913133378515e-04
7.062742869999999584e+02 6.579358913784916435e-04 6.766144285812251665e-04
7.062745995000000221e+02 7.226118962165444014e-04 6.801470032956736080e-04
7.062749119999999721e+02 6.912258932971609158e-04 6.836328101966309117e-04
7.062752245000000357e+02 6.255843073423102314e-04 6.870733834783005053e-04
7.062755369999999857e+02 7.139940877798137131e-04 6.904701992139404771e-04
7.062758495000000494e+02 6.210987066929119210e-04 6.938246777105375402e-04
7.062761619999999994e+02 6.983195264691395305e-04 6.971381857549069317e-04
7.062764745000000630e+02 6.973067126003578125e-04 7.004120387926417082e-04
7.062767870000000130e+02 6.554844471468695673e-04 7.036475030029163986e-04
7.062770994999999630e+02 7.336297451193698159e-04 7.068457973088004701e-04
7.062774120000000266e+02 6.882038198849939597e-04 7.100080952953909726e-04
7.062777244999999766e+02 6.414045905450036725e-04 7.131355270504433769e-04
7.062780370000000403e+02 7.136066987171668999e-04 7.162291809411410609e-04
7.062783494999999903e+02 6.728512838293605400e-04 7.192901053009812928e-04
7.062786620000000539e+02 6.340447165124855769e-04 7.223193100645268093e-04
7.062789745000000039e+02 7.201292415096217795e-04 7.253177683165152895e-04
7.062792869999999539e+02 7.407036561033413609e-04 7.282864177923882229e-04
7.062795995000000175e+02 7.120447455660989860e-04 7.312261623049512394e-04
7.062799119999999675e+02 7.491265611314222757e-04 7.341378731108772664e-04
7.062802245000000312e+02 6.841502076913075258e-04 7.370223902298531429e-04
7.062805369999999812e+02 6.369907057384840759e-04 7.398805236921283425e-04
7.062808495000000448e+02 7.332784130908162959e-04 7.427130547495289009e-04
7.062811619999999948e+02 6.970936833107892194e-04 7.455207370185484633e-04
7.062814745000000585e+02 7.281353544267105083e-04 7.483042975909171696e-04
