7.084857629999999062e+02 3.556206985207185488e-04 3.313241332867058108e-04
7.084860754999999699e+02 3.372199234625196536e-04 3.319490228892048572e-04
7.084863879999999199e+02 3.605864629968288980e-04 3.325195398213657552e-04
7.084867004999999835e+02 3.567406459192623341e-04 3.330332051377174626e-04
7.084870129999999335e+02 3.199392220203483824e-04 3.334874092349637744e-04
7.084873254999999972e+02 3.318180107044579365e-04 3.338794044395057363e-04
7.084876379999999472e+02 3.539604384598999580e-04 3.342062971902830487e-04
7.084879504999998971e+02 3.534960698570959294e-04 3.344650398090142566e-04
7.084882629999999608e+02 3.510725078070311414e-04 3.346524218424020542e-04
7.084885754999999108e+02 3.613578491984842942e-04 3.347650609690833493e-04
7.084888879999999745e+02 3.396164051388933492e-04 3.347993934650067148e-04
7.084892004999999244e+02 3.407280638293789512e-04 3.347516642233528544e-04
7.084895129999999881e+02 3.199590179298501813e-04 3.346179163322031479e-04
7.084898254999999381e+02 3.261171537571704157e-04 3.343939802175556106e-04
7.084901380000000017e+02 3.637573969620018781e-04 3.340754623663801299e-04
7.084904504999999517e+02 3.477703875142046570e-04 3.336577336556083859e-04
7.084907629999999017e+02 3.605890631206224166e-04 3.331359173199333122e-04
7.084910754999999654e+02 3.210795888742410840e-04 3.325048766094138692e-04
7.084913879999999153e+02 3.125663365890874552e-04 3.317592022015659219e-04
7.084917004999999790e+02 3.208504554288440168e-04 3.308931994490774977e-04
7.084920129999999290e+02 3.279049952486746619e-04 3.299008755773717239e-04
7.084923254999999926e+02 3.178125396340377579e-04 3.287759269590709798e-04
7.084926379999999426e+02 3.025468076834023643e-04 3.275117266443498907e-04
7.084929505000000063e+02 3.167174911193467390e-04 3.261013123437533196e-04
7.084932629999999563e+02 2.777735919511991431e-04 3.245373751313049390e-04
7.084935754999999062e+02 3.367686146677227924e-04 3.228122491631494348e-04
7.084938879999999699e+02 3.122042418896354998e-04 3.209179027971402042e-04
7.084942004999999199e+02 2.853207925648306451e-04 3.188459315581873067e-04
7.084945129999999835e+02 2.970616270109820828e-04 3.165875534767136892e-04
7.084948254999999335e+02 2.522488579599797007e-04 3.141336074553748156e-04
7.084951379999999972e+02 2.474276172665408201e-04 3.114745553937320419e-04
7.084954504999999472e+02 2.425919869662815787e-04 3.086004889843175212e-04
7.084957629999998971e+02 2.452427375147437283e-04 3.055011421921053271e-04
7.084960754999999608e+02 2.798626756212455524e-04 3.021659106523963910e-04
7.084963879999999108e+02 2.391967567892553726e-04 2.985838793855825793e-04
7.084967004999999745e+02 2.639434908294487439e-04 2.947438604365839958e-04
7.084970129999999244e+02 2.834744843128008318e-04 2.906344423304630655e-04
7.084973254999999881e+02 2.418394034783867010e-04 2.862440534209993465e-04
7.084976379999999381e+02 2.401876768244102882e-04 2.815610415699238236e-04
7.084979505000000017e+02 2.333635799644064100e-04 2.765737727891281637e-04
7.084982629999999517e+02 2.329110893218131904e-04 2.712707518685214861e-04
7.084985754999999017e+02 2.161607003996481003e-04 2.656407681913179413e-04
7.084988879999999654e+02 2.205677997385276979e-04 2.596730702918766814e-04
7.084992004999999153e+02 2.015679717747342664e-04 2.533575728613055456e-04
7.084995129999999790e+02 2.259527908489503676e-04 2.466851000257046385e-04
7.084998254999999290e+02 2.034928701354600186e-04 2.396476688131037806e-04
7.085001379999999926e+02 2.026656977347169664e-04 2.322388164379098269e-04
7.085004504999999426e+02 1.997021909951580368e-04 2.244539747921357915e-04
7.085007630000000063e+02 2.252687415371366659e-04 2.162908946813327671e-04
7.085010754999999563e+02 1.773388878144828754e-04 2.077501214337713854e-04
7.085013879999999062e+02 1.810325237804663438e-04 1.988355217818802518e-04
7.085017004999999699e+02 1.630103783779758965e-04 1.895548599435215378e-04
7.085020129999999199e+02 1.622154071871882415e-04 1.799204179340130523e-04
7.085023254999999835e+02 1.508531801611312669e-04 1.699496515841399645e-04
7.085026379999999335e+02 1.778913519264680647e-04 1.596658695243491398e-04
7.085029504999999972e+02 1.598981025189712374e-04 1.490989170712433141e-04
7.085032629999999472e+02 1.508983105215275494e-04 1.382858413413809581e-04
7.085035754999998971e+02 1.210034325373499786e-04 1.272715073324335049e-04
7.085038879999999608e+02 1.142916993684452300e-04 1.161091283771091234e-04
7.085042004999999108e+02 1.276608696374263144e-04 1.048606679996495278e-04
7.085045129999999745e+02 1.053092535023453810e-04 9.359706492249822310e-05
7.085048254999999244e+02 9.799456263378898886e-05 8.239822964715354042e-05
7.085051379999999881e+02 9.435439942203663560e-05 7.135276012039463685e-05
7.085054504999999381e+02 8.630237671018422055e-05 6.055732738545164401e-05
7.085057630000000017e+02 7.005566616807907990e-05 5.011568977053657697e-05
7.085060754999999517e+02 6.651816574936185640e-05 4.013730784616688509e-05
7.085063879999999017e+02 6.204023303048119176e-05 3.073555135398335289e-05
7.085067004999999654e+02 6.102094135576280554e-05 2.202551419156461839e-05
7.085070129999999153e+02 4.999375240204516861e-05 1.412148233414729892e-05
7.085073254999999790e+02 3.902675419099986955e-05 7.134130740865898207e-06
7.085076379999999290e+02 4.352165768766618793e-05 1.167555867254147944e-06
7.085079504999999926e+02 3.568387131187770024e-05 -3.683723436196620359e-06
7.085082629999999426e+02 2.046206124193465474e-05 -7.337645173258582347e-06
7.085085755000000063e+02 2.381182550998335836e-05 -9.727204822190056973e-06
7.085088879999999563e+02 1.971017132272526574e-05 -1.080262429319276654e-05
7.085092004999999062e+02 1.315185481322335720e-05 -1.053295623380867818e-05
7.085095129999999699e+02 9.920089634968514824e-06 -8.907023571261322870e-06
7.085098254999999199e+02 1.232851503280585200e-05 -5.933637279915425408e-06
7.085101379999999835e+02 2.371409861640429703e-06 -1.641084079280671780e-06
7.085104504999999335e+02 5.878130473076908470e-06 3.924074961389341614e-06
7.085107629999999972e+02 1.428043692570953124e-05 1.069880955635653681e-05
7.085110754999999472e+02 9.618609788365596407e-06 1.860590847011349357e-05
7.085113879999998971e+02 1.659596894685968065e-05 2.755660758877578195e-05
7.085117004999999608e+02 1.363850311607062204e-05 3.745340512852329395e-05
7.085120129999999108e+02 2.996999304953989443e-05 4.819291526357513688e-05
7.085123254999999745e+02 3.462456513940859041e-05 5.966862647157087301e-05
7.085126379999999244e+02 2.874676043398640516e-05 7.177345384237969852e-05
7.085129504999999881e+02 4.239619761887156933e-05 8.440200257941904189e-05
7.085132629999999381e+02 6.198333913737732602e-05 9.745248879190549819e-05
7.085135755000000017e+02 5.778671988419383323e-05 1.108282916199150142e-04
7.085138879999999517e+02 7.486442434760713594e-05 1.244391346066721414e-04
7.085142004999999017e+02 8.544279233051464738e-05 1.382019139316879115e-04
7.085145129999999654e+02 1.058534773144390495e-04 1.520412050311166269e-04
7.085148254999999153e+02 1.050569917132047394e-04 1.658894883856691020e-04
7.085151379999999790e+02 1.050142081030584751e-04 1.796871398256868796e-04
7.085154504999999290e+02 1.383025920613467044e-04 1.933822313837804891e-04
7.085157629999999926e+02 1.752000934764783783e-04 2.069301870663338037e-04
7.085160754999999426e+02 1.812282852646044122e-04 2.202933337389463499e-04
7.085163880000000063e+02 2.084174047264431354e-04 2.334403826367920575e-04
7.085167004999999563e+02 2.393248095818741017e-04 2.463458711824156227e-04
7.085170129999999062e+02 2.088696717871461298e-04 2.589895895608881698e-04
7.085173254999999699e+02 2.532191055187480930e-04 2.713560109965667167e-04
7.085176379999999199e+02 2.710962895006422844e-04 2.834337401294925057e-04
7.085179504999999835e+02 3.007709228758533829e-04 2.952149897909477397e-04
7.085182629999999335e+02 2.898896773568182474e-04 3.066950928942724646e-04
7.085185754999999972e+02 3.361893759744722884e-04 3.178720536163071085e-04
7.085188879999999472e+02 3.226782442327221704e-04 3.287461395765671414e-04
7.085192004999998971e+02 3.387680008297664106e-04 3.393195153152190799e-04
7.085195129999999608e+02 3.827905985009422596e-04 3.495959159101215798e-04
7.085198254999999108e+02 3.419721304398448095e-04 3.595803588617323999e-04
7.085201379999999745e+02 3.969525495584476349e-04 3.692788918048365860e-04
7.085204504999999244e+02 3.929233222275982742e-04 3.786983731519879995e-04
7.085207629999999881e+02 4.168275787767986625e-04 3.878462828277992797e-04
7.085210754999999381e+02 4.331819963988236231e-04 3.967305600102732661e-04
7.085213880000000017e+02 4.377307276299590507e-04 4.053594650946273545e-04
7.085217004999999517e+02 4.471901696397719353e-04 4.137414630195040532e-04
7.085220129999999017e+02 4.894530662465520175e-04 4.218851254840911527e-04
7.085223254999999654e+02 4.528393024448218104e-04 4.297990496083541230e-04
7.085226379999999153e+02 4.410223992289963313e-04 4.374917909162194291e-04
7.085229504999999790e+02 4.969968111630144536e-04 4.449718087286206984e-04
7.085232629999999290e+02 5.030124195094603200e-04 4.522474221635361391e-04
7.085235754999999926e+02 5.316212856668311440e-04 4.593267752936441980e-04
7.085238879999999426e+02 5.314215173446779680e-04 4.662178100212540635e-04
7.085242005000000063e+02 4.705336945165933000e-04 4.729282455697384358e-04
7.085245129999999563e+02 5.447244788298310483e-04 4.794655634755020887e-04
7.085248254999999062e+02 5.339136962226454083e-04 4.858369972616712615e-04
7.085251379999999699e+02 5.214637418573060592e-04 4.920495259563739850e-04
7.085254504999999199e+02 5.490255620849420360e-04 4.981098708145131069e-04
7.085257629999999835e+02 5.536136183839360713e-04 5.040244946921639121e-04
7.085260754999999335e+02 5.770345644265762559e-04 5.097996035293854466e-04
7.085263879999999972e+02 5.977742060095717330e-04 5.154411495936267115e-04
7.085267004999999472e+02 5.561373087301044746e-04 5.209548360619295536e-04
7.085270129999998971e+02 5.982860797691388422e-04 5.263461227090634152e-04
7.085273254999999608e+02 5.709793316408030318e-04 5.316202323984076019e-04
7.085276379999999108e+02 5.379106537056004521e-04 5.367821581867924120e-04
7.085279504999999745e+02 6.179604160902963045e-04 5.418366708857787553e-04
7.085282629999999244e+02 5.833444884198412100e-04 5.467883268863243072e-04
7.085285754999999881e+02 5.953788631032722609e-04 5.516414761845724176e-04
7.085288879999999381e+02 6.045992871663756832e-04 5.564002704511487526e-04
7.085292005000000017e+02 6.243739569486535723e-04 5.610686711212951091e-04
7.085295129999999517e+02 5.971027423085123638e-04 5.656504573845000730e-04
7.085298254999999017e+02 6.575808505215909299e-04 5.701492340757680381e-04
7.085301379999999654e+02 6.232951788446300248e-04 5.745684393848758328e-04
7.085304504999999153e+02 6.394787341313119128e-04 5.789113523700098940e-04
7.085307629999999790e+02 6.310889173826866611e-04 5.831811002675097886e-04
7.085310754999999290e+02 6.177291084425663627e-04 5.873806655408657764e-04
7.085313879999999926e+02 6.320146534735705812e-04 5.915128927060764709e-04
7.085317004999999426e+02 5.855903932887021515e-04 5.955804948762387970e-04
7.085320130000000063e+02 5.858440204881988893e-04 5.995860600705143605e-04
7.085323254999999563e+02 6.934517402754095334e-04 6.035320572385095535e-04
7.085326379999999062e+02 5.976408601822945105e-04 6.074208420475884574e-04
7.085329504999999699e+02 6.406621516012488745e-04 6.112546623997409468e-04
7.085332629999999199e+02 6.360075022511928492e-04 6.150356636980429175e-04
7.085335754999999835e+02 6.069085468103183490e-04 6.187658938822440105e-04
7.085338879999999335e+02 6.524210866006418391e-04 6.224473082059343377e-04
7.085342004999999972e+02 6.800188645517351140e-04 6.260817738055098058e-04
7.085345129999999472e+02 6.828071040913881885e-04 6.296710740255747826e-04
7.085348254999998971e+02 6.562457981469128898e-04 6.332169125507511407e-04
7.085351379999999608e+02 6.463506850038376866e-04 6.367209173190790028e-04
7.085354504999999108e+02 6.308026927883275421e-04 6.401846442392308866e-04
7.085357629999999745e+02 6.310948935969182619e-04 6.436095807324562204e-04
7.085360754999999244e+02 6.395457340527695676e-04 6.469971490761196797e-04
7.085363879999999881e+02 7.038407608594340068e-04 6.503487095961711303e-04
7.085367004999999381e+02 6.779678660267895833e-04 6.536655636767833063e-04
7.085370130000000017e+02 6.736666372033130743e-04 6.569489566345029221e-04
7.085373254999999517e+02 6.562292062582300405e-04 6.602000804255281092e-04
7.085376379999999017e+02 6.942880177274258005e-04 6.634200762309469708e-04
7.085379504999999654e+02 7.054483132954314940e-04 6.666100368969601940e-04
7.085382629999999153e+02 6.383145233220570902e-04 6.697710092491301025e-04
7.085385754999999790e+02 7.139657690309450435e-04 6.729039962984991905e-04
7.085388879999999290e+02 6.438058306817872516e-04 6.760099593169910642e-04
7.085392004999999926e+02 6.883107465257569304e-04 6.790898198236590627e-04
7.085395129999999426e+02 6.563725840011160311e-04 6.821444614509714890e-04
7.085398255000000063e+02 6.378867498972271574e-04 6.851747317326961195e-04
7.085401379999999563e+02 6.622221785454415234e-04 6.881814437826484906e-04
7.085404504999999062e+02 6.748301966456424390e-04 6.911653779036645113e-04
7.085407629999999699e+02 6.537445162892478387e-04 6.941272831037029190e-04
7.085410754999999199e+02 6.700350980327795169e-04 6.970678785346944278e-04
7.085413879999999835e+02 6.617170144824390454e-04 6.999878548688599506e-04
7.085417004999999335e+02 6.960951781174566384e-04 7.028878755896278419e-04
7.085420129999999972e+02 7.154089466444954904e-04 7.057685782340149868e-04
7.085423254999999472e+02 6.764242391144875558e-04 7.086305755559967664e-04
7.085426379999998971e+02 7.020362828260755597e-04 7.114744566469278705e-04
7.085429504999999608e+02 7.324400474622617691e-04 7.143007879898464032e-04
7.085432629999999108e+02 7.025222506515353552e-04 7.171101144612826526e-04
7.085435754999999745e+02 6.731339701066792539e-04 7.199029602935044575e-04
7.085438879999999244e+02 6.905110398832639985e-04 7.226798299742633047e-04
7.085442004999999881e+02 7.166412182209116761e-04 7.254412091182151036e-04
7.085445129999999381e+02 6.930250745612573414e-04 7.281875652798753575e-04
7.085448255000000017e+02 6.720634063154213916e-04 7.309193487426789539e-04
7.085451379999999517e+02 6.627944349972768844e-04 7.336369932541092443e-04
7.085454504999999017e+02 6.776349011180633980e-04 7.363409167398947582e-04
7.085457629999999654e+02 7.455441162870459675e-04 7.390315219742203765e-04
7.085460754999999153e+02 6.975482259777914754e-04 7.417091972178030792e-04
7.085463879999999790e+02 6.097760026007558983e-04 7.443743168351814755e-04
7.085467004999999290e+02 7.192341546518531917e-04 7.470272418684195410e-04
7.085470129999999926e+02 7.046105062150703410e-04 7.496683205989170895e-04
7.085473254999999426e+02 6.680972934633756539e-04 7.522978890677139508e-04
7.085476380000000063e+02 6.791585613861281408e-04 7.549162715865202072e-04
7.085479504999999563e+02 7.008806330957234945e-04 7.575237812099872882e-04
