7.170030964999999696e+02 2.224138097854291688e-04 2.274786173540743078e-04
7.170034090000000333e+02 2.586952430496583912e-04 2.274108885927137802e-04
7.170037214999999833e+02 2.611208431233834944e-04 2.273329133757997014e-04
7.170040340000000469e+02 2.083164735252550880e-04 2.272442995518544125e-04
7.170043464999999969e+02 2.360232437183398617e-04 2.271446367411108526e-04
7.170046590000000606e+02 2.233673739287563714e-04 2.270334953529375621e-04
7.170049715000000106e+02 2.202744484170681381e-04 2.269104255448475772e-04
7.170052840000000742e+02 2.244786135147169089e-04 2.267749561181538144e-04
7.170055965000000242e+02 2.414110435511038276e-04 2.266265933475526044e-04
7.170059089999999742e+02 2.291817336135700250e-04 2.264648197389903432e-04
7.170062215000000378e+02 2.211821273610064230e-04 2.262890927124293827e-04
7.170065339999999878e+02 2.188257110248441112e-04 2.260988432043243321e-04
7.170068465000000515e+02 2.084710946476426999e-04 2.258934741839378432e-04
7.170071590000000015e+02 2.057180373727616487e-04 2.256723590797712648e-04
7.170074715000000651e+02 2.127065382247200070e-04 2.254348401082113471e-04
7.170077840000000151e+02 2.228075989872599079e-04 2.251802265007339220e-04
7.170080964999999651e+02 2.404776414542617860e-04 2.249077926207947837e-04
7.170084090000000288e+02 2.205276860416257277e-04 2.246167759657323893e-04
7.170087214999999787e+02 2.186850376701576131e-04 2.243063750459039368e-04
7.170090340000000424e+02 2.406081880364269350e-04 2.239757471324160028e-04
7.170093464999999924e+02 2.222219505820336458e-04 2.236240058684667493e-04
7.170096590000000560e+02 2.138791132393722417e-04 2.232502187326906298e-04
7.170099715000000060e+02 2.120025043311180263e-04 2.228534043499847718e-04
7.170102840000000697e+02 1.974746212740798165e-04 2.224325296370602300e-04
7.170105965000000197e+02 2.160719701432895130e-04 2.219865067781970694e-04
7.170109089999999696e+02 1.933653309065862876e-04 2.215141900176942813e-04
7.170112215000000333e+02 2.151950322371293364e-04 2.210143722635338095e-04
7.170115339999999833e+02 2.206138963319173086e-04 2.204857814918097692e-04
7.170118465000000469e+02 2.515322373038221581e-04 2.199270769408324727e-04
7.170121589999999969e+02 2.655051823586423738e-04 2.193368450908837893e-04
7.170124715000000606e+02 2.255399953191031476e-04 2.187135954153384982e-04
7.170127840000000106e+02 2.038542664133871499e-04 2.180557559021122918e-04
7.170130965000000742e+02 2.135655400535159377e-04 2.173616683320072035e-04
7.170134090000000242e+02 1.834992060168805835e-04 2.166295833160641546e-04
7.170137214999999742e+02 2.327217747835526058e-04 2.158576550812032482e-04
7.170140340000000378e+02 2.333430415870926616e-04 2.150439360092649087e-04
7.170143464999999878e+02 2.139713920403482118e-04 2.141863709293461565e-04
7.170146590000000515e+02 2.163828872635233298e-04 2.132827911659804080e-04
7.170149715000000015e+02 2.233748052343716194e-04 2.123309083614819748e-04
7.170152840000000651e+02 1.981656244877075148e-04 2.113283080792605821e-04
7.170155965000000151e+02 2.079162875158670101e-04 2.102724432224733803e-04
7.170159089999999651e+02 2.143344981394100903e-04 2.091606272900497750e-04
7.170162215000000288e+02 2.206809785389195796e-04 2.079900275224466893e-04
7.170165339999999787e+02 1.954465342158781299e-04 2.067576579906897519e-04
7.170168465000000424e+02 2.170206490301144076e-04 2.054603726964812356e-04
7.170171589999999924e+02 2.201077554363199294e-04 2.040948587860243234e-04
7.170174715000000560e+02 2.183957050294777500e-04 2.026576299779992861e-04
7.170177840000000060e+02 2.114235281534012473e-04 2.011450203625097599e-04
7.170180965000000697e+02 1.978596958716334457e-04 1.995531787291428597e-04
7.170184090000000197e+02 1.862491297651352540e-04 1.978780636533658815e-04
7.170187214999999696e+02 1.736553614553828671e-04 1.961154395820243878e-04
7.170190340000000333e+02 2.026476849962431312e-04 1.942608742429149590e-04
7.170193464999999833e+02 1.773374596495251609e-04 1.923097377467723821e-04
7.170196590000000469e+02 1.618603521683796890e-04 1.902572038200827916e-04
7.170199714999999969e+02 1.970255014117307441e-04 1.880982537163318664e-04
7.170202840000000606e+02 1.824525170796063942e-04 1.858276834106224534e-04
7.170205965000000106e+02 1.876013304025613709e-04 1.834401148396734072e-04
7.170209090000000742e+02 1.708904867705030950e-04 1.809300120260659518e-04
7.170212215000000242e+02 1.717611887830455494e-04 1.782917031189793172e-04
7.170215339999999742e+02 1.876610225445105745e-04 1.755194094879626468e-04
7.170218465000000378e+02 1.521993910175147512e-04 1.726072832280503295e-04
7.170221589999999878e+02 1.683175313238284077e-04 1.695494545909858252e-04
7.170224715000000515e+02 1.759342084403665699e-04 1.663400910499727742e-04
7.170227840000000015e+02 1.589912583095261494e-04 1.629734699456642378e-04
7.170230965000000651e+02 1.604076536645451779e-04 1.594440667959652028e-04
7.170234090000000151e+02 1.473699134886499891e-04 1.557466616048359487e-04
7.170237214999999651e+02 1.695046025217202966e-04 1.518764655766860711e-04
7.170240340000000288e+02 1.458131004526669176e-04 1.478292708011881790e-04
7.170243464999999787e+02 1.490442935065409351e-04 1.436016254324195684e-04
7.170246590000000424e+02 1.285977274018262071e-04 1.391910367555052855e-04
7.170249714999999924e+02 1.305560673723467032e-04 1.345962042867451640e-04
7.170252840000000560e+02 1.275130046140863724e-04 1.298172844317529789e-04
7.170255965000000060e+02 1.322552207145266656e-04 1.248561874880197776e-04
7.170259090000000697e+02 1.162719320945736830e-04 1.197169064593323355e-04
7.170262215000000197e+02 1.280600515005164068e-04 1.144058755898784473e-04
7.170265339999999696e+02 8.912849699279726278e-05 1.089323542178247291e-04
7.170268465000000333e+02 1.060748668169651039e-04 1.033088288668909156e-04
7.170271589999999833e+02 9.139149529853000671e-05 9.755142303685745834e-05
7.170274715000000469e+02 8.921572265482343854e-05 9.168030016842398759e-05
7.170277839999999969e+02 1.008150095242492850e-04 8.572004086856330706e-05
7.170280965000000606e+02 7.702236762058637927e-05 7.969997062948391603e-05
7.170284090000000106e+02 7.422342131445027076e-05 7.365440974022075297e-05
7.170287215000000742e+02 5.376031982838943993e-05 6.762281284854663435e-05
7.170290340000000242e+02 6.316400388150288721e-05 6.164976287860695747e-05
7.170293464999999742e+02 4.926607708695652051e-05 5.578478297704172263e-05
7.170296590000000378e+02 5.377009455035321222e-05 5.008193224077477334e-05
7.170299714999999878e+02 4.127097359129737431e-05 4.459915653570670354e-05
7.170302840000000515e+02 4.936899503701366008e-05 3.939737566848049063e-05
7.170305965000000015e+02 3.376113912267622667e-05 3.453930277593737433e-05
7.170309090000000651e+02 3.342585982722453538e-05 3.008801049752446081e-05
7.170312215000000151e+02 4.242731168694312011e-05 2.610528067521672953e-05
7.170315339999999651e+02 2.418430424677770521e-05 2.264979767871457120e-05
7.170318465000000288e+02 2.493123043381540984e-05 1.977526786495640152e-05
7.170321589999999787e+02 2.489098294249541724e-05 1.752856574078542147e-05
7.170324715000000424e+02 2.147599206533903107e-05 1.594801827844565204e-05
7.170327839999999924e+02 2.113307164565189064e-05 1.506193992606643951e-05
7.170330965000000560e+02 1.412468023667133157e-05 1.488752062861368305e-05
7.170334090000000060e+02 1.176253583802687489e-05 1.543014788944090378e-05
7.170337215000000697e+02 1.208815344851530970e-05 1.668321321358564129e-05
7.170340340000000197e+02 2.130680804712622225e-05 1.862841665066724710e-05
7.170343464999999696e+02 1.207586862311368037e-05 2.123654493339985474e-05
7.170346590000000333e+02 2.263919742544985697e-05 2.446866353658368353e-05
7.170349714999999833e+02 2.078887606389991259e-05 2.827763500102354870e-05
7.170352840000000469e+02 2.677538991628258095e-05 3.260985794467236292e-05
7.170355964999999969e+02 2.589773645990898964e-05 3.740711447119228684e-05
7.170359090000000606e+02 3.906245078426040350e-05 4.260841793529177799e-05
7.170362215000000106e+02 4.954091894028813856e-05 4.815176609193056844e-05
7.170365340000000742e+02 4.989079705204181803e-05 5.397572416399321331e-05
7.170368465000000242e+02 5.590678726019124452e-05 6.002078482114383510e-05
7.170371589999999742e+02 7.338674439672850807e-05 6.623047505348052917e-05
7.170374715000000378e+02 6.796946512887813436e-05 7.255220066873310108e-05
7.170377839999999878e+02 8.429476127201901826e-05 7.893783650893988204e-05
7.170380965000000515e+02 9.263051176593857224e-05 8.534408344772036062e-05
7.170384090000000015e+02 8.130004196001319316e-05 9.173262166683657497e-05
7.170387215000000651e+02 9.661163989849145422e-05 9.807009431085162354e-05
7.170390340000000151e+02 9.821297116445247370e-05 1.043279565864852409e-04
7.170393464999999651e+02 1.229139324815868670e-04 1.104822240982363500e-04
7.170396590000000288e+02 1.155561242731825136e-04 1.165131509430735384e-04
7.170399714999999787e+02 1.510680053547106775e-04 1.224048640363934609e-04
7.170402840000000424e+02 1.181786953104438571e-04 1.281449755984407225e-04
7.170405964999999924e+02 1.309265915182752113e-04 1.337241911425642016e-04
7.170409090000000560e+02 1.324743855329741087e-04 1.391359262339473440e-04
7.170412215000000060e+02 1.428608474503262197e-04 1.443759414538658742e-04
7.170415340000000697e+02 1.292961998155478325e-04 1.494420020061742354e-04
7.170418465000000197e+02 1.546499731707143721e-04 1.543335657265263491e-04
7.170421589999999696e+02 1.622208968630075817e-04 1.590515013768368363e-04
7.170424715000000333e+02 1.801649901125789929e-04 1.635978374894952602e-04
7.170427839999999833e+02 1.654638759802765948e-04 1.679755409989422898e-04
7.170430965000000469e+02 1.706084392075876070e-04 1.721883241429578214e-04
7.170434089999999969e+02 1.756092539525952185e-04 1.762404775847306669e-04
7.170437215000000606e+02 1.929549050651289987e-04 1.801367275320777252e-04
7.170440340000000106e+02 1.779814881816720506e-04 1.838821144262262649e-04
7.170443465000000742e+02 1.963528348791988485e-04 1.874818908775171590e-04
7.170446590000000242e+02 2.250751495876759142e-04 1.909414365202406901e-04
7.170449714999999742e+02 1.766183922737537312e-04 1.942661876853012332e-04
7.170452840000000378e+02 1.864322682535092155e-04 1.974615798819426879e-04
7.170455964999999878e+02 1.948700818999223191e-04 2.005330013108755339e-04
7.170459090000000515e+02 2.060584265179162932e-04 2.034857558136331636e-04
7.170462215000000015e+02 1.832614166527519518e-04 2.063250338063094642e-04
7.170465340000000651e+02 2.106612180339568910e-04 2.090558899811681447e-04
7.170468465000000151e+02 1.952739922981109070e-04 2.116832266507292170e-04
7.170471589999999651e+02 2.219940417263102216e-04 2.142117818215609547e-04
7.170474715000000288e+02 2.344128377501172476e-04 2.166461211586727744e-04
7.170477839999999787e+02 2.448457981738867304e-04 2.189906331547305379e-04
7.170480965000000424e+02 2.213834831398925319e-04 2.212495269186053146e-04
7.170484089999999924e+02 2.254876981839998632e-04 2.234268320585486734e-04
7.170487215000000560e+02 2.090889606693532453e-04 2.255264002617419182e-04
7.170490340000000060e+02 2.265723348213764061e-04 2.275519081871680378e-04
7.170493465000000697e+02 2.267538100157533675e-04 2.295068613988891022e-04
7.170496590000000197e+02 2.229905149515631663e-04 2.313945990669664173e-04
7.170499714999999696e+02 2.342248825167560428e-04 2.332182992533618526e-04
7.170502840000000333e+02 2.353198394053036759e-04 2.349809845952115174e-04
7.170505964999999833e+02 2.496609191171735563e-04 2.366855282544712681e-04
7.170509090000000469e+02 2.548319423997375791e-04 2.383346600269502615e-04
7.170512214999999969e+02 2.428694001821093962e-04 2.399309725040200372e-04
7.170515340000000606e+02 2.450285561940946321e-04 2.414769272333507457e-04
7.170518465000000106e+02 2.374881713079956213e-04 2.429748608018623751e-04
7.170521590000000742e+02 2.255397089806596047e-04 2.444269908145845199e-04
7.170524715000000242e+02 2.718919180440975184e-04 2.458354217169966848e-04
7.170527839999999742e+02 2.502406315303190229e-04 2.472021504520894490e-04
7.170530965000000378e+02 2.586811159245373565e-04 2.485290719200480337e-04
7.170534089999999878e+02 2.738022590298739580e-04 2.498179842334568310e-04
7.170537215000000515e+02 2.432895421506684017e-04 2.510705937644484636e-04
7.170540340000000015e+02 2.561911134966202109e-04 2.522885199677736253e-04
7.170543465000000651e+02 2.436120921101276964e-04 2.534732999931622465e-04
7.170546590000000151e+02 2.554337312834029788e-04 2.546263930736770531e-04
7.170549714999999651e+02 2.811149868438287194e-04 2.557491847070577479e-04
7.170552840000000288e+02 2.398983585482617994e-04 2.568429906237471678e-04
7.170555964999999787e+02 2.375695988379263783e-04 2.579090605519783756e-04
7.170559090000000424e+02 2.523451075779879239e-04 2.589485817902338291e-04
7.170562214999999924e+02 2.451463572332546019e-04 2.599626825844884729e-04
7.170565340000000560e+02 2.518874174623567390e-04 2.609524353297954912e-04
7.170568465000000060e+02 2.927437414264231173e-04 2.619188595918828981e-04
7.170571590000000697e+02 2.746872245574677484e-04 2.628629249684533305e-04
7.170574715000000197e+02 2.883666733954967231e-04 2.637855537865225488e-04
7.170577839999999696e+02 2.591266120424586374e-04 2.646876236545142569e-04
7.170580965000000333e+02 2.466438207670775700e-04 2.655699698680143552e-04
7.170584089999999833e+02 2.688420006838643001e-04 2.664333876802458178e-04
7.170587215000000469e+02 2.771754457067628942e-04 2.672786344474935901e-04
7.170590339999999969e+02 2.779913287838382645e-04 2.681064316485260563e-04
7.170593465000000606e+02 2.732265325615343713e-04 2.689174667944097940e-04
7.170596590000000106e+02 2.534461250054302682e-04 2.697123952252636174e-04
7.170599715000000742e+02 2.635650429786947691e-04 2.704918418096994041e-04
7.170602840000000242e+02 2.382808117721171935e-04 2.712564025433172486e-04
7.170605964999999742e+02 2.643392846587271907e-04 2.720066460607715965e-04
7.170609090000000378e+02 2.784882015994469013e-04 2.727431150594637342e-04
7.170612214999999878e+02 2.497158911875622944e-04 2.734663276427973201e-04
7.170615340000000515e+02 3.037279614567525384e-04 2.741767785902444131e-04
7.170618465000000015e+02 3.046668527022496162e-04 2.748749405520503446e-04
7.170621590000000651e+02 3.061021035251714991e-04 2.755612651809118021e-04
7.170624715000000151e+02 2.441888301502835850e-04 2.762361841963055769e-04
7.170627839999999651e+02 2.634721250790942725e-04 2.769001103930856860e-04
7.170630965000000288e+02 2.892928131257147852e-04 2.775534385915399754e-04
7.170634089999999787e+02 2.725055266625374005e-04 2.781965465348050742e-04
7.170637215000000424e+02 2.722471412613717244e-04 2.788297957390256936e-04
7.170640339999999924e+02 2.730083494404703603e-04 2.794535322933001855e-04
7.170643465000000560e+02 2.848782398222669365e-04 2.800680876194038276e-04
7.170646590000000060e+02 2.849091034955972572e-04 2.806737791864932687e-04
7.170649715000000697e+02 2.678050017494247440e-04 2.812709111904842531e-04
7.170652840000000197e+02 2.661962427850781852e-04 2.818597751932195379e-04
