7.167991724999999406e+02 2.553643861799498923e-04 2.926260560543941856e-04
7.167994850000000042e+02 3.258669350578920773e-04 2.927209939949979131e-04
7.167997974999999542e+02 2.862427403779785719e-04 2.928029184221267000e-04
7.168001100000000179e+02 2.704747861448568262e-04 2.928713233890366274e-04
7.168004224999999678e+02 3.432049946996082197e-04 2.929256790380085798e-04
7.168007350000000315e+02 2.440751560218470365e-04 2.929654302871454981e-04
7.168010474999999815e+02 3.350361451490806706e-04 2.929899954360781398e-04
7.168013600000000451e+02 3.257493279811555956e-04 2.929987646858666457e-04
7.168016724999999951e+02 2.784617641656682730e-04 2.929910985669420304e-04
7.168019849999999451e+02 3.455296687368448897e-04 2.929663262692996364e-04
7.168022975000000088e+02 3.189626902017430893e-04 2.929237438682775769e-04
7.168026099999999587e+02 2.607665907210233156e-04 2.928626124391965407e-04
7.168029225000000224e+02 3.303165362870766905e-04 2.927821560531869232e-04
7.168032349999999724e+02 2.583990684895908743e-04 2.926815596468726119e-04
7.168035475000000361e+02 2.829925163381392136e-04 2.925599667568619714e-04
7.168038599999999860e+02 2.801405283653274131e-04 2.924164771111380191e-04
7.168041724999999360e+02 3.521319966476899889e-04 2.922501440668469146e-04
7.168044849999999997e+02 2.748155361722119661e-04 2.920599718855038823e-04
7.168047974999999497e+02 2.615008611717460694e-04 2.918449128348599804e-04
7.168051100000000133e+02 3.025736846920327712e-04 2.916038641054171906e-04
7.168054224999999633e+02 2.654366802689013473e-04 2.913356645317765996e-04
7.168057350000000270e+02 3.205484544680707961e-04 2.910390911040560921e-04
7.168060474999999769e+02 2.811005601354519667e-04 2.907128552593143153e-04
7.168063600000000406e+02 3.148360331194972493e-04 2.903555989364009710e-04
7.168066724999999906e+02 2.708807583067732584e-04 2.899658903837211725e-04
7.168069849999999406e+02 2.689369927120987235e-04 2.895422197018093714e-04
7.168072975000000042e+02 2.527395300638807349e-04 2.890829941089002549e-04
7.168076099999999542e+02 3.309310280483286539e-04 2.885865329133408615e-04
7.168079225000000179e+02 2.603044002811318557e-04 2.880510621755244917e-04
7.168082349999999678e+02 2.710527957520452911e-04 2.874747090484286601e-04
7.168085475000000315e+02 3.098451150382617930e-04 2.868554957759942908e-04
7.168088599999999815e+02 3.023266258161863129e-04 2.861913333410104864e-04
7.168091725000000451e+02 2.902397181453113630e-04 2.854800147420583881e-04
7.168094849999999951e+02 2.772075280293271487e-04 2.847192078943443271e-04
7.168097974999999451e+02 2.671430676997556459e-04 2.839064481364459228e-04
7.168101100000000088e+02 3.156428891977679186e-04 2.830391303411606738e-04
7.168104224999999587e+02 2.642890245020568674e-04 2.821145006237505467e-04
7.168107350000000224e+02 2.927376303582473159e-04 2.811296476437703980e-04
7.168110474999999724e+02 3.082485894293565676e-04 2.800814935142068810e-04
7.168113600000000361e+02 2.573809230964592756e-04 2.789667843200321646e-04
7.168116724999999860e+02 3.160790352562795383e-04 2.777820802792811791e-04
7.168119849999999360e+02 2.674538349175904295e-04 2.765237455676722517e-04
7.168122974999999997e+02 2.790025390883416577e-04 2.751879378630687069e-04
7.168126099999999497e+02 2.697576820700452183e-04 2.737705976699461433e-04
7.168129225000000133e+02 2.729541161353034708e-04 2.722674375026137546e-04
7.168132349999999633e+02 2.515150303652255318e-04 2.706739310493697375e-04
7.168135475000000270e+02 2.601098951362707293e-04 2.689853024415327695e-04
7.168138599999999769e+02 2.674118790617950950e-04 2.671965158218266934e-04
7.168141725000000406e+02 2.355060412254434332e-04 2.653022654147440314e-04
7.168144849999999906e+02 2.608169979490835904e-04 2.632969663928471423e-04
7.168147974999999406e+02 2.607462833834884013e-04 2.611747468563978291e-04
7.168151100000000042e+02 2.259064478379313999e-04 2.589294413554181148e-04
7.168154224999999542e+02 2.543853420281396273e-04 2.565545864496900628e-04
7.168157350000000179e+02 2.963591295421723988e-04 2.540434189033123949e-04
7.168160474999999678e+02 2.456006061186581462e-04 2.513888772633382116e-04
7.168163600000000315e+02 2.522192898552409702e-04 2.485836076663779657e-04
7.168166724999999815e+02 2.035934501818662185e-04 2.456199749384079803e-04
7.168169850000000451e+02 1.854380508419746553e-04 2.424900801824222160e-04
7.168172974999999951e+02 2.353757657861992524e-04 2.391857863283820406e-04
7.168176099999999451e+02 2.132504397106030044e-04 2.356987532976883659e-04
7.168179225000000088e+02 2.022912652146691874e-04 2.320204847667157739e-04
7.168182349999999587e+02 2.252335307487962884e-04 2.281423887749724189e-04
7.168185475000000224e+02 2.336120953469768540e-04 2.240558547391716614e-04
7.168188599999999724e+02 2.400492786443881536e-04 2.197523498213500078e-04
7.168191725000000361e+02 2.043555930278958643e-04 2.152235378622124873e-04
7.168194849999999860e+02 2.268825106847193937e-04 2.104614245119854901e-04
7.168197974999999360e+02 1.794143806045562541e-04 2.054585323871485235e-04
7.168201099999999997e+02 2.031475750000014818e-04 2.002081103895428078e-04
7.168204224999999497e+02 2.151036326098279018e-04 1.947043813716537646e-04
7.168207350000000133e+02 1.493564832768922031e-04 1.889428322463487624e-04
7.168210474999999633e+02 2.198084182131101322e-04 1.829205503739565774e-04
7.168213600000000270e+02 1.483679161503707877e-04 1.766366092586190404e-04
7.168216724999999769e+02 1.575292977634846884e-04 1.700925055594967156e-04
7.168219850000000406e+02 1.418258104173510299e-04 1.632926475334639364e-04
7.168222974999999906e+02 1.493659471148589969e-04 1.562448926828549807e-04
7.168226099999999406e+02 1.522946550238297482e-04 1.489611288772703455e-04
7.168229225000000042e+02 1.489787053413533808e-04 1.414578890054520965e-04
7.168232349999999542e+02 1.341014112414459758e-04 1.337569837247267704e-04
7.168235475000000179e+02 1.462720459547234503e-04 1.258861304171143304e-04
7.168238599999999678e+02 1.371644216396158576e-04 1.178795492047266734e-04
7.168241725000000315e+02 9.023421630843686428e-05 1.097784887850382330e-04
7.168244849999999815e+02 1.185095043947265473e-04 1.016316370658349843e-04
7.168247975000000451e+02 1.218670664450186535e-04 9.349536424523613074e-05
7.168251099999999951e+02 9.543072362951825812e-05 8.543374094758759388e-05
7.168254224999999451e+02 7.786490048783375258e-05 7.751827192316917471e-05
7.168257350000000088e+02 8.399421814211541031e-05 6.982728889542923374e-05
7.168260474999999587e+02 8.905011757011696821e-05 6.244495525359765916e-05
7.168263600000000224e+02 6.145927231745384686e-05 5.545985197625219405e-05
7.168266724999999724e+02 3.959545391555006785e-05 4.896313888870897009e-05
7.168269850000000361e+02 6.887399509047736033e-05 4.304631719276914186e-05
7.168272974999999860e+02 4.480466429882201890e-05 3.779865679043606320e-05
7.168276099999999360e+02 3.220253115300267857e-05 3.330439122534534446e-05
7.168279224999999997e+02 3.273989050729870544e-05 2.963981999012916093e-05
7.168282349999999497e+02 1.413640979492109204e-05 2.687048652795156825e-05
7.168285475000000133e+02 1.439879113850166113e-05 2.504861545159637177e-05
7.168288599999999633e+02 2.901737795432243121e-05 2.421099003115584887e-05
7.168291725000000270e+02 1.109166256681789076e-05 2.437742879523315356e-05
7.168294849999999769e+02 1.711668821560813247e-05 2.554997934265250504e-05
7.168297975000000406e+02 6.803066269913188406e-06 2.771289208908991745e-05
7.168301099999999906e+02 2.388133340858709252e-05 3.083337348212222389e-05
7.168304224999999406e+02 2.769896851969618325e-05 3.486305529521149918e-05
7.168307350000000042e+02 3.505372821697363831e-05 3.974006195478306915e-05
7.168310474999999542e+02 4.968408547268891124e-05 4.539151803121646746e-05
7.168313600000000179e+02 5.618900164362370037e-05 5.173631685289294319e-05
7.168316724999999678e+02 4.716479862984599564e-05 5.868796931069377863e-05
7.168319850000000315e+02 6.473268549680138821e-05 6.615736746553733862e-05
7.168322974999999815e+02 7.094925015477641114e-05 7.405532587151443286e-05
7.168326100000000451e+02 7.567522738397545502e-05 8.229479981619952579e-05
7.168329224999999951e+02 8.721514558516964971e-05 9.079271802454380103e-05
7.168332349999999451e+02 7.479538941807327261e-05 9.947140391452577858e-05
7.168335475000000088e+02 1.156910673164196783e-04 1.082595903284601818e-04
7.168338599999999587e+02 1.314363416439957204e-04 1.170930565919576404e-04
7.168341725000000224e+02 9.272060358842858035e-05 1.259149329129033153e-04
7.168344849999999724e+02 1.466752231956820708e-04 1.346757259944156065e-04
7.168347975000000361e+02 1.531011005895647776e-04 1.433331228389798646e-04
7.168351099999999860e+02 1.601901446060844812e-04 1.518516278171874994e-04
7.168354224999999360e+02 1.790008131210092050e-04 1.602020834040501546e-04
7.168357349999999997e+02 1.796836742178911325e-04 1.683611180769110515e-04
7.168360474999999497e+02 1.970230605966316086e-04 1.763105574559735509e-04
7.168363600000000133e+02 1.895215982797191184e-04 1.840368272349272307e-04
7.168366724999999633e+02 1.682370767029509387e-04 1.915303693469192642e-04
7.168369850000000270e+02 2.075162997359394478e-04 1.987850868100616772e-04
7.168372974999999769e+02 2.161852434579086498e-04 2.057978273313259741e-04
7.168376100000000406e+02 2.074735157969657506e-04 2.125679117326659132e-04
7.168379224999999906e+02 2.491903806612027995e-04 2.190967098316812039e-04
7.168382349999999406e+02 2.398054464111584988e-04 2.253872641381796332e-04
7.168385475000000042e+02 1.947420895200560002e-04 2.314439598493101002e-04
7.168388599999999542e+02 2.197741634658377627e-04 2.372722385491821584e-04
7.168391725000000179e+02 2.752738404416894737e-04 2.428783522940997097e-04
7.168394849999999678e+02 2.397246668053359606e-04 2.482691543152426767e-04
7.168397975000000315e+02 2.664779526751808120e-04 2.534519225657986814e-04
7.168401099999999815e+02 2.669624262236774286e-04 2.584342122628907352e-04
7.168404225000000451e+02 2.820458930934329487e-04 2.632237338767179509e-04
7.168407349999999951e+02 2.512430364347917138e-04 2.678282531448243414e-04
7.168410474999999451e+02 2.700521312269574779e-04 2.722555100962802122e-04
7.168413600000000088e+02 2.617833729125054244e-04 2.765131542761111870e-04
7.168416724999999587e+02 2.744530116301415346e-04 2.806086937307569838e-04
7.168419850000000224e+02 2.745210492522057850e-04 2.845494556051909331e-04
7.168422974999999724e+02 2.673210278591394177e-04 2.883425564269990115e-04
7.168426100000000361e+02 2.506850397748686772e-04 2.919948804898855475e-04
7.168429224999999860e+02 3.243824866314513476e-04 2.955130648859610396e-04
7.168432349999999360e+02 2.874208091815604982e-04 2.989034900292025939e-04
7.168435474999999997e+02 3.193798368937072812e-04 3.021722746154286159e-04
7.168438599999999497e+02 3.303469350440853161e-04 3.053252741702215819e-04
7.168441725000000133e+02 3.013590775739377376e-04 3.083680824692928415e-04
7.168444849999999633e+02 3.369196582986626288e-04 3.113060351940755903e-04
7.168447975000000270e+02 3.437875579802080112e-04 3.141442153510404190e-04
7.168451099999999769e+02 3.323747836001331038e-04 3.168874599987570387e-04
7.168454225000000406e+02 3.056059781553666804e-04 3.195403679699529496e-04
7.168457349999999906e+02 2.984179491494064630e-04 3.221073082706955621e-04
7.168460474999999406e+02 3.514581818326246629e-04 3.245924289554797640e-04
7.168463600000000042e+02 3.498774855509370336e-04 3.269996662653050436e-04
7.168466724999999542e+02 2.867571875528961253e-04 3.293327538878493342e-04
7.168469850000000179e+02 3.452962197985907141e-04 3.315952322272688944e-04
7.168472974999999678e+02 3.281342315901914137e-04 3.337904575673312883e-04
7.168476100000000315e+02 3.457891774478655299e-04 3.359216110804670824e-04
7.168479224999999815e+02 3.607644593471094662e-04 3.379917076002153975e-04
7.168482350000000451e+02 3.316880089347742119e-04 3.400036041408802980e-04
7.168485474999999951e+02 3.816005162662982177e-04 3.419600081095528908e-04
7.168488599999999451e+02 3.426281894159498710e-04 3.438634852135027562e-04
7.168491725000000088e+02 3.336418034114649322e-04 3.457164670315734435e-04
7.168494849999999587e+02 3.455142773255775947e-04 3.475212582508935386e-04
7.168497975000000224e+02 3.518296725530813780e-04 3.492800435736210466e-04
7.168501099999999724e+02 3.435239736851630255e-04 3.509948942795223224e-04
7.168504225000000361e+02 3.740209592365757230e-04 3.526677744700673178e-04
7.168507349999999860e+02 3.505931037227564672e-04 3.543005469812332488e-04
7.168510474999999360e+02 3.850239512219438939e-04 3.558949789938413346e-04
7.168513599999999997e+02 3.986961026917168168e-04 3.574527473366150292e-04
7.168516724999999497e+02 3.509884831601206307e-04 3.589754434999329973e-04
7.168519850000000133e+02 3.669739977703733607e-04 3.604645783776829968e-04
7.168522974999999633e+02 3.731958202499194126e-04 3.619215867356639807e-04
7.168526100000000270e+02 3.380906701495189231e-04 3.633478314361640333e-04
7.168529224999999769e+02 3.444798007564472812e-04 3.647446074137965775e-04
7.168532350000000406e+02 3.542093880431134529e-04 3.661131454318252158e-04
7.168535474999999906e+02 3.491393863430734107e-04 3.674546156143406145e-04
7.168538599999999406e+02 3.333197392508500403e-04 3.687701307817271715e-04
7.168541725000000042e+02 3.520901559133407218e-04 3.700607495880364078e-04
7.168544849999999542e+02 3.750899305183002163e-04 3.713274794762995022e-04
7.168547975000000179e+02 3.535889876069577518e-04 3.725712794665989860e-04
7.168551099999999678e+02 3.793539550142614367e-04 3.737930627752093240e-04
7.168554225000000315e+02 3.184030844889330827e-04 3.749936992884925690e-04
7.168557349999999815e+02 3.460253545872297174e-04 3.761740178860122855e-04
7.168560475000000451e+02 3.335763435944947945e-04 3.773348086355862285e-04
7.168563599999999951e+02 3.833690365252834437e-04 3.784768248543267551e-04
7.168566724999999451e+02 3.873399275302361554e-04 3.796007850566044252e-04
7.168569850000000088e+02 4.214554579746597647e-04 3.807073747854211620e-04
7.168572974999999587e+02 4.254643096672649930e-04 3.817972483383381380e-04
7.168576100000000224e+02 3.771048637955372275e-04 3.828710303981848516e-04
7.168579224999999724e+02 3.913579479261300063e-04 3.839293175645811613e-04
7.168582350000000361e+02 4.165600554701141887e-04 3.849726798041797180e-04
7.168585474999999860e+02 3.878409376823575686e-04 3.860016618124159789e-04
7.168588599999999360e+02 4.030148038921487451e-04 3.870167843036950240e-04
7.168591724999999997e+02 3.953475264873112615e-04 3.880185452251016772e-04
7.168594849999999497e+02 3.997017404316420791e-04 3.890074209019377311e-04
7.168597975000000133e+02 3.833382155297757163e-04 3.899838671227160206e-04
7.168601099999999633e+02 3.943207222414132473e-04 3.909483201584414364e-04
7.168604225000000270e+02 3.779090588894120674e-04 3.919011977309345995e-04
7.168607349999999769e+02 3.792080430187533464e-04 3.928428999222182512e-04
7.168610475000000406e+02 3.954710395056281478e-04 3.937738100393815312e-04
7.168613599999999906e+02 3.873089880707109153e-04 3.946942954268031507e-04
