7.056520254999999224e+02 4.458277450154742114e-04 4.187308112302524313e-04
7.056523379999999861e+02 4.573605870557960907e-04 4.186246217437478850e-04
7.056526504999999361e+02 4.993648862999080021e-04 4.184733971158182460e-04
7.056529629999999997e+02 4.267621732853644286e-04 4.182754952549860719e-04
7.056532754999999497e+02 3.963630749863269347e-04 4.180292055287784499e-04
7.056535880000000134e+02 4.544024146425165744e-04 4.177327457552815616e-04
7.056539004999999634e+02 4.636138507603295160e-04 4.173842590788734539e-04
7.056542130000000270e+02 4.571749790781324489e-04 4.169818107261461263e-04
7.056545254999999770e+02 4.099052633296204379e-04 4.165233846450406142e-04
7.056548379999999270e+02 3.723213722902382985e-04 4.160068800236554161e-04
7.056551504999999906e+02 4.019635802828645929e-04 4.154301076933297841e-04
7.056554629999999406e+02 4.185835785959909298e-04 4.147907864174634894e-04
7.056557755000000043e+02 4.188047559610511873e-04 4.140865390671768891e-04
7.056560879999999543e+02 3.911133828841674670e-04 4.133148886947410274e-04
7.056564005000000179e+02 3.931088219471357112e-04 4.124732545045897182e-04
7.056567129999999679e+02 4.550484244109024158e-04 4.115589477393912714e-04
7.056570254999999179e+02 3.954050566732096226e-04 4.105691674842865905e-04
7.056573379999999815e+02 3.799353335093018000e-04 4.095009964111256257e-04
7.056576504999999315e+02 3.638844355218185072e-04 4.083513964782861769e-04
7.056579629999999952e+02 4.233159841478392402e-04 4.071172046033184715e-04
7.056582754999999452e+02 4.309054183314025947e-04 4.057951283449050977e-04
7.056585880000000088e+02 4.212163314232673299e-04 4.043817416124028796e-04
7.056589004999999588e+02 3.325899541307754154e-04 4.028734804545794313e-04
7.056592130000000225e+02 3.976314235116011836e-04 4.012666389560205294e-04
7.056595254999999725e+02 3.618281134485161173e-04 3.995573653092379207e-04
7.056598379999999224e+02 4.044200584538401371e-04 3.977416581058057033e-04
7.056601504999999861e+02 3.941956288230669299e-04 3.958153629306351341e-04
7.056604629999999361e+02 4.011922206137075631e-04 3.937741693358505729e-04
7.056607754999999997e+02 3.924459542412123613e-04 3.916136082803168693e-04
7.056610879999999497e+02 3.947365217292715710e-04 3.893290501614183122e-04
7.056614005000000134e+02 3.464618753410216739e-04 3.869157035403666348e-04
7.056617129999999634e+02 3.759604112561803135e-04 3.843686147288088214e-04
7.056620255000000270e+02 3.908555221404410294e-04 3.816826683729240052e-04
7.056623379999999770e+02 3.478818857339763151e-04 3.788525892485793980e-04
7.056626504999999270e+02 3.618329743656594193e-04 3.758729454494987693e-04
7.056629629999999906e+02 3.566495614305194859e-04 3.727381532303293121e-04
7.056632754999999406e+02 3.566298352845303620e-04 3.694424837651823636e-04
7.056635880000000043e+02 3.868833702867255733e-04 3.659800721114713244e-04
7.056639004999999543e+02 3.248520906807250133e-04 3.623449287478208497e-04
7.056642130000000179e+02 3.279339933313959576e-04 3.585309540275474706e-04
7.056645254999999679e+02 3.197130399111854744e-04 3.545319560096508353e-04
7.056648379999999179e+02 2.739243047269886394e-04 3.503416720934832422e-04
7.056651504999999815e+02 3.440250620513566476e-04 3.459537950054523384e-04
7.056654629999999315e+02 3.418202151959812639e-04 3.413620036901354932e-04
7.056657754999999952e+02 3.511054743436084393e-04 3.365599997033988941e-04
7.056660879999999452e+02 3.244089240156646436e-04 3.315415498148080778e-04
7.056664005000000088e+02 3.072581213001398864e-04 3.263005354826142672e-04
7.056667129999999588e+02 3.190947234778037257e-04 3.208310100185511387e-04
7.056670255000000225e+02 2.963177118927927509e-04 3.151272641852579867e-04
7.056673379999999725e+02 3.192613180442262005e-04 3.091839011197683603e-04
7.056676504999999224e+02 3.455700084604634089e-04 3.029959213722928282e-04
7.056679629999999861e+02 2.711939031694394413e-04 2.965588189622074457e-04
7.056682754999999361e+02 3.176929950457563559e-04 2.898686892621161700e-04
7.056685879999999997e+02 2.972548631087208845e-04 2.829223494620738749e-04
7.056689004999999497e+02 2.524728425230613588e-04 2.757174723630389590e-04
7.056692130000000134e+02 2.689341464055132794e-04 2.682527339781048763e-04
7.056695254999999634e+02 2.033907556305619626e-04 2.605279753868333485e-04
7.056698380000000270e+02 2.462679826726569968e-04 2.525443788676249354e-04
7.056701504999999770e+02 1.938530915462839427e-04 2.443046581717057053e-04
7.056704629999999270e+02 2.556990729976020690e-04 2.358132622091013556e-04
7.056707754999999906e+02 2.250119137269271060e-04 2.270765910576115108e-04
7.056710879999999406e+02 2.077323574979115866e-04 2.181032224847789271e-04
7.056714005000000043e+02 2.391522555628564301e-04 2.089041464302235146e-04
7.056717129999999543e+02 1.784567458279345549e-04 1.994930041617846820e-04
7.056720255000000179e+02 1.689338113828550995e-04 1.898863276784219171e-04
7.056723379999999679e+02 1.794481221421407962e-04 1.801037740863893415e-04
7.056726504999999179e+02 1.723931470218032478e-04 1.701683483337422499e-04
7.056729629999999815e+02 1.575185147003530764e-04 1.601066067126742697e-04
7.056732754999999315e+02 1.357566562612468216e-04 1.499488322628539925e-04
7.056735879999999952e+02 1.645207563189975326e-04 1.397291721242386394e-04
7.056739004999999452e+02 1.209197452711933360e-04 1.294857260958385767e-04
7.056742130000000088e+02 1.532215216792864280e-04 1.192605747839108900e-04
7.056745254999999588e+02 1.154045510115892019e-04 1.090997356553473422e-04
7.056748380000000225e+02 1.103751781371458486e-04 9.905303525739994738e-05
7.056751504999999725e+02 7.501559388167715185e-05 8.917388688624483170e-05
7.056754629999999224e+02 9.439413795095163767e-05 7.951896424574868337e-05
7.056757754999999861e+02 8.668214776403036250e-05 7.014776412675228807e-05
7.056760879999999361e+02 6.204621690727098898e-05 6.112205412334473752e-05
7.056764004999999997e+02 8.261576089210696523e-05 5.250520534974127310e-05
7.056767129999999497e+02 4.897547884640586377e-05 4.436141492145342815e-05
7.056770255000000134e+02 5.601635825253819726e-05 3.675482805176687846e-05
7.056773379999999634e+02 3.031725026543098618e-05 2.974857543122585922e-05
7.056776505000000270e+02 4.425949104967272327e-05 2.340374700517035972e-05
7.056779629999999770e+02 3.980106553989701002e-05 1.777832872961544316e-05
7.056782754999999270e+02 2.792297081716614684e-05 1.292613322300182676e-05
7.056785879999999906e+02 1.630898241774847061e-05 8.895758677058388889e-06
7.056789004999999406e+02 1.551617733940534576e-05 5.729612022730099144e-06
7.056792130000000043e+02 2.231687547558880799e-05 3.463032222357444007e-06
7.056795254999999543e+02 1.215490195209259231e-05 2.123547415925836472e-06
7.056798380000000179e+02 2.862356183732457646e-06 1.730295363538928303e-06
7.056801504999999679e+02 7.513959509491247714e-06 2.293630601202232387e-06
7.056804629999999179e+02 3.028431260158634010e-06 3.814934076670292791e-06
7.056807754999999815e+02 2.480198947156054894e-06 6.286632414571231537e-06
7.056810879999999315e+02 1.966454826824308883e-05 9.692424849210436421e-06
7.056814004999999952e+02 1.774757765675831850e-05 1.400770698141384290e-05
7.056817129999999452e+02 8.286388851345450829e-06 1.920017234916097349e-05
7.056820255000000088e+02 2.406201555075937102e-05 2.523056606466378841e-05
7.056823379999999588e+02 2.056428647379845406e-05 3.205355958825167168e-05
7.056826505000000225e+02 2.969757008244906866e-05 3.961871267285410657e-05
7.056829629999999725e+02 4.181756568636325379e-05 4.787148724482967780e-05
7.056832754999999224e+02 3.731883950428552992e-05 5.675427890093350214e-05
7.056835879999999861e+02 6.215136402873179544e-05 6.620743399828586152e-05
7.056839004999999361e+02 7.122970899514628914e-05 7.617022416710981245e-05
7.056842129999999997e+02 8.499536544997890811e-05 8.658175479757350000e-05
7.056845254999999497e+02 6.222957273891991975e-05 9.738178915505949103e-05
7.056848380000000134e+02 1.053142788169584686e-04 1.085114753579312455e-04
7.056851504999999634e+02 1.131058891580502974e-04 1.199139684111056757e-04
7.056854630000000270e+02 1.536082631152892240e-04 1.315349444800191687e-04
7.056857754999999770e+02 1.171696634318310806e-04 1.433230084503556460e-04
7.056860879999999270e+02 1.296765101337793587e-04 1.552299994528876122e-04
7.056864004999999906e+02 1.414708595247272569e-04 1.672112014011224864e-04
7.056867129999999406e+02 1.628860271955962240e-04 1.792254675766174316e-04
7.056870255000000043e+02 1.568827462182759527e-04 1.912352694433628252e-04
7.056873379999999543e+02 1.779064458549167889e-04 2.032066802513539361e-04
7.056876505000000179e+02 1.712398239582073323e-04 2.151093042596691120e-04
7.056879629999999679e+02 2.471494087961159918e-04 2.269161617615506272e-04
7.056882754999999179e+02 2.340195992563817913e-04 2.386035397008103476e-04
7.056885879999999815e+02 2.541619487685172906e-04 2.501508165583624121e-04
7.056889004999999315e+02 2.035180583086772211e-04 2.615402693563485793e-04
7.056892129999999952e+02 2.475142361228058804e-04 2.727568695897629111e-04
7.056895254999999452e+02 2.873491625612418685e-04 2.837880737197244312e-04
7.056898380000000088e+02 2.716429102455126436e-04 2.946236131067333391e-04
7.056901504999999588e+02 2.623313697404605583e-04 3.052552870858271606e-04
7.056904630000000225e+02 3.900251201348053226e-04 3.156767623138133426e-04
7.056907754999999725e+02 3.535770618554778181e-04 3.258833805300375037e-04
7.056910879999999224e+02 3.479639605805290347e-04 3.358719764826061018e-04
7.056914004999999861e+02 3.306364329686109797e-04 3.456407070163657318e-04
7.056917129999999361e+02 3.344925627652036142e-04 3.551888920063218220e-04
7.056920254999999997e+02 3.822284499208443149e-04 3.645168674483147890e-04
7.056923379999999497e+02 3.973342181938066650e-04 3.736258506065127309e-04
7.056926505000000134e+02 3.754745356415924856e-04 3.825178170859104576e-04
7.056929629999999634e+02 4.001392434459026363e-04 3.911953893116761017e-04
7.056932755000000270e+02 3.990213011347420340e-04 3.996617359887094244e-04
7.056935879999999770e+02 3.739163266276750099e-04 4.079204818211912189e-04
7.056939004999999270e+02 4.370017067384336846e-04 4.159756269215953263e-04
7.056942129999999906e+02 4.823989103306826733e-04 4.238314751357443355e-04
7.056945254999999406e+02 4.615258901819608694e-04 4.314925706152122615e-04
7.056948380000000043e+02 4.378541915656880079e-04 4.389636419716334099e-04
7.056951504999999543e+02 4.052229040531263099e-04 4.462495532712348867e-04
7.056954630000000179e+02 4.850634006426351574e-04 4.533552613132959381e-04
7.056957754999999679e+02 4.199274288451136693e-04 4.602857784976597849e-04
7.056960879999999179e+02 5.043018840732666017e-04 4.670461407940622138e-04
7.056964004999999815e+02 5.141695306777088921e-04 4.736413802178721750e-04
7.056967129999999315e+02 5.082768488855280570e-04 4.800765013506223290e-04
7.056970254999999952e+02 5.608013493394615329e-04 4.863564614789583625e-04
7.056973379999999452e+02 4.951316656332280068e-04 4.924861538832879353e-04
7.056976505000000088e+02 5.001276112825525210e-04 4.984703939761954070e-04
7.056979629999999588e+02 5.274977068679301100e-04 5.043139078805453134e-04
7.056982755000000225e+02 5.480186731562379423e-04 5.100213232149706719e-04
7.056985879999999725e+02 5.578402722300174850e-04 5.155971617442050691e-04
7.056989004999999224e+02 5.497272881717467363e-04 5.210458337160740793e-04
7.056992129999999861e+02 5.120224373652838530e-04 5.263716336142623816e-04
7.056995254999999361e+02 5.711049425616501621e-04 5.315787371546033075e-04
7.056998379999999997e+02 5.152510685688907899e-04 5.366711993706807298e-04
7.057001504999999497e+02 5.857761870892760209e-04 5.416529535883405581e-04
7.057004630000000134e+02 6.032170798766409679e-04 5.465278112127674179e-04
7.057007754999999634e+02 5.442577887801545045e-04 5.512994621498494173e-04
7.057010880000000270e+02 5.855894338562916794e-04 5.559714758152585522e-04
7.057014004999999770e+02 5.814571177597964479e-04 5.605473025826846010e-04
7.057017129999999270e+02 6.456063831648783643e-04 5.650302756448753088e-04
7.057020254999999906e+02 6.808327430816265343e-04 5.694236131742420664e-04
7.057023379999999406e+02 6.046532692773593344e-04 5.737304207398165193e-04
7.057026505000000043e+02 5.570022066602802694e-04 5.779536939426845391e-04
7.057029629999999543e+02 5.714601332900103026e-04 5.820963211845787619e-04
7.057032755000000179e+02 5.712908457791194975e-04 5.861610865784916370e-04
7.057035879999999679e+02 6.278814046572695536e-04 5.901506729180239349e-04
7.057039004999999179e+02 6.628673761804521666e-04 5.940676647231034812e-04
7.057042129999999815e+02 6.272835821732556391e-04 5.979145512996868455e-04
7.057045254999999315e+02 6.523870510240659809e-04 6.016937298077394561e-04
7.057048379999999952e+02 5.517127391630288454e-04 6.054075083329605493e-04
7.057051504999999452e+02 6.164826051320099415e-04 6.090581089127141291e-04
7.057054630000000088e+02 6.186154087604735880e-04 6.126476705462405130e-04
7.057057754999999588e+02 5.519397743321807206e-04 6.161782521356039483e-04
7.057060880000000225e+02 6.203994237482808160e-04 6.196518353915048127e-04
7.057064004999999725e+02 6.295891420311681367e-04 6.230703276554090805e-04
7.057067129999999224e+02 6.062472677556556173e-04 6.264355646725845717e-04
7.057070254999999861e+02 5.917484167668077104e-04 6.297493132800027196e-04
7.057073379999999361e+02 6.325374397703070490e-04 6.330132740192035735e-04
7.057076504999999997e+02 6.965572087540821550e-04 6.362290836835724243e-04
7.057079629999999497e+02 6.552082218756964237e-04 6.393983177688609271e-04
7.057082755000000134e+02 6.474134796820337889e-04 6.425224928630189234e-04
7.057085879999999634e+02 6.051606074891085910e-04 6.456030689377519017e-04
7.057089005000000270e+02 6.160607735523603848e-04 6.486414515790421033e-04
7.057092129999999770e+02 6.382928855689114353e-04 6.516389941209782023e-04
7.057095254999999270e+02 6.043617695447593870e-04 6.545969997187457397e-04
7.057098379999999906e+02 5.827117849151819753e-04 6.575167233341954083e-04
7.057101504999999406e+02 6.615226874836847805e-04 6.603993736469338047e-04
7.057104630000000043e+02 6.555855018380099281e-04 6.632461149029077576e-04
7.057107754999999543e+02 6.106459886837390912e-04 6.660580686760010551e-04
7.057110880000000179e+02 6.828896264730011881e-04 6.688363155770601616e-04
7.057114004999999679e+02 6.362314490870458854e-04 6.715818968792135624e-04
7.057117129999999179e+02 7.112409764888421790e-04 6.742958160933130388e-04
7.057120254999999815e+02 6.547114043656234372e-04 6.769790404701215821e-04
7.057123379999999315e+02 6.511282935684201741e-04 6.796325024417520502e-04
7.057126504999999952e+02 6.155913851833784336e-04 6.822571010139475561e-04
7.057129629999999452e+02 7.116204656287999962e-04 6.848537030870908504e-04
7.057132755000000088e+02 6.765626419184208890e-04 6.874231447379153866e-04
7.057135879999999588e+02 7.263967711266590844e-04 6.899662324333999744e-04
7.057139005000000225e+02 6.016798095059047290e-04 6.924837442090967226e-04
7.057142129999999725e+02 6.635327629901363383e-04 6.949764307839349266e-04
