7.159072139999999536e+02 3.701241881872940854e-04 3.281937724964166135e-04
7.159075264999999035e+02 3.439451115183831927e-04 3.285241610222026931e-04
7.159078389999999672e+02 3.440255121610087804e-04 3.288396490334811887e-04
7.159081514999999172e+02 3.400162961111610413e-04 3.291396463882963978e-04
7.159084639999999808e+02 3.422133220942538950e-04 3.294235345212676545e-04
7.159087764999999308e+02 3.039673770764432970e-04 3.296906648482726774e-04
7.159090889999999945e+02 3.548069616891757669e-04 3.299403570723519132e-04
7.159094014999999445e+02 2.978920585380078964e-04 3.301718973806741443e-04
7.159097140000000081e+02 3.734239092126980832e-04 3.303845365283215266e-04
7.159100264999999581e+02 3.384643901318693730e-04 3.305774877981338929e-04
7.159103389999999081e+02 3.836373101081708994e-04 3.307499248308302725e-04
7.159106514999999717e+02 3.802341323678290106e-04 3.309009793143557576e-04
7.159109639999999217e+02 3.263978620941690814e-04 3.310297385237957117e-04
7.159112764999999854e+02 3.473204874368085015e-04 3.311352427019417484e-04
7.159115889999999354e+02 3.028139280149828145e-04 3.312164822683060818e-04
7.159119014999999990e+02 3.549188486195800629e-04 3.312723948462920781e-04
7.159122139999999490e+02 3.417259600011469077e-04 3.313018620948263984e-04
7.159125264999998990e+02 3.120599700991405598e-04 3.313037063321061081e-04
7.159128389999999627e+02 3.166970630857562983e-04 3.312766869366612311e-04
7.159131514999999126e+02 3.240759805569784989e-04 3.312194965111814543e-04
7.159134639999999763e+02 3.231313512327281708e-04 3.311307567928539254e-04
7.159137764999999263e+02 2.777548374783895993e-04 3.310090142938238301e-04
7.159140889999999899e+02 3.362066718384974047e-04 3.308527356533271240e-04
7.159144014999999399e+02 3.463087265457865651e-04 3.306603026838562595e-04
7.159147140000000036e+02 2.961608379051836699e-04 3.304300070903203480e-04
7.159150264999999536e+02 3.278512756290232833e-04 3.301600448435488199e-04
7.159153389999999035e+02 3.439180377957747254e-04 3.298485101846891361e-04
7.159156514999999672e+02 3.271628506604566623e-04 3.294933892403027341e-04
7.159159639999999172e+02 3.079922185934012889e-04 3.290925532250381130e-04
7.159162764999999808e+02 3.199645800781060478e-04 3.286437512071171182e-04
7.159165889999999308e+02 3.699110459220523507e-04 3.281446024168604221e-04
7.159169014999999945e+02 3.265749801053030631e-04 3.275925880704664856e-04
7.159172139999999445e+02 3.561727187093702610e-04 3.269850426916023293e-04
7.159175265000000081e+02 2.699388354520602376e-04 3.263191449032786570e-04
7.159178389999999581e+02 3.113106688539388949e-04 3.255919076764057373e-04
7.159181514999999081e+02 2.846794089026310776e-04 3.248001680106005836e-04
7.159184639999999717e+02 3.521642646161755679e-04 3.239405760387142788e-04
7.159187764999999217e+02 3.543248583993889415e-04 3.230095835436697896e-04
7.159190889999999854e+02 3.455110529807285885e-04 3.220034318804714489e-04
7.159194014999999354e+02 3.409876476919143770e-04 3.209181393162439315e-04
7.159197139999999990e+02 3.194404917010545920e-04 3.197494877925316590e-04
7.159200264999999490e+02 2.682880791776746064e-04 3.184930091494888259e-04
7.159203389999998990e+02 2.809330755465580792e-04 3.171439708440412092e-04
7.159206514999999627e+02 3.356907416867143572e-04 3.156973612367746881e-04
7.159209639999999126e+02 2.747818671056700187e-04 3.141478745341002741e-04
7.159212764999999763e+02 2.766867876037315283e-04 3.124898955007189842e-04
7.159215889999999263e+02 2.774256817267509861e-04 3.107174841155409630e-04
7.159219014999999899e+02 2.802435102367831698e-04 3.088243603593713270e-04
7.159222139999999399e+02 3.241569841465404434e-04 3.068038894163028921e-04
7.159225265000000036e+02 2.870396387602225591e-04 3.046490675991855705e-04
7.159228389999999536e+02 3.073750562187142852e-04 3.023525094348143553e-04
7.159231514999999035e+02 2.610982191433938336e-04 2.999064363986308937e-04
7.159234639999999672e+02 2.892050271499157317e-04 2.973026679482593596e-04
7.159237764999999172e+02 2.691145544573933404e-04 2.945326156203976141e-04
7.159240889999999808e+02 3.160049661048936680e-04 2.915872811173093339e-04
7.159244014999999308e+02 2.397000246208026285e-04 2.884572595401197490e-04
7.159247139999999945e+02 2.820201132022438165e-04 2.851327490982870426e-04
7.159250264999999445e+02 3.296680110673671582e-04 2.816035689557349090e-04
7.159253390000000081e+02 2.632320313638474626e-04 2.778591871086419861e-04
7.159256514999999581e+02 2.387109454631217978e-04 2.738887606136104704e-04
7.159259639999999081e+02 2.607384953755340464e-04 2.696811907993671592e-04
7.159262764999999717e+02 2.144151454133571633e-04 2.652251966041887219e-04
7.159265889999999217e+02 2.435902333863465617e-04 2.605094096140929383e-04
7.159269014999999854e+02 2.282995693026726078e-04 2.555224948789853361e-04
7.159272139999999354e+02 2.382764138025374493e-04 2.502533021710092202e-04
7.159275264999999990e+02 2.458560663129955937e-04 2.446910527741955554e-04
7.159278389999999490e+02 2.252346145869719095e-04 2.388255674860533927e-04
7.159281514999998990e+02 2.326014117014371337e-04 2.326475417833624465e-04
7.159284639999999627e+02 2.115962391454636704e-04 2.261488744414289517e-04
7.159287764999999126e+02 2.426951435808776219e-04 2.193230558073657550e-04
7.159290889999999763e+02 2.266496966991247064e-04 2.121656215257634989e-04
7.159294014999999263e+02 2.105387728222404158e-04 2.046746766904895170e-04
7.159297139999999899e+02 1.330474670103255546e-04 1.968514936470874301e-04
7.159300264999999399e+02 1.769577011784625618e-04 1.887011843152325860e-04
7.159303390000000036e+02 2.113004833092802512e-04 1.802334440841113830e-04
7.159306514999999536e+02 1.780731464909429392e-04 1.714633595099616307e-04
7.159309639999999035e+02 1.611761270748454276e-04 1.624122653091538131e-04
7.159312764999999672e+02 1.384000343357626975e-04 1.531086280810932095e-04
7.159315889999999172e+02 1.198798569150861393e-04 1.435889242110292082e-04
7.159319014999999808e+02 1.813032836958216177e-04 1.338984680920077253e-04
7.159322139999999308e+02 1.286033734166697391e-04 1.240921347434857278e-04
7.159325264999999945e+02 1.265345718890894481e-04 1.142349085833673877e-04
7.159328389999999445e+02 1.295068553080184104e-04 1.044021796621884545e-04
7.159331515000000081e+02 9.625121554383581513e-05 9.467970111989566740e-05
7.159334639999999581e+02 1.326302548604252536e-04 8.516312016746004597e-05
7.159337764999999081e+02 8.607792083376893241e-05 7.595700111392685375e-05
7.159340889999999717e+02 7.460024375329053911e-05 6.717327605663637395e-05
7.159344014999999217e+02 5.639056481189458163e-05 5.892908771423418233e-05
7.159347139999999854e+02 5.669490252601738447e-05 5.134403028999751523e-05
7.159350264999999354e+02 5.857680454795027793e-05 4.453684654499088759e-05
7.159353389999999990e+02 3.822674333958846687e-05 3.862169807224793722e-05
7.159356514999999490e+02 4.621438100801370137e-05 3.370418530998034738e-05
7.159359639999998990e+02 3.459888957478675440e-05 2.987734514887120313e-05
7.159362764999999627e+02 4.324817918002033879e-05 2.721788875075281913e-05
7.159365889999999126e+02 2.363440070360312212e-05 2.578295191302407081e-05
7.159369014999999763e+02 3.176030303745824623e-05 2.560761025982426925e-05
7.159372139999999263e+02 2.260358721433186781e-05 2.670336096291178063e-05
7.159375264999999899e+02 2.808283847618509629e-05 2.905769614726218397e-05
7.159378389999999399e+02 3.221691743466666591e-05 3.263480008148985636e-05
7.159381515000000036e+02 2.940570942427394129e-05 3.737730518157851974e-05
7.159384639999999536e+02 2.479937540310851924e-05 4.320895400931570223e-05
7.159387764999999035e+02 5.033416575668014020e-05 5.003794738742432455e-05
7.159390889999999672e+02 3.454179857177097298e-05 5.776071965418889796e-05
7.159394014999999172e+02 4.512220180751658595e-05 6.626587354703462429e-05
7.159397139999999808e+02 6.760136791699369722e-05 7.543802651270453967e-05
7.159400264999999308e+02 7.714386468050565316e-05 8.516136089397748315e-05
7.159403389999999945e+02 6.921186839564467117e-05 9.532272445553162236e-05
7.159406514999999445e+02 1.451702315468942012e-04 1.058141857945753630e-04
7.159409640000000081e+02 1.025533611901227517e-04 1.165350047270724608e-04
7.159412764999999581e+02 1.157475183013500147e-04 1.273930245871666175e-04
7.159415889999999081e+02 1.143238664275353860e-04 1.383055295116692644e-04
7.159419014999999717e+02 1.203150654821187262e-04 1.491996335119992402e-04
7.159422139999999217e+02 1.587471466434838582e-04 1.600122811084136586e-04
7.159425264999999854e+02 1.860758652881297590e-04 1.706899429007815603e-04
7.159428389999999354e+02 1.676572458676963036e-04 1.811880859813069138e-04
7.159431514999999990e+02 1.823354213609104050e-04 1.914704913768801114e-04
7.159434639999999490e+02 1.569027585300398553e-04 2.015084799609772757e-04
7.159437764999998990e+02 2.086668195541813121e-04 2.112800970735642984e-04
7.159440889999999627e+02 2.067867765291102550e-04 2.207692946591715470e-04
7.159444014999999126e+02 2.437959058440390941e-04 2.299651396346913943e-04
7.159447139999999763e+02 2.335303090845636568e-04 2.388610683494429561e-04
7.159450264999999263e+02 2.437206383266744001e-04 2.474541995867099312e-04
7.159453389999999899e+02 3.036632508233168921e-04 2.557447129676374258e-04
7.159456514999999399e+02 2.550312272250802414e-04 2.637352950239646443e-04
7.159459640000000036e+02 2.778899653988596173e-04 2.714306522223718359e-04
7.159462764999999536e+02 2.621034568042234295e-04 2.788370878326710818e-04
7.159465889999999035e+02 3.242241073322300903e-04 2.859621383165853012e-04
7.159469014999999672e+02 2.980084067135126916e-04 2.928142639576349028e-04
7.159472139999999172e+02 3.451562102060012601e-04 2.994025882129750632e-04
7.159475264999999808e+02 3.201309103563674510e-04 3.057366802400931236e-04
7.159478389999999308e+02 3.324530928219301246e-04 3.118263751677468774e-04
7.159481514999999945e+02 3.002472936492456669e-04 3.176816271543183830e-04
7.159484639999999445e+02 3.361506524932528542e-04 3.233123905479642186e-04
7.159487765000000081e+02 3.215835888251578089e-04 3.287285250634649570e-04
7.159490889999999581e+02 3.318545411074510262e-04 3.339397212133762404e-04
7.159494014999999081e+02 3.365491561189090934e-04 3.389554428110144149e-04
7.159497139999999717e+02 3.481662420891696880e-04 3.437848836691793615e-04
7.159500264999999217e+02 3.576754489053102833e-04 3.484369360771861785e-04
7.159503389999999854e+02 3.649777294799704062e-04 3.529201689819367357e-04
7.159506514999999354e+02 3.846694550784050533e-04 3.572428140506754123e-04
7.159509639999999990e+02 4.515284789719684554e-04 3.614127581614068395e-04
7.159512764999999490e+02 4.263721318879043010e-04 3.654375410006044269e-04
7.159515889999998990e+02 3.930789355949301897e-04 3.693243567551859159e-04
7.159519014999999627e+02 3.202003993568369104e-04 3.730800589748820245e-04
7.159522139999999126e+02 4.128752971614798239e-04 3.767111678876770191e-04
7.159525264999999763e+02 3.876452190096456437e-04 3.802238795754765352e-04
7.159528389999999263e+02 3.799463887197206211e-04 3.836240764800581248e-04
7.159531514999999899e+02 3.660603409986714404e-04 3.869173388750809595e-04
7.159534639999999399e+02 3.786615755354850186e-04 3.901089569348989558e-04
7.159537765000000036e+02 4.250404272099197935e-04 3.932039431756615506e-04
7.159540889999999536e+02 4.027042059418784988e-04 3.962070450195605449e-04
7.159544014999999035e+02 4.302764403448847402e-04 3.991227573519240315e-04
7.159547139999999672e+02 3.862723916824642987e-04 4.019553349125469782e-04
7.159550264999999172e+02 4.358333662752420694e-04 4.047088044335980100e-04
7.159553389999999808e+02 4.353286426260175750e-04 4.073869764585888236e-04
7.159556514999999308e+02 3.589466010173385604e-04 4.099934567622756697e-04
7.159559639999999945e+02 4.451737855897484062e-04 4.125316573639519532e-04
7.159562764999999445e+02 4.463864892226212405e-04 4.150048070775929211e-04
7.159565890000000081e+02 4.300012591440578887e-04 4.174159616144894531e-04
7.159569014999999581e+02 4.144903235431894703e-04 4.197680132024633162e-04
7.159572139999999081e+02 4.594042853355336919e-04 4.220636997499583633e-04
7.159575264999999717e+02 4.397711421892830136e-04 4.243056135381455653e-04
7.159578389999999217e+02 4.531339167370692180e-04 4.264962094597377529e-04
7.159581514999999854e+02 4.102607399942675417e-04 4.286378128245391171e-04
7.159584639999999354e+02 5.271638854770410634e-04 4.307326267262083876e-04
7.159587764999999990e+02 4.027183543200677407e-04 4.327827390109563704e-04
7.159590889999999490e+02 4.126494013230338456e-04 4.347901288402784012e-04
7.159594014999998990e+02 4.246270825686880102e-04 4.367566728890577912e-04
7.159597139999999627e+02 4.760229504064338274e-04 4.386841511779963941e-04
7.159600264999999126e+02 3.777788583613455437e-04 4.405742525660791080e-04
7.159603389999999763e+02 4.390108217609709970e-04 4.424285799273760590e-04
7.159606514999999263e+02 4.265540306724049328e-04 4.442486550121867487e-04
7.159609639999999899e+02 4.821897052124163503e-04 4.460359230306154359e-04
7.159612764999999399e+02 4.297906093758018160e-04 4.477917569532207623e-04
7.159615890000000036e+02 4.274716073038955545e-04 4.495174615655591829e-04
7.159619014999999536e+02 5.174199818788192181e-04 4.512142772707550416e-04
7.159622139999999035e+02 4.346454588643617603e-04 4.528833836742174042e-04
7.159625264999999672e+02 4.542448598289170738e-04 4.545259029481907211e-04
7.159628389999999172e+02 4.601922819860094680e-04 4.561429029955525564e-04
7.159631514999999808e+02 4.918403804582454275e-04 4.577354004307774248e-04
7.159634639999999308e+02 4.459761762176075637e-04 4.593043633748187388e-04
7.159637764999999945e+02 4.550481909820999239e-04 4.608507140929962221e-04
7.159640889999999445e+02 4.349360397062552899e-04 4.623753314675848832e-04
7.159644015000000081e+02 5.032371899876145280e-04 4.638790533330275508e-04
7.159647139999999581e+02 4.617059541112780198e-04 4.653626786648251646e-04
7.159650264999999081e+02 4.153846348011846872e-04 4.668269696478519128e-04
7.159653389999999717e+02 4.516878949955972604e-04 4.682726536182830242e-04
7.159656514999999217e+02 5.223451534676023557e-04 4.697004248922829030e-04
7.159659639999999854e+02 4.363592144908525839e-04 4.711109464935725444e-04
7.159662764999999354e+02 4.442211667679074410e-04 4.725048517734319531e-04
7.159665889999999990e+02 4.386217540868777263e-04 4.738827459454013824e-04
7.159669014999999490e+02 4.641736055699766670e-04 4.752452075240310618e-04
7.159672139999998990e+02 4.461791615947154717e-04 4.765927896888465611e-04
7.159675264999999627e+02 4.053722045221931614e-04 4.779260215659616811e-04
7.159678389999999126e+02 4.761475201548274745e-04 4.792454094372351433e-04
7.159681514999999763e+02 5.298456541999052192e-04 4.805514378861273830e-04
7.159684639999999263e+02 4.736022894041346052e-04 4.818445708723785473e-04
7.159687764999999899e+02 4.566107576015472863e-04 4.831252527542621205e-04
7.159690889999999399e+02 4.603636965081211270e-04 4.843939092468486115e-04
7.159694015000000036e+02 4.770184445167113146e-04 4.856509483347440804e-04
