7.082182715000000144e+02 3.560563397075303831e-04 3.494910422917320791e-04
7.082185840000000780e+02 3.559681346842644102e-04 3.495604780908233939e-04
7.082188965000000280e+02 3.466109035029418047e-04 3.495476199747738497e-04
7.082192090000000917e+02 3.375626908564136530e-04 3.494484942139246459e-04
7.082195215000000417e+02 3.474205722913311094e-04 3.492589116167947702e-04
7.082198340000001053e+02 3.417182584491729484e-04 3.489744557843923751e-04
7.082201465000000553e+02 3.699871896921593938e-04 3.485904708959201522e-04
7.082204590000000053e+02 3.556916895855260444e-04 3.481020490477545006e-04
7.082207715000000690e+02 3.248442829254800501e-04 3.475040171833134730e-04
7.082210840000000189e+02 3.581436580112722090e-04 3.467909236636460891e-04
7.082213965000000826e+02 3.625399074020108363e-04 3.459570245428572567e-04
7.082217090000000326e+02 3.335430741809707208e-04 3.449962696427007745e-04
7.082220215000000962e+02 3.222621130259892015e-04 3.439022885314196648e-04
7.082223340000000462e+02 3.212081018615145760e-04 3.426683765600128462e-04
7.082226465000001099e+02 3.097755960977735534e-04 3.412874811239987281e-04
7.082229590000000599e+02 3.145183010617887392e-04 3.397521883854586226e-04
7.082232715000000098e+02 3.597507029880286727e-04 3.380547107140727844e-04
7.082235840000000735e+02 3.233292881374829155e-04 3.361868751908643157e-04
7.082238965000000235e+02 3.267376148430329447e-04 3.341401135732580260e-04
7.082242090000000871e+02 3.215714962518297646e-04 3.319054541973899997e-04
7.082245215000000371e+02 3.326979354440514464e-04 3.294735164157115118e-04
7.082248340000001008e+02 2.631342861549310682e-04 3.268345082375676675e-04
7.082251465000000508e+02 2.690404258590745794e-04 3.239782280183752796e-04
7.082254590000000007e+02 2.659718919479849182e-04 3.208940711373577852e-04
7.082257715000000644e+02 3.182065660428024965e-04 3.175710428224791772e-04
7.082260840000000144e+02 2.722095312280338204e-04 3.139977784425840974e-04
7.082263965000000780e+02 2.680679114557785615e-04 3.101625727958613635e-04
7.082267090000000280e+02 2.946956870836968867e-04 3.060534202104480133e-04
7.082270215000000917e+02 2.634919364528841789e-04 3.016580674660743438e-04
7.082273340000000417e+02 2.524660141543427013e-04 2.969640819202156584e-04
7.082276465000001053e+02 2.474574333886429790e-04 2.919589374388386173e-04
7.082279590000000553e+02 2.454266517957901699e-04 2.866301211549116359e-04
7.082282715000000053e+02 2.796037060875629430e-04 2.809652643030925321e-04
7.082285840000000690e+02 2.307674250505699852e-04 2.749523007961038649e-04
7.082288965000000189e+02 2.397989131014546598e-04 2.685796574430450640e-04
7.082292090000000826e+02 2.045134503697602012e-04 2.618364799397412609e-04
7.082295215000000326e+02 1.918486072542180984e-04 2.547128989939625348e-04
7.082298340000000962e+02 2.195682465760622577e-04 2.472003408357769652e-04
7.082301465000000462e+02 2.302848840520837419e-04 2.392918863400578906e-04
7.082304590000001099e+02 1.904707104611056204e-04 2.309826823912692153e-04
7.082307715000000599e+02 1.976760284983074018e-04 2.222704085114242032e-04
7.082310840000000098e+02 1.972153497834225376e-04 2.131558003754230302e-04
7.082313965000000735e+02 2.066174150655129154e-04 2.036432302322468025e-04
7.082317090000000235e+02 1.834896709673523212e-04 1.937413417250423203e-04
7.082320215000000871e+02 1.974302389402189683e-04 1.834637334000112959e-04
7.082323340000000371e+02 1.462927109420807472e-04 1.728296812743884063e-04
7.082326465000001008e+02 1.591664834819798752e-04 1.618648856774417401e-04
7.082329590000000508e+02 1.382418591571802887e-04 1.506022219548126080e-04
7.082332715000000007e+02 1.276574095249702920e-04 1.390824677340551084e-04
7.082335840000000644e+02 1.149452631894646931e-04 1.273549724426526213e-04
7.082338965000000144e+02 1.023077167855014722e-04 1.154782272323849618e-04
7.082342090000000780e+02 1.136694075011417701e-04 1.035202864595902996e-04
7.082345215000000280e+02 9.444599820001499022e-05 9.155898622336120288e-05
7.082348340000000917e+02 9.135084731236221172e-05 7.968190160899273121e-05
7.082351465000000417e+02 8.086965156529595379e-05 6.798598426818512435e-05
7.082354590000001053e+02 7.705097012879910082e-05 5.657682591964458766e-05
7.082357715000000553e+02 6.863756070143423016e-05 4.556750346485955740e-05
7.082360840000000053e+02 6.396343144804509393e-05 3.507697736860798313e-05
7.082363965000000690e+02 5.988785730330364215e-05 2.522803803583961095e-05
7.082367090000000189e+02 5.792809113348036524e-05 1.614482367612341768e-05
7.082370215000000826e+02 4.583352368784713552e-05 7.949966611759292422e-06
7.082373340000000326e+02 3.861392481259686891e-05 7.614605211713983621e-07
7.082376465000000962e+02 3.198795752548340611e-05 -5.310625184692016079e-06
7.082379590000000462e+02 2.898775792530297208e-05 -1.016742920046909308e-05
7.082382715000001099e+02 2.578895897051043385e-05 -1.372440744945898986e-05
7.082385840000000599e+02 1.841958003875927992e-05 -1.591408932978602070e-05
7.082388965000000098e+02 1.944977967511335394e-05 -1.668831359955479202e-05
7.082392090000000735e+02 1.453276619801572982e-05 -1.601980288129749077e-05
7.082395215000000235e+02 6.735758601268246883e-06 -1.390297660710725308e-05
7.082398340000000871e+02 8.766348528148209688e-06 -1.035395330987525124e-05
7.082401465000000371e+02 1.029425675036898860e-05 -5.409749245206503111e-06
7.082404590000001008e+02 1.021302865426152000e-05 8.732648992778500032e-07
7.082407715000000508e+02 1.651134943162238208e-05 8.421539720296363117e-06
7.082410840000000007e+02 2.345873374520942241e-05 1.714701008199038474e-05
7.082413965000000644e+02 1.598089274996982183e-05 2.695007915286300320e-05
7.082417090000000144e+02 2.001294740887859370e-05 3.772275200647670472e-05
7.082420215000000780e+02 1.486930691381263332e-05 4.935175639432354104e-05
7.082423340000000280e+02 4.181167183052171251e-05 6.172150884258303298e-05
7.082426465000000917e+02 3.811191020187309548e-05 7.471681302701686615e-05
7.082429590000000417e+02 4.717204205829867217e-05 8.822520962530285059e-05
7.082432715000001053e+02 4.854227457118420638e-05 1.021389298736825874e-04
7.082435840000000553e+02 6.624049523227978865e-05 1.163564348203046625e-04
7.082438965000000053e+02 7.542531770059166820e-05 1.307835479237708738e-04
7.082442090000000690e+02 8.337271650092997169e-05 1.453342079577230105e-04
7.082445215000000189e+02 1.030441176289969543e-04 1.599308829397275383e-04
7.082448340000000826e+02 1.244842251231192661e-04 1.745046937884364182e-04
7.082451465000000326e+02 1.327342404422433386e-04 1.889952994070050098e-04
7.082454590000000962e+02 1.467163878599900522e-04 2.033505945827501239e-04
7.082457715000000462e+02 1.720434767006828129e-04 2.175262684186134307e-04
7.082460840000001099e+02 1.649648771331215077e-04 2.314852662436697945e-04
7.082463965000000599e+02 1.960779537030917462e-04 2.451971915698696177e-04
7.082467090000000098e+02 2.227181508864954683e-04 2.586376786521771905e-04
7.082470215000000735e+02 2.478619064548276386e-04 2.717877597643236711e-04
7.082473340000000235e+02 2.462874266668923368e-04 2.846332458187262790e-04
7.082476465000000871e+02 3.173554086075944421e-04 2.971641339574292314e-04
7.082479590000000371e+02 2.841109267378077118e-04 3.093740513330635691e-04
7.082482715000001008e+02 3.238683761459246798e-04 3.212597410695583206e-04
7.082485840000000508e+02 2.977923877148442363e-04 3.328205933199524153e-04
7.082488965000000007e+02 3.333416774676363167e-04 3.440582224766225786e-04
7.082492090000000644e+02 3.483001475816219542e-04 3.549760897446650526e-04
7.082495215000000144e+02 3.678028203300406310e-04 3.655791693089101985e-04
7.082498340000000780e+02 3.789659230026961798e-04 3.758736555528834457e-04
7.082501465000000280e+02 3.756348928016803659e-04 3.858667081868970457e-04
7.082504590000000917e+02 4.030209356940828982e-04 3.955662321196107235e-04
7.082507715000000417e+02 4.567294128904116502e-04 4.049806885990429547e-04
7.082510840000001053e+02 4.377748343838984402e-04 4.141189344389847350e-04
7.082513965000000553e+02 4.869968536572342132e-04 4.229900860559301099e-04
7.082517090000000053e+02 5.109060656032068850e-04 4.316034054549887779e-04
7.082520215000000690e+02 4.648643996653122382e-04 4.399682053379476540e-04
7.082523340000000189e+02 4.696557303401959014e-04 4.480937708686528673e-04
7.082526465000000826e+02 4.767840146195741679e-04 4.559892958679539034e-04
7.082529590000000326e+02 5.158749735910466913e-04 4.636638313467364696e-04
7.082532715000000962e+02 5.399967849644412643e-04 4.711262446790163484e-04
7.082535840000000462e+02 5.529103779948963326e-04 4.783851877460924980e-04
7.082538965000001099e+02 5.717352827337429666e-04 4.854490727595884409e-04
7.082542090000000599e+02 4.860557037417917231e-04 4.923260544723588768e-04
7.082545215000000098e+02 5.422530600665706685e-04 4.990240178150911294e-04
7.082548340000000735e+02 5.739086444722739768e-04 5.055505699912581953e-04
7.082551465000000235e+02 5.398127977536065292e-04 5.119130362821116631e-04
7.082554590000000871e+02 5.870737145414415539e-04 5.181184589193329028e-04
7.082557715000000371e+02 5.541881672729791599e-04 5.241735983998618452e-04
7.082560840000001008e+02 5.899301407590007125e-04 5.300849368321943964e-04
7.082563965000000508e+02 5.766169173554807053e-04 5.358586828332122329e-04
7.082567090000000007e+02 6.015209440784763384e-04 5.415007776991762056e-04
7.082570215000000644e+02 6.424306268321981674e-04 5.470169025062622103e-04
7.082573340000000144e+02 6.483674058018063912e-04 5.524124859206336552e-04
7.082576465000000780e+02 5.994241779038694644e-04 5.576927125346626060e-04
7.082579590000000280e+02 6.439834482806995521e-04 5.628625315122198899e-04
7.082582715000000917e+02 6.614138140152002075e-04 5.679266654655440623e-04
7.082585840000000417e+02 6.309010497133040124e-04 5.728896193889780782e-04
7.082588965000001053e+02 6.840055714037195957e-04 5.777556896178396130e-04
7.082592090000000553e+02 6.753768216400658731e-04 5.825289726793875722e-04
7.082595215000000053e+02 5.579756229896878830e-04 5.872133740330990389e-04
7.082598340000000690e+02 6.739868720240400077e-04 5.918126166091689346e-04
7.082601465000000189e+02 5.977847374959151076e-04 5.963302491281658553e-04
7.082604590000000826e+02 6.355441231313448949e-04 6.007696541910642965e-04
7.082607715000000326e+02 6.610147720854846545e-04 6.051340560790129715e-04
7.082610840000000962e+02 6.225344997389629931e-04 6.094265283004727477e-04
7.082613965000000462e+02 6.793107008564458222e-04 6.136500008257928657e-04
7.082617090000001099e+02 6.663451525596284951e-04 6.178072670559548807e-04
7.082620215000000599e+02 6.285533742025094846e-04 6.219009904747019226e-04
7.082623340000000098e+02 6.065158385655546307e-04 6.259337110337013848e-04
7.082626465000000735e+02 7.312705650742625657e-04 6.299078512365487766e-04
7.082629590000000235e+02 7.280445616671049266e-04 6.338257219430224777e-04
7.082632715000000871e+02 6.684720687647015399e-04 6.376895279145073422e-04
7.082635840000000371e+02 6.794254936100969098e-04 6.415013730728040368e-04
7.082638965000001008e+02 6.846239086262381410e-04 6.452632655251550097e-04
7.082642090000000508e+02 6.861125020894179001e-04 6.489771223196921530e-04
7.082645215000000007e+02 6.777215258753118820e-04 6.526447739838819439e-04
7.082648340000000644e+02 6.869664516867389102e-04 6.562679688211290989e-04
7.082651465000000144e+02 6.851992237215143470e-04 6.598483769893677712e-04
7.082654590000000780e+02 7.045918037740385009e-04 6.633875943840956361e-04
7.082657715000000280e+02 6.512973970213536273e-04 6.668871463027220125e-04
7.082660840000000917e+02 6.906252177168931746e-04 6.703484909399449196e-04
7.082663965000000417e+02 6.544328554279562650e-04 6.737730226820784528e-04
7.082667090000001053e+02 6.813165921478365767e-04 6.771620752499625442e-04
7.082670215000000553e+02 6.622581600155923436e-04 6.805169246587256058e-04
7.082673340000000053e+02 6.856937304001192073e-04 6.838387920413515394e-04
7.082676465000000690e+02 7.261333625774901756e-04 6.871288463129545700e-04
7.082679590000000189e+02 7.053657877877994109e-04 6.903882066960169688e-04
7.082682715000000826e+02 6.995764150372826840e-04 6.936179451255511689e-04
7.082685840000000326e+02 7.411565130210491211e-04 6.968190885114284357e-04
7.082688965000000962e+02 6.960131913652138147e-04 6.999926209012375181e-04
7.082692090000000462e+02 7.312598760410973569e-04 7.031394855123864569e-04
7.082695215000001099e+02 7.034681069216915062e-04 7.062605866767331314e-04
7.082698340000000599e+02 6.278030434826571650e-04 7.093567916664975104e-04
7.082701465000000098e+02 6.938700242754310262e-04 7.124289324424016960e-04
7.082704590000000735e+02 6.911529061272039766e-04 7.154778073006245239e-04
7.082707715000000235e+02 7.221048879523657123e-04 7.185041824350080902e-04
7.082710840000000871e+02 6.940291537085718906e-04 7.215087934300000233e-04
7.082713965000000371e+02 7.283588960095799215e-04 7.244923466611019255e-04
7.082717090000001008e+02 6.765472500071571197e-04 7.274555206410551235e-04
7.082720215000000508e+02 6.917433021579693069e-04 7.303989672806788895e-04
7.082723340000000007e+02 7.051978944303919110e-04 7.333233131017179727e-04
7.082726465000000644e+02 6.773961580686046775e-04 7.362291603781075241e-04
7.082729590000000144e+02 6.564756397959143870e-04 7.391170882198919677e-04
7.082732715000000780e+02 7.357339489376499460e-04 7.419876536133050227e-04
7.082735840000000280e+02 7.400107699544443158e-04 7.448413923936274576e-04
7.082738965000000917e+02 7.260204980289837939e-04 7.476788201861397009e-04
7.082742090000000417e+02 6.986148843425799221e-04 7.505004332843614881e-04
7.082745215000001053e+02 7.393299358872324530e-04 7.533067095012700460e-04
7.082748340000000553e+02 7.067073937167345568e-04 7.560981089627880894e-04
7.082751465000000053e+02 7.304912617478902855e-04 7.588750748775835182e-04
7.082754590000000690e+02 7.791043354010120580e-04 7.616380342596363890e-04
7.082757715000000189e+02 7.257871940800244941e-04 7.643873986158689895e-04
7.082760840000000826e+02 7.170244607298123995e-04 7.671235646106123671e-04
7.082763965000000326e+02 7.482172174448297429e-04 7.698469146836072049e-04
7.082767090000000962e+02 7.240888734093151513e-04 7.725578176541840481e-04
7.082770215000000462e+02 8.206667992556835071e-04 7.752566292813149827e-04
7.082773340000001099e+02 7.360712413841054465e-04 7.779436928127192105e-04
7.082776465000000599e+02 7.199999983335564780e-04 7.806193394928403898e-04
7.082779590000000098e+02 7.375379818995369619e-04 7.832838890614652510e-04
7.082782715000000735e+02 7.248794113670606375e-04 7.859376502197043665e-04
7.082785840000000235e+02 7.643032881208798330e-04 7.885809210743817931e-04
7.082788965000000871e+02 7.132853690675760054e-04 7.912139895714931370e-04
7.082792090000000371e+02 7.720388354675801652e-04 7.938371338957065163e-04
7.082795215000001008e+02 7.031538307846655440e-04 7.964506228666914716e-04
7.082798340000000508e+02 8.097317558430096578e-04 7.990547163025553531e-04
7.082801465000000007e+02 7.471513682486530770e-04 8.016496653808637780e-04
7.082804590000000644e+02 7.049963308251780674e-04 8.042357129742521609e-04
