7.084370219999999563e+02 4.208814639554438988e-04 3.435882442498922073e-04
7.084373344999999063e+02 3.832106726072893486e-04 3.443793645274543548e-04
7.084376469999999699e+02 3.665186619092790994e-04 3.451309936592919709e-04
7.084379594999999199e+02 3.263808759880798462e-04 3.458414802991458849e-04
7.084382719999999836e+02 3.611567387816347818e-04 3.465090921171231730e-04
7.084385844999999335e+02 4.137245647968625702e-04 3.471320114004679681e-04
7.084388969999999972e+02 3.683627643447654940e-04 3.477083304132679931e-04
7.084392094999999472e+02 3.403720465824495132e-04 3.482360464955117367e-04
7.084395220000000108e+02 4.106137156464174454e-04 3.487130568967990738e-04
7.084398344999999608e+02 3.676229323590178566e-04 3.491371533260921264e-04
7.084401469999999108e+02 4.048280874028875338e-04 3.495060162117304419e-04
7.084404594999999745e+02 3.081532762951433150e-04 3.498172086555859615e-04
7.084407719999999244e+02 3.839058033652929954e-04 3.500681700726647016e-04
7.084410844999999881e+02 3.619006865937359819e-04 3.502562095066310806e-04
7.084413969999999381e+02 3.331740772182720787e-04 3.503784986097568206e-04
7.084417095000000018e+02 3.875699474681135030e-04 3.504320642824434312e-04
7.084420219999999517e+02 3.777032682222156634e-04 3.504137809644968958e-04
7.084423344999999017e+02 3.503919937113357378e-04 3.503203625763942489e-04
7.084426469999999654e+02 3.288347473801283422e-04 3.501483541095149810e-04
7.084429594999999154e+02 2.885930219212987265e-04 3.498941228699790104e-04
7.084432719999999790e+02 3.413430861546747313e-04 3.495538493833218207e-04
7.084435844999999290e+02 3.497804030590470777e-04 3.491235179764890233e-04
7.084438969999999927e+02 3.255738649496547140e-04 3.485989070556653178e-04
7.084442094999999426e+02 3.035124693098154329e-04 3.479755791140701085e-04
7.084445220000000063e+02 3.227148714174586327e-04 3.472488705051659770e-04
7.084448344999999563e+02 3.283136377649582480e-04 3.464138810403521161e-04
7.084451469999999063e+02 3.206198854241429277e-04 3.454654634719470053e-04
7.084454594999999699e+02 3.387377591313041835e-04 3.443982129527689085e-04
7.084457719999999199e+02 3.346616972853240306e-04 3.432064565769312988e-04
7.084460844999999836e+02 3.166764197888189422e-04 3.418842431278148455e-04
7.084463969999999335e+02 2.789418230654526509e-04 3.404253332036010979e-04
7.084467094999999972e+02 3.090149505310919669e-04 3.388231899006426064e-04
7.084470219999999472e+02 3.590714798202670468e-04 3.370709703038288446e-04
7.084473345000000108e+02 3.004310266416133782e-04 3.351615180469794987e-04
7.084476469999999608e+02 2.785128370916526873e-04 3.330873572959115302e-04
7.084479594999999108e+02 3.247991250906796410e-04 3.308406885308095126e-04
7.084482719999999745e+02 3.005847491092953272e-04 3.284133866123229405e-04
7.084485844999999244e+02 2.965286774307157483e-04 3.257970016765105044e-04
7.084488969999999881e+02 3.139586434287236906e-04 3.229827634928819050e-04
7.084492094999999381e+02 2.509355462663613373e-04 3.199615900604734723e-04
7.084495220000000018e+02 2.907312409640122716e-04 3.167241012846412087e-04
7.084498344999999517e+02 3.071258070933131326e-04 3.132606387754695776e-04
7.084501469999999017e+02 2.405137794546222986e-04 3.095612928927991250e-04
7.084504594999999654e+02 2.688026501546588484e-04 3.056159383910364460e-04
7.084507719999999154e+02 2.737876460392730214e-04 3.014142801603688737e-04
7.084510844999999790e+02 2.588289801168550900e-04 2.969459107488156210e-04
7.084513969999999290e+02 2.563953249495021214e-04 2.922003816091497713e-04
7.084517094999999927e+02 2.549086773737608484e-04 2.871672901416421676e-04
7.084520219999999426e+02 2.297725685239791911e-04 2.818363849159547310e-04
7.084523345000000063e+02 2.010007668316598096e-04 2.761976915516156129e-04
7.084526469999999563e+02 2.321630401469295562e-04 2.702416620326772716e-04
7.084529594999999063e+02 2.166998032312852159e-04 2.639593502575838667e-04
7.084532719999999699e+02 2.289939717035441064e-04 2.573426168183216020e-04
7.084535844999999199e+02 2.183728777628151394e-04 2.503843659322464526e-04
7.084538969999999836e+02 2.210804409601785727e-04 2.430788173145770261e-04
7.084542094999999335e+02 1.866445165456098851e-04 2.354218155791883399e-04
7.084545219999999972e+02 2.042334916308447120e-04 2.274111791112944623e-04
7.084548344999999472e+02 1.970896243517878093e-04 2.190470897475192767e-04
7.084551470000000108e+02 2.026461932459888563e-04 2.103325233210121806e-04
7.084554594999999608e+02 2.016770418179148947e-04 2.012737198113435824e-04
7.084557719999999108e+02 1.538567038933662408e-04 1.918806896908101180e-04
7.084560844999999745e+02 1.927381206377977625e-04 1.821677507522056073e-04
7.084563969999999244e+02 1.782606306183613675e-04 1.721540865650687173e-04
7.084567094999999881e+02 1.979714845080977241e-04 1.618643141022545217e-04
7.084570219999999381e+02 1.580057210010026784e-04 1.513290440857264032e-04
7.084573345000000018e+02 1.380946647312602800e-04 1.405854128500478868e-04
7.084576469999999517e+02 1.714762019614546090e-04 1.296775599649426045e-04
7.084579594999999017e+02 1.154734712196385017e-04 1.186570208712464078e-04
7.084582719999999654e+02 1.402945471893365481e-04 1.075829996865777956e-04
7.084585844999999154e+02 1.141448939682887016e-04 9.652248383885570784e-05
7.084588969999999790e+02 7.946113959776873248e-05 8.555016038447136185e-05
7.084592094999999290e+02 7.878108048808181983e-05 7.474809446409387873e-05
7.084595219999999927e+02 8.702346758548378371e-05 6.420513352809042594e-05
7.084598344999999426e+02 9.556837348554606936e-05 5.401600818598032160e-05
7.084601470000000063e+02 6.377130383376347004e-05 4.428011124649505108e-05
7.084604594999999563e+02 5.953702724073411235e-05 3.509995181987790309e-05
7.084607719999999063e+02 5.696597383457130626e-05 2.657929992206535720e-05
7.084610844999999699e+02 5.749286566945998168e-05 1.882105888177872008e-05
7.084613969999999199e+02 4.650531232625215760e-05 1.192492574429461178e-05
7.084617094999999836e+02 3.788554000173426724e-05 5.984922268445308052e-06
7.084620219999999335e+02 3.989381409781637348e-05 1.086898558597827154e-06
7.084623344999999972e+02 2.647328401653402114e-05 -2.693874921430567313e-06
7.084626469999999472e+02 2.702077963736850111e-05 -5.294904963164550777e-06
7.084629595000000108e+02 3.006614883098327682e-05 -6.668344249133107908e-06
7.084632719999999608e+02 2.102148866389359804e-05 -6.782425553448867648e-06
7.084635844999999108e+02 1.688973574522132612e-05 -5.622378827791718424e-06
7.084638969999999745e+02 2.137752394603906021e-05 -3.190778835266038223e-06
7.084642094999999244e+02 1.029381276949959577e-05 4.926936867978215278e-07
7.084645219999999881e+02 1.733720702734163038e-05 5.392057693196229753e-06
7.084648344999999381e+02 1.188484077585745771e-05 1.145635017139874235e-05
7.084651470000000018e+02 7.087856090681697303e-06 1.862137414888383478e-05
7.084654594999999517e+02 1.447883905831938329e-05 2.681177237260295600e-05
7.084657719999999017e+02 1.511617280773168351e-05 3.594331133768618666e-05
7.084660844999999654e+02 2.418333823238346533e-05 4.592525840430545196e-05
7.084663969999999154e+02 1.959986892960977013e-05 5.666274174715038938e-05
7.084667094999999790e+02 3.921620783198604885e-05 6.805899685030429266e-05
7.084670219999999290e+02 4.154031446619627272e-05 8.001742184909446426e-05
7.084673344999999927e+02 4.820768574742233503e-05 9.244338540055652977e-05
7.084676469999999426e+02 4.117884210611415420e-05 1.052457519330990236e-04
7.084679595000000063e+02 5.105523239060862653e-05 1.183381093017923258e-04
7.084682719999999563e+02 8.935250009601105117e-05 1.316397007250806801e-04
7.084685844999999063e+02 7.907053986520856800e-05 1.450760768021099240e-04
7.084688969999999699e+02 9.048016068834618866e-05 1.585794930535787059e-04
7.084692094999999199e+02 1.342404814228301648e-04 1.720890849126474414e-04
7.084695219999999836e+02 1.660651541097933300e-04 1.855508552468628696e-04
7.084698344999999335e+02 1.827349027012319766e-04 1.989175098661834055e-04
7.084701469999999972e+02 1.322573015751143726e-04 2.121481753124738773e-04
7.084704594999999472e+02 1.785688984450847566e-04 2.252080301032745985e-04
7.084707720000000108e+02 2.203144299485526364e-04 2.380678772550936368e-04
7.084710844999999608e+02 1.947374268830749796e-04 2.507036815411089917e-04
7.084713969999999108e+02 2.285187615547316128e-04 2.630960911163724119e-04
7.084717094999999745e+02 2.704422557264311573e-04 2.752299589384005186e-04
7.084720219999999244e+02 3.184528437512545128e-04 2.870938759809587605e-04
7.084723344999999881e+02 2.918012775455823354e-04 2.986797250666763950e-04
7.084726469999999381e+02 3.103513913570705540e-04 3.099822612965797927e-04
7.084729595000000018e+02 2.533225205491481638e-04 3.209987230653774484e-04
7.084732719999999517e+02 3.771178299518214623e-04 3.317284755891310036e-04
7.084735844999999017e+02 3.834392707594170700e-04 3.421726877342511292e-04
7.084738969999999654e+02 3.396300168926267822e-04 3.523340416490713901e-04
7.084742094999999154e+02 3.826154562082516178e-04 3.622164740754591763e-04
7.084745219999999790e+02 4.104454863176150350e-04 3.718249476794448834e-04
7.084748344999999290e+02 3.955872125810900794e-04 3.811652502760463478e-04
7.084751469999999927e+02 3.774460796154391101e-04 3.902438198365065412e-04
7.084754594999999426e+02 3.618937762676378020e-04 3.990675928689017783e-04
7.084757720000000063e+02 5.124184192309389711e-04 4.076438739945072599e-04
7.084760844999999563e+02 4.920807829580984118e-04 4.159802243991545163e-04
7.084763969999999063e+02 4.240225799150963855e-04 4.240843671572039732e-04
7.084767094999999699e+02 5.657956431168629455e-04 4.319641073852199245e-04
7.084770219999999199e+02 4.439790529800065029e-04 4.396272654488020968e-04
7.084773344999999836e+02 4.484474834720743710e-04 4.470816215985991965e-04
7.084776469999999335e+02 5.128899062056654001e-04 4.543348704735592587e-04
7.084779594999999972e+02 4.846692842670446543e-04 4.613945842199057503e-04
7.084782719999999472e+02 6.012844508453950862e-04 4.682681829473441058e-04
7.084785845000000108e+02 4.888132772506646436e-04 4.749629115516997881e-04
7.084788969999999608e+02 5.244699381946396621e-04 4.814858218920297240e-04
7.084792094999999108e+02 5.866964429270618304e-04 4.878437595847935669e-04
7.084795219999999745e+02 5.933235572382381754e-04 4.940433546412922438e-04
7.084798344999999244e+02 5.219484031773411739e-04 5.000910153552318767e-04
7.084801469999999881e+02 5.609290079385009266e-04 5.059929249251296805e-04
7.084804594999999381e+02 5.280330743802939342e-04 5.117550402930625287e-04
7.084807720000000018e+02 6.008195613691859945e-04 5.173830928693363019e-04
7.084810844999999517e+02 6.019742082731321595e-04 5.228825907325697527e-04
7.084813969999999017e+02 5.861386680982286950e-04 5.282588220782945265e-04
7.084817094999999654e+02 5.933826759160200316e-04 5.335168596152192223e-04
7.084820219999999154e+02 5.501749429139188817e-04 5.386615657195628409e-04
7.084823344999999790e+02 6.206493893175696374e-04 5.436975981868745955e-04
7.084826469999999290e+02 5.772823045871701897e-04 5.486294163838213245e-04
7.084829594999999927e+02 6.014216878799750815e-04 5.534612877317202778e-04
7.084832719999999426e+02 5.771621550062225802e-04 5.581972943578914371e-04
7.084835845000000063e+02 5.441417073143795316e-04 5.628413398849470240e-04
7.084838969999999563e+02 6.334537434573696366e-04 5.673971562297160966e-04
7.084842094999999063e+02 6.335827239310550148e-04 5.718683104064392749e-04
7.084845219999999699e+02 5.652075105558487626e-04 5.762582112436238956e-04
7.084848344999999199e+02 6.008303937720167352e-04 5.805701159939065164e-04
7.084851469999999836e+02 6.689766205653699784e-04 5.848071368218044422e-04
7.084854594999999335e+02 6.333591222497487409e-04 5.889722471063762663e-04
7.084857719999999972e+02 5.904385669762468635e-04 5.930682875894693635e-04
7.084860844999999472e+02 6.333501778315213989e-04 5.970979723070996264e-04
7.084863970000000108e+02 6.210526957076570407e-04 6.010638943433487154e-04
7.084867094999999608e+02 6.677796680339650234e-04 6.049685313532569657e-04
7.084870219999999108e+02 6.724662581669884742e-04 6.088142508971647543e-04
7.084873344999999745e+02 6.855965089504510246e-04 6.126033155491900518e-04
7.084876469999999244e+02 6.052294147174074306e-04 6.163378877957878445e-04
7.084879594999999881e+02 6.395418659868989247e-04 6.200200347401013017e-04
7.084882719999999381e+02 6.535420470879982260e-04 6.236517325816238588e-04
7.084885845000000018e+02 6.667851678376464841e-04 6.272348709177892265e-04
7.084888969999999517e+02 6.577244830956776580e-04 6.307712568298740139e-04
7.084892094999999017e+02 6.690889678133333553e-04 6.342626188000468138e-04
7.084895219999999654e+02 6.308560967633039182e-04 6.377106104328588744e-04
7.084898344999999154e+02 6.740042175699767577e-04 6.411168140010728780e-04
7.084901469999999790e+02 6.779603846658311100e-04 6.444827438345835952e-04
7.084904594999999290e+02 6.700755759288313292e-04 6.478098495280262175e-04
7.084907719999999927e+02 6.909217450964161462e-04 6.510995190121433027e-04
7.084910844999999426e+02 6.731959016356223050e-04 6.543530814563661624e-04
7.084913970000000063e+02 6.249357025454010516e-04 6.575718100479077894e-04
7.084917094999999563e+02 6.112813092554320038e-04 6.607569246154948190e-04
7.084920219999999063e+02 5.827695257585853396e-04 6.639095941407564122e-04
7.084923344999999699e+02 6.217299469876414169e-04 6.670309391338772069e-04
7.084926469999999199e+02 5.910239459650887955e-04 6.701220338914251401e-04
7.084929594999999836e+02 6.918660149378535454e-04 6.731839086531191596e-04
7.084932719999999335e+02 5.987520681019335191e-04 6.762175516348378594e-04
7.084935844999999972e+02 6.965326552251310203e-04 6.792239109779745453e-04
7.084938969999999472e+02 6.864796259842378999e-04 6.822038965845453632e-04
7.084942095000000108e+02 6.922415559165039263e-04 6.851583818782213753e-04
7.084945219999999608e+02 6.145572270415308172e-04 6.880882054609109826e-04
7.084948344999999108e+02 6.252501505422212048e-04 6.909941727029578424e-04
7.084951469999999745e+02 6.617801957393978311e-04 6.938770572441402794e-04
7.084954594999999244e+02 6.835147327669841098e-04 6.967376024204546738e-04
7.084957719999999881e+02 6.088688202900237713e-04 6.995765226307760435e-04
7.084960844999999381e+02 6.326162028064466741e-04 7.023945046209537036e-04
7.084963970000000018e+02 6.438786507073225151e-04 7.051922087210332887e-04
7.084967094999999517e+02 7.085702247045433302e-04 7.079702700058266565e-04
7.084970219999999017e+02 6.800237818876625571e-04 7.107292994137565968e-04
7.084973344999999654e+02 6.973813539880747026e-04 7.134698848013506720e-04
7.084976469999999154e+02 6.616390259429160000e-04 7.161925919465420660e-04
7.084979594999999790e+02 6.634056846970858620e-04 7.188979655132232173e-04
7.084982719999999290e+02 6.693188818908352242e-04 7.215865299547623377e-04
7.084985844999999927e+02 6.829905295734739045e-04 7.242587903895474077e-04
7.084988969999999426e+02 6.207892320566682151e-04 7.269152334193204005e-04
7.084992095000000063e+02 6.554551156113817877e-04 7.295563279237367955e-04
