7.169393675000000030e+02 1.454164969824538797e-04 1.612745780551254554e-04
7.169396800000000667e+02 1.671727354841665079e-04 1.611732491332053274e-04
7.169399925000000167e+02 1.803208473260013635e-04 1.610647108295494524e-04
7.169403050000000803e+02 1.639535781648184508e-04 1.609486931333594967e-04
7.169406175000000303e+02 1.378147363564401434e-04 1.608249137694031108e-04
7.169409300000000940e+02 1.378978667013392486e-04 1.606930775536027282e-04
7.169412425000000439e+02 1.834586359715578100e-04 1.605528757118259201e-04
7.169415550000001076e+02 1.613925740663901300e-04 1.604039851581277529e-04
7.169418675000000576e+02 1.473582607494696719e-04 1.602460677315359935e-04
7.169421800000000076e+02 1.577821785062070233e-04 1.600787693872178573e-04
7.169424925000000712e+02 1.505769933032200881e-04 1.599017193405834637e-04
7.169428050000000212e+02 1.547442938877090983e-04 1.597145291609718316e-04
7.169431175000000849e+02 1.731511680346169786e-04 1.595167918111271995e-04
7.169434300000000349e+02 1.613736622704719712e-04 1.593080806309112225e-04
7.169437425000000985e+02 1.652064300665050762e-04 1.590879482597238660e-04
7.169440550000000485e+02 1.617090257977910474e-04 1.588559254963629332e-04
7.169443674999999985e+02 1.704547327776724758e-04 1.586115200902288758e-04
7.169446800000000621e+02 1.554705183261120664e-04 1.583542154618754823e-04
7.169449925000000121e+02 1.494486655051474871e-04 1.580834693481174703e-04
7.169453050000000758e+02 1.455833454533073904e-04 1.577987123663761836e-04
7.169456175000000258e+02 1.732396547189450197e-04 1.574993464962629334e-04
7.169459300000000894e+02 1.810852789872597994e-04 1.571847434707519678e-04
7.169462425000000394e+02 1.423536741489578870e-04 1.568542430755678115e-04
7.169465550000001031e+02 1.774875927895544123e-04 1.565071513484980899e-04
7.169468675000000530e+02 1.568527219982297251e-04 1.561427386774376141e-04
7.169471800000000030e+02 1.499151134421417247e-04 1.557602377885669803e-04
7.169474925000000667e+02 1.445917043714399573e-04 1.553588416228624382e-04
7.169478050000000167e+02 1.674259774486797385e-04 1.549377010950882185e-04
7.169481175000000803e+02 1.678270948992100495e-04 1.544959227290838323e-04
7.169484300000000303e+02 1.372749487831426282e-04 1.540325661688571226e-04
7.169487425000000940e+02 1.687889464640965874e-04 1.535466415568633900e-04
7.169490550000000439e+02 1.420793168910303497e-04 1.530371067813721478e-04
7.169493675000001076e+02 1.402743445794551037e-04 1.525028645850478128e-04
7.169496800000000576e+02 1.494155301418776543e-04 1.519427595389587628e-04
7.169499925000000076e+02 1.534372376716711638e-04 1.513555748761362407e-04
7.169503050000000712e+02 1.656542957085346411e-04 1.507400291908678051e-04
7.169506175000000212e+02 1.403466915007152102e-04 1.500947730055579230e-04
7.169509300000000849e+02 1.627252401415889174e-04 1.494183852087305664e-04
7.169512425000000349e+02 1.147886178438984109e-04 1.487093693791365870e-04
7.169515550000000985e+02 1.468507238868860536e-04 1.479661500016147256e-04
7.169518675000000485e+02 1.639991667004822616e-04 1.471870686001864161e-04
7.169521799999999985e+02 1.478248751689898626e-04 1.463703798035907819e-04
7.169524925000000621e+02 1.519515685651634789e-04 1.455142473796860341e-04
7.169528050000000121e+02 1.403214057538738598e-04 1.446167402742930903e-04
7.169531175000000758e+02 1.531528972467486737e-04 1.436758286985837765e-04
7.169534300000000258e+02 1.509130200120893130e-04 1.426893803320783470e-04
7.169537425000000894e+02 1.433365995410110054e-04 1.416551567036710064e-04
7.169540550000000394e+02 1.298895992736431360e-04 1.405708098503431357e-04
7.169543675000001031e+02 1.464291822319694540e-04 1.394338793496909955e-04
7.169546800000000530e+02 1.413167512005391105e-04 1.382417898682199229e-04
7.169549925000000030e+02 1.454022383295979610e-04 1.369918493691587907e-04
7.169553050000000667e+02 1.371834208605578339e-04 1.356812481761008899e-04
7.169556175000000167e+02 1.150803695799560783e-04 1.343070591104135176e-04
7.169559300000000803e+02 1.256988151166196430e-04 1.328662389594163122e-04
7.169562425000000303e+02 1.183454501133605712e-04 1.313556315967823261e-04
7.169565550000000940e+02 1.207374737269469858e-04 1.297719731022231376e-04
7.169568675000000439e+02 1.221769891683335233e-04 1.281118993206918437e-04
7.169571800000001076e+02 1.366108358596761598e-04 1.263719563353661363e-04
7.169574925000000576e+02 1.387275781192547812e-04 1.245486144411408038e-04
7.169578050000000076e+02 1.123097048562268232e-04 1.226382862525387358e-04
7.169581175000000712e+02 1.252666528673058880e-04 1.206373497056652001e-04
7.169584300000000212e+02 1.241703400983909902e-04 1.185421767911570086e-04
7.169587425000000849e+02 1.163524168218675896e-04 1.163491689552800307e-04
7.169590550000000349e+02 1.000788792336042304e-04 1.140548002375251733e-04
7.169593675000000985e+02 1.274836374676865871e-04 1.116556692719630458e-04
7.169596800000000485e+02 1.110567240066813373e-04 1.091485614213198128e-04
7.169599924999999985e+02 8.987347117840213358e-05 1.065305223359979661e-04
7.169603050000000621e+02 9.827872362897963716e-05 1.037989443225173427e-04
7.169606175000000121e+02 1.005414321313880037e-04 1.009516668780970723e-04
7.169609300000000758e+02 8.930456437138675275e-05 9.798709268288572141e-05
7.169612425000000258e+02 8.102321653320282641e-05 9.490432022947187100e-05
7.169615550000000894e+02 9.857267776187459535e-05 9.170329394876005334e-05
7.169618675000000394e+02 8.581854477312888087e-05 8.838497234878131168e-05
7.169621800000001031e+02 9.758907048779439731e-05 8.495151402080905131e-05
7.169624925000000530e+02 8.575680907299692321e-05 8.140648062829595100e-05
7.169628050000000030e+02 7.322292654851378737e-05 7.775505485085492708e-05
7.169631175000000667e+02 7.838063791520551399e-05 7.400426996694688738e-05
7.169634300000000167e+02 5.825028398952658993e-05 7.016324605463058106e-05
7.169637425000000803e+02 6.891584404606655983e-05 6.624342582117107145e-05
7.169640550000000303e+02 5.551706189644508595e-05 6.225880088759856224e-05
7.169643675000000940e+02 6.560679502087005469e-05 5.822611685287896387e-05
7.169646800000000439e+02 6.216003143875417549e-05 5.416504307445100267e-05
7.169649925000001076e+02 5.762169292313424533e-05 5.009829068405089982e-05
7.169653050000000576e+02 5.519612210705559819e-05 4.605166055283898608e-05
7.169656175000000076e+02 3.244370959235069957e-05 4.205400170568196293e-05
7.169659300000000712e+02 3.689361960284591235e-05 3.813706082225886161e-05
7.169662425000000212e+02 3.871472362683305143e-05 3.433520506114713552e-05
7.169665550000000849e+02 2.900036627049238028e-05 3.068500407064657907e-05
7.169668675000000349e+02 2.309888427480166200e-05 2.722466296609600114e-05
7.169671800000000985e+02 1.863312830175160750e-05 2.399330614766838254e-05
7.169674925000000485e+02 2.265860906245650443e-05 2.103012216569720582e-05
7.169678049999999985e+02 2.616522626145098584e-05 1.837339150072140378e-05
7.169681175000000621e+02 1.844602429406859390e-05 1.605943146723975759e-05
7.169684300000000121e+02 2.025278433987964406e-05 1.412150391444284644e-05
7.169687425000000758e+02 1.175708850932424186e-05 1.258874065847077854e-05
7.169690550000000258e+02 1.257192827239005182e-05 1.148514710961933953e-05
7.169693675000000894e+02 1.270367779902365049e-05 1.082874504650077552e-05
7.169696800000000394e+02 6.226801483926841045e-06 1.063091037487535167e-05
7.169699925000001031e+02 8.843901430409635762e-06 1.089595086413214223e-05
7.169703050000000530e+02 1.299262936774680548e-05 1.162095323018695558e-05
7.169706175000000030e+02 9.258311683183455552e-06 1.279591002397698665e-05
7.169709300000000667e+02 1.255052788432359822e-05 1.440411673105673395e-05
7.169712425000000167e+02 1.701331007432202767e-05 1.642281055386465819e-05
7.169715550000000803e+02 1.273169845143482690e-05 1.882400665251336686e-05
7.169718675000000303e+02 2.506332342537242512e-05 2.157547667800081891e-05
7.169721800000000940e+02 2.624868850805414506e-05 2.464180918170087939e-05
7.169724925000000439e+02 3.241248996531436783e-05 2.798549179215860253e-05
7.169728050000001076e+02 2.648113085843205070e-05 3.156796041939446290e-05
7.169731175000000576e+02 3.018409411673933591e-05 3.535056972757461187e-05
7.169734300000000076e+02 4.224936944822740381e-05 3.929545050140614045e-05
7.169737425000000712e+02 5.642701412383036757e-05 4.336623156195034426e-05
7.169740550000000212e+02 4.051831069092459416e-05 4.752861553623558498e-05
7.169743675000000849e+02 4.939928161975502840e-05 5.175080795018808741e-05
7.169746800000000349e+02 5.880764250386130688e-05 5.600380719374953016e-05
7.169749925000000985e+02 5.976040493238522056e-05 6.026156886724731905e-05
7.169753050000000485e+02 5.602861876518320838e-05 6.450106159614255887e-05
7.169756174999999985e+02 6.414918576337415052e-05 6.870223322516022036e-05
7.169759300000000621e+02 6.625203782206258180e-05 7.284790636600213759e-05
7.169762425000000121e+02 7.816839469630019403e-05 7.692362130736422182e-05
7.169765550000000758e+02 6.378881497707507623e-05 8.091744249737958339e-05
7.169768675000000258e+02 8.127639268694083834e-05 8.481974252280752421e-05
7.169771800000000894e+02 9.763988704229777387e-05 8.862297519560405812e-05
7.169774925000000394e+02 1.067515599069341253e-04 9.232144690738619205e-05
7.169778050000001031e+02 8.111143697544641751e-05 9.591109332057110276e-05
7.169781175000000530e+02 9.909938899512709244e-05 9.938926644622817907e-05
7.169784300000000030e+02 1.013959473549006364e-04 1.027545356061678150e-04
7.169787425000000667e+02 1.041182153488118164e-04 1.060065043584801792e-04
7.169790550000000167e+02 1.079994132570393683e-04 1.091456444491122383e-04
7.169793675000000803e+02 1.154939952382804736e-04 1.121731470351601144e-04
7.169796800000000303e+02 1.189593505262396639e-04 1.150907907879126347e-04
7.169799925000000940e+02 1.336766305188759872e-04 1.179008261293468360e-04
7.169803050000000439e+02 1.243260327571733728e-04 1.206058745116572777e-04
7.169806175000001076e+02 1.442750697056687783e-04 1.232088415586204825e-04
7.169809300000000576e+02 1.273765274502502867e-04 1.257128427472193320e-04
7.169812425000000076e+02 1.465141986446294865e-04 1.281211403612821423e-04
7.169815550000000712e+02 1.276928410549836026e-04 1.304370904288418623e-04
7.169818675000000212e+02 1.391122381613596037e-04 1.326640984547663960e-04
7.169821800000000849e+02 1.393678694109023162e-04 1.348055828414244776e-04
7.169824925000000349e+02 1.269543832557685158e-04 1.368649449562985899e-04
7.169828050000000985e+02 1.345917605062882199e-04 1.388455449490481430e-04
7.169831175000000485e+02 1.329939159437897598e-04 1.407506824679783763e-04
7.169834299999999985e+02 1.354690216147553551e-04 1.425835815679455212e-04
7.169837425000000621e+02 1.407458575608150656e-04 1.443473791479772206e-04
7.169840550000000121e+02 1.459675110930152338e-04 1.460451163645895968e-04
7.169843675000000758e+02 1.518741391388946365e-04 1.476797325386729296e-04
7.169846800000000258e+02 1.379387646492334098e-04 1.492540611189872358e-04
7.169849925000000894e+02 1.446924813505074976e-04 1.507708273592996097e-04
7.169853050000000394e+02 1.900342796294678864e-04 1.522326473804483230e-04
7.169856175000001031e+02 1.458789709162049662e-04 1.536420283720127237e-04
7.169859300000000530e+02 1.645608647023066753e-04 1.550013696923535416e-04
7.169862425000000030e+02 1.455310088388258975e-04 1.563129646948678564e-04
7.169865550000000667e+02 1.590527845648336946e-04 1.575790031086616336e-04
7.169868675000000167e+02 1.743310285732690848e-04 1.588015738464419898e-04
7.169871800000000803e+02 1.593194080934807718e-04 1.599826681332206521e-04
7.169874925000000303e+02 1.404013672745511442e-04 1.611241828529528153e-04
7.169878050000000940e+02 1.666520765124125246e-04 1.622279240513403861e-04
7.169881175000000439e+02 1.452376432507805409e-04 1.632956105191922362e-04
7.169884300000001076e+02 1.668891681053768486e-04 1.643288774193741523e-04
7.169887425000000576e+02 1.598636763142282508e-04 1.653292799039634533e-04
7.169890550000000076e+02 1.719494807106380062e-04 1.662982967013828086e-04
7.169893675000000712e+02 1.640141326660810885e-04 1.672373336384384759e-04
7.169896800000000212e+02 1.732133740215990891e-04 1.681477270815817920e-04
7.169899925000000849e+02 1.701629991978360315e-04 1.690307472855608506e-04
7.169903050000000349e+02 1.553563705400026740e-04 1.698876016300873508e-04
7.169906175000000985e+02 1.777462890540649739e-04 1.707194377469891864e-04
7.169909300000000485e+02 1.649695161450286801e-04 1.715273465224559520e-04
7.169912424999999985e+02 1.905706076783491687e-04 1.723123649811511093e-04
7.169915550000000621e+02 1.672028760180811844e-04 1.730754790432950413e-04
7.169918675000000121e+02 1.566591521229492934e-04 1.738176261581933762e-04
7.169921800000000758e+02 1.736141440316751449e-04 1.745396978181376147e-04
7.169924925000000258e+02 1.770577226803406417e-04 1.752425419481067124e-04
7.169928050000000894e+02 1.983147445355022600e-04 1.759269651825295987e-04
7.169931175000000394e+02 1.795885519755780672e-04 1.765937350241134681e-04
7.169934300000001031e+02 1.851188361671284423e-04 1.772435818967170603e-04
7.169937425000000530e+02 1.637582482336594170e-04 1.778772010883417835e-04
7.169940550000000030e+02 1.591585053983099094e-04 1.784952545960021085e-04
7.169943675000000667e+02 1.880961590520335706e-04 1.790983728707611078e-04
7.169946800000000167e+02 1.671976795032015955e-04 1.796871564697747887e-04
7.169949925000000803e+02 1.848781704227109377e-04 1.802621776217141743e-04
7.169953050000000303e+02 1.573325326769156964e-04 1.808239817044347711e-04
7.169956175000000940e+02 2.019299138324443378e-04 1.813730886456931619e-04
7.169959300000000439e+02 1.878360911359955418e-04 1.819099942442803397e-04
7.169962425000001076e+02 1.646572459596863398e-04 1.824351714220570479e-04
7.169965550000000576e+02 1.731698924252628201e-04 1.829490714042983129e-04
7.169968675000000076e+02 1.905050031826075179e-04 1.834521248380795622e-04
7.169971800000000712e+02 1.896344818647817941e-04 1.839447428473597824e-04
7.169974925000000212e+02 1.886469081306840377e-04 1.844273180301262154e-04
7.169978050000000849e+02 2.085787420853497205e-04 1.849002254024928080e-04
7.169981175000000349e+02 1.562677401076979734e-04 1.853638232883838850e-04
7.169984300000000985e+02 2.080555889012794795e-04 1.858184541631297405e-04
7.169987425000000485e+02 1.804868922952200180e-04 1.862644454482142076e-04
7.169990549999999985e+02 1.975805889398091274e-04 1.867021102650207086e-04
7.169993675000000621e+02 1.900856443184505292e-04 1.871317481458521217e-04
7.169996800000000121e+02 2.001025506566953612e-04 1.875536457062866689e-04
7.169999925000000758e+02 1.945350939395363730e-04 1.879680772825631616e-04
7.170003050000000258e+02 1.731351055458838970e-04 1.883753055322191111e-04
7.170006175000000894e+02 1.975809149578075052e-04 1.887755820046970346e-04
7.170009300000000394e+02 1.855389118236058354e-04 1.891691476789454792e-04
7.170012425000001031e+02 1.756518566647534332e-04 1.895562334745052040e-04
7.170015550000000530e+02 1.851095489977677439e-04 1.899370607330649202e-04
