7.170780459999999721e+02 2.186306931353033164e-04 2.276122312074922271e-04
7.170783584999999221e+02 2.272878124397007546e-04 2.275084636275925528e-04
7.170786709999999857e+02 2.366949910117626364e-04 2.273954490519845893e-04
7.170789834999999357e+02 2.418410044786051673e-04 2.272728385783484052e-04
7.170792959999999994e+02 2.142244057844017949e-04 2.271402672706819559e-04
7.170796084999999493e+02 2.027860675755583687e-04 2.269973533026540548e-04
7.170799210000000130e+02 2.115706805288622482e-04 2.268436970489437759e-04
7.170802334999999630e+02 2.484615641653283372e-04 2.266788801228147301e-04
7.170805460000000267e+02 2.289513994585833144e-04 2.265024643547425992e-04
7.170808584999999766e+02 2.300666859514742947e-04 2.263139907101444418e-04
7.170811709999999266e+02 2.170067252259490122e-04 2.261129781403797747e-04
7.170814834999999903e+02 2.242937478503266710e-04 2.258989223643128143e-04
7.170817959999999402e+02 2.364139887697365937e-04 2.256712945754004644e-04
7.170821085000000039e+02 2.254507504809292778e-04 2.254295400686233668e-04
7.170824209999999539e+02 2.577266375275713214e-04 2.251730767842086102e-04
7.170827335000000176e+02 2.370488513257471594e-04 2.249012937601636082e-04
7.170830459999999675e+02 2.353442325146445978e-04 2.246135494907303956e-04
7.170833584999999175e+02 2.265548612260342943e-04 2.243091701818412042e-04
7.170836709999999812e+02 2.322168897691173671e-04 2.239874478995668909e-04
7.170839834999999312e+02 2.391626890116132923e-04 2.236476386039922730e-04
7.170842959999999948e+02 2.205565471168407176e-04 2.232889600601158596e-04
7.170846084999999448e+02 2.149844725582805791e-04 2.229105896213849929e-04
7.170849210000000085e+02 2.046957701365456454e-04 2.225116618742270546e-04
7.170852334999999584e+02 2.175370317473628913e-04 2.220912661396487833e-04
7.170855460000000221e+02 2.223708520802653412e-04 2.216484438190595093e-04
7.170858584999999721e+02 2.078063312904714782e-04 2.211821855802518198e-04
7.170861709999999221e+02 2.201278219706050534e-04 2.206914283698491598e-04
7.170864834999999857e+02 2.087350373077485378e-04 2.201750522469384636e-04
7.170867959999999357e+02 2.121759416671879046e-04 2.196318770272084235e-04
7.170871084999999994e+02 2.246126427937236410e-04 2.190606587261710288e-04
7.170874209999999493e+02 2.424314405554548390e-04 2.184600857971038699e-04
7.170877335000000130e+02 2.260468558589009318e-04 2.178287751485578514e-04
7.170880459999999630e+02 2.184664047852422769e-04 2.171652679395395726e-04
7.170883585000000267e+02 2.183116475872329200e-04 2.164680251374827410e-04
7.170886709999999766e+02 1.945212527040546388e-04 2.157354228394530609e-04
7.170889834999999266e+02 2.056627254176618229e-04 2.149657473435402286e-04
7.170892959999999903e+02 2.103236236649157437e-04 2.141571899727312881e-04
7.170896084999999402e+02 2.329548242365785723e-04 2.133078416475319512e-04
7.170899210000000039e+02 2.256159460904946844e-04 2.124156872054756894e-04
7.170902334999999539e+02 2.319933510238079478e-04 2.114785994802892183e-04
7.170905460000000176e+02 2.159577156530781590e-04 2.104943331409119185e-04
7.170908584999999675e+02 2.141777402562654851e-04 2.094605183164430326e-04
7.170911709999999175e+02 2.055633531206238029e-04 2.083746540193476791e-04
7.170914834999999812e+02 2.172955296924817159e-04 2.072341014072466559e-04
7.170917959999999312e+02 2.083635877915036318e-04 2.060360769226186016e-04
7.170921084999999948e+02 2.017827137640307495e-04 2.047776453613015706e-04
7.170924209999999448e+02 1.800622933949936146e-04 2.034557129518561446e-04
7.170927335000000085e+02 1.868487560794009484e-04 2.020670205225559601e-04
7.170930459999999584e+02 1.878210902539443900e-04 2.006081368839153500e-04
7.170933585000000221e+02 1.729820197342342306e-04 1.990754525518932314e-04
7.170936709999999721e+02 1.685903076161043932e-04 1.974651740010882443e-04
7.170939834999999221e+02 1.830525409000254347e-04 1.957733186432981595e-04
7.170942959999999857e+02 1.977436796555661009e-04 1.939957108023587058e-04
7.170946084999999357e+02 1.903906717123704843e-04 1.921279789916870867e-04
7.170949209999999994e+02 2.061847666267747469e-04 1.901655548616816452e-04
7.170952334999999493e+02 1.806941612425794165e-04 1.881036742817332431e-04
7.170955460000000130e+02 1.730415157166616486e-04 1.859373810691661636e-04
7.170958584999999630e+02 1.791107543290875403e-04 1.836615340202297315e-04
7.170961710000000267e+02 1.870730893174630150e-04 1.812708179644741526e-04
7.170964834999999766e+02 1.685033497376556342e-04 1.787597597418626432e-04
7.170967959999999266e+02 1.629170789523699499e-04 1.761227500961734798e-04
7.170971084999999903e+02 1.696572496807103572e-04 1.733540726864301923e-04
7.170974209999999402e+02 1.766676627110621417e-04 1.704479415671684474e-04
7.170977335000000039e+02 1.633505435713797610e-04 1.673985486765965330e-04
7.170980459999999539e+02 1.787019064251842008e-04 1.642001231117298289e-04
7.170983585000000176e+02 1.514193273466324613e-04 1.608470041183768229e-04
7.170986709999999675e+02 1.544808208578463474e-04 1.573337299964934629e-04
7.170989834999999175e+02 1.601105007568585426e-04 1.536551452374117427e-04
7.170992959999999812e+02 1.487308846950155365e-04 1.498065284276864503e-04
7.170996084999999312e+02 1.391339194614456449e-04 1.457837435078299527e-04
7.170999209999999948e+02 1.404861940293253991e-04 1.415834169719422744e-04
7.171002334999999448e+02 1.390463822151742884e-04 1.372031435160878153e-04
7.171005460000000085e+02 1.140819652393796702e-04 1.326417222483721316e-04
7.171008584999999584e+02 1.419400520279549556e-04 1.278994251100819322e-04
7.171011710000000221e+02 1.265739516733927015e-04 1.229782981828568111e-04
7.171014834999999721e+02 1.130842952637561703e-04 1.178824953911128772e-04
7.171017959999999221e+02 1.148950472771762910e-04 1.126186422552877557e-04
7.171021084999999857e+02 1.038052294766394048e-04 1.071962251464267927e-04
7.171024209999999357e+02 1.030895115501931575e-04 1.016279985159913748e-04
7.171027334999999994e+02 1.004165185918020107e-04 9.593039901283751227e-05
7.171030459999999493e+02 7.218555127698963471e-05 9.012395130442159383e-05
7.171033585000000130e+02 8.516814902107981353e-05 8.423364564605225174e-05
7.171036709999999630e+02 1.062240065831274670e-04 7.828926244690917100e-05
7.171039835000000267e+02 7.965661041986421629e-05 7.232561413292669221e-05
7.171042959999999766e+02 7.908308607203712673e-05 6.638267057200073450e-05
7.171046084999999266e+02 5.853042203487838211e-05 6.050553136776217324e-05
7.171049209999999903e+02 5.108709959571621666e-05 5.474420780985685001e-05
7.171052334999999402e+02 4.710921992881736457e-05 4.915317964541396399e-05
7.171055460000000039e+02 5.774636644483633382e-05 4.379069824096527646e-05
7.171058584999999539e+02 4.444324074648152147e-05 3.871781876531376292e-05
7.171061710000000176e+02 2.699017232789108675e-05 3.399715969973728032e-05
7.171064834999999675e+02 3.504350351748056831e-05 2.969140827424659519e-05
7.171067959999999175e+02 2.007771726168632866e-05 2.586161363630505361e-05
7.171071084999999812e+02 2.276219394275120873e-05 2.256533407071547592e-05
7.171074209999999312e+02 2.421357360712326638e-05 1.985472719473825698e-05
7.171077334999999948e+02 1.128925095962868833e-05 1.777468974398617929e-05
7.171080459999999448e+02 1.765758483123488633e-05 1.636116308963612385e-05
7.171083585000000085e+02 1.641333496032534940e-05 1.563971936349320567e-05
7.171086709999999584e+02 1.856220485851922989e-05 1.562452998255697392e-05
7.171089835000000221e+02 1.108053649383407437e-05 1.631779373725740178e-05
7.171092959999999721e+02 2.382086380759820322e-05 1.770966790398319113e-05
7.171096084999999221e+02 2.052584991304677502e-05 1.977870682944641277e-05
7.171099209999999857e+02 1.905190439592465042e-05 2.249277294696962735e-05
7.171102334999999357e+02 1.245937048590066460e-05 2.581035008489139293e-05
7.171105459999999994e+02 3.058193841333432106e-05 2.968216231957758369e-05
7.171108584999999493e+02 2.995479880910735309e-05 3.405298604212150083e-05
7.171111710000000130e+02 3.800665115008760003e-05 3.886353934069901799e-05
7.171114834999999630e+02 4.157927517770155102e-05 4.405234005993508348e-05
7.171117960000000267e+02 5.422858585761305636e-05 4.955744001493944228e-05
7.171121084999999766e+02 4.368505175761310764e-05 5.531796435194460477e-05
7.171124209999999266e+02 6.385284408507532511e-05 6.127540912962164586e-05
7.171127334999999903e+02 6.978587655239866885e-05 6.737467351054583266e-05
7.171130459999999402e+02 7.182001903844492012e-05 7.356482368860448116e-05
7.171133585000000039e+02 8.005896434252975135e-05 7.979960223570618208e-05
7.171136709999999539e+02 8.718352568207910641e-05 8.603770834295991997e-05
7.171139835000000176e+02 9.495059994520602673e-05 9.224288184639767806e-05
7.171142959999999675e+02 8.895800478187390983e-05 9.838382704683163718e-05
7.171146084999999175e+02 9.425571651314727404e-05 1.044340125163946013e-04
7.171149209999999812e+02 1.208937856955142064e-04 1.103713806641288712e-04
7.171152334999999312e+02 1.035316296032417159e-04 1.161779971249410695e-04
7.171155459999999948e+02 1.146977600698877826e-04 1.218396654670162192e-04
7.171158584999999448e+02 1.469262299090193355e-04 1.273455278518865845e-04
7.171161710000000085e+02 1.309050723852425290e-04 1.326876677902263132e-04
7.171164834999999584e+02 1.407873791664839827e-04 1.378607268270084759e-04
7.171167960000000221e+02 1.433637373080433981e-04 1.428615435085555578e-04
7.171171084999999721e+02 1.413508064670968185e-04 1.476888198625796948e-04
7.171174209999999221e+02 1.782711312432380397e-04 1.523428183505721209e-04
7.171177334999999857e+02 1.669373629505992130e-04 1.568250903065150365e-04
7.171180459999999357e+02 1.399362224458126208e-04 1.611382355831163433e-04
7.171183584999999994e+02 1.729874939426523665e-04 1.652856921655367875e-04
7.171186709999999493e+02 1.575976458766133843e-04 1.692715538277589891e-04
7.171189835000000130e+02 1.926464171418900795e-04 1.731004136196133110e-04
7.171192959999999630e+02 1.886812650097013087e-04 1.767772306937907085e-04
7.171196085000000267e+02 1.579294435331480466e-04 1.803072180366193245e-04
7.171199209999999766e+02 1.646754521363073484e-04 1.836957486344689466e-04
7.171202334999999266e+02 1.773931344530679560e-04 1.869482778193797109e-04
7.171205459999999903e+02 2.079756927422856544e-04 1.900702796289295777e-04
7.171208584999999402e+02 1.957500968833223158e-04 1.930671952503075126e-04
7.171211710000000039e+02 2.014529183338074035e-04 1.959443918102944475e-04
7.171214834999999539e+02 2.040390302221659589e-04 1.987071299290526583e-04
7.171217960000000176e+02 1.994725236542642551e-04 2.013605387025896266e-04
7.171221084999999675e+02 1.938609322736358301e-04 2.039095968850044508e-04
7.171224209999999175e+02 2.015397068125074039e-04 2.063591192655135696e-04
7.171227334999999812e+02 2.351781930881421587e-04 2.087137473227012186e-04
7.171230459999999312e+02 2.191083584366236472e-04 2.109779434019823981e-04
7.171233584999999948e+02 2.088121186641296622e-04 2.131559877726041635e-04
7.171236709999999448e+02 2.212821906834199273e-04 2.152519779912378964e-04
7.171239835000000085e+02 2.156540106287991026e-04 2.172698301318475630e-04
7.171242959999999584e+02 2.043778031506678235e-04 2.192132814653395914e-04
7.171246085000000221e+02 2.007410911454670635e-04 2.210858942865668794e-04
7.171249209999999721e+02 2.175123907849517077e-04 2.228910605932829048e-04
7.171252334999999221e+02 2.235714610272233058e-04 2.246320074140775442e-04
7.171255459999999857e+02 2.587283746196321972e-04 2.263118025826027350e-04
7.171258584999999357e+02 2.224974384548680827e-04 2.279333608139405890e-04
7.171261709999999994e+02 2.370204558052678011e-04 2.294994499654614628e-04
7.171264834999999493e+02 2.446568911267905195e-04 2.310126973679157232e-04
7.171267960000000130e+02 2.246681105655961999e-04 2.324755961655842107e-04
7.171271084999999630e+02 2.435265386758474573e-04 2.338905115844587134e-04
7.171274210000000267e+02 2.297365709486713138e-04 2.352596870971479547e-04
7.171277334999999766e+02 2.460745143562179257e-04 2.365852504299592802e-04
7.171280459999999266e+02 2.677603857147549740e-04 2.378692194001337306e-04
7.171283584999999903e+02 2.311561322497940091e-04 2.391135075501847683e-04
7.171286709999999402e+02 2.658769889413202872e-04 2.403199295707224672e-04
7.171289835000000039e+02 2.365617972512718773e-04 2.414902065070699826e-04
7.171292959999999539e+02 2.266831192618217567e-04 2.426259707338972117e-04
7.171296085000000176e+02 2.551453530431790255e-04 2.437287707100499739e-04
7.171299209999999675e+02 2.125944510476406751e-04 2.448000755011682386e-04
7.171302334999999175e+02 2.712771577165836606e-04 2.458412790862403441e-04
7.171305459999999812e+02 2.744214451184487803e-04 2.468537044427188956e-04
7.171308584999999312e+02 2.686656000800239372e-04 2.478386074205420411e-04
7.171311709999999948e+02 2.774345622318518550e-04 2.487971804154027610e-04
7.171314834999999448e+02 2.370817745214196448e-04 2.497305558397772910e-04
7.171317960000000085e+02 2.514875229719730726e-04 2.506398094107417022e-04
7.171321084999999584e+02 2.652527961620177702e-04 2.515259632515855930e-04
7.171324210000000221e+02 2.728860311034987532e-04 2.523899888263770068e-04
7.171327334999999721e+02 2.499835604093697972e-04 2.532328097051477563e-04
7.171330459999999221e+02 2.510184258443322780e-04 2.540553041779009045e-04
7.171333584999999857e+02 2.557860422332093142e-04 2.548583077174503757e-04
7.171336709999999357e+02 2.395856572072458225e-04 2.556426153022219234e-04
7.171339834999999994e+02 2.546551334617095730e-04 2.564089836093038852e-04
7.171342959999999493e+02 2.301905948174867321e-04 2.571581330778422098e-04
7.171346085000000130e+02 2.327279299978551571e-04 2.578907498585939319e-04
7.171349209999999630e+02 2.399443415995528082e-04 2.586074876473930598e-04
7.171352335000000267e+02 2.715684892620212230e-04 2.593089694176357158e-04
7.171355459999999766e+02 2.552865983820612624e-04 2.599957890493168858e-04
7.171358584999999266e+02 2.540911367076979137e-04 2.606685128684912522e-04
7.171361709999999903e+02 2.690048820607476724e-04 2.613276810961459541e-04
7.171364834999999402e+02 2.735452180510619452e-04 2.619738092143391261e-04
7.171367960000000039e+02 2.688325429262804211e-04 2.626073892567628242e-04
7.171371084999999539e+02 2.409266816574622233e-04 2.632288910224349875e-04
7.171374210000000176e+02 2.979954387467267842e-04 2.638387632241487204e-04
7.171377334999999675e+02 2.467181706858065176e-04 2.644374345683995651e-04
7.171380459999999175e+02 2.643135571817775654e-04 2.650253147776810304e-04
7.171383584999999812e+02 2.222323836297786020e-04 2.656027955531643434e-04
7.171386709999999312e+02 2.705026073563694005e-04 2.661702514834969309e-04
7.171389834999999948e+02 2.468266462197548023e-04 2.667280409049365949e-04
7.171392959999999448e+02 2.883129248685277783e-04 2.672765067106549824e-04
7.171396085000000085e+02 2.487176049078604801e-04 2.678159771184345276e-04
7.171399209999999584e+02 2.681299651168393998e-04 2.683467663929269670e-04
7.171402335000000221e+02 2.733830903870822942e-04 2.688691755313615578e-04
