7.083047090000000026e+02 3.751660873942437168e-04 3.775982924880486860e-04
7.083050214999999525e+02 3.971944839596551935e-04 3.783893033326870105e-04
7.083053340000000162e+02 4.165119479879945789e-04 3.791322255436205247e-04
7.083056464999999662e+02 4.104147142460314100e-04 3.798250967168810620e-04
7.083059590000000298e+02 4.143032345858220478e-04 3.804658616113056014e-04
7.083062714999999798e+02 4.048596934770531605e-04 3.810523673821325247e-04
7.083065840000000435e+02 4.212478448298196277e-04 3.815823585793733813e-04
7.083068964999999935e+02 3.795428896464377554e-04 3.820534718951181245e-04
7.083072090000000571e+02 4.532472278642406521e-04 3.824632306586491230e-04
7.083075215000000071e+02 3.592713315749912419e-04 3.828090390659518762e-04
7.083078339999999571e+02 3.948028218516907387e-04 3.830881761426262167e-04
7.083081465000000208e+02 3.874235913187366181e-04 3.832977894308703371e-04
7.083084589999999707e+02 3.802616036356452770e-04 3.834348883989186548e-04
7.083087715000000344e+02 3.711314842571846124e-04 3.834963375712380955e-04
7.083090839999999844e+02 4.070487649576651603e-04 3.834788493785169870e-04
7.083093965000000480e+02 4.179704391733487677e-04 3.833789767322076203e-04
7.083097089999999980e+02 4.081236806324145061e-04 3.831931053297530461e-04
7.083100214999999480e+02 3.304652355336755182e-04 3.829174457013965051e-04
7.083103340000000117e+02 3.806101000425038796e-04 3.825480250150371038e-04
7.083106464999999616e+02 3.876610361023673256e-04 3.820806786617211414e-04
7.083109590000000253e+02 3.935521399813756956e-04 3.815110416489601733e-04
7.083112714999999753e+02 3.942441622521077743e-04 3.808345398437800095e-04
7.083115840000000389e+02 3.483576104067246629e-04 3.800463811081204713e-04
7.083118964999999889e+02 3.123506461384020902e-04 3.791415463932361514e-04
7.083122090000000526e+02 3.373283023087292852e-04 3.781147808591633322e-04
7.083125215000000026e+02 3.891037431274374254e-04 3.769605851188563843e-04
7.083128339999999525e+02 3.770059851946994480e-04 3.756732067064298924e-04
7.083131465000000162e+02 3.429854692607952845e-04 3.742466319098692738e-04
7.083134589999999662e+02 3.962052143103202552e-04 3.726745781233427399e-04
7.083137715000000298e+02 3.362457720062153469e-04 3.709504869003020229e-04
7.083140839999999798e+02 3.604109863383484261e-04 3.690675179433936816e-04
7.083143965000000435e+02 4.022294336038860735e-04 3.670185442750554606e-04
7.083147089999999935e+02 3.465383456720820717e-04 3.647961489163055785e-04
7.083150215000000571e+02 3.525702438719729840e-04 3.623926234111044323e-04
7.083153340000000071e+02 3.064359543884472080e-04 3.597999686387437610e-04
7.083156464999999571e+02 3.350483980672261082e-04 3.570098983749278717e-04
7.083159590000000208e+02 3.090309568978611473e-04 3.540138461833674892e-04
7.083162714999999707e+02 3.536437562061259319e-04 3.508029762767986542e-04
7.083165840000000344e+02 3.204693134617391339e-04 3.473681990750458618e-04
7.083168964999999844e+02 2.990109368798013847e-04 3.437001923336093314e-04
7.083172090000000480e+02 3.001428233806353071e-04 3.397894287658357790e-04
7.083175214999999980e+02 2.871500242648972342e-04 3.356262112830930735e-04
7.083178339999999480e+02 2.997523857892422667e-04 3.312007170301341339e-04
7.083181465000000117e+02 2.902028379087308817e-04 3.265030516098216826e-04
7.083184589999999616e+02 2.857505405643876654e-04 3.215233149929590619e-04
7.083187715000000253e+02 2.886612763573777980e-04 3.162516807509731481e-04
7.083190839999999753e+02 2.269216836266532700e-04 3.106784904601821748e-04
7.083193965000000389e+02 3.419656475168150246e-04 3.047943651629543408e-04
7.083197089999999889e+02 2.360066061147944529e-04 2.985903360086419704e-04
7.083200215000000526e+02 2.246686414108500221e-04 2.920579961605750076e-04
7.083203340000000026e+02 2.421120608000194808e-04 2.851896762344602299e-04
7.083206464999999525e+02 2.309396861375568656e-04 2.779786453782601249e-04
7.083209590000000162e+02 2.003285235564063150e-04 2.704193401286640987e-04
7.083212714999999662e+02 2.537792224784791995e-04 2.625076228879998455e-04
7.083215840000000298e+02 1.857036062340024858e-04 2.542410714998396258e-04
7.083218964999999798e+02 2.600842745753276968e-04 2.456193009700737137e-04
7.083222090000000435e+02 2.029516051426791734e-04 2.366443174705213000e-04
7.083225214999999935e+02 1.990157110215830325e-04 2.273209039426519443e-04
7.083228340000000571e+02 2.250324176450549970e-04 2.176570351205529569e-04
7.083231465000000071e+02 1.834761617529516800e-04 2.076643183626739877e-04
7.083234589999999571e+02 1.938414541133858275e-04 1.973584544785548232e-04
7.083237715000000208e+02 1.665336946768894032e-04 1.867597105610421804e-04
7.083240839999999707e+02 1.827294526123862282e-04 1.758933939896423616e-04
7.083243965000000344e+02 1.731694760682427785e-04 1.647903137180336197e-04
7.083247089999999844e+02 1.941359766114097540e-04 1.534872118247870430e-04
7.083250215000000480e+02 1.280373138629542972e-04 1.420271447226468988e-04
7.083253339999999980e+02 1.342246004043902213e-04 1.304597904232695940e-04
7.083256464999999480e+02 1.119888261905737585e-04 1.188416551316808612e-04
7.083259590000000117e+02 1.082775770410432782e-04 1.072361505284655074e-04
7.083262714999999616e+02 1.145697515385359869e-04 9.571351192130670609e-05
7.083265840000000253e+02 1.143018676071331933e-04 8.435052795872451288e-05
7.083268964999999753e+02 1.070862866920618660e-04 7.323005523336287498e-05
7.083272090000000389e+02 1.168019469735561116e-04 6.244029570802594217e-05
7.083275214999999889e+02 8.822850604891194508e-05 5.207382261633738095e-05
7.083278340000000526e+02 7.552476851131033895e-05 4.222635038422851327e-05
7.083281465000000026e+02 6.878260734409396876e-05 3.299525704489124329e-05
7.083284589999999525e+02 7.796802269863874115e-05 2.447788207938443838e-05
7.083287715000000162e+02 3.697828954046898376e-05 1.676963872247790784e-05
7.083290839999999662e+02 3.696597394913311044e-05 9.961995575983290284e-06
7.083293965000000298e+02 4.507423745016090878e-05 4.140396959765514362e-06
7.083297089999999798e+02 3.676587564703659444e-05 -6.177968240152990627e-07
7.083300215000000435e+02 2.383394813007766751e-05 -4.245261011421882500e-06
7.083303339999999935e+02 2.572766907134824436e-05 -6.686459593423967644e-06
7.083306465000000571e+02 2.683443926478906732e-05 -7.899115004861265751e-06
7.083309590000000071e+02 1.368290520584170091e-05 -7.855320237690003652e-06
7.083312714999999571e+02 1.450729932715467816e-05 -6.542236634349104976e-06
7.083315840000000208e+02 9.998408702372836240e-06 -3.962342501964009114e-06
7.083318964999999707e+02 1.336461961324232915e-05 -1.332225236691022332e-07
7.083322090000000344e+02 5.363109875185976124e-06 4.913086603695167797e-06
7.083325214999999844e+02 9.261469079793998026e-06 1.113115489665393327e-05
7.083328340000000480e+02 7.995360250662412953e-06 1.846356251323539595e-05
7.083331464999999980e+02 1.551327863495664873e-05 2.684257295104436092e-05
7.083334589999999480e+02 9.588899149120085541e-06 3.619199214868532418e-05
7.083337715000000117e+02 3.440493208694595412e-05 4.642912677603410707e-05
7.083340839999999616e+02 4.295697893306125428e-05 5.746675828141505023e-05
7.083343965000000253e+02 5.031190875106623234e-05 6.921505747504579390e-05
7.083347089999999753e+02 2.185263931095422611e-05 8.158337614968623594e-05
7.083350215000000389e+02 4.664084608463805445e-05 9.448186656608391050e-05
7.083353339999999889e+02 4.742537680853066754e-05 1.078228943015179160e-04
7.083356465000000526e+02 6.106004896793042007e-05 1.215222247668869125e-04
7.083359590000000026e+02 8.980497238039157496e-05 1.354999765708984731e-04
7.083362714999999525e+02 9.381496237080997540e-05 1.496813463631811974e-04
7.083365840000000162e+02 1.052242445050860666e-04 1.639971183168792250e-04
7.083368964999999662e+02 1.357983873416451846e-04 1.783839779501252888e-04
7.083372090000000298e+02 1.151426722787422542e-04 1.927846540583348525e-04
7.083375214999999798e+02 1.804486189320558527e-04 2.071479143812797322e-04
7.083378340000000435e+02 1.778797744769374520e-04 2.214284412811263808e-04
7.083381464999999935e+02 2.335983107798485334e-04 2.355866124426468666e-04
7.083384590000000571e+02 1.792334607382000571e-04 2.495882100798758278e-04
7.083387715000000071e+02 2.298335340439683968e-04 2.634040793480933772e-04
7.083390839999999571e+02 2.354470656406096850e-04 2.770097542212912600e-04
7.083393965000000208e+02 2.616552717453186449e-04 2.903850659540612692e-04
7.083397089999999707e+02 2.976860001211847147e-04 3.035137466509229935e-04
7.083400215000000344e+02 2.925245598509233855e-04 3.163830378731483529e-04
7.083403339999999844e+02 3.134272063683586195e-04 3.289833117199824318e-04
7.083406465000000480e+02 3.508685737503178205e-04 3.413077100589114116e-04
7.083409589999999980e+02 3.672789501411299613e-04 3.533518055579855095e-04
7.083412714999999480e+02 3.954687475724532166e-04 3.651132870376263867e-04
7.083415840000000117e+02 3.812621441884160860e-04 3.765916702505631803e-04
7.083418964999999616e+02 3.962345470094539288e-04 3.877880344538185090e-04
7.083422090000000253e+02 4.479940092688178711e-04 3.987047844372707786e-04
7.083425214999999753e+02 4.906325319076716230e-04 4.093454370227611106e-04
7.083428340000000389e+02 4.120485416625664535e-04 4.197144309190160871e-04
7.083431464999999889e+02 4.211419806884932884e-04 4.298169583304850289e-04
7.083434590000000526e+02 4.842594040012163916e-04 4.396588168330190275e-04
7.083437715000000026e+02 5.320021877662394665e-04 4.492462797245212031e-04
7.083440839999999525e+02 4.658845131586929070e-04 4.585859832912693316e-04
7.083443965000000162e+02 4.985534611544686651e-04 4.676848292649622035e-04
7.083447089999999662e+02 5.407654464849469050e-04 4.765499009444622031e-04
7.083450215000000298e+02 5.122613259588892952e-04 4.851883915386174498e-04
7.083453339999999798e+02 5.511405909184070731e-04 4.936075432761691337e-04
7.083456465000000435e+02 5.599851420380663530e-04 5.018145961176384909e-04
7.083459589999999935e+02 5.592767024289470833e-04 5.098167448132423984e-04
7.083462715000000571e+02 5.828108798594630775e-04 5.176211033574997606e-04
7.083465840000000071e+02 6.012434284071815861e-04 5.252346758014339850e-04
7.083468964999999571e+02 6.683285491904289617e-04 5.326643326678733590e-04
7.083472090000000208e+02 5.971197104098110693e-04 5.399167921445217292e-04
7.083475214999999707e+02 5.372355284579972533e-04 5.469986054167458528e-04
7.083478340000000344e+02 5.965469928130958310e-04 5.539161455744683873e-04
7.083481464999999844e+02 5.312291129241388226e-04 5.606755995086558884e-04
7.083484590000000480e+02 6.296455883581636957e-04 5.672829624212632430e-04
7.083487714999999980e+02 6.142545886745127319e-04 5.737440344694821198e-04
7.083490839999999480e+02 7.325300369294362969e-04 5.800644192733671453e-04
7.083493965000000117e+02 6.270110384795303440e-04 5.862495239238842614e-04
7.083497089999999616e+02 5.735260347144366042e-04 5.923045602551217951e-04
7.083500215000000253e+02 5.535216860196291938e-04 5.982345471758972622e-04
7.083503339999999753e+02 6.945386347889394817e-04 6.040443138106738226e-04
7.083506465000000389e+02 6.515109118457465889e-04 6.097385033507688032e-04
7.083509589999999889e+02 7.296413268543235032e-04 6.153215774036597694e-04
7.083512715000000526e+02 6.435282527066119116e-04 6.207978207859713880e-04
7.083515840000000026e+02 6.644128194839634023e-04 6.261713465900115927e-04
7.083518964999999525e+02 6.552934431552464830e-04 6.314461014991140436e-04
7.083522090000000162e+02 6.811822456698169662e-04 6.366258712272170354e-04
7.083525214999999662e+02 7.107328455568864964e-04 6.417142860413652247e-04
7.083528340000000298e+02 5.987906352817132802e-04 6.467148263332612047e-04
7.083531464999999798e+02 6.917711157969899313e-04 6.516308281503957467e-04
7.083534590000000435e+02 6.583953862397172799e-04 6.564654887087593982e-04
7.083537714999999935e+02 7.156301016505832186e-04 6.612218718001380792e-04
7.083540840000000571e+02 6.289118026199119488e-04 6.659029131281168565e-04
7.083543965000000071e+02 6.559754194401726376e-04 6.705114254981285301e-04
7.083547089999999571e+02 6.983353728487157836e-04 6.750501039010295542e-04
7.083550215000000208e+02 8.230755466269701857e-04 6.795215304363314565e-04
7.083553339999999707e+02 6.960294214125366209e-04 6.839281790848564160e-04
7.083556465000000344e+02 6.542029536822729051e-04 6.882724203410147887e-04
7.083559589999999844e+02 7.115410436616284541e-04 6.925565256610706488e-04
7.083562715000000480e+02 6.694922944619893443e-04 6.967826717753756267e-04
7.083565839999999980e+02 6.947564935852160346e-04 7.009529448137362742e-04
7.083568964999999480e+02 7.730870537053339013e-04 7.050693442932653467e-04
7.083572090000000117e+02 7.329517604007722113e-04 7.091337869318101086e-04
7.083575214999999616e+02 7.392348321029120362e-04 7.131481103054948100e-04
7.083578340000000253e+02 7.127869161413567627e-04 7.171140763679652612e-04
7.083581464999999753e+02 7.304750275682785673e-04 7.210333747984560985e-04
7.083584590000000389e+02 7.667102202500961387e-04 7.249076262280429494e-04
7.083587714999999889e+02 7.005382700947990725e-04 7.287383853022998733e-04
7.083590840000000526e+02 7.756350147958998532e-04 7.325271436306067183e-04
7.083593965000000026e+02 7.056138969430084812e-04 7.362753325817172597e-04
7.083597089999999525e+02 6.444517053099904115e-04 7.399843259736498284e-04
7.083600215000000162e+02 7.223147209724889006e-04 7.436554426279934696e-04
7.083603339999999662e+02 7.330787951767303058e-04 7.472899488075737890e-04
7.083606465000000298e+02 6.757959826470895425e-04 7.508890605552325133e-04
7.083609589999999798e+02 7.623627351756653977e-04 7.544539459052458218e-04
7.083612715000000435e+02 7.302418005973953076e-04 7.579857270129185904e-04
7.083615839999999935e+02 7.286900733938958237e-04 7.614854821649198659e-04
7.083618965000000571e+02 8.209247636435650520e-04 7.649542477162247925e-04
7.083622090000000071e+02 6.730392019782054872e-04 7.683930199167596752e-04
7.083625214999999571e+02 7.592817758225326244e-04 7.718027566713485518e-04
7.083628340000000208e+02 7.402619543861373727e-04 7.751843792051614631e-04
7.083631464999999707e+02 7.371034041406168257e-04 7.785387736513473640e-04
7.083634590000000344e+02 7.195388732974043701e-04 7.818667925765375882e-04
7.083637714999999844e+02 7.217062097535851791e-04 7.851692564171482060e-04
7.083640840000000480e+02 9.064785270411297637e-04 7.884469548676435518e-04
7.083643964999999980e+02 7.213734083911550743e-04 7.917006481852258701e-04
7.083647089999999480e+02 7.702314655294102870e-04 7.949310684513128918e-04
7.083650215000000117e+02 7.306263661180440383e-04 7.981389207627793839e-04
7.083653339999999616e+02 7.613885671442998347e-04 8.013248843679074244e-04
7.083656465000000253e+02 7.251480845531558216e-04 8.044896137611870848e-04
7.083659589999999753e+02 7.736742977293884719e-04 8.076337397104877249e-04
7.083662715000000389e+02 7.145702565239472502e-04 8.107578702549456378e-04
7.083665839999999889e+02 7.255366389438120713e-04 8.138625916390363141e-04
7.083668965000000526e+02 8.261256879417782327e-04 8.169484692216522678e-04
