7.170324580000000196e+02 2.171726598416364221e-04 2.267784578943320595e-04
7.170327704999999696e+02 2.462061064598964613e-04 2.267403154455957656e-04
7.170330830000000333e+02 2.413846491487221942e-04 2.266923544057970177e-04
7.170333954999999833e+02 2.460997773812676512e-04 2.266342039159804271e-04
7.170337080000000469e+02 2.294055723111721031e-04 2.265654761023892533e-04
7.170340204999999969e+02 2.358109040195293543e-04 2.264857651711973832e-04
7.170343330000000606e+02 2.621943458643160728e-04 2.263946464491477532e-04
7.170346455000000105e+02 2.172692578005702756e-04 2.262916753674928526e-04
7.170349580000000742e+02 2.077316364236310876e-04 2.261763863846837400e-04
7.170352705000000242e+02 2.162910260089810134e-04 2.260482918450202250e-04
7.170355829999999742e+02 2.210254643725809078e-04 2.259068807680218044e-04
7.170358955000000378e+02 2.098043447588739140e-04 2.257516175651440163e-04
7.170362079999999878e+02 2.245240656615177070e-04 2.255819406789331928e-04
7.170365205000000515e+02 1.993085245783611471e-04 2.253972611390475439e-04
7.170368330000000014e+02 2.442211847041073471e-04 2.251969610314785079e-04
7.170371455000000651e+02 2.194989057193357581e-04 2.249803918735665867e-04
7.170374580000000151e+02 2.128621972422306552e-04 2.247468728911956913e-04
7.170377704999999651e+02 2.185500701656550241e-04 2.244956891898365863e-04
7.170380830000000287e+02 2.375021018500466296e-04 2.242260898149022374e-04
7.170383954999999787e+02 2.250023773504553244e-04 2.239372856940647944e-04
7.170387080000000424e+02 2.529576312084665145e-04 2.236284474533537414e-04
7.170390204999999924e+02 2.410239854963171604e-04 2.232987031022605517e-04
7.170393330000000560e+02 2.343059238517122269e-04 2.229471355769186206e-04
7.170396455000000060e+02 2.264193117154194288e-04 2.225727801370436796e-04
7.170399580000000697e+02 2.126656034719950970e-04 2.221746216046235727e-04
7.170402705000000196e+02 2.234353745448428583e-04 2.217515914400940689e-04
7.170405829999999696e+02 1.906764997411332157e-04 2.213025646432885765e-04
7.170408955000000333e+02 2.469603272289489686e-04 2.208263564740451095e-04
7.170412079999999833e+02 2.338377452949510029e-04 2.203217189826926303e-04
7.170415205000000469e+02 2.054335586920983184e-04 2.197873373400238499e-04
7.170418329999999969e+02 2.003811857109767799e-04 2.192218259631356896e-04
7.170421455000000606e+02 2.323808054983880094e-04 2.186237244237475893e-04
7.170424580000000105e+02 2.157137645951432477e-04 2.179914931382925510e-04
7.170427705000000742e+02 2.197206916079341883e-04 2.173235088272374577e-04
7.170430830000000242e+02 2.077864907717458394e-04 2.166180597460068261e-04
7.170433954999999742e+02 2.143526291693048820e-04 2.158733406775722237e-04
7.170437080000000378e+02 2.036221329760287712e-04 2.150874476919906392e-04
7.170440204999999878e+02 2.041946636551883573e-04 2.142583726731465683e-04
7.170443330000000515e+02 2.098696046264876634e-04 2.133839976154502233e-04
7.170446455000000014e+02 1.925705376458329999e-04 2.124620887084161414e-04
7.170449580000000651e+02 2.106458735648035019e-04 2.114902902158074909e-04
7.170452705000000151e+02 2.000842877285322204e-04 2.104661181825341805e-04
7.170455829999999651e+02 2.230969849190161838e-04 2.093869539903376990e-04
7.170458955000000287e+02 2.267445506484079706e-04 2.082500378123710661e-04
7.170462079999999787e+02 1.854328883107248058e-04 2.070524620175644473e-04
7.170465205000000424e+02 1.848646929767391671e-04 2.057911645889320105e-04
7.170468329999999924e+02 2.082501822785008802e-04 2.044629226531734624e-04
7.170471455000000560e+02 1.956701929558053612e-04 2.030643462159178927e-04
7.170474580000000060e+02 2.174622690836752899e-04 2.015918722506788183e-04
7.170477705000000697e+02 1.872080250102880442e-04 2.000417592895311020e-04
7.170480830000000196e+02 2.236072256881117967e-04 1.984100827309962542e-04
7.170483954999999696e+02 1.998800371752629127e-04 1.966927310897928916e-04
7.170487080000000333e+02 2.038274568228420989e-04 1.948854034925713065e-04
7.170490204999999833e+02 1.804940576471268285e-04 1.929836087629450611e-04
7.170493330000000469e+02 2.016522472399917174e-04 1.909826665037081496e-04
7.170496454999999969e+02 1.972986469984872504e-04 1.888777106861702062e-04
7.170499580000000606e+02 1.848640562396524452e-04 1.866636963072448527e-04
7.170502705000000105e+02 1.700961192606960241e-04 1.843354098220147737e-04
7.170505830000000742e+02 1.783984686513733463e-04 1.818874841274715256e-04
7.170508955000000242e+02 1.657425452680402734e-04 1.793144190537591931e-04
7.170512079999999742e+02 1.675105771633191997e-04 1.766106084121195179e-04
7.170515205000000378e+02 1.673595088223869289e-04 1.737703748553091855e-04
7.170518329999999878e+02 1.560111644494602419e-04 1.707880139485520898e-04
7.170521455000000515e+02 1.651002790417759340e-04 1.676578490264429117e-04
7.170524580000000014e+02 1.664618271436841027e-04 1.643742986354114390e-04
7.170527705000000651e+02 1.571169831794637102e-04 1.609319584839972029e-04
7.170530830000000151e+02 1.506524563646221789e-04 1.573257000632375389e-04
7.170533954999999651e+02 1.401320833120062799e-04 1.535507881671395914e-04
7.170537080000000287e+02 1.479085205691049200e-04 1.496030197023177910e-04
7.170540204999999787e+02 1.556585978811901735e-04 1.454788861506003733e-04
7.170543330000000424e+02 1.400798788970193567e-04 1.411757619492824526e-04
7.170546454999999924e+02 1.354250052237136314e-04 1.366921208595024717e-04
7.170549580000000560e+02 1.232466703911448106e-04 1.320277818579647117e-04
7.170552705000000060e+02 1.216352680337670395e-04 1.271841854682789394e-04
7.170555830000000697e+02 1.127088321144068716e-04 1.221647002988138838e-04
7.170558955000000196e+02 1.342535378526425814e-04 1.169749582116179977e-04
7.170562079999999696e+02 9.642976808398780468e-05 1.116232145195366813e-04
7.170565205000000333e+02 1.112414378914860526e-04 1.061207272622860314e-04
7.170568329999999833e+02 9.367939690849327709e-05 1.004821465471792221e-04
7.170571455000000469e+02 1.067927039374092754e-04 9.472590138379532088e-05
7.170574579999999969e+02 8.603245301851859133e-05 8.887456748888401283e-05
7.170577705000000606e+02 9.400836585940681479e-05 8.295519508716073503e-05
7.170580830000000105e+02 6.892053158357877519e-05 7.699957149309842217e-05
7.170583955000000742e+02 8.564087192830447369e-05 7.104438912724607023e-05
7.170587080000000242e+02 7.511935473308497125e-05 6.513128668401671928e-05
7.170590204999999742e+02 6.327520466511634984e-05 5.930672956168522511e-05
7.170593330000000378e+02 6.444980033638470916e-05 5.362169668237825768e-05
7.170596454999999878e+02 4.693025641312461254e-05 4.813114478482630318e-05
7.170599580000000515e+02 3.958826818676224122e-05 4.289322909363606749e-05
7.170602705000000014e+02 4.338274926191365419e-05 3.796827131831923810e-05
7.170605830000000651e+02 4.075214543667536978e-05 3.341748188484049104e-05
7.170608955000000151e+02 3.750176945510303952e-05 2.930146287581230106e-05
7.170612079999999651e+02 2.657927385723766911e-05 2.567853947994875783e-05
7.170615205000000287e+02 2.001849555192686952e-05 2.260298918208956631e-05
7.170618329999999787e+02 2.425226170217484800e-05 2.012325645577596456e-05
7.170621455000000424e+02 1.916646291262583658e-05 1.828025376927881236e-05
7.170624579999999924e+02 2.221709668615838194e-05 1.710585466222585462e-05
7.170627705000000560e+02 1.107335981733263235e-05 1.662167962186846215e-05
7.170630830000000060e+02 1.542680014789024438e-05 1.683826013586961243e-05
7.170633955000000697e+02 1.286673734238782518e-05 1.775464141954573552e-05
7.170637080000000196e+02 1.409191094749424682e-05 1.935845251807716486e-05
7.170640204999999696e+02 2.128859638706437059e-05 2.162643732385106495e-05
7.170643330000000333e+02 1.344496256260817257e-05 2.452540574552514332e-05
7.170646454999999833e+02 2.743944281151715575e-05 2.801353486681530184e-05
7.170649580000000469e+02 4.179949436990399293e-05 3.204192864638467805e-05
7.170652704999999969e+02 2.820910360477592600e-05 3.655633331386303527e-05
7.170655830000000606e+02 5.027071265952805468e-05 4.149890462673415956e-05
7.170658955000000105e+02 4.223853583862824721e-05 4.680993121641762817e-05
7.170662080000000742e+02 4.853113882807720797e-05 5.242943357759706588e-05
7.170665205000000242e+02 5.334679050102792487e-05 5.829857776025100139e-05
7.170668329999999742e+02 6.802474933649823121e-05 6.436086419271557131e-05
7.170671455000000378e+02 5.416733656985203103e-05 7.056307244827640418e-05
7.170674579999999878e+02 7.294571037775561615e-05 7.685596077486320037e-05
7.170677705000000515e+02 6.406915694135722106e-05 8.319473350960605819e-05
7.170680830000000014e+02 9.238939083813945308e-05 8.953929964798209760e-05
7.170683955000000651e+02 8.302493730898442554e-05 9.585435224129241593e-05
7.170687080000000151e+02 9.983934134330014641e-05 1.021093009610851899e-04
7.170690204999999651e+02 1.103814498471836317e-04 1.082780903459947599e-04
7.170693330000000287e+02 1.208722762873993623e-04 1.143389341264477587e-04
7.170696454999999787e+02 1.067782009397847765e-04 1.202739928038637696e-04
7.170699580000000424e+02 1.427327283696543190e-04 1.260690176611568272e-04
7.170702704999999924e+02 1.300976415377912859e-04 1.317129800919714230e-04
7.170705830000000560e+02 1.365470362509030419e-04 1.371977011734784721e-04
7.170708955000000060e+02 1.311157573902783772e-04 1.425174925451859432e-04
7.170712080000000697e+02 1.736455576774363705e-04 1.476688165412747770e-04
7.170715205000000196e+02 1.523279414360077441e-04 1.526499706760172748e-04
7.170718329999999696e+02 1.591755080119329284e-04 1.574607995120735980e-04
7.170721455000000333e+02 1.724053686193511214e-04 1.621024351256161082e-04
7.170724579999999833e+02 1.691437628049691092e-04 1.665770661707968703e-04
7.170727705000000469e+02 1.940820598845627656e-04 1.708877346239255396e-04
7.170730829999999969e+02 1.653488136371944332e-04 1.750381586104896514e-04
7.170733955000000606e+02 1.834006137115834099e-04 1.790325794238898662e-04
7.170737080000000105e+02 1.854343564479445116e-04 1.828756305392579184e-04
7.170740205000000742e+02 1.910943743542535935e-04 1.865722264537670357e-04
7.170743330000000242e+02 2.002772407485037677e-04 1.901274691158381935e-04
7.170746454999999742e+02 1.807615018807899512e-04 1.935465698876663880e-04
7.170749580000000378e+02 2.228078862586785292e-04 1.968347850416014746e-04
7.170752704999999878e+02 2.284610186598408778e-04 1.999973629987278269e-04
7.170755830000000515e+02 2.005025844330365241e-04 2.030395016836770690e-04
7.170758955000000014e+02 2.031893468272874797e-04 2.059663145011393507e-04
7.170762080000000651e+02 2.015023113997278315e-04 2.087828036705661528e-04
7.170765205000000151e+02 2.219900309867489814e-04 2.114938397417996587e-04
7.170768329999999651e+02 2.065115482904935891e-04 2.141041463286370416e-04
7.170771455000000287e+02 2.252830527563959360e-04 2.166182891705303675e-04
7.170774579999999787e+02 2.017083989618795520e-04 2.190406687894889753e-04
7.170777705000000424e+02 2.404065508655033067e-04 2.213755161126037727e-04
7.170780829999999924e+02 2.333720879888145049e-04 2.236268904938922919e-04
7.170783955000000560e+02 2.511015073080397541e-04 2.257986797008477520e-04
7.170787080000000060e+02 2.059201471103572147e-04 2.278946014481330478e-04
7.170790205000000697e+02 2.310269141422042691e-04 2.299182061762429789e-04
7.170793330000000196e+02 2.345749284017149697e-04 2.318728807747113217e-04
7.170796454999999696e+02 2.422177129882382215e-04 2.337618530442506345e-04
7.170799580000000333e+02 2.121331951147075227e-04 2.355881966886460102e-04
7.170802704999999833e+02 2.389616984980821195e-04 2.373548366872914490e-04
7.170805830000000469e+02 2.473530325097649690e-04 2.390645549255218888e-04
7.170808954999999969e+02 2.855334009698424851e-04 2.407199959614363669e-04
7.170812080000000606e+02 2.481319547181417423e-04 2.423236728640651828e-04
7.170815205000000105e+02 2.273336083149748901e-04 2.438779730347771378e-04
7.170818330000000742e+02 2.578350755788359826e-04 2.453851639771473269e-04
7.170821455000000242e+02 2.369422963483326693e-04 2.468473989542668292e-04
7.170824579999999742e+02 2.263620559677652518e-04 2.482667225185450723e-04
7.170827705000000378e+02 2.260131905152264035e-04 2.496450758755203300e-04
7.170830829999999878e+02 2.376599729441130889e-04 2.509843020697398214e-04
7.170833955000000515e+02 2.673842103420784040e-04 2.522861509849743636e-04
7.170837080000000014e+02 2.412965650106799545e-04 2.535522841385769665e-04
7.170840205000000651e+02 2.389422649958038007e-04 2.547842792807486793e-04
7.170843330000000151e+02 2.468914023203729849e-04 2.559836347821337500e-04
7.170846454999999651e+02 2.952096365066159134e-04 2.571517738249820160e-04
7.170849580000000287e+02 2.394372335281979235e-04 2.582900483891747696e-04
7.170852704999999787e+02 2.230225126589542356e-04 2.593997430420110590e-04
7.170855830000000424e+02 2.300839458639784081e-04 2.604820785408108220e-04
7.170858954999999924e+02 2.647693869702974793e-04 2.615382152441627327e-04
7.170862080000000560e+02 2.485752465051928968e-04 2.625692563508633744e-04
7.170865205000000060e+02 2.924445600373307944e-04 2.635762509608816453e-04
7.170868330000000697e+02 2.466021290817727312e-04 2.645601969778275508e-04
7.170871455000000196e+02 2.840090804804242973e-04 2.655220438481972322e-04
7.170874579999999696e+02 2.500616407436718688e-04 2.664626951560869613e-04
7.170877705000000333e+02 2.821892003259422136e-04 2.673830110715140376e-04
7.170880829999999833e+02 2.682793608778740358e-04 2.682838106632333386e-04
7.170883955000000469e+02 2.347679822682887448e-04 2.691658740861453442e-04
7.170887079999999969e+02 2.610890734338149033e-04 2.700299446417920614e-04
7.170890205000000606e+02 2.677531415056468500e-04 2.708767307285895351e-04
7.170893330000000105e+02 3.001042077967116259e-04 2.717069076777862079e-04
7.170896455000000742e+02 2.775999269922618785e-04 2.725211194912179882e-04
7.170899580000000242e+02 2.811097785928922343e-04 2.733199804767394068e-04
7.170902704999999742e+02 2.726353109326767627e-04 2.741040767961948408e-04
7.170905830000000378e+02 2.791790509639615714e-04 2.748739679236374221e-04
7.170908954999999878e+02 2.674337834051667188e-04 2.756301880218416014e-04
7.170912080000000515e+02 2.764058209603040446e-04 2.763732472444745190e-04
7.170915205000000014e+02 2.688644223160259060e-04 2.771036329614573425e-04
7.170918330000000651e+02 2.639527749874497802e-04 2.778218109202365408e-04
7.170921455000000151e+02 2.980827416401419551e-04 2.785282263382860045e-04
7.170924579999999651e+02 2.956056132619401446e-04 2.792233049388454891e-04
7.170927705000000287e+02 2.883850004747300620e-04 2.799074539268260066e-04
7.170930829999999787e+02 2.834892898372208428e-04 2.805810629109343991e-04
7.170933955000000424e+02 2.671879588667265808e-04 2.812445047775441378e-04
7.170937079999999924e+02 3.175641585577235887e-04 2.818981365131182368e-04
7.170940205000000560e+02 2.662978064426267362e-04 2.825422999855532096e-04
7.170943330000000060e+02 2.989431957045692772e-04 2.831773226793375306e-04
7.170946455000000697e+02 2.757258208671505592e-04 2.838035183946010153e-04
