7.082623280000000250e+02 4.243727910853103318e-04 3.553248247532923691e-04
7.082626404999999750e+02 4.083599178653265073e-04 3.561607623783374942e-04
7.082629530000000386e+02 4.560372886725161325e-04 3.569525895866899152e-04
7.082632654999999886e+02 4.343331760887315040e-04 3.576984871400438418e-04
7.082635780000000523e+02 3.796734408969551435e-04 3.583965484816555220e-04
7.082638905000000022e+02 4.018942175338566757e-04 3.590447751536724645e-04
7.082642030000000659e+02 3.717817403782562179e-04 3.596410719791993558e-04
7.082645155000000159e+02 3.540686754097402606e-04 3.601832419913596531e-04
7.082648280000000796e+02 3.359471353610127232e-04 3.606689811074947493e-04
7.082651405000000295e+02 3.795302079135862974e-04 3.610958725326216456e-04
7.082654529999999795e+02 3.409512411053177675e-04 3.614613808899630573e-04
7.082657655000000432e+02 3.779600826852301835e-04 3.617628460662651807e-04
7.082660779999999932e+02 3.900276624299658457e-04 3.619974767678446289e-04
7.082663905000000568e+02 3.795288780973195362e-04 3.621623437829787754e-04
7.082667030000000068e+02 3.188374878794277586e-04 3.622543729452594777e-04
7.082670155000000705e+02 3.876066558535054313e-04 3.622703377997194430e-04
7.082673280000000204e+02 3.393144823404388682e-04 3.622068519720035335e-04
7.082676404999999704e+02 3.254524201226881037e-04 3.620603612474038841e-04
7.082679530000000341e+02 3.615944662950597690e-04 3.618271353691604377e-04
7.082682654999999841e+02 3.404601732756430774e-04 3.615032595721047481e-04
7.082685780000000477e+02 3.335034228321372726e-04 3.610846258716062375e-04
7.082688904999999977e+02 3.297092239797491057e-04 3.605669241396353033e-04
7.082692030000000614e+02 3.290244115604964298e-04 3.599456330022576768e-04
7.082695155000000113e+02 3.155477435617872893e-04 3.592160106122814912e-04
7.082698280000000750e+02 3.550245283219621416e-04 3.583730853524397350e-04
7.082701405000000250e+02 3.260263943146749725e-04 3.574116465527570497e-04
7.082704529999999750e+02 3.298946304646768941e-04 3.563262353078826793e-04
7.082707655000000386e+02 3.503076086616296208e-04 3.551111355157855190e-04
7.082710779999999886e+02 3.487564984811448499e-04 3.537603652743354652e-04
7.082713905000000523e+02 3.384731228247677142e-04 3.522676687966590789e-04
7.082717030000000022e+02 3.127975137256358909e-04 3.506265090561194015e-04
7.082720155000000659e+02 3.215531974113651167e-04 3.488300613820199698e-04
7.082723280000000159e+02 3.100560870250159513e-04 3.468712083034482816e-04
7.082726405000000796e+02 3.357202477066651477e-04 3.447425359519871503e-04
7.082729530000000295e+02 3.690917788146595127e-04 3.424363324313859660e-04
7.082732654999999795e+02 3.001170283766977200e-04 3.399445885846512426e-04
7.082735780000000432e+02 3.292310114462168374e-04 3.372590017033879912e-04
7.082738904999999932e+02 2.811808416404270716e-04 3.343709827837366738e-04
7.082742030000000568e+02 3.366158303582298360e-04 3.312716680221071473e-04
7.082745155000000068e+02 2.906604048509073951e-04 3.279519353863847133e-04
7.082748280000000705e+02 2.826460485052229542e-04 3.244024271564201005e-04
7.082751405000000204e+02 2.830123454551186331e-04 3.206135795250148108e-04
7.082754529999999704e+02 2.730360150863573405e-04 3.165756604168241299e-04
7.082757655000000341e+02 2.948504670366510361e-04 3.122788169006140285e-04
7.082760779999999841e+02 2.596729711527625542e-04 3.077131336874900465e-04
7.082763905000000477e+02 2.351399716338720331e-04 3.028687043650050981e-04
7.082767029999999977e+02 2.624504733309927914e-04 2.977357172419926130e-04
7.082770155000000614e+02 3.269415423853446715e-04 2.923045577482769920e-04
7.082773280000000113e+02 2.258016457073162310e-04 2.865659295913968786e-04
7.082776405000000750e+02 2.203263458270871185e-04 2.805109968824004494e-04
7.082779530000000250e+02 2.846795473728963881e-04 2.741315496547272186e-04
7.082782654999999750e+02 2.454504566479095116e-04 2.674201951057916956e-04
7.082785780000000386e+02 2.274883660471208654e-04 2.603705769637473431e-04
7.082788904999999886e+02 1.986174137940455772e-04 2.529776251601090513e-04
7.082792030000000523e+02 1.981702220004633226e-04 2.452378376919654192e-04
7.082795155000000022e+02 1.979932426751661897e-04 2.371495961900148123e-04
7.082798280000000659e+02 1.829178688315469335e-04 2.287135158786835658e-04
7.082801405000000159e+02 1.916138704669817353e-04 2.199328298455773673e-04
7.082804530000000796e+02 1.879552483655760019e-04 2.108138061001240586e-04
7.082807655000000295e+02 2.157583745338195703e-04 2.013661944853108545e-04
7.082810779999999795e+02 1.580784483551128292e-04 1.916036983082069285e-04
7.082813905000000432e+02 1.954527058280473883e-04 1.815444633153504223e-04
7.082817029999999932e+02 1.559201388989360385e-04 1.712115736895248382e-04
7.082820155000000568e+02 1.418561324168179808e-04 1.606335415084869818e-04
7.082823280000000068e+02 1.664788801460339500e-04 1.498447726995435071e-04
7.082826405000000705e+02 1.627553384649224534e-04 1.388859885959031065e-04
7.082829530000000204e+02 1.452500162443509776e-04 1.278045787463097719e-04
7.082832654999999704e+02 1.201125392970930851e-04 1.166548569968983983e-04
7.082835780000000341e+02 1.392412662542804951e-04 1.054981903622054625e-04
7.082838904999999841e+02 1.114490206767003113e-04 9.440296844418336237e-05
7.082842030000000477e+02 9.660287627565790499e-05 8.344438112512055420e-05
7.082845154999999977e+02 1.072623778779612392e-04 7.270397446380864783e-05
7.082848280000000614e+02 7.829381749249483098e-05 6.226895911551484067e-05
7.082851405000000113e+02 9.508920441293789458e-05 5.223125337065357489e-05
7.082854530000000750e+02 8.395581975467361179e-05 4.268625323937677910e-05
7.082857655000000250e+02 6.592903852043498203e-05 3.373133576790921694e-05
7.082860779999999750e+02 7.051767539532353328e-05 2.546411749639302901e-05
7.082863905000000386e+02 5.790667979034883322e-05 1.798050768625481904e-05
7.082867029999999886e+02 4.200934019275466016e-05 1.137261360901336607e-05
7.082870155000000523e+02 4.832558356288223027e-05 5.726571686506272798e-06
7.082873280000000022e+02 3.449098713091095799e-05 1.120391746746005445e-06
7.082876405000000659e+02 2.805136357950741230e-05 -2.378089909462678482e-06
7.082879530000000159e+02 2.902520632615342543e-05 -4.713050513514487159e-06
7.082882655000000796e+02 1.073273996945615202e-05 -5.842220831958524945e-06
7.082885780000000295e+02 1.691462336102936764e-05 -5.738044338279548462e-06
7.082888904999999795e+02 1.079572903765422455e-05 -4.388393905231999367e-06
7.082892030000000432e+02 9.682699073444861685e-06 -1.796808756032220598e-06
7.082895154999999932e+02 5.483902635336976441e-06 2.017757930055092762e-06
7.082898280000000568e+02 1.353504331160048293e-05 7.021662113500525466e-06
7.082901405000000068e+02 5.436363904047525838e-06 1.316771764946759703e-05
7.082904530000000705e+02 1.177044856926219005e-05 2.039670364985021175e-05
7.082907655000000204e+02 1.791778417688525953e-05 2.863914722402276925e-05
7.082910779999999704e+02 7.771260225538888775e-06 3.781728942133843801e-05
7.082913905000000341e+02 2.047822950900968336e-05 4.784714016371952971e-05
7.082917029999999841e+02 3.553543062981468935e-05 5.864053269739791902e-05
7.082920155000000477e+02 2.659378387925177958e-05 7.010709817031226371e-05
7.082923279999999977e+02 4.900227691742876224e-05 8.215609468432073152e-05
7.082926405000000614e+02 6.298233758258826799e-05 9.469804142600168775e-05
7.082929530000000113e+02 6.158361707893768126e-05 1.076461248196775760e-04
7.082932655000000750e+02 6.229314039761129674e-05 1.209173597211908444e-04
7.082935780000000250e+02 9.755881343918721403e-05 1.344335023878874677e-04
7.082938904999999750e+02 1.053763183395960731e-04 1.481217238110583447e-04
7.082942030000000386e+02 1.157186177802385516e-04 1.619150605630486055e-04
7.082945154999999886e+02 1.460380172345546038e-04 1.757526665771794877e-04
7.082948280000000523e+02 1.441884868795588687e-04 1.895798928753293048e-04
7.082951405000000022e+02 1.544293879488805481e-04 2.033482235227491704e-04
7.082954530000000659e+02 1.729923476934621426e-04 2.170150960928376885e-04
7.082957655000000159e+02 1.916714071417015394e-04 2.305436330505572788e-04
7.082960780000000796e+02 1.976469041712035639e-04 2.439023083586019415e-04
7.082963905000000295e+02 2.149389700333903313e-04 2.570645703580622565e-04
7.082967029999999795e+02 2.386583146030960066e-04 2.700084391357634723e-04
7.082970155000000432e+02 1.926821203616893205e-04 2.827160931702843352e-04
7.082973279999999932e+02 2.807470418757808655e-04 2.951734572409549250e-04
7.082976405000000568e+02 2.860397950067415131e-04 3.073698008638578059e-04
7.082979530000000068e+02 3.055828433170918747e-04 3.192973539704902506e-04
7.082982655000000705e+02 3.480755900686041573e-04 3.309509447545691129e-04
7.082985780000000204e+02 3.287240527000232383e-04 3.423276626285544203e-04
7.082988904999999704e+02 4.025724976536392387e-04 3.534265481281484477e-04
7.082992030000000341e+02 4.611749802625727873e-04 3.642483102714380041e-04
7.082995154999999841e+02 3.680724033714682757e-04 3.747950711978091285e-04
7.082998280000000477e+02 3.733326011720862697e-04 3.850701372868679069e-04
7.083001404999999977e+02 4.075807617091593404e-04 3.950777953881255060e-04
7.083004530000000614e+02 4.614105254048116059e-04 4.048231327187134707e-04
7.083007655000000113e+02 4.082818555664535971e-04 4.143118785763804279e-04
7.083010780000000750e+02 4.876802213389417424e-04 4.235502661704310416e-04
7.083013905000000250e+02 4.549143475897505498e-04 4.325449126312346198e-04
7.083017029999999750e+02 5.093639503441952472e-04 4.413027155183421374e-04
7.083020155000000386e+02 4.945409130516075381e-04 4.498307640284006804e-04
7.083023279999999886e+02 5.522147556874669027e-04 4.581362633233335081e-04
7.083026405000000523e+02 5.554890881916481511e-04 4.662264705047299354e-04
7.083029530000000022e+02 5.528573090012152630e-04 4.741086407751221934e-04
7.083032655000000659e+02 5.826318763526981042e-04 4.817899826182416479e-04
7.083035780000000159e+02 4.634419208706934846e-04 4.892776207626977399e-04
7.083038905000000796e+02 5.952293648587817128e-04 4.965785659951803179e-04
7.083042030000000295e+02 5.611119016142543815e-04 5.036996908172532584e-04
7.083045154999999795e+02 5.295319130131074690e-04 5.106477102159488008e-04
7.083048280000000432e+02 5.549246855551484992e-04 5.174291667599977603e-04
7.083051404999999932e+02 5.490415286476627585e-04 5.240504194150736065e-04
7.083054530000000568e+02 5.922597274065738134e-04 5.305176355441231775e-04
7.083057655000000068e+02 5.876227299651765133e-04 5.368367855450962645e-04
7.083060780000000705e+02 5.438187925521766140e-04 5.430136397761577919e-04
7.083063905000000204e+02 5.716901831233936427e-04 5.490537673243769739e-04
7.083067029999999704e+02 6.044193941262633379e-04 5.549625363701480478e-04
7.083070155000000341e+02 5.927038950822201280e-04 5.607451158146773730e-04
7.083073279999999841e+02 6.196217269755914829e-04 5.664064779570317926e-04
7.083076405000000477e+02 6.397959007282310109e-04 5.719514020371037084e-04
7.083079529999999977e+02 6.514708728855677766e-04 5.773844784186454252e-04
7.083082655000000614e+02 6.249738081117168879e-04 5.827101133277626027e-04
7.083085780000000113e+02 6.173691080567366178e-04 5.879325339562904186e-04
7.083088905000000750e+02 6.746608150521798226e-04 5.930557938867585168e-04
7.083092030000000250e+02 5.862761092000415286e-04 5.980837786871280289e-04
7.083095154999999750e+02 6.249813721030775563e-04 6.030202116590876191e-04
7.083098280000000386e+02 6.453274287772074345e-04 6.078686596299353239e-04
7.083101404999999886e+02 6.317492590848206805e-04 6.126325387555310717e-04
7.083104530000000523e+02 6.045245868428920444e-04 6.173151203083781765e-04
7.083107655000000022e+02 6.263344214197946605e-04 6.219195363724292934e-04
7.083110780000000659e+02 6.226050621285701171e-04 6.264487854701670340e-04
7.083113905000000159e+02 5.677519733550197593e-04 6.309057380450668658e-04
7.083117030000000796e+02 7.556391151194084789e-04 6.352931418356125813e-04
7.083120155000000295e+02 7.015274939971824280e-04 6.396136270747851404e-04
7.083123279999999795e+02 6.652053040494027188e-04 6.438697115555560516e-04
7.083126405000000432e+02 7.251797002832731593e-04 6.480638055151433487e-04
7.083129529999999932e+02 7.353306871230196919e-04 6.521982163501245482e-04
7.083132655000000568e+02 6.728739101467565110e-04 6.562751531746733582e-04
7.083135780000000068e+02 6.513021974375029577e-04 6.602967311834408290e-04
7.083138905000000705e+02 6.322337943962780911e-04 6.642649758663133437e-04
7.083142030000000204e+02 6.672651383249955572e-04 6.681818270293656773e-04
7.083145154999999704e+02 6.409356458116124413e-04 6.720491426701596244e-04
7.083148280000000341e+02 6.205717563311748727e-04 6.758687026743955993e-04
7.083151404999999841e+02 6.699203344560183916e-04 6.796422123528105159e-04
7.083154530000000477e+02 6.756447577668712621e-04 6.833713058362159446e-04
7.083157654999999977e+02 7.533010411160584235e-04 6.870575492989849107e-04
7.083160780000000614e+02 7.296941986527076974e-04 6.907024440584980498e-04
7.083163905000000113e+02 6.753179849198622875e-04 6.943074295122485945e-04
7.083167030000000750e+02 6.919374448281432862e-04 6.978738859607659098e-04
7.083170155000000250e+02 7.081408523576062687e-04 7.014031372791529632e-04
7.083173279999999750e+02 7.648064645285497769e-04 7.048964534831939164e-04
7.083176405000000386e+02 6.937430306610675723e-04 7.083550531625311571e-04
7.083179529999999886e+02 6.754658401955386700e-04 7.117801057993227180e-04
7.083182655000000523e+02 6.883582892581925107e-04 7.151727339896291969e-04
7.083185780000000022e+02 6.244072675445363303e-04 7.185340155411701867e-04
7.083188905000000659e+02 6.837781017135873256e-04 7.218649854907813320e-04
7.083192030000000159e+02 7.451057624283130044e-04 7.251666380066575579e-04
7.083195155000000796e+02 7.738665343772600054e-04 7.284399282189624094e-04
7.083198280000000295e+02 7.822188529531245776e-04 7.316857739442966021e-04
7.083201404999999795e+02 6.114164930198417915e-04 7.349050573454223544e-04
7.083204530000000432e+02 7.203269750310684451e-04 7.380986265002494311e-04
7.083207654999999932e+02 7.563479247134506558e-04 7.412672968960283678e-04
7.083210780000000568e+02 7.107518642540916042e-04 7.444118528637631719e-04
7.083213905000000068e+02 6.805985337839025274e-04 7.475330489274315373e-04
7.083217030000000705e+02 6.434752519869533453e-04 7.506316111070447184e-04
7.083220155000000204e+02 7.486791060018923010e-04 7.537082381421010514e-04
7.083223279999999704e+02 7.709576412302339074e-04 7.567636026736914746e-04
7.083226405000000341e+02 7.153416213877905952e-04 7.597983523598144003e-04
7.083229529999999841e+02 7.071397034083938896e-04 7.628131109381099248e-04
7.083232655000000477e+02 6.802110748989261555e-04 7.658084792494735315e-04
7.083235779999999977e+02 7.242982226109787600e-04 7.687850361975631956e-04
7.083238905000000614e+02 7.134148962604661224e-04 7.717433396805386614e-04
7.083242030000000113e+02 6.856691977033908467e-04 7.746839274624054555e-04
7.083245155000000750e+02 7.301778783866440595e-04 7.776073180207525651e-04
