7.083333979999999883e+02 3.429990715704424710e-04 3.432964157083918510e-04
7.083337104999999383e+02 3.815504429364642851e-04 3.439030742936012770e-04
7.083340230000000020e+02 3.563616422307807350e-04 3.444664346750732028e-04
7.083343354999999519e+02 3.477792987449115588e-04 3.449847287224409539e-04
7.083346480000000156e+02 4.003709489560551647e-04 3.454561046035714718e-04
7.083349604999999656e+02 3.796198243980113216e-04 3.458786224891457171e-04
7.083352730000000292e+02 3.405754260687830358e-04 3.462502500454639758e-04
7.083355854999999792e+02 3.583622939970832789e-04 3.465688577026451332e-04
7.083358980000000429e+02 3.758341120093417636e-04 3.468322136962269354e-04
7.083362104999999929e+02 3.458097519914502113e-04 3.470379788716168655e-04
7.083365229999999428e+02 3.479588497994396843e-04 3.471837012496575576e-04
7.083368355000000065e+02 4.159528078631175799e-04 3.472668103462892486e-04
7.083371479999999565e+02 3.671582630407555425e-04 3.472846112449642073e-04
7.083374605000000201e+02 3.630582252117299405e-04 3.472342784204925830e-04
7.083377729999999701e+02 3.282504663344515601e-04 3.471128493151034956e-04
7.083380855000000338e+02 3.991781152249751019e-04 3.469172176706395144e-04
7.083383979999999838e+02 3.807947178728746974e-04 3.466441266245935790e-04
7.083387104999999337e+02 3.729892394172637949e-04 3.462901615797470524e-04
7.083390229999999974e+02 3.359504261331792063e-04 3.458517428645160961e-04
7.083393354999999474e+02 3.224799828003148449e-04 3.453251182055178071e-04
7.083396480000000111e+02 3.457843980783335564e-04 3.447063550382690913e-04
7.083399604999999610e+02 3.621411877461991899e-04 3.439913326968308395e-04
7.083402730000000247e+02 3.435437562650365704e-04 3.431757345220475485e-04
7.083405854999999747e+02 3.450484281075781763e-04 3.422550399525020495e-04
7.083408980000000383e+02 3.246446486520450717e-04 3.412245166597719834e-04
7.083412104999999883e+02 3.512030339353463051e-04 3.400792128227779769e-04
7.083415229999999383e+02 2.761933935650428499e-04 3.388139496340383805e-04
7.083418355000000020e+02 2.718912354116360562e-04 3.374233141703516245e-04
7.083421479999999519e+02 3.023869332571392943e-04 3.359016527731715032e-04
7.083424605000000156e+02 2.970990765655377600e-04 3.342430651082900343e-04
7.083427729999999656e+02 3.158251367132098642e-04 3.324413991261817008e-04
7.083430855000000292e+02 2.448279569183214161e-04 3.304902471504056255e-04
7.083433979999999792e+02 3.418598891253081225e-04 3.283829434004643033e-04
7.083437105000000429e+02 2.965072247694442668e-04 3.261125632633382447e-04
7.083440229999999929e+02 3.298944414207205696e-04 3.236719247265439667e-04
7.083443354999999428e+02 2.826802412671231392e-04 3.210535924012009740e-04
7.083446480000000065e+02 3.072431474563456491e-04 3.182498846766557122e-04
7.083449604999999565e+02 2.531537350964637822e-04 3.152528846001749810e-04
7.083452730000000201e+02 2.799514728066556063e-04 3.120544551570805683e-04
7.083455854999999701e+02 2.213586511109663082e-04 3.086462597613854556e-04
7.083458980000000338e+02 2.470961658511765225e-04 3.050197888114314446e-04
7.083462104999999838e+02 2.863660310353879934e-04 3.011663933505498414e-04
7.083465229999999337e+02 2.398290615145827584e-04 2.970773269193552769e-04
7.083468354999999974e+02 2.788847752128351359e-04 2.927437968848059036e-04
7.083471479999999474e+02 2.166279349691675152e-04 2.881570266215384012e-04
7.083474605000000111e+02 2.506765613792140803e-04 2.833083300480658279e-04
7.083477729999999610e+02 2.313148283642107094e-04 2.781892002094524534e-04
7.083480855000000247e+02 2.242212104521469813e-04 2.727914136247064098e-04
7.083483979999999747e+02 2.184871147227098040e-04 2.671071523266147982e-04
7.083487105000000383e+02 2.375953868541887972e-04 2.611291454763773907e-04
7.083490229999999883e+02 2.422997233489447262e-04 2.548508325847664716e-04
7.083493354999999383e+02 2.034140033979074040e-04 2.482665502102084196e-04
7.083496480000000020e+02 2.094077352002589310e-04 2.413717440033169256e-04
7.083499604999999519e+02 2.114831894606749533e-04 2.341632076712672956e-04
7.083502730000000156e+02 2.120244658790324292e-04 2.266393500653418906e-04
7.083505854999999656e+02 1.950529641151169265e-04 2.188004911573305784e-04
7.083508980000000292e+02 1.860909691497154243e-04 2.106491867894608877e-04
7.083512104999999792e+02 2.102582263437381639e-04 2.021905812762352756e-04
7.083515230000000429e+02 1.749515867087954378e-04 1.934327855056927723e-04
7.083518354999999929e+02 1.777596360846205666e-04 1.843872768143829340e-04
7.083521479999999428e+02 1.798114298004887819e-04 1.750693148326126715e-04
7.083524605000000065e+02 1.405637696753571559e-04 1.654983654470095205e-04
7.083527729999999565e+02 1.690744866438788547e-04 1.556985223813397220e-04
7.083530855000000201e+02 1.472560068593405027e-04 1.456989130827567155e-04
7.083533979999999701e+02 1.732449783396232596e-04 1.355340727449355978e-04
7.083537105000000338e+02 1.266528642941396683e-04 1.252442670855477384e-04
7.083540229999999838e+02 1.330438827512493022e-04 1.148757418739727361e-04
7.083543354999999337e+02 1.146840940078665023e-04 1.044808745553207972e-04
7.083546479999999974e+02 1.367074491955549292e-04 9.411820185366901565e-05
7.083549604999999474e+02 8.918517866750645640e-05 8.385229655461965640e-05
7.083552730000000111e+02 1.003379286278774330e-04 7.375346762334087096e-05
7.083555854999999610e+02 9.946067593708943558e-05 6.389726079184238734e-05
7.083558980000000247e+02 7.186511509647566201e-05 5.436374159383857162e-05
7.083562104999999747e+02 7.004669974258758997e-05 4.523655051358867288e-05
7.083565230000000383e+02 6.623152330332035098e-05 3.660172955071107272e-05
7.083568354999999883e+02 5.819412738106328353e-05 2.854633176189951181e-05
7.083571479999999383e+02 6.057302196819916218e-05 2.115683879435472251e-05
7.083574605000000020e+02 4.913308131383938173e-05 1.451742606427697195e-05
7.083577729999999519e+02 4.120992109199430773e-05 8.708129230112075214e-06
7.083580855000000156e+02 4.854505846967894481e-05 3.802978080843633329e-06
7.083583979999999656e+02 2.483173702489384363e-05 -1.318265746546571765e-07
7.083587105000000292e+02 2.484434488877217522e-05 -3.039612507925499784e-06
7.083590229999999792e+02 3.214802188829164628e-05 -4.874731837231430864e-06
7.083593355000000429e+02 1.306763786935996453e-05 -5.603778919997068640e-06
7.083596479999999929e+02 1.443670519890413800e-05 -5.206468239433381574e-06
7.083599604999999428e+02 6.488021025738734601e-06 -3.676127278185580580e-06
7.083602730000000065e+02 6.357495585941874469e-06 -1.019780164235969406e-06
7.083605854999999565e+02 7.182463377543145348e-06 2.742179297573964718e-06
7.083608980000000201e+02 1.263438338833139485e-05 7.576703876001948071e-06
7.083612104999999701e+02 9.931194647204028692e-06 1.343915636259074524e-05
7.083615230000000338e+02 1.725996781335881411e-05 2.027466128911029948e-05
7.083618354999999838e+02 1.446373427545941207e-05 2.801967398374340245e-05
7.083621479999999337e+02 9.822178808521991625e-06 3.660368991928470160e-05
7.083624604999999974e+02 1.665733628834162880e-05 4.595101661996847079e-05
7.083627729999999474e+02 1.586663123474205535e-05 5.598253501629790036e-05
7.083630855000000111e+02 3.620755352700195842e-05 6.661738584140208482e-05
7.083633979999999610e+02 4.518506970055973822e-05 7.777452810081193226e-05
7.083637105000000247e+02 2.990779367581965282e-05 8.937412999261233864e-05
7.083640229999999747e+02 5.416137505806597655e-05 1.013387658985614347e-04
7.083643355000000383e+02 6.150308867995888111e-05 1.135944060987509373e-04
7.083646479999999883e+02 8.495815741929067864e-05 1.260711969053247611e-04
7.083649604999999383e+02 6.916365692819623667e-05 1.387040385234866117e-04
7.083652730000000020e+02 1.232422511624328893e-04 1.514329748661085025e-04
7.083655854999999519e+02 1.299736809435345477e-04 1.642034146831741650e-04
7.083658980000000156e+02 1.544489418437649619e-04 1.769662063455680731e-04
7.083662104999999656e+02 1.171518862736250767e-04 1.896775897037218011e-04
7.083665230000000292e+02 1.840292180564480839e-04 2.022990485521113286e-04
7.083668354999999792e+02 2.089968037460164952e-04 2.147970857417274627e-04
7.083671480000000429e+02 2.163900621117432457e-04 2.271429413599157737e-04
7.083674604999999929e+02 2.377363245616635713e-04 2.393122717487689564e-04
7.083677729999999428e+02 2.150333341590207929e-04 2.512848048665496581e-04
7.083680855000000065e+02 2.484924135891150012e-04 2.630439846702290027e-04
7.083683979999999565e+02 2.672785150574882754e-04 2.745766148987233103e-04
7.083687105000000201e+02 2.816809968883835554e-04 2.858725103737042397e-04
7.083690229999999701e+02 2.499967164921299998e-04 2.969241617837069334e-04
7.083693355000000338e+02 3.178548242141538598e-04 3.077264184225811708e-04
7.083696479999999838e+02 2.970046631479849480e-04 3.182761916382810226e-04
7.083699604999999337e+02 3.072337375163316608e-04 3.285721808130203292e-04
7.083702729999999974e+02 3.836068946427507098e-04 3.386146225198845934e-04
7.083705854999999474e+02 3.655727326123517948e-04 3.484050629037703907e-04
7.083708980000000111e+02 3.428515210958237459e-04 3.579461527716788164e-04
7.083712104999999610e+02 3.796537276926509070e-04 3.672414643520310862e-04
7.083715230000000247e+02 3.964317557873773298e-04 3.762953286079099408e-04
7.083718354999999747e+02 3.450341329953131439e-04 3.851126915953544528e-04
7.083721480000000383e+02 4.493286573546680183e-04 3.936989884849937250e-04
7.083724604999999883e+02 4.228258317445118515e-04 4.020600336211825349e-04
7.083727729999999383e+02 4.662705425368311816e-04 4.102019252137725238e-04
7.083730855000000020e+02 4.655421460187169702e-04 4.181309631274446694e-04
7.083733979999999519e+02 4.564838733473869088e-04 4.258535784184658648e-04
7.083737105000000156e+02 4.586340744448447388e-04 4.333762733493452942e-04
7.083740229999999656e+02 5.373404740337525470e-04 4.407055706096739346e-04
7.083743355000000292e+02 4.589546581184959220e-04 4.478479707282123005e-04
7.083746479999999792e+02 5.329243047070017589e-04 4.548099165859320202e-04
7.083749605000000429e+02 5.153751099194498354e-04 4.615977642093735769e-04
7.083752729999999929e+02 5.543439138794053122e-04 4.682177589474071917e-04
7.083755854999999428e+02 4.886186882270669328e-04 4.746760163833262753e-04
7.083758980000000065e+02 5.090920068997492696e-04 4.809785072732779233e-04
7.083762104999999565e+02 5.500286455264895074e-04 4.871310459652641151e-04
7.083765230000000201e+02 5.432973663694050685e-04 4.931392818159288519e-04
7.083768354999999701e+02 5.240149801978113194e-04 4.990086931058141740e-04
7.083771480000000338e+02 5.377083211715831665e-04 5.047445831345297087e-04
7.083774604999999838e+02 5.525916325680065022e-04 5.103520780874216695e-04
7.083777729999999337e+02 5.966686099915089782e-04 5.158361264457349445e-04
7.083780854999999974e+02 5.760703824833103559e-04 5.212014996318880536e-04
7.083783979999999474e+02 5.433141175267488946e-04 5.264527936910158579e-04
7.083787105000000111e+02 5.534922559314252961e-04 5.315944318367601777e-04
7.083790229999999610e+02 5.818352857748073032e-04 5.366306676495456382e-04
7.083793355000000247e+02 5.749094867219089458e-04 5.415655888461715127e-04
7.083796479999999747e+02 6.025503356088874512e-04 5.464031214410064409e-04
7.083799605000000383e+02 5.864484944039589009e-04 5.511470342554711677e-04
7.083802729999999883e+02 6.017073354351085536e-04 5.558009436318593491e-04
7.083805854999999383e+02 6.167885084409919496e-04 5.603683183332044135e-04
7.083808980000000020e+02 6.281685929901785741e-04 5.648524845241125825e-04
7.083812104999999519e+02 5.757204494973387071e-04 5.692566307993515273e-04
7.083815230000000156e+02 5.909668095571724445e-04 5.735838132331466362e-04
7.083818354999999656e+02 6.536292280911969437e-04 5.778369603738095321e-04
7.083821480000000292e+02 6.558799437244618039e-04 5.820188782045991127e-04
7.083824604999999792e+02 6.150766091398695038e-04 5.861322549972093881e-04
7.083827730000000429e+02 5.914872471121505361e-04 5.901796660889134386e-04
7.083830854999999929e+02 6.281137095280600255e-04 5.941635785201366182e-04
7.083833979999999428e+02 6.340774352539653913e-04 5.980863555678303392e-04
7.083837105000000065e+02 6.362469855718251403e-04 6.019502611291581949e-04
7.083840229999999565e+02 6.723530444974066189e-04 6.057574639649474695e-04
7.083843355000000201e+02 6.621884232533447765e-04 6.095100418126042250e-04
7.083846479999999701e+02 6.660030992662201079e-04 6.132099853316023107e-04
7.083849605000000338e+02 6.054113691202856959e-04 6.168592019237305411e-04
7.083852729999999838e+02 6.634387792918020142e-04 6.204595193848543152e-04
7.083855854999999337e+02 5.946185082536107388e-04 6.240126894314080826e-04
7.083858979999999974e+02 6.006510327191071606e-04 6.275203910702991999e-04
7.083862104999999474e+02 6.593362547083992872e-04 6.309842338287249526e-04
7.083865230000000111e+02 6.435059001647406522e-04 6.344057608595294554e-04
7.083868354999999610e+02 6.754299181414530166e-04 6.377864518941407006e-04
7.083871480000000247e+02 6.408512203655093763e-04 6.411277260860502418e-04
7.083874604999999747e+02 6.683700840040947494e-04 6.444309447091388062e-04
7.083877730000000383e+02 6.359440174490403087e-04 6.476974137544951049e-04
7.083880854999999883e+02 6.651368768705876247e-04 6.509283863911836422e-04
7.083883979999999383e+02 6.588644655319564076e-04 6.541250653326679621e-04
7.083887105000000020e+02 6.393306833575977417e-04 6.572886050833386985e-04
7.083890229999999519e+02 6.205758577872641252e-04 6.604201140817100033e-04
7.083893355000000156e+02 6.730478478655576788e-04 6.635206567557767323e-04
7.083896479999999656e+02 5.906668830151330174e-04 6.665912554661874989e-04
7.083899605000000292e+02 6.261967563169850391e-04 6.696328923766423904e-04
7.083902729999999792e+02 6.155401157801729164e-04 6.726465112194242660e-04
7.083905855000000429e+02 6.242086637866847004e-04 6.756330189957151849e-04
7.083908979999999929e+02 7.027279005198591982e-04 6.785932875790541162e-04
7.083912104999999428e+02 6.239829074787906025e-04 6.815281552596070755e-04
7.083915230000000065e+02 6.873039556237688129e-04 6.844384282054257569e-04
7.083918354999999565e+02 7.321377290819969241e-04 6.873248818551710342e-04
7.083921480000000201e+02 6.605902566541979647e-04 6.901882622559013481e-04
7.083924604999999701e+02 6.679902911751138929e-04 6.930292873227215586e-04
7.083927730000000338e+02 6.778882417740372856e-04 6.958486480557996663e-04
7.083930854999999838e+02 5.927045728764230529e-04 6.986470096842593023e-04
7.083933979999999337e+02 6.832414461314560098e-04 7.014250127717493568e-04
7.083937104999999974e+02 6.256006455109512513e-04 7.041832742605108305e-04
7.083940229999999474e+02 6.224204874314061579e-04 7.069223884668656820e-04
7.083943355000000111e+02 6.470876921898566139e-04 7.096429280403495580e-04
7.083946479999999610e+02 5.762072635781865333e-04 7.123454448637782724e-04
7.083949605000000247e+02 6.830683494689186470e-04 7.150304709272661124e-04
7.083952729999999747e+02 6.321732207111523507e-04 7.176985191465696037e-04
7.083955855000000383e+02 6.719167715119636316e-04 7.203500841591666416e-04
