7.102722989999999754e+02 3.921303797259253739e-04 3.190127252972383668e-04
7.102726115000000391e+02 3.102667054697300650e-04 3.200034612963807788e-04
7.102729239999999891e+02 3.113851482580272346e-04 3.209400454698539836e-04
7.102732364999999390e+02 3.127622982782931899e-04 3.218197407489170559e-04
7.102735490000000027e+02 3.427263204417845010e-04 3.226396475821494700e-04
7.102738614999999527e+02 3.121924955393425060e-04 3.233966932408538736e-04
7.102741740000000163e+02 3.476450122909255976e-04 3.240876204043832243e-04
7.102744864999999663e+02 3.347196803797750672e-04 3.247089749761285812e-04
7.102747990000000300e+02 3.158197896211960179e-04 3.252570930960236402e-04
7.102751114999999800e+02 3.209686934214029601e-04 3.257280872992150125e-04
7.102754240000000436e+02 3.334790216139860153e-04 3.261178317867836104e-04
7.102757364999999936e+02 3.063603986333944020e-04 3.264219467629029094e-04
7.102760489999999436e+02 3.053269334022710264e-04 3.266357818078879384e-04
7.102763615000000073e+02 3.418206196086797429e-04 3.267543982521022581e-04
7.102766739999999572e+02 3.043620439637507416e-04 3.267725505290135115e-04
7.102769865000000209e+02 2.831029852123052664e-04 3.266846664926165134e-04
7.102772989999999709e+02 3.358687986755682980e-04 3.264848266971246966e-04
7.102776115000000345e+02 3.201340364558468267e-04 3.261667426539234592e-04
7.102779239999999845e+02 2.933984657677047854e-04 3.257237341032334817e-04
7.102782365000000482e+02 3.152796213600514257e-04 3.251487053617264770e-04
7.102785489999999982e+02 3.010665418789420069e-04 3.244341208478948601e-04
7.102788614999999481e+02 3.013300205636001831e-04 3.235719799214036604e-04
7.102791740000000118e+02 3.039101988486165098e-04 3.225537912355047956e-04
7.102794864999999618e+02 3.037007951998401756e-04 3.213705468627106815e-04
7.102797990000000254e+02 3.179084320275502831e-04 3.200126965311150644e-04
7.102801114999999754e+02 2.772507268372676088e-04 3.184701224238408184e-04
7.102804240000000391e+02 3.117397827364336163e-04 3.167321150916041776e-04
7.102807364999999891e+02 2.666662348485488495e-04 3.147873512051457151e-04
7.102810489999999390e+02 2.718648975233856069e-04 3.126238740187424633e-04
7.102813615000000027e+02 2.527518594209051620e-04 3.102290776610253705e-04
7.102816739999999527e+02 2.796906424283224809e-04 3.075896966050940145e-04
7.102819865000000163e+02 2.496106546630112374e-04 3.046918019660165445e-04
7.102822989999999663e+02 2.574617043490326647e-04 3.015208066648687453e-04
7.102826115000000300e+02 2.273752126304171093e-04 2.980614818634226082e-04
7.102829239999999800e+02 2.550783467461925766e-04 2.942979876242401527e-04
7.102832365000000436e+02 2.503871128934087326e-04 2.902139212404706756e-04
7.102835489999999936e+02 2.348702614548597487e-04 2.857923873955381107e-04
7.102838614999999436e+02 2.166336090049803540e-04 2.810160949476013027e-04
7.102841740000000073e+02 2.409129836372582065e-04 2.758674860031861613e-04
7.102844864999999572e+02 2.310972872286168539e-04 2.703289037537306701e-04
7.102847990000000209e+02 2.196613201809272727e-04 2.643828064366842670e-04
7.102851114999999709e+02 2.056299232395312994e-04 2.580120357582148661e-04
7.102854240000000345e+02 2.011869744151967049e-04 2.512001488562792795e-04
7.102857364999999845e+02 2.313119562701956736e-04 2.439318237375378629e-04
7.102860490000000482e+02 1.715156612955370612e-04 2.361933484535742834e-04
7.102863614999999982e+02 1.868468538390941069e-04 2.279732045096517475e-04
7.102866739999999481e+02 1.826073218303012817e-04 2.192627543077473832e-04
7.102869865000000118e+02 1.873303887587761580e-04 2.100570411832157307e-04
7.102872989999999618e+02 1.685128675527824635e-04 2.003557079401523165e-04
7.102876115000000254e+02 1.881250139471514634e-04 1.901640356802894428e-04
7.102879239999999754e+02 1.623957553871004924e-04 1.794940988222065075e-04
7.102882365000000391e+02 1.652115226724442667e-04 1.683660236675406721e-04
7.102885489999999891e+02 1.321247026719645976e-04 1.568093270988641036e-04
7.102888614999999390e+02 1.422226812607221326e-04 1.448642979026545040e-04
7.102891740000000027e+02 1.328192585792243609e-04 1.325833667859116754e-04
7.102894864999999527e+02 1.239284568035072215e-04 1.200323920544287085e-04
7.102897990000000163e+02 1.232663807373108418e-04 1.072917676584474021e-04
7.102901114999999663e+02 1.108643468381672779e-04 9.445724069859253434e-05
7.102904240000000300e+02 9.245169524543437028e-05 8.164030852805874384e-05
7.102907364999999800e+02 9.713431891390263270e-05 6.896805566648209250e-05
7.102910490000000436e+02 8.002248894035040661e-05 5.658229078271552785e-05
7.102913614999999936e+02 8.501681333890080054e-05 4.463785941958253701e-05
7.102916739999999436e+02 7.022891216091629093e-05 3.330004141700908048e-05
7.102919865000000073e+02 5.625029385839845565e-05 2.274099637431720560e-05
7.102922989999999572e+02 4.960474833564538502e-05 1.313529440405654186e-05
7.102926115000000209e+02 4.481495259765871491e-05 4.654659166439797278e-06
7.102929239999999709e+02 4.974571410380558724e-05 -2.537852852927351100e-06
7.102932365000000345e+02 3.484649269891225914e-05 -8.293921420711684387e-06
7.102935489999999845e+02 3.126546984543804785e-05 -1.248589267379787217e-05
7.102938615000000482e+02 2.002408452290569996e-05 -1.501214586682502021e-05
7.102941739999999982e+02 1.688978901701191683e-05 -1.580148046212267990e-05
7.102944864999999481e+02 2.278820257192885537e-05 -1.481616584228119047e-05
7.102947990000000118e+02 1.455473725885723378e-05 -1.205340064027101949e-05
7.102951114999999618e+02 1.635970731853248039e-05 -7.545067432738644493e-06
7.102954240000000254e+02 7.810789055011489615e-06 -1.355822025450796825e-06
7.102957364999999754e+02 1.065782702197212312e-05 6.420296907292319615e-06
7.102960490000000391e+02 1.085110194877408736e-05 1.566443300320648956e-05
7.102963614999999891e+02 2.952675177552412114e-05 2.623827002286337125e-05
7.102966739999999390e+02 1.603850089798134105e-05 3.798977142063513255e-05
7.102969865000000027e+02 3.027828995850182008e-05 5.075890822806119654e-05
7.102972989999999527e+02 3.295517606443764541e-05 6.438303698758950154e-05
7.102976115000000163e+02 3.585829848975125483e-05 7.870166903488461237e-05
7.102979239999999663e+02 4.679447378497225278e-05 9.356046209216489860e-05
7.102982365000000300e+02 3.848204493271434367e-05 1.088143530228931230e-04
7.102985489999999800e+02 4.216023952679347632e-05 1.243298263671633187e-04
7.102988615000000436e+02 8.183377398333959167e-05 1.399863727544851672e-04
7.102991739999999936e+02 8.852385777124187262e-05 1.556772313297138011e-04
7.102994864999999436e+02 1.085738396763510791e-04 1.713095333140773305e-04
7.102997990000000073e+02 1.272443989352043054e-04 1.868039711902767254e-04
7.103001114999999572e+02 1.321101711393722123e-04 2.020941145580307252e-04
7.103004240000000209e+02 1.432832939942648494e-04 2.171254824491495922e-04
7.103007364999999709e+02 1.797497079429333775e-04 2.318544661212027045e-04
7.103010490000000345e+02 2.024269492641964530e-04 2.462471793974658520e-04
7.103013614999999845e+02 1.924462174397400215e-04 2.602782962230096265e-04
7.103016740000000482e+02 2.092951972616258378e-04 2.739299198376985898e-04
7.103019864999999982e+02 2.724973861006589485e-04 2.871905141203767438e-04
7.103022989999999481e+02 2.648836735103823848e-04 3.000539168371411957e-04
7.103026115000000118e+02 2.885191852884053804e-04 3.125184454252919928e-04
7.103029239999999618e+02 3.093433755771508777e-04 3.245860994362845904e-04
7.103032365000000254e+02 3.504567853539645528e-04 3.362618588979769088e-04
7.103035489999999754e+02 3.335705579495591060e-04 3.475530743680130610e-04
7.103038615000000391e+02 3.430872255131764957e-04 3.584689425644891573e-04
7.103041739999999891e+02 4.328082458116085563e-04 3.690200599785535508e-04
7.103044864999999390e+02 4.017507479695402888e-04 3.792180466093164094e-04
7.103047990000000027e+02 4.108918470152005250e-04 3.890752316880499414e-04
7.103051114999999527e+02 4.436605710182606340e-04 3.986043936872067975e-04
7.103054240000000163e+02 4.368760929965434590e-04 4.078185473911177350e-04
7.103057364999999663e+02 4.301621451696060919e-04 4.167307712946719867e-04
7.103060490000000300e+02 4.662965492200886203e-04 4.253540694540670301e-04
7.103063614999999800e+02 4.787544997726252659e-04 4.337012623706278688e-04
7.103066740000000436e+02 5.026017299553849635e-04 4.417849023498631486e-04
7.103069864999999936e+02 5.153143948004109028e-04 4.496172091831490756e-04
7.103072989999999436e+02 5.325484876603664994e-04 4.572100227533558350e-04
7.103076115000000073e+02 5.714326986031813532e-04 4.645747694993070348e-04
7.103079239999999572e+02 5.156982005862400902e-04 4.717224402278551404e-04
7.103082365000000209e+02 5.582524307898386641e-04 4.786635771480653363e-04
7.103085489999999709e+02 5.607732087674670513e-04 4.854082682535060494e-04
7.103088615000000345e+02 6.183428226048042842e-04 4.919661476196943942e-04
7.103091739999999845e+02 5.883973466852839397e-04 4.983464002754917771e-04
7.103094865000000482e+02 5.421645423481466801e-04 5.045577706825646281e-04
7.103097989999999982e+02 5.636425752502388772e-04 5.106085738850803680e-04
7.103101114999999481e+02 5.876874110973263595e-04 5.165067086951169320e-04
7.103104240000000118e+02 6.007623960122501381e-04 5.222596722795312674e-04
7.103107364999999618e+02 5.938703818649086492e-04 5.278745757045603124e-04
7.103110490000000254e+02 5.732574569281812492e-04 5.333581600809445379e-04
7.103113614999999754e+02 5.900295558360698234e-04 5.387168129570448459e-04
7.103116740000000391e+02 5.983033406854631380e-04 5.439565847847698237e-04
7.103119864999999891e+02 6.742787539525580982e-04 5.490832052078324036e-04
7.103122989999999390e+02 6.024410192464796279e-04 5.541020990890057740e-04
7.103126115000000027e+02 6.299251037198905700e-04 5.590184021189380757e-04
7.103129239999999527e+02 6.722885878478609360e-04 5.638369759460514722e-04
7.103132365000000163e+02 6.906047574549157827e-04 5.685624227870535174e-04
7.103135489999999663e+02 6.328047681127034821e-04 5.731990994352918539e-04
7.103138615000000300e+02 6.828255870896707920e-04 5.777511306975200182e-04
7.103141739999999800e+02 6.194354836267597277e-04 5.822224221922878270e-04
7.103144865000000436e+02 6.615668336637710875e-04 5.866166725616758218e-04
7.103147989999999936e+02 6.235613856454760720e-04 5.909373850484059580e-04
7.103151114999999436e+02 6.670298299903634114e-04 5.951878784996214155e-04
7.103154240000000073e+02 6.492584709490429977e-04 5.993712977718976525e-04
7.103157364999999572e+02 6.877688003966869225e-04 6.034906235722936651e-04
7.103160490000000209e+02 5.986918558697214938e-04 6.075486817704488706e-04
7.103163614999999709e+02 6.743159454632096598e-04 6.115481521660183451e-04
7.103166740000000345e+02 6.369117273311570952e-04 6.154915767806954903e-04
7.103169864999999845e+02 6.434460181109796133e-04 6.193813676508566016e-04
7.103172990000000482e+02 6.801419967842157067e-04 6.232198141907993594e-04
7.103176114999999982e+02 6.614560412344128474e-04 6.270090901038322595e-04
7.103179239999999481e+02 6.949108430266500878e-04 6.307512599079277867e-04
7.103182365000000118e+02 7.344830038611844516e-04 6.344482850628831508e-04
7.103185489999999618e+02 6.729411419123312041e-04 6.381020297348483561e-04
7.103188615000000254e+02 6.660180793839606600e-04 6.417142662319155711e-04
7.103191739999999754e+02 6.558097526991191065e-04 6.452866800972386317e-04
7.103194865000000391e+02 6.794804715752334997e-04 6.488208749197734966e-04
7.103197989999999891e+02 6.519809117427254009e-04 6.523183768385914030e-04
7.103201114999999390e+02 7.322337332898847537e-04 6.557806387982299291e-04
7.103204240000000027e+02 6.820588643304131577e-04 6.592090445389079453e-04
7.103207364999999527e+02 6.519268605494813297e-04 6.626049123501216807e-04
7.103210490000000163e+02 6.572782915760555815e-04 6.659694986142502366e-04
7.103213614999999663e+02 7.040890679614352811e-04 6.693040011228446702e-04
7.103216740000000300e+02 6.529059151441950811e-04 6.726095622167164436e-04
7.103219864999999800e+02 6.576616147375412844e-04 6.758872717227291851e-04
7.103222990000000436e+02 6.846699474826725609e-04 6.791381697374811524e-04
7.103226114999999936e+02 6.547975777677246534e-04 6.823632492300481245e-04
7.103229239999999436e+02 7.197422382918710389e-04 6.855634585108044471e-04
7.103232365000000073e+02 6.776677639495782548e-04 6.887397035459668802e-04
7.103235489999999572e+02 7.286422862148757415e-04 6.918928501387172853e-04
7.103238615000000209e+02 6.590985854577588758e-04 6.950237259964767112e-04
7.103241739999999709e+02 7.108327359588310955e-04 6.981331226633156811e-04
7.103244865000000345e+02 6.982509598284097636e-04 7.012217973602707195e-04
7.103247989999999845e+02 6.160363664896356586e-04 7.042904747038826420e-04
7.103251115000000482e+02 6.766951570889524672e-04 7.073398483455063364e-04
7.103254239999999982e+02 6.896371055498591064e-04 7.103705825013596374e-04
7.103257364999999481e+02 6.872263820934089787e-04 7.133833134135094973e-04
7.103260490000000118e+02 7.394973851218802257e-04 7.163786507191389910e-04
7.103263614999999618e+02 7.116882974363347106e-04 7.193571787442227692e-04
7.103266740000000254e+02 6.944752641914545823e-04 7.223194577369054748e-04
7.103269864999999754e+02 7.251796068496937095e-04 7.252660250177120956e-04
7.103272990000000391e+02 7.132551190212954107e-04 7.281973960841626277e-04
7.103276114999999891e+02 7.055439602610823376e-04 7.311140656390421010e-04
7.103279239999999390e+02 7.396782028910616055e-04 7.340165085790806374e-04
7.103282365000000027e+02 6.752106825833673054e-04 7.369051809205713231e-04
7.103285489999999527e+02 7.152368798388767301e-04 7.397805206757944669e-04
7.103288615000000163e+02 7.460822398386416938e-04 7.426429486935096644e-04
7.103291739999999663e+02 7.412877331477925628e-04 7.454928694400257769e-04
7.103294865000000300e+02 6.792329363897990245e-04 7.483306717557997078e-04
7.103297989999999800e+02 7.327909414027844849e-04 7.511567295566014399e-04
7.103301115000000436e+02 6.813630878170952180e-04 7.539714025146600392e-04
7.103304239999999936e+02 7.272168086755652436e-04 7.567750366888313391e-04
7.103307364999999436e+02 6.479541402888866920e-04 7.595679651376389171e-04
7.103310490000000073e+02 6.990124334025693076e-04 7.623505084913514192e-04
7.103313614999999572e+02 6.499077455386683680e-04 7.651229754951635121e-04
7.103316740000000209e+02 7.150805279855269262e-04 7.678856635351218648e-04
7.103319864999999709e+02 6.868113382149143619e-04 7.706388591230788065e-04
7.103322990000000345e+02 6.955103509897380201e-04 7.733828383733572578e-04
7.103326114999999845e+02 6.716639798945186861e-04 7.761178674403082728e-04
7.103329240000000482e+02 7.471177443566405030e-04 7.788442029500748220e-04
7.103332364999999982e+02 7.338618594876971995e-04 7.815620923958039755e-04
7.103335489999999481e+02 6.815067341597845236e-04 7.842717745282837532e-04
7.103338615000000118e+02 7.120063596256616606e-04 7.869734797181996821e-04
7.103341739999999618e+02 7.880566508879939796e-04 7.896674303010000999e-04
7.103344865000000254e+02 7.140466068685494185e-04 7.923538409150472119e-04
