7.048542680000000473e+02 3.714633177218117956e-04 3.524764116972740413e-04
7.048545804999999973e+02 3.617034472512958431e-04 3.523210672650548578e-04
7.048548930000000610e+02 3.537255748241040524e-04 3.521327050692774400e-04
7.048552055000000109e+02 3.876290652671802355e-04 3.519101124787343176e-04
7.048555180000000746e+02 3.510427412568140450e-04 3.516520252086694485e-04
7.048558305000000246e+02 3.603274115606125969e-04 3.513571249504403521e-04
7.048561430000000883e+02 3.737314719224668473e-04 3.510240368957776307e-04
7.048564555000000382e+02 3.861069852033596956e-04 3.506513271559124961e-04
7.048567680000001019e+02 3.641359230133194447e-04 3.502375000696522330e-04
7.048570805000000519e+02 3.125741667882416170e-04 3.497809954021725279e-04
7.048573930000000018e+02 3.964176047819164238e-04 3.492801854286896454e-04
7.048577055000000655e+02 3.672945721871741578e-04 3.487333719053818128e-04
7.048580180000000155e+02 3.514022770170763320e-04 3.481387829260018142e-04
7.048583305000000792e+02 3.035505977365503391e-04 3.474945696621455299e-04
7.048586430000000291e+02 3.891972505873762421e-04 3.467988029937948253e-04
7.048589555000000928e+02 3.185294543940087064e-04 3.460494700258711634e-04
7.048592680000000428e+02 3.558838745363830701e-04 3.452444705022286796e-04
7.048595804999999928e+02 3.316149105098079985e-04 3.443816131148570020e-04
7.048598930000000564e+02 3.526170893136014927e-04 3.434586117222696174e-04
7.048602055000000064e+02 3.459211825697876405e-04 3.424730814846637826e-04
7.048605180000000701e+02 3.517859586906878374e-04 3.414225349244192926e-04
7.048608305000000200e+02 3.226694847918249939e-04 3.403043779362944425e-04
7.048611430000000837e+02 3.776404850520169399e-04 3.391159057552878514e-04
7.048614555000000337e+02 3.382104625882132072e-04 3.378542989178013266e-04
7.048617680000000973e+02 3.557219440963707742e-04 3.365166192312852547e-04
7.048620805000000473e+02 3.048845557315508418e-04 3.350998058000567237e-04
7.048623929999999973e+02 3.033959207459034895e-04 3.336006711333986156e-04
7.048627055000000610e+02 3.166938051343633665e-04 3.320158973952796262e-04
7.048630180000000109e+02 3.155471625320213224e-04 3.303420328477142025e-04
7.048633305000000746e+02 3.397213970106632451e-04 3.285754885470692859e-04
7.048636430000000246e+02 3.247569384176004549e-04 3.267125353851806861e-04
7.048639555000000883e+02 2.968833572384220140e-04 3.247493015457176397e-04
7.048642680000000382e+02 3.632236445835751839e-04 3.226817705001300707e-04
7.048645805000001019e+02 3.257132767589664829e-04 3.205057796413400485e-04
7.048648930000000519e+02 2.894493638655604032e-04 3.182170197161913322e-04
7.048652055000000018e+02 3.029599268813350276e-04 3.158110351920756964e-04
7.048655180000000655e+02 2.759280328699399969e-04 3.132832257584671799e-04
7.048658305000000155e+02 2.626793523287384332e-04 3.106288491638344311e-04
7.048661430000000792e+02 2.696445927270246161e-04 3.078430256135816496e-04
7.048664555000000291e+02 2.775310387597088990e-04 3.049207440203859651e-04
7.048667680000000928e+02 2.801644469282553191e-04 3.018568703792468434e-04
7.048670805000000428e+02 3.300367126212265913e-04 2.986461586403644760e-04
7.048673929999999928e+02 2.605592632197446085e-04 2.952832644291890200e-04
7.048677055000000564e+02 2.807426739870439673e-04 2.917627620675405172e-04
7.048680180000000064e+02 2.722067139652355541e-04 2.880791653608088176e-04
7.048683305000000701e+02 2.841002289865250208e-04 2.842269526623197439e-04
7.048686430000000200e+02 2.516654882218461809e-04 2.802005968257704799e-04
7.048689555000000837e+02 2.462928047004504860e-04 2.759946006355149038e-04
7.048692680000000337e+02 2.747481185354518594e-04 2.716035384447839664e-04
7.048695805000000973e+02 2.298554628714870437e-04 2.670221047118993677e-04
7.048698930000000473e+02 2.495039346128575240e-04 2.622451702682025666e-04
7.048702054999999973e+02 2.314170582126234257e-04 2.572678470938342477e-04
7.048705180000000610e+02 2.491517464283585486e-04 2.520855624973695748e-04
7.048708305000000109e+02 2.309617663695134361e-04 2.466941435549148561e-04
7.048711430000000746e+02 2.679873743069429923e-04 2.410899126525706455e-04
7.048714555000000246e+02 2.265359844680078045e-04 2.352697950119946317e-04
7.048717680000000883e+02 2.332021325699760550e-04 2.292314389006091223e-04
7.048720805000000382e+02 1.754740447244082936e-04 2.229733492413047476e-04
7.048723930000001019e+02 1.977332488514100314e-04 2.164950350356394896e-04
7.048727055000000519e+02 1.819730301152308800e-04 2.097971709186977442e-04
7.048730180000000018e+02 2.057213927885340838e-04 2.028817727109481761e-04
7.048733305000000655e+02 1.842391483491804833e-04 1.957523865572515051e-04
7.048736430000000155e+02 1.573523787868900720e-04 1.884142906580923234e-04
7.048739555000000792e+02 1.717802865123516435e-04 1.808747079720939032e-04
7.048742680000000291e+02 1.844947919034400658e-04 1.731430276213574368e-04
7.048745805000000928e+02 1.671203066927127968e-04 1.652310317147985975e-04
7.048748930000000428e+02 1.647136116767672679e-04 1.571531234850419528e-04
7.048752054999999928e+02 1.523277123621187903e-04 1.489265513580946142e-04
7.048755180000000564e+02 1.424124477167193481e-04 1.405716225424186367e-04
7.048758305000000064e+02 1.379635824646050380e-04 1.321118983841328696e-04
7.048761430000000701e+02 1.127080133380047787e-04 1.235743624918635316e-04
7.048764555000000200e+02 1.303809195698251344e-04 1.149895515796623628e-04
7.048767680000000837e+02 9.268597029428115816e-05 1.063916378087633152e-04
7.048770805000000337e+02 1.029953825622227171e-04 9.781845088652834047e-05
7.048773930000000973e+02 1.403411135894317417e-04 8.931142767074259621e-05
7.048777055000000473e+02 8.112644632738646273e-05 8.091547745632719454e-05
7.048780179999999973e+02 7.822528566077787326e-05 7.267875183118769039e-05
7.048783305000000610e+02 9.744426509118036834e-05 6.465230986566362220e-05
7.048786430000000109e+02 7.454086145521537704e-05 5.688967188182857197e-05
7.048789555000000746e+02 6.822245442035862668e-05 4.944625857579645634e-05
7.048792680000000246e+02 5.355798556678044502e-05 4.237871679107197250e-05
7.048795805000000883e+02 4.839447571539169158e-05 3.574413830040078309e-05
7.048798930000000382e+02 4.957628609421385862e-05 2.959918392709144495e-05
7.048802055000001019e+02 3.348198919913278945e-05 2.399913124485370477e-05
7.048805180000000519e+02 3.215841741389966147e-05 1.899687020724830368e-05
7.048808305000000018e+02 4.646732453741796349e-05 1.464187627917601385e-05
7.048811430000000655e+02 2.878936825579549836e-05 1.097919505581563197e-05
7.048814555000000155e+02 2.347632597722926610e-05 8.048475012172835049e-06
7.048817680000000792e+02 1.159508727597982893e-05 5.883085837224762549e-06
7.048820805000000291e+02 1.675737638015873158e-05 4.509358424449613064e-06
7.048823930000000928e+02 1.031381706543063812e-05 3.945978814930935386e-06
7.048827055000000428e+02 6.360095642913527961e-06 4.203562554043727423e-06
7.048830179999999928e+02 1.057404972638560758e-05 5.284428142370466359e-06
7.048833305000000564e+02 8.147259323428562088e-06 7.182579219134905837e-06
7.048836430000000064e+02 8.094729913467929970e-06 9.883895353330534187e-06
7.048839555000000701e+02 7.131762474503018230e-06 1.336652164924181681e-05
7.048842680000000200e+02 1.126253128010719469e-05 1.760143841187744254e-05
7.048845805000000837e+02 1.087003358932479890e-05 2.255318464618651317e-05
7.048848930000000337e+02 1.138232195065993910e-05 2.818070344801825445e-05
7.048852055000000973e+02 2.650811392685066445e-05 3.443827396031629040e-05
7.048855180000000473e+02 2.573589499231800581e-05 4.127649324023164012e-05
7.048858304999999973e+02 3.486053533768122961e-05 4.864327241629529992e-05
7.048861430000000610e+02 4.857594869550194616e-05 5.648481416676179003e-05
7.048864555000000109e+02 4.719544640869871436e-05 6.474654284177796409e-05
7.048867680000000746e+02 5.497725149702228307e-05 7.337396377834972012e-05
7.048870805000000246e+02 6.797355613513090199e-05 8.231343397774928137e-05
7.048873930000000883e+02 5.815292405587850857e-05 9.151283228924812774e-05
7.048877055000000382e+02 8.647707499603410103e-05 1.009221225671389676e-04
7.048880180000001019e+02 1.066379480205736127e-04 1.104938084155609616e-04
7.048883305000000519e+02 1.110832654451664918e-04 1.201832821104638799e-04
7.048886430000000018e+02 8.833128096687493393e-05 1.299490738295844261e-04
7.048889555000000655e+02 1.242928937331237715e-04 1.397530095854691390e-04
7.048892680000000155e+02 1.487497475420721839e-04 1.495602880025333594e-04
7.048895805000000792e+02 1.435197411775276021e-04 1.593394869650346349e-04
7.048898930000000291e+02 1.380133571456594902e-04 1.690625112928110293e-04
7.048902055000000928e+02 1.616659725108590792e-04 1.787044925542923446e-04
7.048905180000000428e+02 1.671812071566642971e-04 1.882436512780928911e-04
7.048908304999999928e+02 1.748984388200787899e-04 1.976611311621659709e-04
7.048911430000000564e+02 1.951623225633712763e-04 2.069408136367887968e-04
7.048914555000000064e+02 2.124330065697201814e-04 2.160691201420620645e-04
7.048917680000000701e+02 2.316074425959111947e-04 2.250348083488148466e-04
7.048920805000000200e+02 2.736569915750827818e-04 2.338287673487506198e-04
7.048923930000000837e+02 2.428315042128917822e-04 2.424438160146639174e-04
7.048927055000000337e+02 2.348864928234599251e-04 2.508745076109279520e-04
7.048930180000000973e+02 2.789694618545161169e-04 2.591169431360377910e-04
7.048933305000000473e+02 2.312403555238193840e-04 2.671685949833264156e-04
7.048936429999999973e+02 2.722894392258981056e-04 2.750281421176012939e-04
7.048939555000000610e+02 2.756756912617852997e-04 2.826953173126577198e-04
7.048942680000000109e+02 2.527927242935988942e-04 2.901707667145494020e-04
7.048945805000000746e+02 3.228055976966920631e-04 2.974559216848341034e-04
7.048948930000000246e+02 3.074485949295146570e-04 3.045528825502131207e-04
7.048952055000000883e+02 3.536993556954866444e-04 3.114643138656687099e-04
7.048955180000000382e+02 3.589536290418270537e-04 3.181933505085121692e-04
7.048958305000001019e+02 4.066479265781885229e-04 3.247435140093522842e-04
7.048961430000000519e+02 3.499714451601182138e-04 3.311186383176890533e-04
7.048964555000000018e+02 3.405630884767650839e-04 3.373228043378673950e-04
7.048967680000000655e+02 3.609985893301049685e-04 3.433602824361470262e-04
7.048970805000000155e+02 3.322464656987362099e-04 3.492354822229486785e-04
7.048973930000000792e+02 3.536378779472432415e-04 3.549529089376890164e-04
7.048977055000000291e+02 3.762007727035492403e-04 3.605171257253110529e-04
7.048980180000000928e+02 3.584654535153305186e-04 3.659327212544636167e-04
7.048983305000000428e+02 3.858483592801408989e-04 3.712042820382189297e-04
7.048986429999999928e+02 3.736915080606853165e-04 3.763363689924674503e-04
7.048989555000000564e+02 4.344341439535291454e-04 3.813334976984285611e-04
7.048992680000000064e+02 4.082462284423367372e-04 3.862001219502087294e-04
7.048995805000000701e+02 4.406344716345348355e-04 3.909406202057969784e-04
7.048998930000000200e+02 4.263526768422527769e-04 3.955592845376376719e-04
7.049002055000000837e+02 3.797211575071896016e-04 4.000603118150316282e-04
7.049005180000000337e+02 4.247997180173343468e-04 4.044477967747333214e-04
7.049008305000000973e+02 5.109260693899384366e-04 4.087257267765317253e-04
7.049011430000000473e+02 4.208417176665386417e-04 4.128979779630616211e-04
7.049014554999999973e+02 4.469937702138043235e-04 4.169683126713028399e-04
7.049017680000000610e+02 4.284698884002224265e-04 4.209403778776056896e-04
7.049020805000000109e+02 4.287750873889837992e-04 4.248177045354926853e-04
7.049023930000000746e+02 4.420752134009647578e-04 4.286037076816480939e-04
7.049027055000000246e+02 4.650338448053689482e-04 4.323016871535833900e-04
7.049030180000000883e+02 4.548279575360201338e-04 4.359148288568946055e-04
7.049033305000000382e+02 4.630642348432184498e-04 4.394462064458728957e-04
7.049036430000001019e+02 4.839002823980917802e-04 4.428987833804744222e-04
7.049039555000000519e+02 4.436552139082202318e-04 4.462754152481597969e-04
7.049042680000000018e+02 4.719762923315538568e-04 4.495788523305754326e-04
7.049045805000000655e+02 4.544147658413963116e-04 4.528117423315124071e-04
7.049048930000000155e+02 4.830207585408923367e-04 4.559766332350125755e-04
7.049052055000000792e+02 5.210166410596703138e-04 4.590759762667748645e-04
7.049055180000000291e+02 4.771719514289136563e-04 4.621121288975653472e-04
7.049058305000000928e+02 4.591813355968671568e-04 4.650873578968422496e-04
7.049061430000000428e+02 5.137239049779548797e-04 4.680038423773622393e-04
7.049064554999999928e+02 4.613839880980753630e-04 4.708636768457126909e-04
7.049067680000000564e+02 5.467317627127816658e-04 4.736688742151757333e-04
7.049070805000000064e+02 5.093756881987686509e-04 4.764213687789411794e-04
7.049073930000000701e+02 4.756941964461016033e-04 4.791230191424653093e-04
7.049077055000000200e+02 4.712398007291154246e-04 4.817756110810172640e-04
7.049080180000000837e+02 4.451209976972329016e-04 4.843808603464295364e-04
7.049083305000000337e+02 5.298437976910786665e-04 4.869404153861667576e-04
7.049086430000000973e+02 4.808423612665267189e-04 4.894558600015334968e-04
7.049089555000000473e+02 5.003065069483164998e-04 4.919287159117311393e-04
7.049092679999999973e+02 4.915709560323611171e-04 4.943604452507313618e-04
7.049095805000000610e+02 5.276340842531190454e-04 4.967524529726545469e-04
7.049098930000000109e+02 4.834396497860978708e-04 4.991060891747234069e-04
7.049102055000000746e+02 5.153069388344566713e-04 5.014226513462437165e-04
7.049105180000000246e+02 5.194815980916287629e-04 5.037033865227007667e-04
7.049108305000000883e+02 4.417955121557142492e-04 5.059494933724830628e-04
7.049111430000000382e+02 4.789363291774395483e-04 5.081621241905746444e-04
7.049114555000001019e+02 4.718992991864238615e-04 5.103423868273682064e-04
7.049117680000000519e+02 4.825017087941786036e-04 5.124913465282410078e-04
7.049120805000000018e+02 5.121488632427245117e-04 5.146100277108538830e-04
7.049123930000000655e+02 4.702176368413319893e-04 5.166994156622281825e-04
7.049127055000000155e+02 4.781441544730283982e-04 5.187604581659819875e-04
7.049130180000000792e+02 5.256263992115613355e-04 5.207940670692895631e-04
7.049133305000000291e+02 4.675593702417495177e-04 5.228011197730166298e-04
7.049136430000000928e+02 4.548883252286147903e-04 5.247824606705349263e-04
7.049139555000000428e+02 4.825865675153666410e-04 5.267389025138243192e-04
7.049142679999999928e+02 4.635888023784799227e-04 5.286712277318096273e-04
7.049145805000000564e+02 4.889663394564723381e-04 5.305801896849978577e-04
7.049148930000000064e+02 5.062320594409856767e-04 5.324665138660592901e-04
7.049152055000000701e+02 4.990854663755172217e-04 5.343308990552436254e-04
7.049155180000000200e+02 5.501252661441397625e-04 5.361740184155365041e-04
7.049158305000000837e+02 5.777815420109463007e-04 5.379965205508699909e-04
7.049161430000000337e+02 5.304092401891533125e-04 5.397990305076793768e-04
7.049164555000000973e+02 5.650063539860735850e-04 5.415821507432167165e-04
