7.168679550000000518e+02 3.207710605889766212e-04 2.960023298940397279e-04
7.168682675000000017e+02 2.930295831192266678e-04 2.962896373282835000e-04
7.168685800000000654e+02 2.736169653014851387e-04 2.965646787813353133e-04
7.168688925000000154e+02 3.174909530528987234e-04 2.968269713036417179e-04
7.168692050000000791e+02 2.963535437137342055e-04 2.970760087570528760e-04
7.168695175000000290e+02 2.904870508665872812e-04 2.973112605127198218e-04
7.168698300000000927e+02 3.495905479104397212e-04 2.975321700680187871e-04
7.168701425000000427e+02 2.867543976157514805e-04 2.977381535739010744e-04
7.168704550000001063e+02 3.140815879567095950e-04 2.979285982692768224e-04
7.168707675000000563e+02 2.963321915131997839e-04 2.981028608132991272e-04
7.168710800000000063e+02 2.844998733070419313e-04 2.982602655108405887e-04
7.168713925000000700e+02 3.283651965943332651e-04 2.984001024217762901e-04
7.168717050000000199e+02 3.278932633132347141e-04 2.985216253468194088e-04
7.168720175000000836e+02 3.133688031326048668e-04 2.986240496815836549e-04
7.168723300000000336e+02 3.033981247746141683e-04 2.987065501284183336e-04
7.168726425000000972e+02 2.835911553529630539e-04 2.987682582573985765e-04
7.168729550000000472e+02 3.396128795884022092e-04 2.988082599046313075e-04
7.168732674999999972e+02 3.088382246129856273e-04 2.988255923974288673e-04
7.168735800000000609e+02 2.700002644951695306e-04 2.988192415934768590e-04
7.168738925000000108e+02 2.952364113368096017e-04 2.987881387214232640e-04
7.168742050000000745e+02 3.081004741694515952e-04 2.987311570087892131e-04
7.168745175000000245e+02 3.051880722730314376e-04 2.986471080826506061e-04
7.168748300000000881e+02 3.316998734003620401e-04 2.985347381269921299e-04
7.168751425000000381e+02 3.028950262619326439e-04 2.983927237807407163e-04
7.168754550000001018e+02 2.930234107015628224e-04 2.982196677578291327e-04
7.168757675000000518e+02 2.519257871663290924e-04 2.980140941719521745e-04
7.168760800000000017e+02 2.951797571576531042e-04 2.977744435447867810e-04
7.168763925000000654e+02 2.551586047255886814e-04 2.974990674784081207e-04
7.168767050000000154e+02 2.949007210957712687e-04 2.971862229699984864e-04
7.168770175000000791e+02 3.134077738913776607e-04 2.968340663450767824e-04
7.168773300000000290e+02 3.248748036295778211e-04 2.964406467887587557e-04
7.168776425000000927e+02 3.216046751854788354e-04 2.960038994476036148e-04
7.168779550000000427e+02 2.507538752359957015e-04 2.955216380818848337e-04
7.168782675000001063e+02 2.770734411644571469e-04 2.949915472392535681e-04
7.168785800000000563e+02 2.874525315761325569e-04 2.944111739306714171e-04
7.168788925000000063e+02 2.734535555607193894e-04 2.937779187796468218e-04
7.168792050000000700e+02 3.006178991596324774e-04 2.930890266269713107e-04
7.168795175000000199e+02 2.661551573473182417e-04 2.923415765691790092e-04
7.168798300000000836e+02 3.022135720175873918e-04 2.915324714103447877e-04
7.168801425000000336e+02 3.233616562771133109e-04 2.906584265205645889e-04
7.168804550000000972e+02 2.698541193771118556e-04 2.897159580848481788e-04
7.168807675000000472e+02 2.817119777742110170e-04 2.887013707514873850e-04
7.168810799999999972e+02 2.755450886032619669e-04 2.876107446792682204e-04
7.168813925000000609e+02 2.742789184508020442e-04 2.864399220130981263e-04
7.168817050000000108e+02 2.509744442276184485e-04 2.851844928223187196e-04
7.168820175000000745e+02 3.381984055113291632e-04 2.838397805533741372e-04
7.168823300000000245e+02 2.769500403409880197e-04 2.824008270891469876e-04
7.168826425000000881e+02 2.591813787650325057e-04 2.808623775122042181e-04
7.168829550000000381e+02 2.880495693171150097e-04 2.792188647367555856e-04
7.168832675000001018e+02 2.329681378765194289e-04 2.774643941877409864e-04
7.168835800000000518e+02 2.980328620866954823e-04 2.755927287966064652e-04
7.168838925000000017e+02 2.625579273591273290e-04 2.735972746155338614e-04
7.168842050000000654e+02 2.972932911142216108e-04 2.714710674686951985e-04
7.168845175000000154e+02 2.737892859709992991e-04 2.692067611388736324e-04
7.168848300000000791e+02 2.254164291463591125e-04 2.667966177046117698e-04
7.168851425000000290e+02 2.626023540068244690e-04 2.642325008160760968e-04
7.168854550000000927e+02 2.706909923900924914e-04 2.615058728230252108e-04
7.168857675000000427e+02 2.527106169795720987e-04 2.586077969246292595e-04
7.168860800000001063e+02 2.127769529807549886e-04 2.555289456907600056e-04
7.168863925000000563e+02 2.022295355632017829e-04 2.522596176438064459e-04
7.168867050000000063e+02 2.432595817008297945e-04 2.487897638471090107e-04
7.168870175000000700e+02 2.063055509062533392e-04 2.451090268738624839e-04
7.168873300000000199e+02 2.246235410353274544e-04 2.412067949114558266e-04
7.168876425000000836e+02 1.895569841113301727e-04 2.370722742164284096e-04
7.168879550000000336e+02 2.263524523315445388e-04 2.326945836963897299e-04
7.168882675000000972e+02 1.895663492732447739e-04 2.280628758632969417e-04
7.168885800000000472e+02 2.410093675281358642e-04 2.231664890626366721e-04
7.168888924999999972e+02 1.967614042869947463e-04 2.179951363474944546e-04
7.168892050000000609e+02 1.779824305600618108e-04 2.125391369728576768e-04
7.168895175000000108e+02 2.207000962952591992e-04 2.067896968455390375e-04
7.168898300000000745e+02 1.634992768342740657e-04 2.007392444914167940e-04
7.168901425000000245e+02 1.593509977164011388e-04 1.943818291235915147e-04
7.168904550000000881e+02 1.593548781180619130e-04 1.877135868030726010e-04
7.168907675000000381e+02 1.787921450069314758e-04 1.807332797490339752e-04
7.168910800000001018e+02 1.836324379515564013e-04 1.734429118386327277e-04
7.168913925000000518e+02 2.190418448736715449e-04 1.658484205754192872e-04
7.168917050000000017e+02 1.859523454227514079e-04 1.579604414399466208e-04
7.168920175000000654e+02 2.064749063158431231e-04 1.497951349208566168e-04
7.168923300000000154e+02 1.644060069344449593e-04 1.413750589222744023e-04
7.168926425000000791e+02 1.549986837388505809e-04 1.327300598589324925e-04
7.168929550000000290e+02 1.090394728772308867e-04 1.238981446968612623e-04
7.168932675000000927e+02 1.228129785428617603e-04 1.149262834345227363e-04
7.168935800000000427e+02 1.050832470672627091e-04 1.058710784365647417e-04
7.168938925000001063e+02 9.390734279212796954e-05 9.679922410081626572e-05
7.168942050000000563e+02 9.785096937095448511e-05 8.778767015574459620e-05
7.168945175000000063e+02 8.292608520981613026e-05 7.892339596007919456e-05
7.168948300000000700e+02 6.836383039463477754e-05 7.030270503596541939e-05
7.168951425000000199e+02 3.867940630548341238e-05 6.202996082251742644e-05
7.168954550000000836e+02 9.137045589845863393e-05 5.421570906790533164e-05
7.168957675000000336e+02 4.797143100582787565e-05 4.697417058914079625e-05
7.168960800000000972e+02 3.802652187182621488e-05 4.042013926940515400e-05
7.168963925000000472e+02 5.600552657705414018e-05 3.466538153322555978e-05
7.168967049999999972e+02 2.804460328493309194e-05 2.981469836799823328e-05
7.168970175000000609e+02 3.333936187495368885e-05 2.596187131853236774e-05
7.168973300000000108e+02 3.819871461828377399e-05 2.318575916338280150e-05
7.168976425000000745e+02 3.510929302620635265e-05 2.154683285720866505e-05
7.168979550000000245e+02 2.195212623199665987e-05 2.108442554697634292e-05
7.168982675000000881e+02 2.218573677174648221e-05 2.181492943760587682e-05
7.168985800000000381e+02 3.575589585847350343e-05 2.373109557940294358e-05
7.168988925000001018e+02 2.918868427804259695e-05 2.680249531893024863e-05
7.168992050000000518e+02 2.526541263977008696e-05 3.097709681262464712e-05
7.168995175000000017e+02 2.257792221368936991e-05 3.618381178983664853e-05
7.168998300000000654e+02 3.597364674334729498e-05 4.233579017410880283e-05
7.169001425000000154e+02 2.970017921940248544e-05 4.933419274659700234e-05
7.169004550000000791e+02 5.484196604721604381e-05 5.707215833194180093e-05
7.169007675000000290e+02 4.579592054797017189e-05 6.543869966012537441e-05
7.169010800000000927e+02 6.023561639455518406e-05 7.432230463985169957e-05
7.169013925000000427e+02 6.783146967213624719e-05 8.361407731260098544e-05
7.169017050000001063e+02 7.514226149403677136e-05 9.321031606649811190e-05
7.169020175000000563e+02 8.634473261197667050e-05 1.030144865514820196e-04
7.169023300000000063e+02 9.791584023464924597e-05 1.129385978781102828e-04
7.169026425000000700e+02 1.075150754956012965e-04 1.229040289917569535e-04
7.169029550000000199e+02 1.032613021490547990e-04 1.328418774705795926e-04
7.169032675000000836e+02 1.772064435816669869e-04 1.426929160196606860e-04
7.169035800000000336e+02 1.734231321540656546e-04 1.524072447890581570e-04
7.169038925000000972e+02 1.593978883511020222e-04 1.619437234405111687e-04
7.169042050000000472e+02 1.124524668698080181e-04 1.712692574803914352e-04
7.169045174999999972e+02 1.811863301443919234e-04 1.803580019010225354e-04
7.169048300000000609e+02 2.068120994592665719e-04 1.891905325147714512e-04
7.169051425000000108e+02 1.980191377693241498e-04 1.977530234995743589e-04
7.169054550000000745e+02 1.997604078847043632e-04 2.060364589090004988e-04
7.169057675000000245e+02 2.418310454801250872e-04 2.140358966491069117e-04
7.169060800000000881e+02 2.696600397248136247e-04 2.217497961836913578e-04
7.169063925000000381e+02 2.366753426860880767e-04 2.291794152770429058e-04
7.169067050000001018e+02 2.263895417518708389e-04 2.363282769915134166e-04
7.169070175000000518e+02 2.389898526023231050e-04 2.432017049459234311e-04
7.169073300000000017e+02 2.396958982676297408e-04 2.498064230030479400e-04
7.169076425000000654e+02 2.521484127942806358e-04 2.561502141855773879e-04
7.169079550000000154e+02 2.699968126718161211e-04 2.622416330947386601e-04
7.169082675000000791e+02 2.476287893417480055e-04 2.680897659100011667e-04
7.169085800000000290e+02 3.158628415442879013e-04 2.737040320830437350e-04
7.169088925000000927e+02 2.430614874005700545e-04 2.790940222708096757e-04
7.169092050000000427e+02 2.728594130312841123e-04 2.842693673402022815e-04
7.169095175000001063e+02 2.959011873934419079e-04 2.892396338947945109e-04
7.169098300000000563e+02 3.078888489891805835e-04 2.940142421491442090e-04
7.169101425000000063e+02 3.066056403736396366e-04 2.986024025932030495e-04
7.169104550000000700e+02 3.406091146895829356e-04 3.030130682536987343e-04
7.169107675000000199e+02 2.933631824673865675e-04 3.072548998591580227e-04
7.169110800000000836e+02 2.948898381401725559e-04 3.113362416020417603e-04
7.169113925000000336e+02 3.185417680395674763e-04 3.152651054874646948e-04
7.169117050000000972e+02 3.493938648745860453e-04 3.190491626520434326e-04
7.169120175000000472e+02 3.643203984543309532e-04 3.226957402087506977e-04
7.169123299999999972e+02 3.517587813675927279e-04 3.262118224968006729e-04
7.169126425000000609e+02 4.117837995567643142e-04 3.296040557336713645e-04
7.169129550000000108e+02 3.958547093755832936e-04 3.328787552852340882e-04
7.169132675000000745e+02 3.635879621404812328e-04 3.360419149089036053e-04
7.169135800000000245e+02 3.448010242738775528e-04 3.390992174037461967e-04
7.169138925000000881e+02 3.596023303857885959e-04 3.420560462692914913e-04
7.169142050000000381e+02 3.380385042151870501e-04 3.449174979853567046e-04
7.169145175000001018e+02 3.448506875691357480e-04 3.476883946678212874e-04
7.169148300000000518e+02 3.199203912210025471e-04 3.503732968432625504e-04
7.169151425000000017e+02 3.116030956956519554e-04 3.529765162002206601e-04
7.169154550000000654e+02 3.410659829980314315e-04 3.555021281560857317e-04
7.169157675000000154e+02 3.532781960736651721e-04 3.579539841474882141e-04
7.169160800000000791e+02 4.001046986548608829e-04 3.603357235760080686e-04
7.169163925000000290e+02 3.710057275553188777e-04 3.626507853314155723e-04
7.169167050000000927e+02 4.080981210861486168e-04 3.649024188819563128e-04
7.169170175000000427e+02 4.030242530617786541e-04 3.670936948796544447e-04
7.169173300000001063e+02 3.668395288319442615e-04 3.692275152943288205e-04
7.169176425000000563e+02 3.691548674379984481e-04 3.713066230454658179e-04
7.169179550000000063e+02 4.135152986200928333e-04 3.733336111589006666e-04
7.169182675000000700e+02 4.177142285284924815e-04 3.753109314358870881e-04
7.169185800000000199e+02 4.100475883225261392e-04 3.772409026540869876e-04
7.169188925000000836e+02 3.807971816712930739e-04 3.791257183213984699e-04
7.169192050000000336e+02 3.830244320511349784e-04 3.809674539812192757e-04
7.169195175000000972e+02 3.831042391571144647e-04 3.827680741085542730e-04
7.169198300000000472e+02 4.271019104029076725e-04 3.845294385935649401e-04
7.169201424999999972e+02 3.588435900005514188e-04 3.862533088524202859e-04
7.169204550000000609e+02 4.067586645475156602e-04 3.879413535679514919e-04
7.169207675000000108e+02 3.922843694836107131e-04 3.895951540860129506e-04
7.169210800000000745e+02 4.178370034283905511e-04 3.912162094920290331e-04
7.169213925000000245e+02 3.491631394153305620e-04 3.928059413707889148e-04
7.169217050000000881e+02 4.194371046639188512e-04 3.943656982857182388e-04
7.169220175000000381e+02 3.412415427179788961e-04 3.958967599756864049e-04
7.169223300000001018e+02 3.655724366662870483e-04 3.974003413040970824e-04
7.169226425000000518e+02 3.730370408573014285e-04 3.988775959575780556e-04
7.169229550000000017e+02 4.194253819366685070e-04 4.003296199263029409e-04
7.169232675000000654e+02 3.829322984963651026e-04 4.017574547660613250e-04
7.169235800000000154e+02 3.729824027394293721e-04 4.031620906609860834e-04
7.169238925000000791e+02 4.882021953604385187e-04 4.045444693043753715e-04
7.169242050000000290e+02 3.549429152001751025e-04 4.059054865965261720e-04
7.169245175000000927e+02 4.028486216660207204e-04 4.072459951864578539e-04
7.169248300000000427e+02 3.443925768179763097e-04 4.085668068518191537e-04
7.169251425000001063e+02 4.194797822019138631e-04 4.098686947425918790e-04
7.169254550000000563e+02 4.291094208755592853e-04 4.111523954821288940e-04
7.169257675000000063e+02 4.413888433729448008e-04 4.124186111490357374e-04
7.169260800000000700e+02 4.091675635444050373e-04 4.136680111359672678e-04
7.169263925000000199e+02 4.181722833266336052e-04 4.149012338977597393e-04
7.169267050000000836e+02 3.687281096546485585e-04 4.161188886003229785e-04
7.169270175000000336e+02 3.842650844713285403e-04 4.173215566656148195e-04
7.169273300000000972e+02 3.681934353222623990e-04 4.185097932327435559e-04
7.169276425000000472e+02 4.548895648149018137e-04 4.196841285267715574e-04
7.169279549999999972e+02 4.633451415691979230e-04 4.208450691541805780e-04
7.169282675000000609e+02 4.222055543666589019e-04 4.219930993191244950e-04
7.169285800000000108e+02 4.388981149097224282e-04 4.231286819696104405e-04
7.169288925000000745e+02 4.790290905920876617e-04 4.242522598820474308e-04
7.169292050000000245e+02 3.593782019390958575e-04 4.253642566779003041e-04
7.169295175000000881e+02 3.941036315757386792e-04 4.264650777890720084e-04
7.169298300000000381e+02 4.051770079847105493e-04 4.275551113625051906e-04
7.169301425000001018e+02 3.669478848544745859e-04 4.286347291202992414e-04
