7.103839740000000802e+02 3.767769153134986593e-04 3.460548905735005691e-04
7.103842865000000302e+02 3.598351181203165061e-04 3.471955346273752061e-04
7.103845989999999802e+02 3.648091336974317164e-04 3.482911924731809240e-04
7.103849115000000438e+02 3.926958866148802887e-04 3.493397164963139368e-04
7.103852239999999938e+02 3.663899602288333006e-04 3.503388375833555975e-04
7.103855365000000575e+02 3.638559175784975095e-04 3.512861573838655131e-04
7.103858490000000074e+02 3.585643266637383950e-04 3.521791400427064797e-04
7.103861615000000711e+02 3.456342872586906753e-04 3.530151033800219712e-04
7.103864740000000211e+02 3.644117009764798014e-04 3.537912094722939498e-04
7.103867864999999711e+02 3.455936929857961843e-04 3.545044546076733978e-04
7.103870990000000347e+02 3.718779464096648338e-04 3.551516585695037287e-04
7.103874114999999847e+02 3.861653177016887415e-04 3.557294532126226453e-04
7.103877240000000484e+02 3.615600688418727686e-04 3.562342702946527401e-04
7.103880364999999983e+02 3.882542068155080649e-04 3.566623285171970558e-04
7.103883490000000620e+02 3.443785112081105670e-04 3.570096197442697750e-04
7.103886615000000120e+02 3.367823825685296868e-04 3.572718943544173358e-04
7.103889740000000756e+02 3.221947921469976131e-04 3.574446456961783846e-04
7.103892865000000256e+02 3.247731675400702934e-04 3.575230936112755225e-04
7.103895989999999756e+02 3.560394929264787118e-04 3.575021670023001115e-04
7.103899115000000393e+02 3.889445303492592007e-04 3.573764854238104297e-04
7.103902239999999892e+02 3.285279138221281641e-04 3.571403396892964253e-04
7.103905365000000529e+02 3.640726158447348069e-04 3.567876714965088534e-04
7.103908490000000029e+02 3.779458093084222810e-04 3.563120520936013101e-04
7.103911615000000666e+02 3.389071852004780540e-04 3.557066600252113643e-04
7.103914740000000165e+02 2.861411833500775896e-04 3.549642580316387922e-04
7.103917865000000802e+02 3.285864923264121833e-04 3.540771691983829570e-04
7.103920990000000302e+02 3.511002712672887114e-04 3.530372525081724674e-04
7.103924114999999802e+02 2.884734136957300987e-04 3.518358779844059305e-04
7.103927240000000438e+02 3.157127078810297830e-04 3.504639016944615239e-04
7.103930364999999938e+02 3.252540258620325404e-04 3.489116409509513111e-04
7.103933490000000575e+02 3.029448101304210044e-04 3.471688501399488561e-04
7.103936615000000074e+02 3.142613695196562799e-04 3.452246977413151786e-04
7.103939740000000711e+02 3.005688931508078421e-04 3.430677452148377690e-04
7.103942865000000211e+02 2.734833384747021342e-04 3.406859286323833062e-04
7.103945989999999711e+02 3.107394574125859244e-04 3.380665440953678122e-04
7.103949115000000347e+02 2.676665256871477920e-04 3.351962382563195204e-04
7.103952239999999847e+02 2.999843154554371013e-04 3.320610055227916197e-04
7.103955365000000484e+02 2.688440217822920240e-04 3.286461938483926709e-04
7.103958489999999983e+02 2.756586321232480825e-04 3.249365214457131134e-04
7.103961615000000620e+02 2.753298734908560816e-04 3.209161071440262648e-04
7.103964740000000120e+02 2.674533959614728814e-04 3.165685177092892114e-04
7.103967865000000756e+02 2.634432872775904744e-04 3.118768359504577210e-04
7.103970990000000256e+02 2.568152494321853828e-04 3.068237541878474951e-04
7.103974114999999756e+02 2.758440054264806865e-04 3.013916982933189216e-04
7.103977240000000393e+02 2.436075036509305184e-04 2.955629883896149180e-04
7.103980364999999892e+02 2.662942943108549654e-04 2.893200430703442489e-04
7.103983490000000529e+02 2.310868947621774663e-04 2.826456348279227484e-04
7.103986615000000029e+02 2.376309386087621786e-04 2.755232052543130691e-04
7.103989740000000666e+02 2.230885920378289204e-04 2.679372491398709444e-04
7.103992865000000165e+02 2.150144845448423447e-04 2.598737772230590615e-04
7.103995990000000802e+02 2.163624405892430403e-04 2.513208673193807296e-04
7.103999115000000302e+02 2.111337358168493042e-04 2.422693133494504799e-04
7.104002239999999802e+02 2.205416571207043281e-04 2.327133804899939832e-04
7.104005365000000438e+02 2.013900691787528629e-04 2.226516727125829381e-04
7.104008489999999938e+02 1.924246683735683096e-04 2.120881154276837749e-04
7.104011615000000575e+02 1.661473319697690909e-04 2.010330508203420595e-04
7.104014740000000074e+02 1.725889570919415296e-04 1.895044364551843653e-04
7.104017865000000711e+02 1.652959565516235363e-04 1.775291280194813282e-04
7.104020990000000211e+02 1.506782971734657497e-04 1.651442152559182499e-04
7.104024114999999711e+02 1.520255564446009225e-04 1.523983652174482571e-04
7.104027240000000347e+02 1.376253107139463775e-04 1.393531102441299520e-04
7.104030364999999847e+02 1.317667463825502054e-04 1.260839993862477269e-04
7.104033490000000484e+02 1.096976960942654572e-04 1.126815132402594969e-04
7.104036614999999983e+02 1.195911902992154868e-04 9.925162542374941306e-05
7.104039740000000620e+02 1.031906206938749797e-04 8.591588137586007900e-05
7.104042865000000120e+02 1.134274023510309343e-04 7.281086129989538050e-05
7.104045990000000756e+02 7.988506902865467104e-05 6.008690148839612607e-05
7.104049115000000256e+02 8.877836500615902851e-05 4.790597184634926199e-05
7.104052239999999756e+02 7.841481996372168879e-05 3.643864857505975320e-05
7.104055365000000393e+02 6.667642648643604803e-05 2.586018158527744032e-05
7.104058489999999892e+02 6.098367014519964297e-05 1.634573308167118646e-05
7.104061615000000529e+02 5.927574908027313593e-05 8.064951750717661754e-06
7.104064740000000029e+02 5.364311121459051663e-05 1.176136533738889411e-06
7.104067865000000666e+02 4.738267338582931711e-05 -4.179677714978253837e-06
7.104070990000000165e+02 5.069070999676751870e-05 -7.884326114839234015e-06
7.104074115000000802e+02 3.117194331224436738e-05 -9.847407280466565321e-06
7.104077240000000302e+02 2.834644102026978880e-05 -1.001008732187201211e-05
7.104080364999999802e+02 3.008858675779767076e-05 -8.347509762581430267e-06
7.104083490000000438e+02 1.547512547764887071e-05 -4.869618210791732413e-06
7.104086614999999938e+02 2.214161415008289804e-05 3.796647000114651226e-07
7.104089740000000575e+02 1.445213710547104975e-05 7.324815451905935601e-06
7.104092865000000074e+02 1.547003245957253182e-05 1.586242814910863991e-05
7.104095990000000711e+02 1.262339027403517495e-05 2.586595693884464648e-05
7.104099115000000211e+02 1.568348660607245157e-05 3.719110710712814934e-05
7.104102239999999711e+02 1.554952024953782275e-05 4.968148584249398322e-05
7.104105365000000347e+02 2.379512247788176759e-05 6.317415046152838386e-05
7.104108489999999847e+02 2.680133361291083221e-05 7.750475053576647943e-05
7.104111615000000484e+02 3.919051715227075727e-05 9.251203816422384069e-05
7.104114739999999983e+02 5.103602952498527775e-05 1.080416048211974565e-04
7.104117865000000620e+02 5.547658341568594226e-05 1.239487836762854589e-04
7.104120990000000120e+02 9.000443727927959995e-05 1.401007242305416845e-04
7.104124115000000756e+02 8.475008349419086351e-05 1.563776986118148250e-04
7.104127240000000256e+02 8.944209956271374751e-05 1.726737334003301361e-04
7.104130364999999756e+02 1.246183709420828822e-04 1.888966800938322182e-04
7.104133490000000393e+02 1.316590500827847425e-04 2.049678425460187841e-04
7.104136614999999892e+02 1.835012638940670840e-04 2.208212754844311168e-04
7.104139740000000529e+02 1.478121697561885850e-04 2.364028571270675139e-04
7.104142865000000029e+02 2.024349435685927597e-04 2.516692239120275833e-04
7.104145990000000666e+02 1.941527370455016781e-04 2.665866394854631439e-04
7.104149115000000165e+02 2.702000874447179246e-04 2.811298538284074159e-04
7.104152240000000802e+02 2.458980640123688472e-04 2.952809942217384984e-04
7.104155365000000302e+02 3.117851104389854550e-04 3.090285168135318400e-04
7.104158489999999802e+02 2.831015198073226317e-04 3.223662374843062374e-04
7.104161615000000438e+02 2.733497458276386771e-04 3.352924521519438168e-04
7.104164739999999938e+02 3.221879976393995687e-04 3.478091505507915362e-04
7.104167865000000575e+02 3.868375598670803321e-04 3.599213229147594649e-04
7.104170990000000074e+02 4.132746509219710420e-04 3.716363556528546100e-04
7.104174115000000711e+02 3.463524069029184438e-04 3.829635103036259608e-04
7.104177240000000211e+02 3.701044863465847556e-04 3.939134785834219371e-04
7.104180364999999711e+02 4.269333699397280480e-04 4.044980060735271950e-04
7.104183490000000347e+02 4.415526485862816906e-04 4.147295767727270381e-04
7.104186614999999847e+02 4.669096775251049738e-04 4.246211511287294573e-04
7.104189740000000484e+02 5.180295881782920244e-04 4.341859505923183118e-04
7.104192864999999983e+02 5.412187608171175257e-04 4.434372821736697686e-04
7.104195990000000620e+02 4.895811474345401629e-04 4.523883973001085221e-04
7.104199115000000120e+02 5.422488210606925827e-04 4.610523796833763629e-04
7.104202240000000756e+02 5.695505263418957883e-04 4.694420577396140161e-04
7.104205365000000256e+02 5.423316704081384632e-04 4.775699374744496396e-04
7.104208489999999756e+02 6.242047836462897344e-04 4.854481524840425144e-04
7.104211615000000393e+02 5.403382199062586920e-04 4.930884280319864071e-04
7.104214739999999892e+02 5.837668055979682111e-04 5.005020567059581798e-04
7.104217865000000529e+02 5.444673748788364997e-04 5.076998835329150353e-04
7.104220990000000029e+02 5.725078814203532485e-04 5.146922986721235707e-04
7.104224115000000666e+02 5.862824686186683199e-04 5.214892362464069661e-04
7.104227240000000165e+02 5.737878027550275721e-04 5.281001779541821947e-04
7.104230365000000802e+02 7.004430365173310719e-04 5.345341604838744825e-04
7.104233490000000302e+02 6.003708793395839223e-04 5.407997857735508378e-04
7.104236614999999802e+02 6.751719853702659773e-04 5.469052334669951762e-04
7.104239740000000438e+02 5.919484166909218031e-04 5.528582749132489966e-04
7.104242864999999938e+02 6.411625763617962055e-04 5.586662882507591795e-04
7.104245990000000575e+02 6.663589275150215256e-04 5.643362742044635231e-04
7.104249115000000074e+02 6.663188478363349376e-04 5.698748722274359470e-04
7.104252240000000711e+02 6.470729473474867537e-04 5.752883768011544854e-04
7.104255365000000211e+02 6.204227841154699588e-04 5.805827536299610139e-04
7.104258489999999711e+02 6.323791467223581920e-04 5.857636556378070618e-04
7.104261615000000347e+02 6.190548386789035190e-04 5.908364385987125442e-04
7.104264739999999847e+02 7.057464507550327342e-04 5.958061763326867816e-04
7.104267865000000484e+02 6.100478379416258718e-04 6.006776754196740562e-04
7.104270989999999983e+02 6.437476360311230206e-04 6.054554893407850923e-04
7.104274115000000620e+02 7.171739224047851344e-04 6.101439320733248288e-04
7.104277240000000120e+02 6.670329367004051947e-04 6.147470910661166849e-04
7.104280365000000756e+02 6.470965375412662726e-04 6.192688396441446523e-04
7.104283490000000256e+02 6.632473462573061944e-04 6.237128487892175215e-04
7.104286614999999756e+02 6.291676169218469701e-04 6.280825983562307417e-04
7.104289740000000393e+02 6.857689347708860331e-04 6.323813876956660461e-04
7.104292864999999892e+02 6.926077116379036934e-04 6.366123457153180770e-04
7.104295990000000529e+02 6.769415797190742002e-04 6.407784404146793858e-04
7.104299115000000029e+02 7.340777483170353706e-04 6.448824878736180745e-04
7.104302240000000666e+02 6.785214579014616117e-04 6.489271607644879741e-04
7.104305365000000165e+02 6.990572879762899485e-04 6.529149963613364166e-04
7.104308490000000802e+02 7.011719184225262890e-04 6.568484041164880183e-04
7.104311615000000302e+02 6.809002255892935727e-04 6.607296727798544871e-04
7.104314739999999802e+02 6.590335835924370205e-04 6.645609771282237318e-04
7.104317865000000438e+02 7.551449686417681601e-04 6.683443842901439468e-04
7.104320989999999938e+02 7.283024167669528790e-04 6.720818597023119892e-04
7.104324115000000575e+02 6.834279921064930017e-04 6.757752727312130343e-04
7.104327240000000074e+02 7.699315046481785630e-04 6.794264019455655999e-04
7.104330365000000711e+02 7.461143378511979514e-04 6.830369401005200380e-04
7.104333490000000211e+02 7.124613284226829915e-04 6.866084988085939403e-04
7.104336614999999711e+02 7.075786373515089659e-04 6.901426129557211532e-04
7.104339740000000347e+02 7.274993338426292630e-04 6.936407448455961505e-04
7.104342864999999847e+02 6.774214913747101177e-04 6.971042881012204373e-04
7.104345990000000484e+02 7.257727519060072543e-04 7.005345713506325482e-04
7.104349114999999983e+02 6.846570573244877955e-04 7.039328616790147030e-04
7.104352240000000620e+02 7.526689255910358478e-04 7.073003678992076338e-04
7.104355365000000120e+02 7.234852299292730523e-04 7.106382436129402404e-04
7.104358490000000756e+02 6.841758234484372325e-04 7.139475901138795690e-04
7.104361615000000256e+02 6.748565107148030671e-04 7.172294591041330743e-04
7.104364739999999756e+02 7.324013275241298164e-04 7.204848552720816406e-04
7.104367865000000393e+02 7.511339706621916485e-04 7.237147387108430144e-04
7.104370989999999892e+02 7.209918328828313159e-04 7.269200271986245776e-04
7.104374115000000529e+02 7.150461354377888028e-04 7.301015983609138041e-04
7.104377240000000029e+02 7.190793321418181361e-04 7.332602916931913123e-04
7.104380365000000666e+02 7.098539149236580839e-04 7.363969104877053596e-04
7.104383490000000165e+02 6.945039202273094615e-04 7.395122236342110879e-04
7.104386615000000802e+02 6.905424579228852016e-04 7.426069673379657359e-04
7.104389740000000302e+02 7.008284102717476927e-04 7.456818467245625260e-04
7.104392864999999802e+02 6.813023130020504428e-04 7.487375373724851303e-04
7.104395990000000438e+02 7.270560872428475079e-04 7.517746867504686422e-04
7.104399114999999938e+02 6.972058048329483372e-04 7.547939155761167890e-04
7.104402240000000575e+02 7.390750937111214983e-04 7.577958191113581864e-04
7.104405365000000074e+02 6.993761118232285539e-04 7.607809683716407591e-04
7.104408490000000711e+02 7.014257977669698758e-04 7.637499112870247721e-04
7.104411615000000211e+02 7.502477181065803861e-04 7.667031737840943008e-04
7.104414739999999711e+02 7.510087189371759085e-04 7.696412608260029932e-04
7.104417865000000347e+02 6.931302129519751991e-04 7.725646573869520556e-04
7.104420989999999847e+02 7.146322840228641312e-04 7.754738293752238198e-04
7.104424115000000484e+02 7.287459231798761213e-04 7.783692245182627064e-04
7.104427239999999983e+02 7.355256409253247514e-04 7.812512731861049817e-04
7.104430365000000620e+02 7.179874781087242780e-04 7.841203891885825325e-04
7.104433490000000120e+02 7.454845308922412265e-04 7.869769705150575284e-04
7.104436615000000756e+02 7.650796338001244687e-04 7.898214000525545725e-04
7.104439740000000256e+02 7.022706663007415332e-04 7.926540462510601147e-04
7.104442864999999756e+02 7.451178919331885499e-04 7.954752637702623827e-04
7.104445990000000393e+02 6.837640905956820061e-04 7.982853940836992989e-04
7.104449114999999892e+02 7.613051678784443169e-04 8.010847660525651079e-04
7.104452240000000529e+02 7.102542154787891155e-04 8.038736964809874456e-04
7.104455365000000029e+02 7.878352618552805905e-04 8.066524906288701467e-04
7.104458490000000666e+02 7.440204018482631833e-04 8.094214427153575931e-04
7.104461615000000165e+02 6.971055509744872270e-04 8.121808363818486731e-04
