7.122034850000000006e+02 3.403195341877369106e-04 3.200219160351879476e-04
7.122037975000000642e+02 3.144429280848318685e-04 3.209612436878261899e-04
7.122041100000000142e+02 3.556733032040016547e-04 3.218637075437122365e-04
7.122044225000000779e+02 3.420474448835478069e-04 3.227274585697086562e-04
7.122047350000000279e+02 3.611678385685802633e-04 3.235505366152773097e-04
7.122050474999999778e+02 3.164901928200270355e-04 3.243308627805660733e-04
7.122053600000000415e+02 3.244429710504755787e-04 3.250662312091655770e-04
7.122056724999999915e+02 3.461336492104793625e-04 3.257543002652273805e-04
7.122059850000000552e+02 3.126091505807247436e-04 3.263925830504164341e-04
7.122062975000000051e+02 3.302834964736034483e-04 3.269784372044539679e-04
7.122066100000000688e+02 3.415638867233341050e-04 3.275090539440028811e-04
7.122069225000000188e+02 2.972029491985934144e-04 3.279814462765092667e-04
7.122072350000000824e+02 3.171403512469338172e-04 3.283924363368571583e-04
7.122075475000000324e+02 3.394594839232471404e-04 3.287386417789772068e-04
7.122078599999999824e+02 3.493478004541823354e-04 3.290164611636197246e-04
7.122081725000000461e+02 3.017033751820084615e-04 3.292220582719847309e-04
7.122084849999999960e+02 3.160635502701137625e-04 3.293513452798145307e-04
7.122087975000000597e+02 3.220581592598387275e-04 3.293999647241374574e-04
7.122091100000000097e+02 2.706548900147609472e-04 3.293632701941619635e-04
7.122094225000000733e+02 3.582091910348054456e-04 3.292363056829835950e-04
7.122097350000000233e+02 3.223843321866636967e-04 3.290137835395111213e-04
7.122100475000000870e+02 2.845455788379501537e-04 3.286900609674169591e-04
7.122103600000000370e+02 3.254333011331709429e-04 3.282591150308236953e-04
7.122106724999999869e+02 3.002176859863489177e-04 3.277145161378907821e-04
7.122109850000000506e+02 2.983251425354809232e-04 3.270493999992940960e-04
7.122112975000000006e+02 3.323282253003651768e-04 3.262564380844329621e-04
7.122116100000000642e+02 3.190411001235791836e-04 3.253278066321460982e-04
7.122119225000000142e+02 2.694872018128602093e-04 3.242551543314853811e-04
7.122122350000000779e+02 2.778234836651039658e-04 3.230295688343907371e-04
7.122125475000000279e+02 3.216194577480413876e-04 3.216415423616259396e-04
7.122128599999999778e+02 3.099193376865534417e-04 3.200809367410191019e-04
7.122131725000000415e+02 2.752857706672356530e-04 3.183369483655630106e-04
7.122134849999999915e+02 2.947080379391024598e-04 3.163980737037700450e-04
7.122137975000000552e+02 2.991694630855920708e-04 3.142520761857956813e-04
7.122141100000000051e+02 2.838063507554856911e-04 3.118859555562142056e-04
7.122144225000000688e+02 2.940920318349399872e-04 3.092859210427932127e-04
7.122147350000000188e+02 2.877957710640960138e-04 3.064373701017567573e-04
7.122150475000000824e+02 2.356988512880835965e-04 3.033248748891232229e-04
7.122153600000000324e+02 2.705784521701350446e-04 2.999321791990442626e-04
7.122156724999999824e+02 2.508891845142083993e-04 2.962422091866182233e-04
7.122159850000000461e+02 2.429976730716278425e-04 2.922371020103355500e-04
7.122162974999999960e+02 2.682744750836901478e-04 2.878982573875669081e-04
7.122166100000000597e+02 2.389890437854638597e-04 2.832064180875190173e-04
7.122169225000000097e+02 2.157797195622857141e-04 2.781417866349548528e-04
7.122172350000000733e+02 2.399124319162878401e-04 2.726841867552969706e-04
7.122175475000000233e+02 2.267834720916489630e-04 2.668132796794589218e-04
7.122178600000000870e+02 2.138281619875913363e-04 2.605088468997592585e-04
7.122181725000000370e+02 1.829741773954854812e-04 2.537511527177455442e-04
7.122184849999999869e+02 1.900051631420297869e-04 2.465214013560421851e-04
7.122187975000000506e+02 1.960704459047546194e-04 2.388023048601962863e-04
7.122191100000000006e+02 2.107879022792838800e-04 2.305787788140232825e-04
7.122194225000000642e+02 1.749151031020423539e-04 2.218387829580671135e-04
7.122197350000000142e+02 1.994545469239490600e-04 2.125743227557317695e-04
7.122200475000000779e+02 2.019303111236874545e-04 2.027826248380709706e-04
7.122203600000000279e+02 1.721172962631167737e-04 1.924674940176368694e-04
7.122206724999999778e+02 1.832404190022399008e-04 1.816408506285421614e-04
7.122209850000000415e+02 1.652185918325045427e-04 1.703244342627122337e-04
7.122212974999999915e+02 1.535620971508223442e-04 1.585516420240058386e-04
7.122216100000000552e+02 1.350141267008448081e-04 1.463694460448732178e-04
7.122219225000000051e+02 1.265059382537387094e-04 1.338403061860900516e-04
7.122222350000000688e+02 1.428145886244372833e-04 1.210439597735014781e-04
7.122225475000000188e+02 1.198973319216238879e-04 1.080789338390715320e-04
7.122228600000000824e+02 1.300205400602462576e-04 9.506358924194524313e-05
7.122231725000000324e+02 9.255881316146087265e-05 8.213647703054626371e-05
7.122234849999999824e+02 9.641890571874826214e-05 6.945577187251374541e-05
7.122237975000000461e+02 7.252775716376176141e-05 5.719755540260797313e-05
7.122241099999999960e+02 9.146724198136006311e-05 4.555276192580420120e-05
7.122244225000000597e+02 5.565362945259024721e-05 3.472267759895437391e-05
7.122247350000000097e+02 6.776075164886557372e-05 2.491300406554511481e-05
7.122250475000000733e+02 6.156208596892123600e-05 1.632665243267474234e-05
7.122253600000000233e+02 5.301823214956049321e-05 9.155609122318630828e-06
7.122256725000000870e+02 3.757195041761558335e-05 3.572385732156781780e-06
7.122259850000000370e+02 3.718198028896612620e-05 -2.782998082175515076e-07
7.122262974999999869e+02 2.839460158586451077e-05 -2.286896423030316915e-06
7.122266100000000506e+02 2.941280375805524871e-05 -2.384757403658333254e-06
7.122269225000000006e+02 2.187788499761247332e-05 -5.476770205223122072e-07
7.122272350000000642e+02 3.257519487753541990e-05 3.203126090915728028e-06
7.122275475000000142e+02 1.793850206857485898e-05 8.802661509178378831e-06
7.122278600000000779e+02 2.087306654035266668e-05 1.614625705487214341e-05
7.122281725000000279e+02 1.274228867844955402e-05 2.509564202288624304e-05
7.122284849999999778e+02 1.809507778394776566e-05 3.548640784436738751e-05
7.122287975000000415e+02 2.113224936915597066e-05 4.713615368262889631e-05
7.122291099999999915e+02 2.364221649364259137e-05 5.985264352899561746e-05
7.122294225000000552e+02 3.253626970468087885e-05 7.344139885336212561e-05
7.122297350000000051e+02 3.806102805950004986e-05 8.771229848457779636e-05
7.122300475000000688e+02 5.956144874997843490e-05 1.024849247619092642e-04
7.122303600000000188e+02 6.074060159508886726e-05 1.175925540681099503e-04
7.122306725000000824e+02 8.424381503515134797e-05 1.328848228602254843e-04
7.122309850000000324e+02 8.431502369755710866e-05 1.482291963486317911e-04
7.122312974999999824e+02 1.360321812762725993e-04 1.635114259190761313e-04
7.122316100000000461e+02 1.016347980191435063e-04 1.786352062675963597e-04
7.122319224999999960e+02 1.368714561441539677e-04 1.935212426349376875e-04
7.122322350000000597e+02 1.306432611937406838e-04 2.081059201125283378e-04
7.122325475000000097e+02 1.886295761140240534e-04 2.223397383811680846e-04
7.122328600000000733e+02 1.978945377835048208e-04 2.361856432254085946e-04
7.122331725000000233e+02 2.015621550375443726e-04 2.496173539417717168e-04
7.122334850000000870e+02 2.680166938559285406e-04 2.626177573267483335e-04
7.122337975000000370e+02 2.571378256231146358e-04 2.751774143182018559e-04
7.122341099999999869e+02 2.768966023652775035e-04 2.872932062716312745e-04
7.122344225000000506e+02 2.875299148008253871e-04 2.989671328393381342e-04
7.122347350000000006e+02 3.101499281715749869e-04 3.102052629575128900e-04
7.122350475000000642e+02 3.223461825056803207e-04 3.210168332003680521e-04
7.122353600000000142e+02 3.450440049563665602e-04 3.314134830700995668e-04
7.122356725000000779e+02 3.649495400076824421e-04 3.414086144998886040e-04
7.122359850000000279e+02 3.640819247825509246e-04 3.510168615396445316e-04
7.122362974999999778e+02 3.699728506953619059e-04 3.602536563939103030e-04
7.122366100000000415e+02 3.597459918869902050e-04 3.691348783837813128e-04
7.122369224999999915e+02 4.227047711485340639e-04 3.776765735453210663e-04
7.122372350000000552e+02 4.122122847202642549e-04 3.858947337768664325e-04
7.122375475000000051e+02 4.172959421206883022e-04 3.938051256220889587e-04
7.122378600000000688e+02 4.094579147233300197e-04 4.014231602163732988e-04
7.122381725000000188e+02 4.601030904620002047e-04 4.087637969280981409e-04
7.122384850000000824e+02 5.119647997836940852e-04 4.158414745095975946e-04
7.122387975000000324e+02 4.494961174705775029e-04 4.226700643717772672e-04
7.122391099999999824e+02 5.302047463354946479e-04 4.292628416306654127e-04
7.122394225000000461e+02 5.321335290172684229e-04 4.356324701729242274e-04
7.122397349999999960e+02 5.315261528871807186e-04 4.417909987229710336e-04
7.122400475000000597e+02 5.149601331002900831e-04 4.477498654328734753e-04
7.122403600000000097e+02 5.744672083923279713e-04 4.535199088984765477e-04
7.122406725000000733e+02 5.246517438097927314e-04 4.591113840163025379e-04
7.122409850000000233e+02 4.800614492426856375e-04 4.645339812777918168e-04
7.122412975000000870e+02 5.430260629028782742e-04 4.697968484998996542e-04
7.122416100000000370e+02 5.354457757367725142e-04 4.749086140776054028e-04
7.122419224999999869e+02 5.314980522687631423e-04 4.798774111502145958e-04
7.122422350000000506e+02 5.406869173335986968e-04 4.847109021098216976e-04
7.122425475000000006e+02 5.390897456729705018e-04 4.894163030690406799e-04
7.122428600000000642e+02 5.523099706910537549e-04 4.940004079976243736e-04
7.122431725000000142e+02 6.003615597586427514e-04 4.984696122560913940e-04
7.122434850000000779e+02 5.393977034829427423e-04 5.028299354130515890e-04
7.122437975000000279e+02 5.430195259264052358e-04 5.070870431763765691e-04
7.122441099999999778e+02 5.916604642356097354e-04 5.112462684118546227e-04
7.122444225000000415e+02 5.583671002873788133e-04 5.153126311631012505e-04
7.122447349999999915e+02 5.395911497306598009e-04 5.192908576678125811e-04
7.122450475000000552e+02 6.052148676318683381e-04 5.231853983812672238e-04
7.122453600000000051e+02 5.709951028920873511e-04 5.270004449818698356e-04
7.122456725000000688e+02 6.022496949043737490e-04 5.307399464253406739e-04
7.122459850000000188e+02 5.980198344239972185e-04 5.344076240317444451e-04
7.122462975000000824e+02 6.218917175640090384e-04 5.380069856848406591e-04
7.122466100000000324e+02 5.913845740609753251e-04 5.415413391388821090e-04
7.122469224999999824e+02 6.406489363264348527e-04 5.450138045152697324e-04
7.122472350000000461e+02 5.615065416986860436e-04 5.484273259979634187e-04
7.122475474999999960e+02 6.215922034624193513e-04 5.517846827836596227e-04
7.122478600000000597e+02 5.414235114099150365e-04 5.550884993405730359e-04
7.122481725000000097e+02 5.868204328054400830e-04 5.583412549862618816e-04
7.122484850000000733e+02 5.957101391670542373e-04 5.615452928622238294e-04
7.122487975000000233e+02 6.004126316329862949e-04 5.647028283052234979e-04
7.122491100000000870e+02 5.840862866142027942e-04 5.678159566900619661e-04
7.122494225000000370e+02 5.593267207270258756e-04 5.708866607415439935e-04
7.122497349999999869e+02 5.854081224196622333e-04 5.739168173846113290e-04
7.122500475000000506e+02 6.228124304757875433e-04 5.769082041355206615e-04
7.122503600000000006e+02 5.963150825927972243e-04 5.798625050754424061e-04
7.122506725000000642e+02 6.833859914443076236e-04 5.827813164449035816e-04
7.122509850000000142e+02 5.747788791848505371e-04 5.856661518583090083e-04
7.122512975000000779e+02 5.976350240705423323e-04 5.885184471963705432e-04
7.122516100000000279e+02 5.296511731485658127e-04 5.913395651654141131e-04
7.122519224999999778e+02 6.116494755455423142e-04 5.941307995776169042e-04
7.122522350000000415e+02 6.356778890651268226e-04 5.968933793460576374e-04
7.122525474999999915e+02 5.351019944281104525e-04 5.996284722239156231e-04
7.122528600000000552e+02 6.252444916350023002e-04 6.023371883150109270e-04
7.122531725000000051e+02 6.560595368140203880e-04 6.050205833469554347e-04
7.122534850000000688e+02 6.397470288398460648e-04 6.076796617528314268e-04
7.122537975000000188e+02 6.010424894507536723e-04 6.103153795439021125e-04
7.122541100000000824e+02 6.179174675448037080e-04 6.129286470176737020e-04
7.122544225000000324e+02 6.293836932172635007e-04 6.155203312824994140e-04
7.122547349999999824e+02 6.308339304103430852e-04 6.180912586397884888e-04
7.122550475000000461e+02 6.189248949501797992e-04 6.206422168104227220e-04
7.122553599999999960e+02 6.009687320548127206e-04 6.231739570248468266e-04
7.122556725000000597e+02 6.143923133978628458e-04 6.256871959950143685e-04
7.122559850000000097e+02 6.490553782379195535e-04 6.281826177535559073e-04
7.122562975000000733e+02 6.181387242876060836e-04 6.306608753965582031e-04
7.122566100000000233e+02 6.447137374323510693e-04 6.331225927079953825e-04
7.122569225000000870e+02 6.413981175903458272e-04 6.355683657016612115e-04
7.122572350000000370e+02 6.762656897744151073e-04 6.379987640580634268e-04
7.122575474999999869e+02 6.235640773961599647e-04 6.404143324899511103e-04
7.122578600000000506e+02 6.220553472111923533e-04 6.428155920195972222e-04
7.122581725000000006e+02 5.702205784208103524e-04 6.452030411819647485e-04
7.122584850000000642e+02 6.374884247144815396e-04 6.475771571670983296e-04
7.122587975000000142e+02 6.392722206157622862e-04 6.499383968844076867e-04
7.122591100000000779e+02 6.271984612697861826e-04 6.522871979798636069e-04
7.122594225000000279e+02 5.708974351170837541e-04 6.546239797822987067e-04
7.122597349999999778e+02 6.543094934362877601e-04 6.569491442090331576e-04
7.122600475000000415e+02 6.015132560375089288e-04 6.592630766127124779e-04
7.122603599999999915e+02 6.102209937787331012e-04 6.615661465811162106e-04
7.122606725000000552e+02 6.389275940575407523e-04 6.638587087011474895e-04
7.122609850000000051e+02 6.125258206093413781e-04 6.661411032687299160e-04
7.122612975000000688e+02 6.484643317196468314e-04 6.684136569731017599e-04
7.122616100000000188e+02 6.169826873271951279e-04 6.706766835311672552e-04
7.122619225000000824e+02 6.568679604979379104e-04 6.729304843006849194e-04
7.122622350000000324e+02 6.610940093782884932e-04 6.751753488478894581e-04
7.122625474999999824e+02 6.939919172964866293e-04 6.774115554970043486e-04
7.122628600000000461e+02 6.599517354529893997e-04 6.796393718428911162e-04
7.122631724999999960e+02 6.215524912456520546e-04 6.818590552367934836e-04
7.122634850000000597e+02 6.142611678922944201e-04 6.840708532547772188e-04
7.122637975000000097e+02 6.392303801706262795e-04 6.862750041301307787e-04
7.122641100000000733e+02 6.484394942640510232e-04 6.884717371761307552e-04
7.122644225000000233e+02 5.841740479112634112e-04 6.906612731747131763e-04
7.122647350000000870e+02 6.001695043865258247e-04 6.928438247579260783e-04
7.122650475000000370e+02 6.147668446022895713e-04 6.950195967577207749e-04
7.122653599999999869e+02 6.247695763477487769e-04 6.971887865498522206e-04
7.122656725000000506e+02 6.042068107184562706e-04 6.993515843729927782e-04
