7.162787349999999833e+02 3.090427788004328756e-04 3.045123682531868971e-04
7.162790474999999333e+02 3.134141917956007549e-04 3.049633541412058359e-04
7.162793599999999969e+02 3.748029143397773742e-04 3.054021986527573037e-04
7.162796724999999469e+02 3.372156622801952873e-04 3.058284127989034716e-04
7.162799850000000106e+02 2.789053253545978371e-04 3.062414835206881260e-04
7.162802974999999606e+02 3.243399388906081492e-04 3.066408722978795497e-04
7.162806100000000242e+02 3.206619215980340779e-04 3.070260136690090239e-04
7.162809224999999742e+02 3.406903389572571656e-04 3.073963136513139420e-04
7.162812350000000379e+02 2.844786119485314627e-04 3.077511480581325825e-04
7.162815474999999878e+02 2.938717884066221792e-04 3.080898607016259623e-04
7.162818599999999378e+02 3.439143230593643763e-04 3.084117614767823172e-04
7.162821725000000015e+02 3.047684191453656254e-04 3.087161243145014589e-04
7.162824849999999515e+02 2.915899223288041277e-04 3.090021849956419136e-04
7.162827975000000151e+02 3.696720943059084944e-04 3.092691388166844755e-04
7.162831099999999651e+02 2.806264897141158500e-04 3.095161380932624339e-04
7.162834225000000288e+02 2.952416098281114717e-04 3.097422894928097189e-04
7.162837349999999788e+02 2.869032805582803032e-04 3.099466511803594887e-04
7.162840474999999287e+02 2.970311866202518677e-04 3.101282297664535942e-04
7.162843599999999924e+02 3.071120471956820513e-04 3.102859770400717742e-04
7.162846724999999424e+02 2.984245978460548215e-04 3.104187864715917582e-04
7.162849850000000060e+02 2.965600425073648900e-04 3.105254894689263539e-04
7.162852974999999560e+02 3.019568404012425546e-04 3.106048513670769582e-04
7.162856100000000197e+02 2.902481188268148191e-04 3.106555671327269701e-04
7.162859224999999697e+02 3.360064634388366988e-04 3.106762567613930901e-04
7.162862350000000333e+02 3.498965729638444863e-04 3.106654603453021962e-04
7.162865474999999833e+02 3.393463307117094551e-04 3.106216327871126051e-04
7.162868599999999333e+02 3.296016109126097835e-04 3.105431381338218024e-04
7.162871724999999969e+02 2.962313999644350425e-04 3.104282435031653479e-04
7.162874849999999469e+02 2.766493633956114136e-04 3.102751125734985304e-04
7.162877975000000106e+02 3.056861033500922649e-04 3.100817986054276386e-04
7.162881099999999606e+02 2.775930166854428190e-04 3.098462369637991834e-04
7.162884225000000242e+02 2.685571661336012307e-04 3.095662371039447107e-04
7.162887349999999742e+02 2.989176786578399926e-04 3.092394739886220587e-04
7.162890475000000379e+02 3.407175315601843621e-04 3.088634788957113223e-04
7.162893599999999878e+02 2.737035423404460765e-04 3.084356295816770722e-04
7.162896724999999378e+02 3.360637065527053379e-04 3.079531397581510943e-04
7.162899850000000015e+02 3.086053922498466890e-04 3.074130478454874791e-04
7.162902974999999515e+02 2.983667477068791549e-04 3.068122049635768210e-04
7.162906100000000151e+02 3.121013214295627748e-04 3.061472621198777725e-04
7.162909224999999651e+02 2.448750977361285734e-04 3.054146565647662594e-04
7.162912350000000288e+02 3.140343745164726123e-04 3.046105972759321351e-04
7.162915474999999788e+02 3.108675705114650458e-04 3.037310495538234024e-04
7.162918599999999287e+02 3.061395326207307001e-04 3.027717187020718330e-04
7.162921724999999924e+02 2.657752692603327217e-04 3.017280327926722999e-04
7.162924849999999424e+02 2.403447559659758819e-04 3.005951245210116297e-04
7.162927975000000060e+02 3.092662978634317717e-04 2.993678121723700289e-04
7.162931099999999560e+02 3.038551591720108145e-04 2.980405797604970017e-04
7.162934225000000197e+02 2.344064663944991304e-04 2.966075564071003539e-04
7.162937349999999697e+02 3.228752955981060253e-04 2.950624950979805318e-04
7.162940475000000333e+02 3.043987665215134122e-04 2.933987509715967014e-04
7.162943599999999833e+02 3.370006462700114161e-04 2.916092593905490987e-04
7.162946724999999333e+02 3.001268190468481993e-04 2.896865140900810971e-04
7.162949849999999969e+02 2.563060192606370124e-04 2.876225458255364260e-04
7.162952974999999469e+02 2.934016863215774696e-04 2.854089020398542314e-04
7.162956100000000106e+02 2.812268799494979047e-04 2.830366282133154796e-04
7.162959224999999606e+02 2.630757112203928934e-04 2.804962517629970391e-04
7.162962350000000242e+02 2.774937234764671243e-04 2.777777695288588143e-04
7.162965474999999742e+02 3.054161993233295205e-04 2.748706401949857579e-04
7.162968600000000379e+02 2.590732604963000047e-04 2.717637832473122840e-04
7.162971724999999878e+02 2.330328457806883657e-04 2.684455865001348306e-04
7.162974849999999378e+02 2.285391171665221595e-04 2.649039245963807215e-04
7.162977975000000015e+02 2.558537943639210008e-04 2.611261914585678921e-04
7.162981099999999515e+02 2.316407981958247553e-04 2.570993502257565982e-04
7.162984225000000151e+02 2.425718343933319805e-04 2.528100048868976496e-04
7.162987349999999651e+02 2.467282532087184104e-04 2.482444986422189365e-04
7.162990475000000288e+02 2.325400546046345275e-04 2.433890447945994502e-04
7.162993599999999788e+02 2.201953800084860652e-04 2.382298969886002707e-04
7.162996724999999287e+02 1.859257828099667570e-04 2.327535664722950824e-04
7.162999849999999924e+02 2.918924226292782839e-04 2.269470950999236711e-04
7.163002974999999424e+02 2.185961679564324997e-04 2.207983936009935092e-04
7.163006100000000060e+02 2.172185045178591642e-04 2.142966553016431314e-04
7.163009224999999560e+02 2.061636722576420076e-04 2.074328558812288609e-04
7.163012350000000197e+02 2.040086891714989103e-04 2.002003493776341242e-04
7.163015474999999697e+02 1.760142976614856281e-04 1.925955697165964038e-04
7.163018600000000333e+02 1.530829905640689981e-04 1.846188446145434524e-04
7.163021724999999833e+02 1.663698148779387052e-04 1.762753249964922717e-04
7.163024849999999333e+02 1.382817698501461693e-04 1.675760269572126491e-04
7.163027974999999969e+02 1.413596423838070363e-04 1.585389749464267918e-04
7.163031099999999469e+02 1.486586516270756479e-04 1.491904232614623370e-04
7.163034225000000106e+02 1.357977230219570850e-04 1.395661181348599792e-04
7.163037349999999606e+02 1.222352403921877345e-04 1.297125447733296177e-04
7.163040475000000242e+02 1.288977159099355234e-04 1.196880827175810180e-04
7.163043599999999742e+02 7.795545015969396674e-05 1.095639708147123193e-04
7.163046725000000379e+02 1.234832917341583661e-04 9.942496127424396333e-05
7.163049849999999878e+02 1.000247090219802366e-04 8.936952491122806771e-05
7.163052974999999378e+02 8.743797066710272219e-05 7.950946022691294938e-05
7.163056100000000015e+02 9.384695323511465799e-05 6.996876348763963799e-05
7.163059224999999515e+02 8.630848487876923044e-05 6.088163989625005755e-05
7.163062350000000151e+02 6.215373929955146800e-05 5.238958195368021478e-05
7.163065474999999651e+02 8.505012667449633919e-05 4.463751177201780959e-05
7.163068600000000288e+02 4.037734037838801499e-05 3.776907648353940850e-05
7.163071724999999788e+02 4.629936552281482722e-05 3.192129279965605696e-05
7.163074849999999287e+02 4.425956721003164007e-05 2.721884399375110731e-05
7.163077974999999924e+02 4.426754343727016795e-05 2.376842311151911835e-05
7.163081099999999424e+02 2.623363602962187465e-05 2.165357046523578051e-05
7.163084225000000060e+02 1.747740257526405434e-05 2.093045592718054557e-05
7.163087349999999560e+02 1.637731313073833138e-05 2.162499882743066515e-05
7.163090475000000197e+02 2.648775195221771551e-05 2.373160316705600506e-05
7.163093599999999697e+02 3.875010859597993935e-05 2.721362824329545173e-05
7.163096725000000333e+02 4.275004878284607829e-05 3.200553866664372968e-05
7.163099849999999833e+02 2.241422790641176628e-05 3.801651139206388489e-05
7.163102974999999333e+02 2.957284867007255234e-05 4.513514679247590078e-05
7.163106099999999969e+02 5.901259749564829158e-05 5.323485348531932352e-05
7.163109224999999469e+02 4.642095405461085930e-05 6.217945916260324561e-05
7.163112350000000106e+02 4.434529987511616304e-05 7.182863682515092563e-05
7.163115474999999606e+02 5.777409588960581862e-05 8.204281364940415732e-05
7.163118600000000242e+02 9.342683681058239870e-05 9.268733055257751311e-05
7.163121724999999742e+02 8.965098943884052202e-05 1.036357256738819533e-04
7.163124850000000379e+02 1.032346005478953295e-04 1.147721107459894374e-04
7.163127974999999878e+02 1.027926567825700627e-04 1.259926854256472931e-04
7.163131099999999378e+02 1.094363693210752823e-04 1.372064880263173972e-04
7.163134225000000015e+02 1.384046010415557030e-04 1.483355111811059980e-04
7.163137349999999515e+02 1.399183121106773342e-04 1.593143219076916374e-04
7.163140475000000151e+02 1.564170433245445034e-04 1.700893216022817561e-04
7.163143599999999651e+02 1.786066540182582962e-04 1.806177676527066691e-04
7.163146725000000288e+02 1.293302775300759436e-04 1.908666595798124647e-04
7.163149849999999788e+02 1.813971759205727850e-04 2.008115715473212022e-04
7.163152974999999287e+02 2.172511205938205037e-04 2.104354931334181879e-04
7.163156099999999924e+02 2.284476866959396979e-04 2.197277219797876598e-04
7.163159224999999424e+02 2.486601894505134852e-04 2.286828368704755231e-04
7.163162350000000060e+02 2.478064396232615603e-04 2.372997676440053881e-04
7.163165474999999560e+02 2.542939597212144458e-04 2.455809689912430557e-04
7.163168600000000197e+02 2.436715388012533883e-04 2.535316986879167494e-04
7.163171724999999697e+02 2.780077765003564016e-04 2.611593960419727198e-04
7.163174850000000333e+02 2.623218819101468370e-04 2.684731536440503660e-04
7.163177974999999833e+02 2.720510234473175345e-04 2.754832737073050625e-04
7.163181099999999333e+02 2.814453064841299719e-04 2.822008997785517711e-04
7.163184224999999969e+02 3.335522223165104504e-04 2.886377144115309721e-04
7.163187349999999469e+02 3.067951659669189250e-04 2.948056938807788242e-04
7.163190475000000106e+02 3.479084263904697700e-04 3.007169116551658807e-04
7.163193599999999606e+02 3.222258427621015183e-04 3.063833830592517147e-04
7.163196725000000242e+02 3.009094993455429710e-04 3.118169445157207057e-04
7.163199849999999742e+02 3.216586101175370610e-04 3.170291614578979174e-04
7.163202975000000379e+02 3.446782081283016031e-04 3.220312599290486833e-04
7.163206099999999878e+02 3.506421551537237122e-04 3.268340774860136128e-04
7.163209224999999378e+02 3.978739152375971666e-04 3.314480298047877359e-04
7.163212350000000015e+02 4.163165408575610115e-04 3.358830898613868686e-04
7.163215474999999515e+02 3.601065324285937920e-04 3.401487771355582402e-04
7.163218600000000151e+02 3.913524550291028062e-04 3.442541547171020324e-04
7.163221724999999651e+02 3.583326491475513024e-04 3.482078325149172556e-04
7.163224850000000288e+02 3.827962275535147399e-04 3.520179751731622063e-04
7.163227974999999788e+02 3.712657314719831534e-04 3.556923134700472377e-04
7.163231099999999287e+02 3.575113783014106776e-04 3.592381582909267039e-04
7.163234224999999924e+02 3.496784800259082051e-04 3.626624163729551893e-04
7.163237349999999424e+02 3.878026300918962187e-04 3.659716072232584746e-04
7.163240475000000060e+02 3.803734274252608058e-04 3.691718807358777897e-04
7.163243599999999560e+02 4.074711128551451126e-04 3.722690350953469806e-04
7.163246725000000197e+02 3.564713140393216428e-04 3.752685347076492508e-04
7.163249849999999697e+02 4.061330220288907923e-04 3.781755278941505019e-04
7.163252975000000333e+02 3.508112717259639674e-04 3.809948642137361147e-04
7.163256099999999833e+02 3.649419464684244959e-04 3.837311112526176353e-04
7.163259224999999333e+02 3.957738370831296801e-04 3.863885708255110872e-04
7.163262349999999969e+02 4.222517889900713082e-04 3.889712945017164162e-04
7.163265474999999469e+02 4.202341527258274972e-04 3.914830984297202449e-04
7.163268600000000106e+02 3.810757220138220815e-04 3.939275774496388575e-04
7.163271724999999606e+02 3.546866085976051446e-04 3.963081184650742313e-04
7.163274850000000242e+02 4.019001104410099183e-04 3.986279131079871474e-04
7.163277974999999742e+02 4.438402079004432049e-04 4.008899696815350225e-04
7.163281100000000379e+02 3.674939755047447855e-04 4.030971244280533573e-04
7.163284224999999878e+02 4.020659639721564454e-04 4.052520521188842837e-04
7.163287349999999378e+02 4.104963493247125970e-04 4.073572760183549377e-04
7.163290475000000015e+02 4.155474049071725129e-04 4.094151772300797833e-04
7.163293599999999515e+02 4.541080018758215974e-04 4.114280034637325884e-04
7.163296725000000151e+02 4.311370470433695278e-04 4.133978772593934099e-04
7.163299849999999651e+02 3.936521362450502671e-04 4.153268036810274771e-04
7.163302975000000288e+02 4.578823800408120303e-04 4.172166775312710889e-04
7.163306099999999788e+02 3.765131440851013584e-04 4.190692900933388858e-04
7.163309224999999287e+02 4.100799179447767650e-04 4.208863354496896001e-04
7.163312349999999924e+02 3.855795977337487168e-04 4.226694163867394070e-04
7.163315474999999424e+02 5.242855940173277163e-04 4.244200499183612254e-04
7.163318600000000060e+02 4.634058046820686036e-04 4.261396724586350208e-04
7.163321724999999560e+02 3.975937358602656927e-04 4.278296446508741448e-04
7.163324850000000197e+02 4.703806440165406774e-04 4.294912558944068994e-04
7.163327974999999697e+02 4.659767392344020976e-04 4.311257285695989957e-04
7.163331100000000333e+02 4.072505640121494358e-04 4.327342220000989078e-04
7.163334224999999833e+02 4.137145290657438280e-04 4.343178361510654692e-04
7.163337349999999333e+02 4.534968035162460624e-04 4.358776150988310149e-04
7.163340474999999969e+02 4.525658536011402258e-04 4.374145502730985278e-04
7.163343599999999469e+02 5.392964392914744885e-04 4.389295834926007652e-04
7.163346725000000106e+02 4.196252904372422036e-04 4.404236098134748441e-04
7.163349849999999606e+02 4.620784199366039261e-04 4.418974801894679015e-04
7.163352975000000242e+02 4.237218861595522636e-04 4.433520039731171842e-04
7.163356099999999742e+02 4.303308112934788846e-04 4.447879512517645146e-04
7.163359225000000379e+02 4.652119865659055638e-04 4.462060550460623162e-04
7.163362349999999878e+02 3.887868882337308304e-04 4.476070133637999608e-04
7.163365474999999378e+02 4.170508273057104559e-04 4.489914911343749612e-04
7.163368600000000015e+02 4.264140660214334514e-04 4.503601220193634899e-04
7.163371724999999515e+02 3.886349350466779501e-04 4.517135101123881651e-04
7.163374850000000151e+02 3.673902195381256253e-04 4.530522315404460080e-04
7.163377974999999651e+02 4.485174059971545717e-04 4.543768359611778727e-04
7.163381100000000288e+02 4.702415702273855325e-04 4.556878479776800203e-04
7.163384224999999788e+02 4.048630344045446323e-04 4.569857684611812747e-04
7.163387349999999287e+02 4.531480977798181022e-04 4.582710758020512717e-04
7.163390474999999924e+02 4.597177022485344458e-04 4.595442270822520806e-04
7.163393599999999424e+02 4.563581707198992874e-04 4.608056591788881810e-04
7.163396725000000060e+02 4.726623837092762620e-04 4.620557898078146426e-04
7.163399849999999560e+02 4.738539549608862924e-04 4.632950184999326667e-04
7.163402975000000197e+02 4.847255137651292674e-04 4.645237275282422377e-04
7.163406099999999697e+02 4.289304838615146586e-04 4.657422827746810585e-04
7.163409225000000333e+02 3.977949130397455684e-04 4.669510345545241272e-04
