7.072704184999998915e+02 4.396264152658952741e-04 3.932757590941778742e-04
7.072707309999999552e+02 4.189458220290286083e-04 3.931743804776036740e-04
7.072710434999999052e+02 4.489013914843222042e-04 3.929915606158919036e-04
7.072713559999999688e+02 4.312131769304796596e-04 3.927237162761532856e-04
7.072716684999999188e+02 4.185440534183670295e-04 3.923670891573926970e-04
7.072719809999999825e+02 3.697585117898764622e-04 3.919177375278440627e-04
7.072722934999999325e+02 3.438054753100665663e-04 3.913715276142256966e-04
7.072726059999999961e+02 4.187210875562966768e-04 3.907241247639190395e-04
7.072729184999999461e+02 3.839358367369405476e-04 3.899709844185896218e-04
7.072732309999998961e+02 3.883498655797684154e-04 3.891073429359951123e-04
7.072735434999999597e+02 3.843735364631397267e-04 3.881282083193309776e-04
7.072738559999999097e+02 4.043743184605702937e-04 3.870283509202065032e-04
7.072741684999999734e+02 3.552084299849159231e-04 3.858022941937850865e-04
7.072744809999999234e+02 3.584155753147392652e-04 3.844443056172231052e-04
7.072747934999999870e+02 3.789213636512512012e-04 3.829483878817037867e-04
7.072751059999999370e+02 3.757810985245813419e-04 3.813082705202638120e-04
7.072754185000000007e+02 3.449278677312807902e-04 3.795174021323994337e-04
7.072757309999999507e+02 3.747931594004995826e-04 3.775689434333537927e-04
7.072760434999999006e+02 3.571817926179331280e-04 3.754557613588899580e-04
7.072763559999999643e+02 3.592057282994038313e-04 3.731704245346098114e-04
7.072766684999999143e+02 3.402910765843005858e-04 3.707052004496307258e-04
7.072769809999999779e+02 3.310978558987357065e-04 3.680520547280159076e-04
7.072772934999999279e+02 3.250935206813553306e-04 3.652026529895123063e-04
7.072776059999999916e+02 3.595866200732456886e-04 3.621483658163494510e-04
7.072779184999999416e+02 3.065309003052166161e-04 3.588802774866716675e-04
7.072782309999998915e+02 3.002249816564147699e-04 3.553891991672349050e-04
7.072785434999999552e+02 2.996787102706080616e-04 3.516656874221150281e-04
7.072788559999999052e+02 3.498937149760059638e-04 3.477000689754135916e-04
7.072791684999999688e+02 3.438426415293087532e-04 3.434824727873375888e-04
7.072794809999999188e+02 3.069088247719070715e-04 3.390028706925890772e-04
7.072797934999999825e+02 2.805145557912684141e-04 3.342511279176918829e-04
7.072801059999999325e+02 3.068348958379555984e-04 3.292170650441757500e-04
7.072804184999999961e+02 2.867997690264576026e-04 3.238905330439244474e-04
7.072807309999999461e+02 3.262540271986828647e-04 3.182615032820158016e-04
7.072810434999998961e+02 2.799652705770394731e-04 3.123201744262788047e-04
7.072813559999999597e+02 2.622281595046007004e-04 3.060570984478393859e-04
7.072816684999999097e+02 2.809195673642382444e-04 2.994633279510449850e-04
7.072819809999999734e+02 2.737401031002271046e-04 2.925305871405015751e-04
7.072822934999999234e+02 2.385657139443628206e-04 2.852514688394297733e-04
7.072826059999999870e+02 2.562488208946277083e-04 2.776196597827645008e-04
7.072829184999999370e+02 2.324929913987291660e-04 2.696301964018187232e-04
7.072832310000000007e+02 2.338779291683196345e-04 2.612797528526358132e-04
7.072835434999999507e+02 2.216757379134769125e-04 2.525669627414194301e-04
7.072838559999999006e+02 2.101817279712901135e-04 2.434927751354424783e-04
7.072841684999999643e+02 2.278042782359573481e-04 2.340608446668792383e-04
7.072844809999999143e+02 2.199910510431545138e-04 2.242779541891975657e-04
7.072847934999999779e+02 2.121753395621458105e-04 2.141544668427629707e-04
7.072851059999999279e+02 2.330961808342447332e-04 2.037048025381453411e-04
7.072854184999999916e+02 2.160888624031717382e-04 1.929479312894481541e-04
7.072857309999999416e+02 1.785611194643430542e-04 1.819078732761396659e-04
7.072860434999998915e+02 1.811169812734224273e-04 1.706141921202501861e-04
7.072863559999999552e+02 1.337592635266051104e-04 1.591024646211737243e-04
7.072866684999999052e+02 1.398623426936084185e-04 1.474147064260420748e-04
7.072869809999999688e+02 1.321534614151482026e-04 1.355997294943071384e-04
7.072872934999999188e+02 1.192467089442493918e-04 1.237134040394563105e-04
7.072876059999999825e+02 1.158730664354895221e-04 1.118187946972130166e-04
7.072879184999999325e+02 1.025666244506788895e-04 9.998613928478860581e-05
7.072882309999999961e+02 9.374174883814949811e-05 8.829263809490491845e-05
7.072885434999999461e+02 9.630813994106646615e-05 7.682202378742061864e-05
7.072888559999998961e+02 9.395295986395537909e-05 6.566388595313421756e-05
7.072891684999999597e+02 7.494207121749529529e-05 5.491273173576869667e-05
7.072894809999999097e+02 6.667815365390969222e-05 4.466677377625276351e-05
7.072897934999999734e+02 6.650239950066649710e-05 3.502644965414808984e-05
7.072901059999999234e+02 6.055765450465318918e-05 2.609269248404912062e-05
7.072904184999999870e+02 5.540000186215151049e-05 1.796498912252186047e-05
7.072907309999999370e+02 4.677233032331125096e-05 1.073928015458516216e-05
7.072910435000000007e+02 3.352844813411816045e-05 4.505772093636819283e-06
7.072913559999999507e+02 3.103955781091567495e-05 -6.532537876057572294e-07
7.072916684999999006e+02 2.165492261756295521e-05 -4.665542348943760233e-06
7.072919809999999643e+02 1.461353238901992603e-05 -7.470777853906064082e-06
7.072922934999999143e+02 9.548746774071268718e-06 -9.022215685913993261e-06
7.072926059999999779e+02 1.518469017704970465e-05 -9.287949074414861888e-06
7.072929184999999279e+02 7.702161282696096416e-06 -8.251744702962715488e-06
7.072932309999999916e+02 3.595333529717514077e-06 -5.913403997290511964e-06
7.072935434999999416e+02 7.569903481808101159e-06 -2.288633427486951423e-06
7.072938559999998915e+02 9.160199930575391538e-06 2.591564995360942405e-06
7.072941684999999552e+02 1.292610316646317503e-05 8.681945187938652645e-06
7.072944809999999052e+02 2.023569221155930759e-05 1.592444951747258372e-05
7.072947934999999688e+02 2.225794944452060356e-05 2.424994384259280799e-05
7.072951059999999188e+02 2.191143540233515851e-05 3.358016538151079353e-05
7.072954184999999825e+02 3.355799014625462999e-05 4.382978980689405653e-05
7.072957309999999325e+02 3.022763209115910467e-05 5.490852638390226971e-05
7.072960434999999961e+02 4.200659822469196217e-05 6.672315844168736005e-05
7.072963559999999461e+02 4.700895012102682536e-05 7.917945878435347971e-05
7.072966684999998961e+02 6.735201509718962689e-05 9.218392510193050679e-05
7.072969809999999597e+02 6.918079681241547216e-05 1.056452965128006636e-04
7.072972934999999097e+02 6.900750398836042951e-05 1.194758284894295439e-04
7.072976059999999734e+02 8.743605450237622572e-05 1.335923179938764338e-04
7.072979184999999234e+02 1.157344727056781083e-04 1.479168828532745881e-04
7.072982309999999870e+02 1.433809638241088479e-04 1.623775094833551701e-04
7.072985434999999370e+02 1.295030160542374716e-04 1.769083898555309764e-04
7.072988560000000007e+02 1.390547116345599557e-04 1.914500734825508462e-04
7.072991684999999507e+02 1.700222581929733824e-04 2.059494621549348486e-04
7.072994809999999006e+02 2.063111860945225336e-04 2.203596759156543612e-04
7.072997934999999643e+02 1.917934836608737193e-04 2.346398174485024438e-04
7.073001059999999143e+02 2.094381346576349194e-04 2.487546601990431772e-04
7.073004184999999779e+02 2.691486590143529951e-04 2.626742828487268751e-04
7.073007309999999279e+02 2.572406973732728952e-04 2.763736695467481274e-04
7.073010434999999916e+02 2.587808388054533854e-04 2.898322924630823564e-04
7.073013559999999416e+02 2.645621676200358855e-04 3.030336898672145391e-04
7.073016684999998915e+02 3.106544038881233014e-04 3.159650504308403589e-04
7.073019809999999552e+02 3.319156630295838281e-04 3.286168116438987910e-04
7.073022934999999052e+02 3.196752800183387620e-04 3.409822782083959188e-04
7.073026059999999688e+02 3.332586339366046127e-04 3.530572644053243405e-04
7.073029184999999188e+02 3.640765741301594995e-04 3.648397627389709358e-04
7.073032309999999825e+02 3.964273718747902161e-04 3.763296401831877193e-04
7.073035434999999325e+02 4.135470967883178692e-04 3.875283621120879213e-04
7.073038559999999961e+02 3.949847187098594467e-04 3.984387435464972500e-04
7.073041684999999461e+02 4.091328586441804276e-04 4.090647265452220958e-04
7.073044809999998961e+02 4.451959757527921592e-04 4.194111824624895753e-04
7.073047934999999597e+02 4.298926458451087537e-04 4.294837373288660750e-04
7.073051059999999097e+02 4.468412568272130472e-04 4.392886186241069368e-04
7.073054184999999734e+02 4.527123619157980288e-04 4.488325216504971326e-04
7.073057309999999234e+02 4.327640268039301477e-04 4.581224935997877681e-04
7.073060434999999870e+02 5.060155054469858736e-04 4.671658336594203763e-04
7.073063559999999370e+02 4.820550239531864989e-04 4.759700073651510085e-04
7.073066685000000007e+02 5.092232638358245526e-04 4.845425737293492094e-04
7.073069809999999507e+02 5.131442278460287111e-04 4.928911235751068202e-04
7.073072934999999006e+02 5.000742805044348753e-04 5.010232278310876178e-04
7.073076059999999643e+02 5.793638817440220374e-04 5.089463944834741278e-04
7.073079184999999143e+02 5.719706689818138340e-04 5.166680331118066660e-04
7.073082309999999779e+02 5.583334807012500138e-04 5.241954260420462379e-04
7.073085434999999279e+02 5.484119835825657140e-04 5.315357051588553245e-04
7.073088559999999916e+02 5.310248306794924803e-04 5.386958336755977989e-04
7.073091684999999416e+02 5.793318040227185073e-04 5.456825920769364400e-04
7.073094809999998915e+02 5.950925365502023534e-04 5.525025677026449474e-04
7.073097934999999552e+02 6.473813074713290379e-04 5.591621473670351167e-04
7.073101059999999052e+02 5.728704934635080745e-04 5.656675125698222562e-04
7.073104184999999688e+02 6.076826004774737479e-04 5.720246369098547961e-04
7.073107309999999188e+02 6.585095677638807708e-04 5.782392852846834951e-04
7.073110434999999825e+02 6.404242885462196931e-04 5.843170146394702962e-04
7.073113559999999325e+02 6.099970694237726466e-04 5.902631759236454936e-04
7.073116684999999961e+02 6.023620186725642039e-04 5.960829170972993096e-04
7.073119809999999461e+02 6.189223796748905340e-04 6.017811869186816135e-04
7.073122934999998961e+02 6.770898055564520237e-04 6.073627394107735658e-04
7.073126059999999597e+02 6.303731463248361897e-04 6.128321388087863003e-04
7.073129184999999097e+02 6.878168685555004734e-04 6.181937648881040892e-04
7.073132309999999734e+02 6.952016661740594928e-04 6.234518185876127515e-04
7.073135434999999234e+02 7.132713143756055398e-04 6.286103277917804138e-04
7.073138559999999870e+02 6.928006795372163538e-04 6.336731532583893397e-04
7.073141684999999370e+02 6.924920917609493805e-04 6.386439945693801312e-04
7.073144810000000007e+02 6.893746026339454347e-04 6.435263961140964438e-04
7.073147934999999507e+02 6.435131278679292067e-04 6.483237530041630579e-04
7.073151059999999006e+02 6.509271562813071605e-04 6.530393169421266301e-04
7.073154184999999643e+02 7.229680918169883053e-04 6.576762019714180478e-04
7.073157309999999143e+02 7.951595074811216137e-04 6.622373901043074546e-04
7.073160434999999779e+02 5.789547788834559011e-04 6.667257368269194221e-04
7.073163559999999279e+02 7.323387582649980125e-04 6.711439764266147147e-04
7.073166684999999916e+02 7.077243666492066170e-04 6.754947271835272686e-04
7.073169809999999416e+02 7.340137377612067750e-04 6.797804963672769794e-04
7.073172934999998915e+02 7.567370057204567168e-04 6.840036850845090640e-04
7.073176059999999552e+02 7.102721937746695607e-04 6.881665929349877137e-04
7.073179184999999052e+02 7.309452490026126801e-04 6.922714224920402133e-04
7.073182309999999688e+02 6.872448765221439784e-04 6.963202836226937455e-04
7.073185434999999188e+02 7.928036716408272833e-04 7.003151976118966466e-04
7.073188559999999825e+02 7.141418288531496943e-04 7.042581011398458797e-04
7.073191684999999325e+02 6.808243561076224607e-04 7.081508500687669523e-04
7.073194809999999961e+02 7.511805766123467922e-04 7.119952230897401381e-04
7.073197934999999461e+02 7.850751650173904729e-04 7.157929251881511683e-04
7.073201059999998961e+02 7.879778584087307426e-04 7.195455909765593929e-04
7.073204184999999597e+02 8.070305517579381971e-04 7.232547878647653961e-04
7.073207309999999097e+02 7.223148201382741844e-04 7.269220190866626605e-04
7.073210434999999734e+02 7.367805765825586380e-04 7.305487266022459535e-04
7.073213559999999234e+02 7.236041117735611972e-04 7.341362938466133078e-04
7.073216684999999870e+02 8.127175531027119783e-04 7.376860483725748100e-04
7.073219809999999370e+02 6.937544435267748626e-04 7.411992643498740247e-04
7.073222935000000007e+02 7.870443761339911224e-04 7.446771649679632390e-04
7.073226059999999507e+02 7.205585154992138943e-04 7.481209247060542546e-04
7.073229184999999006e+02 7.249126062037922159e-04 7.515316715150556362e-04
7.073232309999999643e+02 7.844609255435751110e-04 7.549104888843467635e-04
7.073235434999999143e+02 7.420756609607724683e-04 7.582584178109930953e-04
7.073238559999999779e+02 7.168837472743945722e-04 7.615764586879014914e-04
7.073241684999999279e+02 7.573165193173182720e-04 7.648655730847249553e-04
7.073244809999999916e+02 7.782904067078959352e-04 7.681266854634182829e-04
7.073247934999999416e+02 7.122910552974716673e-04 7.713606847938330900e-04
7.073251059999998915e+02 7.511215471257351190e-04 7.745684261103364700e-04
7.073254184999999552e+02 7.907412115481153667e-04 7.777507319833153361e-04
7.073257309999999052e+02 8.124343943108036344e-04 7.809083939212030281e-04
7.073260434999999688e+02 7.277575792881646292e-04 7.840421737177481797e-04
7.073263559999999188e+02 7.819507882394202474e-04 7.871528047189676244e-04
7.073266684999999825e+02 7.160790959354615057e-04 7.902409930484509751e-04
7.073269809999999325e+02 7.980764127321226696e-04 7.933074187574620144e-04
7.073272934999999961e+02 7.776705184591259454e-04 7.963527369388570054e-04
7.073276059999999461e+02 7.800920004832307764e-04 7.993775787715229906e-04
7.073279184999998961e+02 7.580988932045771601e-04 8.023825525324938552e-04
7.073282309999999597e+02 7.724096119886125072e-04 8.053682445513169049e-04
7.073285434999999097e+02 7.839756106087956370e-04 8.083352201202367946e-04
7.073288559999999734e+02 7.785602403635140042e-04 8.112840243730503513e-04
7.073291684999999234e+02 7.348432388495104804e-04 8.142151831076777525e-04
7.073294809999999870e+02 7.105260487475258254e-04 8.171292035878577158e-04
7.073297934999999370e+02 7.841414263676268863e-04 8.200265752915069902e-04
7.073301060000000007e+02 8.508223216262386559e-04 8.229077706416448998e-04
7.073304184999999507e+02 7.787353612167133505e-04 8.257732456876472251e-04
7.073307309999999006e+02 7.559805450915108374e-04 8.286234407711272907e-04
7.073310434999999643e+02 8.221472148625581528e-04 8.314587811516600466e-04
7.073313559999999143e+02 7.197371567591229593e-04 8.342796776044160987e-04
7.073316684999999779e+02 8.370293842096727423e-04 8.370865270012485364e-04
7.073319809999999279e+02 7.182894342640957054e-04 8.398797128508416962e-04
7.073322934999999916e+02 7.828732472857920059e-04 8.426596058309548986e-04
7.073326059999999416e+02 8.094269059045217790e-04 8.454265642812492558e-04
