7.082711100000000215e+02 3.895536043310343817e-04 3.720767182142630121e-04
7.082714224999999715e+02 3.701298476873625442e-04 3.728213166868096567e-04
7.082717350000000351e+02 3.993959112887760280e-04 3.735196668613817612e-04
7.082720474999999851e+02 4.125496465453438034e-04 3.741698853932098000e-04
7.082723600000000488e+02 4.200535860410824001e-04 3.747699999595256130e-04
7.082726724999999988e+02 3.945514213676245868e-04 3.753179446925056033e-04
7.082729850000000624e+02 3.610890101910868913e-04 3.758115553862202327e-04
7.082732975000000124e+02 4.161676093793624564e-04 3.762485644624260529e-04
7.082736100000000761e+02 4.033506509505084677e-04 3.766265956937858250e-04
7.082739225000000260e+02 3.556990172904394903e-04 3.769431586716246395e-04
7.082742349999999760e+02 3.551530971149186250e-04 3.771956430168591965e-04
7.082745475000000397e+02 3.900336895767738538e-04 3.773813123250060650e-04
7.082748599999999897e+02 4.114495163859943866e-04 3.774972978433201241e-04
7.082751725000000533e+02 4.389649446512138269e-04 3.775405918779822204e-04
7.082754850000000033e+02 4.074391848799472347e-04 3.775080409300708337e-04
7.082757975000000670e+02 4.268722211014239687e-04 3.773963385641534410e-04
7.082761100000000170e+02 3.531175569626060409e-04 3.772020180148944650e-04
7.082764224999999669e+02 4.400341068249266803e-04 3.769214445411880996e-04
7.082767350000000306e+02 3.539273873259651663e-04 3.765508075428390948e-04
7.082770474999999806e+02 3.868078250907664058e-04 3.760861124603437486e-04
7.082773600000000442e+02 3.705768133029546706e-04 3.755231724825543920e-04
7.082776724999999942e+02 3.948065027818736849e-04 3.748576001011282195e-04
7.082779850000000579e+02 3.445746899456822898e-04 3.740847985507809526e-04
7.082782975000000079e+02 3.340840332384863534e-04 3.731999531975245489e-04
7.082786100000000715e+02 3.923518776673164663e-04 3.721980229358135299e-04
7.082789225000000215e+02 3.643081769063246408e-04 3.710737316877371216e-04
7.082792349999999715e+02 3.495940883243150933e-04 3.698215600964477323e-04
7.082795475000000351e+02 3.792690725409286171e-04 3.684357375451713856e-04
7.082798599999999851e+02 2.963115115378865965e-04 3.669102346465921097e-04
7.082801725000000488e+02 3.370209154173774212e-04 3.652387563718207959e-04
7.082804849999999988e+02 3.041121685945437532e-04 3.634147360403477576e-04
7.082807975000000624e+02 3.529185908671403967e-04 3.614313303988499378e-04
7.082811100000000124e+02 2.998700142391899463e-04 3.592814160965767680e-04
7.082814225000000761e+02 3.078236721730659431e-04 3.569575878732472382e-04
7.082817350000000260e+02 3.227847331968695965e-04 3.544521588756917915e-04
7.082820474999999760e+02 3.259511376818708924e-04 3.517571635355513796e-04
7.082823600000000397e+02 3.175967579990820805e-04 3.488643635559171411e-04
7.082826724999999897e+02 3.360850960996237201e-04 3.457652576082916799e-04
7.082829850000000533e+02 2.739813982367339724e-04 3.424510954253024981e-04
7.082832975000000033e+02 2.910334889283922423e-04 3.389128971137811809e-04
7.082836100000000670e+02 3.308896524639944091e-04 3.351414785591271222e-04
7.082839225000000170e+02 2.983908381553820074e-04 3.311274839848050489e-04
7.082842349999999669e+02 2.776996003255108856e-04 3.268614267806340670e-04
7.082845475000000306e+02 2.851954264956202021e-04 3.223337399221593556e-04
7.082848599999999806e+02 2.655602706742583147e-04 3.175348374012997910e-04
7.082851725000000442e+02 2.770582917674765011e-04 3.124551882262312078e-04
7.082854849999999942e+02 2.249938791367461950e-04 3.070854047538261228e-04
7.082857975000000579e+02 2.627523578052755825e-04 3.014163471567579190e-04
7.082861100000000079e+02 1.978647088114447749e-04 2.954392460617920779e-04
7.082864225000000715e+02 2.658914054069687707e-04 2.891458453684591376e-04
7.082867350000000215e+02 2.418537104577066254e-04 2.825285674407822310e-04
7.082870474999999715e+02 2.775804072482044335e-04 2.755807027297638525e-04
7.082873600000000351e+02 2.723980082586677058e-04 2.682966259274441605e-04
7.082876724999999851e+02 2.366636641743927237e-04 2.606720404967710169e-04
7.082879850000000488e+02 2.428746418300029020e-04 2.527042530990445150e-04
7.082882974999999988e+02 2.173132901899924626e-04 2.443924790610179742e-04
7.082886100000000624e+02 2.241016961770199640e-04 2.357381791897795358e-04
7.082889225000000124e+02 1.780543766573245248e-04 2.267454275030305732e-04
7.082892350000000761e+02 2.353816553609330581e-04 2.174213080532943305e-04
7.082895475000000260e+02 1.928754311168076575e-04 2.077763377062951766e-04
7.082898599999999760e+02 1.931450424684701822e-04 1.978249096712926200e-04
7.082901725000000397e+02 1.760322003651057575e-04 1.875857505433934269e-04
7.082904849999999897e+02 1.810412410792884531e-04 1.770823809272319875e-04
7.082907975000000533e+02 1.791156315652453956e-04 1.663435668053701388e-04
7.082911100000000033e+02 1.556338287568276692e-04 1.554037458066244415e-04
7.082914225000000670e+02 1.459000564183900021e-04 1.443034090519283469e-04
7.082917350000000170e+02 1.387349688721731407e-04 1.330894162963973100e-04
7.082920474999999669e+02 1.131292081657361343e-04 1.218152189471439150e-04
7.082923600000000306e+02 1.415127917698765197e-04 1.105409634927445134e-04
7.082926724999999806e+02 1.358389098699093380e-04 9.933344647207650575e-05
7.082929850000000442e+02 1.210362427365550158e-04 8.826589225178536435e-05
7.082932974999999942e+02 1.001848779829501518e-04 7.741752700198582728e-05
7.082936100000000579e+02 7.975948118158849090e-05 6.687292622661311354e-05
7.082939225000000079e+02 9.739769397422994533e-05 5.672112015830302036e-05
7.082942350000000715e+02 8.375838940683408263e-05 4.705445040000450402e-05
7.082945475000000215e+02 6.703969887676533080e-05 3.796718328040910332e-05
7.082948599999999715e+02 7.215972796915381417e-05 2.955389909367356913e-05
7.082951725000000351e+02 5.079115130949909160e-05 2.190769190241937021e-05
7.082954849999999851e+02 6.142255420001275406e-05 1.511823005431053023e-05
7.082957975000000488e+02 3.607102847963735711e-05 9.269742156131125340e-06
7.082961099999999988e+02 3.354342419362057841e-05 4.439005395369987764e-06
7.082964225000000624e+02 3.267965146843962237e-05 6.934210329437080562e-07
7.082967350000000124e+02 1.889308269928078341e-05 -1.910735148123723347e-06
7.082970475000000761e+02 2.865189999353155080e-05 -3.329803066614614071e-06
7.082973600000000260e+02 1.505037506778687181e-05 -3.533894444835777913e-06
7.082976724999999760e+02 1.989574616438436757e-05 -2.507655720104501454e-06
7.082979850000000397e+02 1.127268997789309803e-05 -2.505991825492474814e-07
7.082982974999999897e+02 7.593568147848835635e-06 3.223012473392464805e-06
7.082986100000000533e+02 1.430465085167467290e-05 7.884718173843905531e-06
7.082989225000000033e+02 8.144310330437959326e-06 1.369281323007268086e-05
7.082992350000000670e+02 1.207541077393903052e-05 2.059365242284254141e-05
7.082995475000000170e+02 7.445920319665004566e-06 2.852323100674804355e-05
7.082998599999999669e+02 3.672513126559549839e-05 3.740896328125604931e-05
7.083001725000000306e+02 2.351642275752963290e-05 4.717157437122794023e-05
7.083004849999999806e+02 2.798392202227180473e-05 5.772702295048372207e-05
7.083007975000000442e+02 4.336948901382019835e-05 6.898837975959688123e-05
7.083011099999999942e+02 5.081056397236323181e-05 8.086759758235394506e-05
7.083014225000000579e+02 5.846202915743071212e-05 9.327712197622027026e-05
7.083017350000000079e+02 6.524206516862758435e-05 1.061313062918600432e-04
7.083020475000000715e+02 7.196615626695847462e-05 1.193476091008339193e-04
7.083023600000000215e+02 8.423107198488604286e-05 1.328475650196300794e-04
7.083026724999999715e+02 9.538917741389366621e-05 1.465575314959265477e-04
7.083029850000000351e+02 1.016892642931954374e-04 1.604092228999273316e-04
7.083032974999999851e+02 1.211767928674760262e-04 1.743400500919911437e-04
7.083036100000000488e+02 1.487260533896543906e-04 1.882932880257445795e-04
7.083039224999999988e+02 1.741092810656126068e-04 2.022180961095036776e-04
7.083042350000000624e+02 1.479142948989413604e-04 2.160694169685950896e-04
7.083045475000000124e+02 2.241768930094533612e-04 2.298077782331700222e-04
7.083048600000000761e+02 2.324275523992213655e-04 2.433990206309072932e-04
7.083051725000000260e+02 2.192765035113065886e-04 2.568139730367024771e-04
7.083054849999999760e+02 2.144154880577209732e-04 2.700280927907413556e-04
7.083057975000000397e+02 3.002894941971054636e-04 2.830210865368534747e-04
7.083061099999999897e+02 2.334462456023393294e-04 2.957765242766900770e-04
7.083064225000000533e+02 2.679614776885735298e-04 3.082814567655341263e-04
7.083067350000000033e+02 2.653886267430403609e-04 3.205260438937776782e-04
7.083070475000000670e+02 3.343050295880044829e-04 3.325031999234910629e-04
7.083073600000000170e+02 3.830544016527347487e-04 3.442082594241090208e-04
7.083076724999999669e+02 3.679441035585037721e-04 3.556386665908486803e-04
7.083079850000000306e+02 3.665294808280701090e-04 3.667936892092963199e-04
7.083082974999999806e+02 3.543521336144407987e-04 3.776741577612592322e-04
7.083086100000000442e+02 4.198462520403499400e-04 3.882822294493820138e-04
7.083089224999999942e+02 3.996471539959369238e-04 3.986211762543669947e-04
7.083092350000000579e+02 4.206135920323752922e-04 4.086951959880623028e-04
7.083095475000000079e+02 5.248502720198975919e-04 4.185092448120692854e-04
7.083098600000000715e+02 4.328343516051222383e-04 4.280688897874643933e-04
7.083101725000000215e+02 5.000844929712526098e-04 4.373801797133502838e-04
7.083104849999999715e+02 5.056352908656282881e-04 4.464495327293538157e-04
7.083107975000000351e+02 5.134135506003343133e-04 4.552836389903598224e-04
7.083111099999999851e+02 4.766548903114431338e-04 4.638893769111604210e-04
7.083114225000000488e+02 5.109173194050435933e-04 4.722737415564905259e-04
7.083117349999999988e+02 4.927456851797131507e-04 4.804437837409190545e-04
7.083120475000000624e+02 5.650908966710017434e-04 4.884065586834841722e-04
7.083123600000000124e+02 4.837938837540172810e-04 4.961690829744326353e-04
7.083126725000000761e+02 5.532859267666038203e-04 5.037382989101081392e-04
7.083129850000000260e+02 5.122724678115619804e-04 5.111210451663654539e-04
7.083132974999999760e+02 5.810778054478013847e-04 5.183240330585978713e-04
7.083136100000000397e+02 6.202204117886490724e-04 5.253538275694490545e-04
7.083139224999999897e+02 5.927495222695703097e-04 5.322168325086416288e-04
7.083142350000000533e+02 6.131564636579813756e-04 5.389192792412397315e-04
7.083145475000000033e+02 6.253953646671063515e-04 5.454672184039880377e-04
7.083148600000000670e+02 6.471938295156151686e-04 5.518665142328427545e-04
7.083151725000000170e+02 5.903552278464450345e-04 5.581228410264176508e-04
7.083154849999999669e+02 5.987516408438402476e-04 5.642416814731118216e-04
7.083157975000000306e+02 5.934486191126706360e-04 5.702283264817379011e-04
7.083161099999999806e+02 6.150284631016254009e-04 5.760878762792825090e-04
7.083164225000000442e+02 6.403716867250664998e-04 5.818252425708642268e-04
7.083167349999999942e+02 6.461073038578071196e-04 5.874451515139945176e-04
7.083170475000000579e+02 6.154890329586628055e-04 5.929521474062320746e-04
7.083173600000000079e+02 6.386429200373826796e-04 5.983505968765038315e-04
7.083176725000000715e+02 5.821558772556357543e-04 6.036446935236245651e-04
7.083179850000000215e+02 6.040824386567782535e-04 6.088384628341706210e-04
7.083182974999999715e+02 6.793880748044539260e-04 6.139357673529356654e-04
7.083186100000000351e+02 7.403910653349048783e-04 6.189403119830966986e-04
7.083189224999999851e+02 6.664472340915387127e-04 6.238556493740848689e-04
7.083192350000000488e+02 6.440981211076505586e-04 6.286851853626328245e-04
7.083195474999999988e+02 6.255938667412356668e-04 6.334321843790630862e-04
7.083198600000000624e+02 6.800568017377455919e-04 6.380997748387887700e-04
7.083201725000000124e+02 7.006240498937888134e-04 6.426909544339422676e-04
7.083204850000000761e+02 7.051447242962935111e-04 6.472085953571901163e-04
7.083207975000000260e+02 7.160369300705451837e-04 6.516554493849095004e-04
7.083211099999999760e+02 5.654912320530744527e-04 6.560341528572334905e-04
7.083214225000000397e+02 6.397667780368199207e-04 6.603472315024716370e-04
7.083217349999999897e+02 6.107897481852123892e-04 6.645971051149451294e-04
7.083220475000000533e+02 7.686580007811335928e-04 6.687860920957470340e-04
7.083223600000000033e+02 7.950033971250409321e-04 6.729164138141040426e-04
7.083226725000000670e+02 6.840027688339605410e-04 6.769901988354196272e-04
7.083229850000000170e+02 6.571556447352841284e-04 6.810094869668557264e-04
7.083232974999999669e+02 6.884661917764407476e-04 6.849762331679312612e-04
7.083236100000000306e+02 7.163118814209896556e-04 6.888923112905118986e-04
7.083239224999999806e+02 6.992582460010089707e-04 6.927595176660318252e-04
7.083242350000000442e+02 7.757334138138729466e-04 6.965795745568917688e-04
7.083245474999999942e+02 7.796624548466259434e-04 7.003541334403783590e-04
7.083248600000000579e+02 7.621567717931650209e-04 7.040847781726914355e-04
7.083251725000000079e+02 6.742459846689929015e-04 7.077730279928893392e-04
7.083254850000000715e+02 7.319284018674440152e-04 7.114203404152029050e-04
7.083257975000000215e+02 6.780490867461846840e-04 7.150281139708934176e-04
7.083261099999999715e+02 6.938589919688774787e-04 7.185976908460059084e-04
7.083264225000000351e+02 7.066075473008947552e-04 7.221303593863084456e-04
7.083267349999999851e+02 7.216379459944702746e-04 7.256273564877356629e-04
7.083270475000000488e+02 6.807387809543325200e-04 7.290898698895090973e-04
7.083273599999999988e+02 7.863262172542938256e-04 7.325190403426200302e-04
7.083276725000000624e+02 7.321564767188955616e-04 7.359159636975786236e-04
7.083279850000000124e+02 7.523209821196556821e-04 7.392816928755022512e-04
7.083282975000000761e+02 6.633111723012455156e-04 7.426172397667467080e-04
7.083286100000000260e+02 7.213001390860370897e-04 7.459235770216735050e-04
7.083289224999999760e+02 6.736444878409523574e-04 7.492016397755655449e-04
7.083292350000000397e+02 7.664031526693999364e-04 7.524523272810369322e-04
7.083295474999999897e+02 7.347032935266718974e-04 7.556765044640587894e-04
7.083298600000000533e+02 7.580466769932928724e-04 7.588750034187602845e-04
7.083301725000000033e+02 7.238953700550692771e-04 7.620486248150510223e-04
7.083304850000000670e+02 6.295803342366460909e-04 7.651981392587021459e-04
7.083307975000000170e+02 7.854985250034954639e-04 7.683242885698033861e-04
7.083311099999999669e+02 6.933349410249874112e-04 7.714277870184521298e-04
7.083314225000000306e+02 7.235321103057848350e-04 7.745093224917619671e-04
7.083317349999999806e+02 6.786640931101411717e-04 7.775695576066233997e-04
7.083320475000000442e+02 6.784927882972055556e-04 7.806091307818499017e-04
7.083323599999999942e+02 6.884507414201527674e-04 7.836286572443342327e-04
7.083326725000000579e+02 7.195056138629279952e-04 7.866287300060964159e-04
7.083329850000000079e+02 7.529150661578752363e-04 7.896099207791142322e-04
7.083332975000000715e+02 7.224157917566026779e-04 7.925727808652603245e-04
