7.080727160000000140e+02 4.131960923845743889e-04 3.514034636567914239e-04
7.080730284999999640e+02 3.521491582895217953e-04 3.519679061530768495e-04
7.080733410000000276e+02 3.943650304999587151e-04 3.524875919637546142e-04
7.080736534999999776e+02 3.838942727979307505e-04 3.529607023921698533e-04
7.080739660000000413e+02 3.993627825092059807e-04 3.533853332349936411e-04
7.080742784999999913e+02 3.673680531171223782e-04 3.537594904415824050e-04
7.080745910000000549e+02 3.929231821654168575e-04 3.540810855636627227e-04
7.080749035000000049e+02 4.079305172666931618e-04 3.543479309837355520e-04
7.080752160000000686e+02 3.452191372674668322e-04 3.545577349204296616e-04
7.080755285000000185e+02 3.573263213447807956e-04 3.547080962017396281e-04
7.080758409999999685e+02 4.292939436895151740e-04 3.547964988048630782e-04
7.080761535000000322e+02 3.929970546514211568e-04 3.548203061572829508e-04
7.080764659999999822e+02 2.834805530836634660e-04 3.547767551989172426e-04
7.080767785000000458e+02 3.699169134514645064e-04 3.546629502053253390e-04
7.080770909999999958e+02 3.523755853205506406e-04 3.544758563750534277e-04
7.080774035000000595e+02 4.005188643727107122e-04 3.542122931863260363e-04
7.080777160000000094e+02 3.419091165215909825e-04 3.538689275337805968e-04
7.080780284999999594e+02 3.225687218474096105e-04 3.534422666568012221e-04
7.080783410000000231e+02 3.297481912449476546e-04 3.529286508800294183e-04
7.080786534999999731e+02 3.339376497056731298e-04 3.523242461905575743e-04
7.080789660000000367e+02 3.478484481601306364e-04 3.516250366810442650e-04
7.080792784999999867e+02 3.436773163944421361e-04 3.508268169043195174e-04
7.080795910000000504e+02 3.282782273599605468e-04 3.499251841827841041e-04
7.080799035000000003e+02 3.373125573635235379e-04 3.489155309427143165e-04
7.080802160000000640e+02 3.718671094325137327e-04 3.477930371397110611e-04
7.080805285000000140e+02 3.656393126687522313e-04 3.465526628773137746e-04
7.080808409999999640e+02 2.974253808731468023e-04 3.451891413174738138e-04
7.080811535000000276e+02 2.737727861457280856e-04 3.436969720237948930e-04
7.080814659999999776e+02 2.978378397215708301e-04 3.420704148907898921e-04
7.080817785000000413e+02 3.042260052765361497e-04 3.403034848374067380e-04
7.080820909999999913e+02 3.540976258472349793e-04 3.383899474969145611e-04
7.080824035000000549e+02 3.423696465253702696e-04 3.363233161399002539e-04
7.080827160000000049e+02 3.073156915468809656e-04 3.340968501492975118e-04
7.080830285000000686e+02 3.448086360468214902e-04 3.317035553722780922e-04
7.080833410000000185e+02 2.835855095941668754e-04 3.291361867756672534e-04
7.080836534999999685e+02 2.574241419470625777e-04 3.263872538448898009e-04
7.080839660000000322e+02 3.009649994203220276e-04 3.234490292821259991e-04
7.080842784999999822e+02 2.896779495277158520e-04 3.203135616096814157e-04
7.080845910000000458e+02 2.873127645804838485e-04 3.169726923657906767e-04
7.080849034999999958e+02 2.558318726336998757e-04 3.134180787154737958e-04
7.080852160000000595e+02 2.901949930673446316e-04 3.096412223389606502e-04
7.080855285000000094e+02 2.780503179301261913e-04 3.056335056463746849e-04
7.080858409999999594e+02 2.463308976706555901e-04 3.013862364070356075e-04
7.080861535000000231e+02 2.248409903968749126e-04 2.968907020783761335e-04
7.080864659999999731e+02 2.494602859041117056e-04 2.921382352015834704e-04
7.080867785000000367e+02 2.237520769712200014e-04 2.871202913498362673e-04
7.080870909999999867e+02 2.686096487325048926e-04 2.818285412958636271e-04
7.080874035000000504e+02 2.561932614152113009e-04 2.762549790761125845e-04
7.080877160000000003e+02 2.682340443713985439e-04 2.703920478267805090e-04
7.080880285000000640e+02 2.042649205294142043e-04 2.642327851993538741e-04
7.080883410000000140e+02 2.293519325962322069e-04 2.577709902953991710e-04
7.080886534999999640e+02 2.131162424067281104e-04 2.510014138705628120e-04
7.080889660000000276e+02 1.824919795002937113e-04 2.439199735332401003e-04
7.080892784999999776e+02 2.046321198387200039e-04 2.365239953352527339e-04
7.080895910000000413e+02 2.099293462353356786e-04 2.288124827505115804e-04
7.080899034999999913e+02 1.731253659242457587e-04 2.207864135709067656e-04
7.080902160000000549e+02 2.026803913432431888e-04 2.124490643341080261e-04
7.080905285000000049e+02 2.054397919945985074e-04 2.038063610705920247e-04
7.080908410000000686e+02 1.520603392905761349e-04 1.948672537045287290e-04
7.080911535000000185e+02 2.019460886504663563e-04 1.856441100689582068e-04
7.080914659999999685e+02 1.795727885942845128e-04 1.761531234257225696e-04
7.080917785000000322e+02 1.698780479212431342e-04 1.664147253698643626e-04
7.080920909999999822e+02 1.682855460873381966e-04 1.564539934138159448e-04
7.080924035000000458e+02 1.423955619451447354e-04 1.463010398319917842e-04
7.080927159999999958e+02 1.565078288591022682e-04 1.359913656311628717e-04
7.080930285000000595e+02 1.651947595727802339e-04 1.255661604752137891e-04
7.080933410000000094e+02 1.370853537905518469e-04 1.150725269965793086e-04
7.080936534999999594e+02 1.311540569097856116e-04 1.045636055304673833e-04
7.080939660000000231e+02 9.929864313683892064e-05 9.409857412813585386e-05
7.080942784999999731e+02 9.704749805342652519e-05 8.374249830518129642e-05
7.080945910000000367e+02 1.047281726445593923e-04 7.356600619852690095e-05
7.080949034999999867e+02 9.426645647700424859e-05 6.364476798891041090e-05
7.080952160000000504e+02 1.035991931143240470e-04 5.405876339733380124e-05
7.080955285000000003e+02 6.664923332177583189e-05 4.489132872806994627e-05
7.080958410000000640e+02 5.360044078705646065e-05 3.622798437011299344e-05
7.080961535000000140e+02 5.586830074012809404e-05 2.815505554364683776e-05
7.080964659999999640e+02 4.731607656151617936e-05 2.075811195148400244e-05
7.080967785000000276e+02 3.837772743711605249e-05 1.412026588424905443e-05
7.080970909999999776e+02 5.513711319454811966e-05 8.320381453794036160e-06
7.080974035000000413e+02 4.218618589117862229e-05 3.431259189891520552e-06
7.080977159999999913e+02 1.587446777735618129e-05 -4.821311492187914978e-07
7.080980285000000549e+02 1.539221070719612770e-05 -3.364292458512106466e-06
7.080983410000000049e+02 2.765177029566389386e-05 -5.170640359984701704e-06
7.080986535000000686e+02 2.047613741045399896e-05 -5.868671310664705434e-06
7.080989660000000185e+02 1.694900078174386098e-05 -5.438800169268338769e-06
7.080992784999999685e+02 5.154785261383276451e-06 -3.874825074737092995e-06
7.080995910000000322e+02 1.177950132121911945e-05 -1.183997286177165533e-06
7.080999034999999822e+02 5.587338687557850080e-06 2.613304724258472758e-06
7.081002160000000458e+02 3.567773630283598718e-06 7.484276150533849030e-06
7.081005284999999958e+02 1.098716274575697670e-05 1.338472131861737222e-05
7.081008410000000595e+02 1.323478542005737203e-05 2.026036742742876609e-05
7.081011535000000094e+02 1.678578690410997728e-05 2.804838886271378479e-05
7.081014659999999594e+02 1.841370204506005389e-05 3.667906852187109175e-05
7.081017785000000231e+02 3.546355107468538494e-05 4.607752181117582473e-05
7.081020909999999731e+02 1.587545524237676104e-05 5.616541321526997938e-05
7.081024035000000367e+02 3.169667097484279446e-05 6.686260344232239469e-05
7.081027159999999867e+02 5.417301667888319374e-05 7.808867586296467636e-05
7.081030285000000504e+02 3.841439086220760552e-05 8.976430355450835572e-05
7.081033410000000003e+02 4.363414499753389336e-05 1.018124308003928296e-04
7.081036535000000640e+02 8.671578951646569913e-05 1.141592553313799024e-04
7.081039660000000140e+02 7.140785638122244903e-05 1.267350081801059240e-04
7.081042784999999640e+02 1.167973709703630167e-04 1.394745373312894889e-04
7.081045910000000276e+02 9.805626784800954379e-05 1.523177081077369010e-04
7.081049034999999776e+02 1.072202387027200183e-04 1.652096383352226895e-04
7.081052160000000413e+02 1.462358526305962924e-04 1.781007893732059258e-04
7.081055284999999913e+02 1.578601720933880254e-04 1.909469353122681984e-04
7.081058410000000549e+02 1.856639818109999060e-04 2.037090329278997704e-04
7.081061535000000049e+02 1.340006448133749270e-04 2.163530136818234899e-04
7.081064660000000686e+02 1.984446147310603935e-04 2.288495176345207408e-04
7.081067785000000185e+02 2.233185729835906064e-04 2.411735866589962741e-04
7.081070909999999685e+02 2.149433692376957760e-04 2.533043322375802607e-04
7.081074035000000322e+02 2.297437302305193620e-04 2.652245904227714312e-04
7.081077159999999822e+02 2.898518114588571806e-04 2.769205743476009442e-04
7.081080285000000458e+02 2.133546624524782528e-04 2.883815324835029177e-04
7.081083409999999958e+02 3.156222273963779808e-04 2.995994187423403924e-04
7.081086535000000595e+02 3.017931437765299226e-04 3.105685790601684119e-04
7.081089660000000094e+02 3.326273999045049629e-04 3.212854573979241537e-04
7.081092784999999594e+02 3.352304205747518918e-04 3.317483231672318893e-04
7.081095910000000231e+02 3.184468133904259294e-04 3.419570209053773022e-04
7.081099034999999731e+02 3.628323609457319602e-04 3.519127424174250778e-04
7.081102160000000367e+02 3.750930743003177514e-04 3.616178210257072769e-04
7.081105284999999867e+02 3.966947595694779601e-04 3.710755470224759889e-04
7.081108410000000504e+02 4.094583436853881141e-04 3.802900033323986266e-04
7.081111535000000003e+02 4.419568166604693061e-04 3.892659199765719944e-04
7.081114660000000640e+02 4.384450284181255807e-04 3.980085460441521567e-04
7.081117785000000140e+02 4.605936424260087926e-04 4.065235376146026270e-04
7.081120909999999640e+02 4.631105515213549827e-04 4.148168602845617755e-04
7.081124035000000276e+02 4.981472080923290665e-04 4.228947048079047949e-04
7.081127159999999776e+02 5.002732849654275291e-04 4.307634145341943739e-04
7.081130285000000413e+02 5.110132275540551832e-04 4.384294234024669495e-04
7.081133409999999913e+02 5.137476210901064820e-04 4.458992032359024261e-04
7.081136535000000549e+02 5.694504987460122540e-04 4.531792193366343102e-04
7.081139660000000049e+02 4.592009839598357505e-04 4.602758932963749747e-04
7.081142785000000686e+02 4.204717686624617041e-04 4.671955722075677342e-04
7.081145910000000185e+02 4.942200927348480884e-04 4.739445033771922658e-04
7.081149034999999685e+02 5.742037472027561752e-04 4.805288138949659403e-04
7.081152160000000322e+02 5.371985788700929347e-04 4.869544943422458492e-04
7.081155284999999822e+02 5.648037715685000695e-04 4.932273860916277976e-04
7.081158410000000458e+02 5.602591623917450338e-04 4.993531717092527340e-04
7.081161534999999958e+02 4.916560129684302951e-04 5.053373679532273659e-04
7.081164660000000595e+02 5.942185004034598612e-04 5.111853210444744717e-04
7.081167785000000094e+02 6.175308560662296550e-04 5.169022037936455522e-04
7.081170909999999594e+02 5.507689102550540399e-04 5.224930143508455579e-04
7.081174035000000231e+02 6.171935809663553572e-04 5.279625762623646338e-04
7.081177159999999731e+02 5.617065038686951724e-04 5.333155396298563423e-04
7.081180285000000367e+02 5.658182268416793882e-04 5.385563831944373747e-04
7.081183409999999867e+02 6.050770260365346707e-04 5.436894171274906208e-04
7.081186535000000504e+02 5.717735530972750408e-04 5.487187864429661022e-04
7.081189660000000003e+02 5.717141937211647285e-04 5.536484748454918205e-04
7.081192785000000640e+02 5.541909912317228735e-04 5.584823089676499777e-04
7.081195910000000140e+02 6.414982166389613305e-04 5.632239628472590198e-04
7.081199034999999640e+02 5.951540179382168580e-04 5.678769626236415333e-04
7.081202160000000276e+02 6.093287059402763056e-04 5.724446913435248235e-04
7.081205284999999776e+02 6.294221018772441952e-04 5.769303938405708539e-04
7.081208410000000413e+02 6.434861505678552470e-04 5.813371816589227347e-04
7.081211534999999913e+02 5.894854511764933535e-04 5.856680379420641132e-04
7.081214660000000549e+02 6.062097792658998783e-04 5.899258223064760996e-04
7.081217785000000049e+02 5.952241015882487642e-04 5.941132756234535940e-04
7.081220910000000686e+02 5.510603937786895867e-04 5.982330247391256682e-04
7.081224035000000185e+02 6.250063746515318024e-04 6.022875870668669774e-04
7.081227159999999685e+02 5.342056322558434364e-04 6.062793750867823128e-04
7.081230285000000322e+02 6.279602001993977479e-04 6.102107007047505435e-04
7.081233409999999822e+02 6.044418769593410236e-04 6.140837794795322123e-04
7.081236535000000458e+02 6.514219792357099983e-04 6.179007347267836481e-04
7.081239659999999958e+02 6.169495184312359746e-04 6.216636014615215932e-04
7.081242785000000595e+02 7.152802217043870495e-04 6.253743302210925965e-04
7.081245910000000094e+02 6.420047223886243435e-04 6.290347907238942344e-04
7.081249034999999594e+02 6.070072592430385055e-04 6.326467754070996949e-04
7.081252160000000231e+02 6.228641491158346888e-04 6.362120028108896909e-04
7.081255284999999731e+02 6.283231470175242072e-04 6.397321208254058396e-04
7.081258410000000367e+02 6.538732370561851394e-04 6.432087098157774838e-04
7.081261534999999867e+02 6.797954074139610399e-04 6.466432855963345815e-04
7.081264660000000504e+02 6.711198358494830209e-04 6.500373022972417199e-04
7.081267785000000003e+02 6.940646958841841397e-04 6.533921550868934496e-04
7.081270910000000640e+02 6.457725680394613577e-04 6.567091827940733928e-04
7.081274035000000140e+02 6.322083321756382214e-04 6.599896703944690361e-04
7.081277159999999640e+02 6.706756395676473489e-04 6.632348514036239939e-04
7.081280285000000276e+02 6.503293993995962414e-04 6.664459101501300602e-04
7.081283409999999776e+02 7.395589740807751019e-04 6.696239839456488577e-04
7.081286535000000413e+02 6.925376723976647960e-04 6.727701651672897279e-04
7.081289659999999913e+02 6.303343317586220657e-04 6.758855032274530732e-04
7.081292785000000549e+02 6.789609250368814491e-04 6.789710064709702456e-04
7.081295910000000049e+02 6.700834855963920100e-04 6.820276439668320964e-04
7.081299035000000686e+02 5.931295266260101264e-04 6.850563472346120168e-04
7.081302160000000185e+02 6.603712387397932173e-04 6.880580118733617412e-04
7.081305284999999685e+02 6.908628654938223220e-04 6.910334991310938466e-04
7.081308410000000322e+02 6.091463085853661072e-04 6.939836373905936603e-04
7.081311534999999822e+02 6.393043986919400750e-04 6.969092235861685733e-04
7.081314660000000458e+02 6.342766106764690520e-04 6.998110245650441706e-04
7.081317784999999958e+02 7.092166968655508677e-04 7.026897783698275160e-04
7.081320910000000595e+02 6.185377959626237781e-04 7.055461954779717378e-04
7.081324035000000094e+02 6.715074482841029875e-04 7.083809599672924971e-04
7.081327159999999594e+02 6.774804436395125487e-04 7.111947306427576212e-04
7.081330285000000231e+02 6.740186475598205140e-04 7.139881421010279205e-04
7.081333409999999731e+02 6.659502556970365748e-04 7.167618057458180524e-04
7.081336535000000367e+02 6.285242283196562467e-04 7.195163107664194480e-04
7.081339659999999867e+02 6.957714682841870113e-04 7.222522250563682316e-04
7.081342785000000504e+02 6.571314210985363920e-04 7.249700961056753041e-04
7.081345910000000003e+02 6.930283383100415947e-04 7.276704518365999588e-04
7.081349035000000640e+02 7.600857787712774708e-04 7.303538014167795019e-04
