7.048382910000000265e+02 4.118604493975923852e-04 3.648106023087010954e-04
7.048386034999999765e+02 3.728647056130322910e-04 3.645863989950750119e-04
7.048389160000000402e+02 3.289705520020500700e-04 3.643270438932278755e-04
7.048392284999999902e+02 3.693387345346023387e-04 3.640312566665268026e-04
7.048395410000000538e+02 4.279143082411221303e-04 3.636977031500942593e-04
7.048398535000000038e+02 3.742839738213096096e-04 3.633249929368438506e-04
7.048401660000000675e+02 3.675411682045907555e-04 3.629116768610987946e-04
7.048404785000000174e+02 3.566360538693691081e-04 3.624562443817048551e-04
7.048407910000000811e+02 3.643316682062609042e-04 3.619571208586838370e-04
7.048411035000000311e+02 3.816437803442966452e-04 3.614126647271207610e-04
7.048414159999999811e+02 3.314572685230020733e-04 3.608211645626337497e-04
7.048417285000000447e+02 3.527695024632745567e-04 3.601808360428231169e-04
7.048420409999999947e+02 3.940554137733393025e-04 3.594898188042814843e-04
7.048423535000000584e+02 3.630475156319510591e-04 3.587461731943758980e-04
7.048426660000000084e+02 3.473026340961916946e-04 3.579478769270996816e-04
7.048429785000000720e+02 3.565914865464773304e-04 3.570928216396725206e-04
7.048432910000000220e+02 3.779081594599209494e-04 3.561788093647621318e-04
7.048436034999999720e+02 3.672710728408776042e-04 3.552035489175000573e-04
7.048439160000000356e+02 3.779769370764717853e-04 3.541646522150737435e-04
7.048442284999999856e+02 3.476804958953394454e-04 3.530596305393217328e-04
7.048445410000000493e+02 3.666037485263618921e-04 3.518858907540139752e-04
7.048448534999999993e+02 3.580341496208090364e-04 3.506407315062202252e-04
7.048451660000000629e+02 3.375602621556609900e-04 3.493213394227967115e-04
7.048454785000000129e+02 3.250410534111411042e-04 3.479247853439530616e-04
7.048457910000000766e+02 2.885742063845784188e-04 3.464480206130228588e-04
7.048461035000000265e+02 3.148115602991099159e-04 3.448878734776366761e-04
7.048464159999999765e+02 3.430244327926781477e-04 3.432410456334866159e-04
7.048467285000000402e+02 3.603639481694411741e-04 3.415041089785139455e-04
7.048470409999999902e+02 2.977071262398456450e-04 3.396735026370179163e-04
7.048473535000000538e+02 3.914907126092830318e-04 3.377455303210868758e-04
7.048476660000000038e+02 3.402800583238940963e-04 3.357163581320817794e-04
7.048479785000000675e+02 3.201185649971104987e-04 3.335820128810893350e-04
7.048482910000000174e+02 3.104319463502256239e-04 3.313383810656274895e-04
7.048486035000000811e+02 3.022644102116101277e-04 3.289812086107110622e-04
7.048489160000000311e+02 3.083262420673689051e-04 3.265061015499693959e-04
7.048492284999999811e+02 3.253270699533168317e-04 3.239085277936931662e-04
7.048495410000000447e+02 3.267974190146639849e-04 3.211838202002804737e-04
7.048498534999999947e+02 2.842026511459368665e-04 3.183271811656342284e-04
7.048501660000000584e+02 3.023911604845730579e-04 3.153336889704905742e-04
7.048504785000000084e+02 2.481806437470158435e-04 3.121983061941400518e-04
7.048507910000000720e+02 2.900772726851938909e-04 3.089158904797096022e-04
7.048511035000000220e+02 2.943423177611189669e-04 3.054812080411477564e-04
7.048514159999999720e+02 2.631021432423577837e-04 3.018889502724351158e-04
7.048517285000000356e+02 3.353937637812353257e-04 2.981337539267670043e-04
7.048520409999999856e+02 2.896453905916946715e-04 2.942102253393985524e-04
7.048523535000000493e+02 2.870605786821756435e-04 2.901129692103148459e-04
7.048526659999999993e+02 2.884519468363157388e-04 2.858366225611598294e-04
7.048529785000000629e+02 3.121757012621140096e-04 2.813758944488229459e-04
7.048532910000000129e+02 2.598040440326309297e-04 2.767256121562743109e-04
7.048536035000000766e+02 2.977459831175730031e-04 2.718807745258269436e-04
7.048539160000000265e+02 2.908741438576635681e-04 2.668366132377113752e-04
7.048542284999999765e+02 2.544493776096265806e-04 2.615886627590360640e-04
7.048545410000000402e+02 2.489274184582982558e-04 2.561328397962349466e-04
7.048548534999999902e+02 2.621111702590425262e-04 2.504655330202528894e-04
7.048551660000000538e+02 2.583915429649376186e-04 2.445837037985601069e-04
7.048554785000000038e+02 1.973941543615472677e-04 2.384849986808114581e-04
7.048557910000000675e+02 1.911578594453808972e-04 2.321678741713360144e-04
7.048561035000000174e+02 2.048169153486345344e-04 2.256317343085606616e-04
7.048564160000000811e+02 1.868968902374031440e-04 2.188770812291288362e-04
7.048567285000000311e+02 1.547431608838392291e-04 2.119056787687371784e-04
7.048570409999999811e+02 2.040632418631229414e-04 2.047207286562172644e-04
7.048573535000000447e+02 2.016128845036784640e-04 1.973270585536161012e-04
7.048576659999999947e+02 1.740383752288856992e-04 1.897313205768265084e-04
7.048579785000000584e+02 1.483619025168990630e-04 1.819421982838747122e-04
7.048582910000000084e+02 1.821814848976820210e-04 1.739706194642950076e-04
7.048586035000000720e+02 1.478141093368730698e-04 1.658299710488325034e-04
7.048589160000000220e+02 1.482326854350486309e-04 1.575363116745660699e-04
7.048592284999999720e+02 1.638371410388315573e-04 1.491085762162709151e-04
7.048595410000000356e+02 1.486926567035782003e-04 1.405687656584453501e-04
7.048598534999999856e+02 1.414002295400523248e-04 1.319421144695273813e-04
7.048601660000000493e+02 1.081250195549935691e-04 1.232572265696620822e-04
7.048604784999999993e+02 1.065329025471179912e-04 1.145461701469849860e-04
7.048607910000000629e+02 1.297758621876358444e-04 1.058445206650190186e-04
7.048611035000000129e+02 9.619146683216137550e-05 9.719134117936366281e-05
7.048614160000000766e+02 9.734731193519077330e-05 8.862908888692208218e-05
7.048617285000000265e+02 9.665994370329546452e-05 8.020343758678755597e-05
7.048620409999999765e+02 9.237598163592550878e-05 7.196300674524919085e-05
7.048623535000000402e+02 9.354669833902677135e-05 6.395898999368422556e-05
7.048626659999999902e+02 7.330304463944800760e-05 5.624467854245058580e-05
7.048629785000000538e+02 6.486804178303226445e-05 4.887487857589058074e-05
7.048632910000000038e+02 5.715610707092952831e-05 4.190522611931434606e-05
7.048636035000000675e+02 4.631323959287731893e-05 3.539140765192209318e-05
7.048639160000000174e+02 4.520798058880145848e-05 2.938830024231360309e-05
7.048642285000000811e+02 4.823353375975996651e-05 2.394905023627614827e-05
7.048645410000000311e+02 3.861465017791663936e-05 1.912411481754284167e-05
7.048648534999999811e+02 2.597296532572543001e-05 1.496029505553106266e-05
7.048651660000000447e+02 3.177298308095320446e-05 1.149979249113165049e-05
7.048654784999999947e+02 2.543556394583854400e-05 8.779323042364136392e-06
7.048657910000000584e+02 1.322328618030967815e-05 6.829322031691504112e-06
7.048661035000000084e+02 9.427507297377794111e-06 5.673272187096541822e-06
7.048664160000000720e+02 1.062543640422754298e-05 5.327182431607198862e-06
7.048667285000000220e+02 6.824817218441099034e-06 5.799239512630290415e-06
7.048670409999999720e+02 1.448721094196565203e-05 7.089647174332914526e-06
7.048673535000000356e+02 9.668784478742844816e-06 9.190659276104291804e-06
7.048676659999999856e+02 4.287898818438427438e-06 1.208680449763867529e-05
7.048679785000000493e+02 1.462662145786246936e-05 1.575529175542654081e-05
7.048682909999999993e+02 4.776999327102535834e-06 2.016657768800330907e-05
7.048686035000000629e+02 1.186373409577909342e-05 2.528507122672921234e-05
7.048689160000000129e+02 2.434039639260102871e-05 3.106994550773415611e-05
7.048692285000000766e+02 2.518476055340730278e-05 3.747602471768675121e-05
7.048695410000000265e+02 2.887627322513475675e-05 4.445471256802662271e-05
7.048698534999999765e+02 2.826779695076318003e-05 5.195493027188498065e-05
7.048701660000000402e+02 5.353239071120689964e-05 5.992403442062259968e-05
7.048704784999999902e+02 5.171090842972500328e-05 6.830868910265502165e-05
7.048707910000000538e+02 5.485870005846712387e-05 7.705567132537651453e-05
7.048711035000000038e+02 6.016639471546566826e-05 8.611259381896207922e-05
7.048714160000000675e+02 6.827320615571989761e-05 9.542853464719638326e-05
7.048717285000000174e+02 8.271776572977799374e-05 1.049545677657823175e-04
7.048720410000000811e+02 1.112901077567648013e-04 1.146441932807926926e-04
7.048723535000000311e+02 1.040488459642837223e-04 1.244536696875838257e-04
7.048726659999999811e+02 1.275829510644418540e-04 1.343422535768709495e-04
7.048729785000000447e+02 1.456275315114375713e-04 1.442723543261380953e-04
7.048732909999999947e+02 1.301696447752686788e-04 1.542096129111289547e-04
7.048736035000000584e+02 1.440811506792610114e-04 1.641229148126681077e-04
7.048739160000000084e+02 1.868609929793303898e-04 1.739843471450992264e-04
7.048742285000000720e+02 1.806428256564998852e-04 1.837691101608791931e-04
7.048745410000000220e+02 2.006414202141304655e-04 1.934553925408544867e-04
7.048748534999999720e+02 2.025818811477312405e-04 2.030242193452255761e-04
7.048751660000000356e+02 2.058732394780065701e-04 2.124592803857205752e-04
7.048754784999999856e+02 1.922924361585165789e-04 2.217467459139221418e-04
7.048757910000000493e+02 2.408156280140761989e-04 2.308750755080157346e-04
7.048761034999999993e+02 2.594841855992668423e-04 2.398348249408519786e-04
7.048764160000000629e+02 2.310193505833186200e-04 2.486184550808296658e-04
7.048767285000000129e+02 2.931567551006321239e-04 2.572201458273003292e-04
7.048770410000000766e+02 2.006353173173341172e-04 2.656356175467882970e-04
7.048773535000000265e+02 2.901157711460185381e-04 2.738619616219146102e-04
7.048776659999999765e+02 2.725646404751895817e-04 2.818974813731991427e-04
7.048779785000000402e+02 3.294628376594853250e-04 2.897415439799141631e-04
7.048782909999999902e+02 3.313682889483922475e-04 2.973944437618915239e-04
7.048786035000000538e+02 3.318500866891604777e-04 3.048572768803111169e-04
7.048789160000000038e+02 2.933420020541072483e-04 3.121318271868956913e-04
7.048792285000000675e+02 3.082962627976593433e-04 3.192204629327764190e-04
7.048795410000000174e+02 3.539246971515237197e-04 3.261260437493254932e-04
7.048798535000000811e+02 3.154445722136889319e-04 3.328518373989628365e-04
7.048801660000000311e+02 4.052981229078037343e-04 3.394014455734260544e-04
7.048804784999999811e+02 4.000558619383750756e-04 3.457787381505141098e-04
7.048807910000000447e+02 3.598496155116213567e-04 3.519877951731222834e-04
7.048811034999999947e+02 3.045983762531412732e-04 3.580328559115893692e-04
7.048814160000000584e+02 3.296452346933731806e-04 3.639182743858022408e-04
7.048817285000000084e+02 3.850314723316363482e-04 3.696484806757361209e-04
7.048820410000000720e+02 3.763954659337813207e-04 3.752279475068102661e-04
7.048823535000000220e+02 4.102555819647556775e-04 3.806611614975756409e-04
7.048826659999999720e+02 4.617843950665422741e-04 3.859525986301106586e-04
7.048829785000000356e+02 4.412301511887367980e-04 3.911067034268583256e-04
7.048832909999999856e+02 4.251151219926122991e-04 3.961278714303143804e-04
7.048836035000000493e+02 4.136787342266321356e-04 4.010204346160112904e-04
7.048839159999999993e+02 3.966028930184145010e-04 4.057886493421726678e-04
7.048842285000000629e+02 4.216577240036844566e-04 4.104366865763068467e-04
7.048845410000000129e+02 4.279889131568855791e-04 4.149686240576268520e-04
7.048848535000000766e+02 4.263487636696179444e-04 4.193884401965010259e-04
7.048851660000000265e+02 4.613326030293970407e-04 4.237000094298301253e-04
7.048854784999999765e+02 4.532391764221237922e-04 4.279070988817443126e-04
7.048857910000000402e+02 4.267200553350711679e-04 4.320133661096364481e-04
7.048861034999999902e+02 4.651599579606063308e-04 4.360223577941554083e-04
7.048864160000000538e+02 4.925530958320960143e-04 4.399375092473956626e-04
7.048867285000000038e+02 4.711425392853481721e-04 4.437621445795704813e-04
7.048870410000000675e+02 3.921152717573884658e-04 4.474994774613227770e-04
7.048873535000000174e+02 4.265237847218930926e-04 4.511526123415334562e-04
7.048876660000000811e+02 4.558669287008158778e-04 4.547245460826211173e-04
7.048879785000000311e+02 4.937661803485625563e-04 4.582181698978741806e-04
7.048882909999999811e+02 4.476761916610391321e-04 4.616362715696605543e-04
7.048886035000000447e+02 4.643383514636536028e-04 4.649815378613850951e-04
7.048889159999999947e+02 4.792835590749307175e-04 4.682565570901304933e-04
7.048892285000000584e+02 4.367043816486025306e-04 4.714638218312202462e-04
7.048895410000000084e+02 5.270380077650393350e-04 4.746057316902060506e-04
7.048898535000000720e+02 4.859890931049971668e-04 4.776845961496399909e-04
7.048901660000000220e+02 4.436818183129211373e-04 4.807026374281774678e-04
7.048904784999999720e+02 4.721974872498070630e-04 4.836619933662977778e-04
7.048907910000000356e+02 5.273798373697957025e-04 4.865647202923657766e-04
7.048911034999999856e+02 4.831781671541043204e-04 4.894127958658307537e-04
7.048914160000000493e+02 5.214365341557822275e-04 4.922081218951992847e-04
7.048917284999999993e+02 5.507689569311081208e-04 4.949525270945584303e-04
7.048920410000000629e+02 4.577076484635805896e-04 4.976477698024580395e-04
7.048923535000000129e+02 5.160416218646092469e-04 5.002955406239909886e-04
7.048926660000000766e+02 5.173382219488134939e-04 5.028974650228717515e-04
7.048929785000000265e+02 5.117849936447236214e-04 5.054551058281749228e-04
7.048932909999999765e+02 4.618570932432346189e-04 5.079699656827781420e-04
7.048936035000000402e+02 4.954989103710442065e-04 5.104434894075641355e-04
7.048939159999999902e+02 5.284880276306942000e-04 5.128770662900114735e-04
7.048942285000000538e+02 5.223058080820526961e-04 5.152720323052049477e-04
7.048945410000000038e+02 5.322651569062908849e-04 5.176296722469895476e-04
7.048948535000000675e+02 4.898127141003549715e-04 5.199512217970911603e-04
7.048951660000000174e+02 5.236760776559833607e-04 5.222378695051079368e-04
7.048954785000000811e+02 5.458088731004711019e-04 5.244907587079396423e-04
7.048957910000000311e+02 5.487466731296295310e-04 5.267109893629779403e-04
7.048961034999999811e+02 4.934450455853876946e-04 5.288996198224687334e-04
7.048964160000000447e+02 5.793625591437842658e-04 5.310576685300644586e-04
7.048967284999999947e+02 4.856651938389448201e-04 5.331861156499088667e-04
7.048970410000000584e+02 5.116370126718991279e-04 5.352859046377604624e-04
7.048973535000000084e+02 5.398604084289479682e-04 5.373579437367275715e-04
7.048976660000000720e+02 5.250000346377018540e-04 5.394031074236425036e-04
7.048979785000000220e+02 5.407659226923409524e-04 5.414222377836947061e-04
7.048982909999999720e+02 5.806204050934395946e-04 5.434161458388164084e-04
7.048986035000000356e+02 5.235778275578964556e-04 5.453856128131251250e-04
7.048989159999999856e+02 5.054353571373348302e-04 5.473313913451522154e-04
7.048992285000000493e+02 5.414256235257901371e-04 5.492542066558241771e-04
7.048995409999999993e+02 4.919249322248440059e-04 5.511547576564300964e-04
7.048998535000000629e+02 5.405440323436989068e-04 5.530337180204523148e-04
7.049001660000000129e+02 4.809610980725684769e-04 5.548917371987701925e-04
7.049004785000000766e+02 5.591063206382546318e-04 5.567294414022302528e-04
