7.158243549999999686e+02 3.651865746943846742e-04 3.299809200571059229e-04
7.158246674999999186e+02 3.532697833372173252e-04 3.302849601000205069e-04
7.158249799999999823e+02 3.593789709437020534e-04 3.305748377588635118e-04
7.158252924999999323e+02 3.356348210303690903e-04 3.308499840842332403e-04
7.158256049999999959e+02 3.349159550443333048e-04 3.311098022554743504e-04
7.158259174999999459e+02 3.518169664348280191e-04 3.313536659845947802e-04
7.158262300000000096e+02 3.478345866347034784e-04 3.315809178187072593e-04
7.158265424999999595e+02 3.445204430528561908e-04 3.317908673307191198e-04
7.158268550000000232e+02 3.483960481356528560e-04 3.319827891933046539e-04
7.158271674999999732e+02 3.528799022599018358e-04 3.321559211251498361e-04
7.158274799999999232e+02 3.135587245338079180e-04 3.323094617028688955e-04
7.158277924999999868e+02 3.295766152213293288e-04 3.324425680270839327e-04
7.158281049999999368e+02 3.455913644591814948e-04 3.325543532331944724e-04
7.158284175000000005e+02 3.862548233516066663e-04 3.326438838360407926e-04
7.158287299999999505e+02 3.297817323510058131e-04 3.327101768954835088e-04
7.158290425000000141e+02 2.982098844280577717e-04 3.327521969913754840e-04
7.158293549999999641e+02 3.446539207018669551e-04 3.327688529932374003e-04
7.158296674999999141e+02 3.608218647499005318e-04 3.327589946108011100e-04
7.158299799999999777e+02 3.405519016005650662e-04 3.327214087092646350e-04
7.158302924999999277e+02 3.442671998429808569e-04 3.326548153729800075e-04
7.158306049999999914e+02 2.843246219178274282e-04 3.325578636994143780e-04
7.158309174999999414e+02 3.215029302696909095e-04 3.324291273049804932e-04
7.158312300000000050e+02 3.179759625884311276e-04 3.322670995218230967e-04
7.158315424999999550e+02 3.232618254593187714e-04 3.320701882653680952e-04
7.158318550000000187e+02 3.112641117970313290e-04 3.318367105485561493e-04
7.158321674999999686e+02 3.025998222367520677e-04 3.315648866208572025e-04
7.158324799999999186e+02 2.875961141255606074e-04 3.312528337048611482e-04
7.158327924999999823e+02 3.386949432505122095e-04 3.308985593061463618e-04
7.158331049999999323e+02 3.426218294628260454e-04 3.304999540686653740e-04
7.158334174999999959e+02 3.435738990472797776e-04 3.300547841457590484e-04
7.158337299999999459e+02 3.370928550543265414e-04 3.295606830612913488e-04
7.158340425000000096e+02 3.541245842820722007e-04 3.290151430268027427e-04
7.158343549999999595e+02 3.049063960226752355e-04 3.284155056901698930e-04
7.158346675000000232e+02 3.345638059518710660e-04 3.277589522805409231e-04
7.158349799999999732e+02 3.565273437993424937e-04 3.270424931273139299e-04
7.158352924999999232e+02 3.354114971248480458e-04 3.262629565194268846e-04
7.158356049999999868e+02 2.576593791385253514e-04 3.254169768860842621e-04
7.158359174999999368e+02 3.250616935690144732e-04 3.245009822763542497e-04
7.158362300000000005e+02 2.966390331954444574e-04 3.235111811184675137e-04
7.158365424999999505e+02 2.940245957462113034e-04 3.224435482585379098e-04
7.158368550000000141e+02 3.155862590455068032e-04 3.212938102692531163e-04
7.158371674999999641e+02 3.007364502434242649e-04 3.200574300533578359e-04
7.158374799999999141e+02 2.953110635738312906e-04 3.187295907589962640e-04
7.158377924999999777e+02 3.126992315779369980e-04 3.173051790659433191e-04
7.158381049999999277e+02 3.273986045854718674e-04 3.157787679137880705e-04
7.158384174999999914e+02 3.139074281029915212e-04 3.141445987721540171e-04
7.158387299999999414e+02 3.132724578399208337e-04 3.123965636120958457e-04
7.158390425000000050e+02 2.952377779903207181e-04 3.105281867555864379e-04
7.158393549999999550e+02 3.083546479595920646e-04 3.085326068764992287e-04
7.158396675000000187e+02 3.037319249889141952e-04 3.064025594604930674e-04
7.158399799999999686e+02 2.675389443599453850e-04 3.041303601630458752e-04
7.158402924999999186e+02 3.035301436100389973e-04 3.017078895694154882e-04
7.158406049999999823e+02 2.877727889462752212e-04 2.991265800325938230e-04
7.158409174999999323e+02 2.744471353934248617e-04 2.963774053984044197e-04
7.158412299999999959e+02 2.806803289016322777e-04 2.934508746115611845e-04
7.158415424999999459e+02 3.256105911429941417e-04 2.903370304567989162e-04
7.158418550000000096e+02 2.360990781209836443e-04 2.870254548995302053e-04
7.158421674999999595e+02 2.478818192733109023e-04 2.835052828687284173e-04
7.158424800000000232e+02 2.800746959636424586e-04 2.797652266189579900e-04
7.158427924999999732e+02 2.480248296544063829e-04 2.757936133049541114e-04
7.158431049999999232e+02 2.834484741611203074e-04 2.715784388057862703e-04
7.158434174999999868e+02 2.294886588462418005e-04 2.671074414512928817e-04
7.158437299999999368e+02 2.181637973785998665e-04 2.623681998626631144e-04
7.158440425000000005e+02 2.292215026752442229e-04 2.573482597673548873e-04
7.158443549999999505e+02 2.348363330573816814e-04 2.520352954017578595e-04
7.158446675000000141e+02 2.325130610726845357e-04 2.464173117218001422e-04
7.158449799999999641e+02 2.393863358365330230e-04 2.404828944265706284e-04
7.158452924999999141e+02 2.158111971611005673e-04 2.342215152623878843e-04
7.158456049999999777e+02 2.317579109274654813e-04 2.276239005852610006e-04
7.158459174999999277e+02 1.925737813121980186e-04 2.206824711970744809e-04
7.158462299999999914e+02 2.406285638355903055e-04 2.133918611104696362e-04
7.158465424999999414e+02 2.072033480961549159e-04 2.057495219801466584e-04
7.158468550000000050e+02 1.832648573662117844e-04 1.977564178888216321e-04
7.158471674999999550e+02 1.446752459824447333e-04 1.894178122392631996e-04
7.158474800000000187e+02 1.509064882960265189e-04 1.807441437163854071e-04
7.158477924999999686e+02 1.626959870791639567e-04 1.717519820110075478e-04
7.158481049999999186e+02 1.448927196289365540e-04 1.624650452251125382e-04
7.158484174999999823e+02 1.880464253087971681e-04 1.529152501476194648e-04
7.158487299999999323e+02 1.386364569886878095e-04 1.431437532824070269e-04
7.158490424999999959e+02 1.352823552408276362e-04 1.332019253381622420e-04
7.158493549999999459e+02 1.475320973662790709e-04 1.231521856917331108e-04
7.158496675000000096e+02 1.316380557247813455e-04 1.130686070608107274e-04
7.158499799999999595e+02 1.212083326968318444e-04 1.030371871261826010e-04
7.158502925000000232e+02 1.149133247287485862e-04 9.315567507493051130e-05
7.158506049999999732e+02 9.781346705792599231e-05 8.353284131000828503e-05
7.158509174999999232e+02 8.887410063166411060e-05 7.428709055738423887e-05
7.158512299999999868e+02 9.044388201387074111e-05 6.554434635655284852e-05
7.158515424999999368e+02 8.920833307594791626e-05 5.743517953353396917e-05
7.158518550000000005e+02 7.989811274179205744e-05 5.009121475238113950e-05
7.158521674999999505e+02 5.092734861923772121e-05 4.364092392051681672e-05
7.158524800000000141e+02 5.588657356295812808e-05 3.820499540221427664e-05
7.158527924999999641e+02 5.824958916668315697e-05 3.389154360043576078e-05
7.158531049999999141e+02 4.243591484767115238e-05 3.079148110579661018e-05
7.158534174999999777e+02 3.449527602216185396e-05 2.897440342925684283e-05
7.158537299999999277e+02 3.511640847131997399e-05 2.848532449669232636e-05
7.158540424999999914e+02 2.126675225646438821e-05 2.934254646882855690e-05
7.158543549999999414e+02 3.050375889852995108e-05 3.153685403929589847e-05
7.158546675000000050e+02 3.492754532927446680e-05 3.503210286647781340e-05
7.158549799999999550e+02 2.360435341554709837e-05 3.976714149131453533e-05
7.158552925000000187e+02 3.664917191392446933e-05 4.565888529928714858e-05
7.158556049999999686e+02 2.532286791779710610e-05 5.260626685184463492e-05
7.158559174999999186e+02 4.060153254428506414e-05 6.049473110812956991e-05
7.158562299999999823e+02 2.861929586311122694e-05 6.920093043505528381e-05
7.158565424999999323e+02 7.399560801980567201e-05 7.859729982216100152e-05
7.158568549999999959e+02 7.555800192448113375e-05 8.855624804344016830e-05
7.158571674999999459e+02 9.464272447391372783e-05 9.895377332512381250e-05
7.158574800000000096e+02 9.313205468671249018e-05 1.096723904199445050e-04
7.158577924999999595e+02 9.042639171870309265e-05 1.206033286942057210e-04
7.158581050000000232e+02 9.135918726611375268e-05 1.316480215919867407e-04
7.158584174999999732e+02 1.147352500564292898e-04 1.427189520903918347e-04
7.158587299999999232e+02 1.315548585690746216e-04 1.537399469389706631e-04
7.158590424999999868e+02 1.562398486143164785e-04 1.646460253325048202e-04
7.158593549999999368e+02 1.668056855569183489e-04 1.753829090100490859e-04
7.158596675000000005e+02 2.116848343682070546e-04 1.859062935183234484e-04
7.158599799999999505e+02 1.969410719051885197e-04 1.961809677779292557e-04
7.158602925000000141e+02 2.218331451221234674e-04 2.061798543600929456e-04
7.158606049999999641e+02 1.975281498530098126e-04 2.158830272515058679e-04
7.158609174999999141e+02 1.931447804668991902e-04 2.252767496796799366e-04
7.158612299999999777e+02 2.749341059115053762e-04 2.343525616703814375e-04
7.158615424999999277e+02 2.540114705911892309e-04 2.431064365608720469e-04
7.158618549999999914e+02 2.593882355508719297e-04 2.515380172646765485e-04
7.158621674999999414e+02 2.883438908612788302e-04 2.596499365647295045e-04
7.158624800000000050e+02 2.433811935728671873e-04 2.674472212367844559e-04
7.158627924999999550e+02 3.271436156093064326e-04 2.749367764106150922e-04
7.158631050000000187e+02 2.802010708629954806e-04 2.821269447297771577e-04
7.158634174999999686e+02 3.160861590477100427e-04 2.890271335327718313e-04
7.158637299999999186e+02 3.340323580711210966e-04 2.956475029548229824e-04
7.158640424999999823e+02 2.706015676816565449e-04 3.019987076592360511e-04
7.158643549999999323e+02 2.931166462272229959e-04 3.080916852747778698e-04
7.158646674999999959e+02 3.119598770551395596e-04 3.139374850722531163e-04
7.158649799999999459e+02 3.273292757323872904e-04 3.195471309090947573e-04
7.158652925000000096e+02 3.164169019967395346e-04 3.249315132136579689e-04
7.158656049999999595e+02 3.649005792486143310e-04 3.301013052662264842e-04
7.158659175000000232e+02 3.739951065838962359e-04 3.350668997652375973e-04
7.158662299999999732e+02 3.312718508782483461e-04 3.398383620960708138e-04
7.158665424999999232e+02 3.561602336085356244e-04 3.444253973482600179e-04
7.158668549999999868e+02 3.717991951369538188e-04 3.488373284753622607e-04
7.158671674999999368e+02 3.772818755811830054e-04 3.530830834578253612e-04
7.158674800000000005e+02 3.541092207855924662e-04 3.571711896724590399e-04
7.158677924999999505e+02 3.850537252765840173e-04 3.611097739197829427e-04
7.158681050000000141e+02 3.783179581547608042e-04 3.649065669053122097e-04
7.158684174999999641e+02 4.174278182171804784e-04 3.685689110949778358e-04
7.158687299999999141e+02 4.053553511700840441e-04 3.721037711429429971e-04
7.158690424999999777e+02 3.577292679642234997e-04 3.755177461662596015e-04
7.158693549999999277e+02 4.110446283685798832e-04 3.788170833221045754e-04
7.158696674999999914e+02 4.490255040513285939e-04 3.820076922487290597e-04
7.158699799999999414e+02 3.930830543732818276e-04 3.850951599802669473e-04
7.158702925000000050e+02 4.028463188355709533e-04 3.880847660878794059e-04
7.158706049999999550e+02 4.285210443839735056e-04 3.909814977870972844e-04
7.158709175000000187e+02 3.703240905545607036e-04 3.937900648750211900e-04
7.158712299999999686e+02 4.103967606734081519e-04 3.965149143315235716e-04
7.158715424999999186e+02 3.900197694614259661e-04 3.991602445198697588e-04
7.158718549999999823e+02 4.640170723824629242e-04 4.017300188904455137e-04
7.158721674999999323e+02 4.236598192817087765e-04 4.042279791501941972e-04
7.158724799999999959e+02 4.374637251593076789e-04 4.066576578755376763e-04
7.158727924999999459e+02 4.399057031619259131e-04 4.090223905288796762e-04
7.158731050000000096e+02 4.802194002561264649e-04 4.113253269007208853e-04
7.158734174999999595e+02 3.865089334234650745e-04 4.135694419514666584e-04
7.158737300000000232e+02 4.322228922210926989e-04 4.157575460893938625e-04
7.158740424999999732e+02 4.441768346758399573e-04 4.178922948717500130e-04
7.158743549999999232e+02 4.102979767879392213e-04 4.199761981717940436e-04
7.158746674999999868e+02 4.740519323161907395e-04 4.220116288115000709e-04
7.158749799999999368e+02 4.019985487293243850e-04 4.240008306900388971e-04
7.158752925000000005e+02 4.422920698009697458e-04 4.259459264377359359e-04
7.158756049999999505e+02 4.466029857931101644e-04 4.278489246005701932e-04
7.158759175000000141e+02 4.692531408584115112e-04 4.297117264010064499e-04
7.158762299999999641e+02 4.595151667611289611e-04 4.315361320757071925e-04
7.158765424999999141e+02 4.479174054314414991e-04 4.333238468344169326e-04
7.158768549999999777e+02 4.332477221354401439e-04 4.350764864449801149e-04
7.158771674999999277e+02 4.279947436246752464e-04 4.367955824730094085e-04
7.158774799999999914e+02 4.642449707514074769e-04 4.384825872028187254e-04
7.158777924999999414e+02 4.240647130338656050e-04 4.401388782435686014e-04
7.158781050000000050e+02 4.326442754878865584e-04 4.417657628587181944e-04
7.158784174999999550e+02 4.181255819592469454e-04 4.433644820169282898e-04
7.158787300000000187e+02 4.274413375045521134e-04 4.449362142005572449e-04
7.158790424999999686e+02 4.749030581313464601e-04 4.464820789687171977e-04
7.158793549999999186e+02 3.939096949027701589e-04 4.480031403079706319e-04
7.158796674999999823e+02 4.782873026408312155e-04 4.495004097703251232e-04
7.158799799999999323e+02 4.237158716282769517e-04 4.509748494177442946e-04
7.158802924999999959e+02 3.949423111881116433e-04 4.524273745908569599e-04
7.158806049999999459e+02 4.020057699751564259e-04 4.538588565000726519e-04
7.158809175000000096e+02 4.437188511052687911e-04 4.552701246666517542e-04
7.158812299999999595e+02 4.520032300026178922e-04 4.566619692070522586e-04
7.158815425000000232e+02 4.164158759318926689e-04 4.580351429868067766e-04
7.158818549999999732e+02 4.816992824051436329e-04 4.593903636364471302e-04
7.158821674999999232e+02 4.663126297121882404e-04 4.607283154535728609e-04
7.158824799999999868e+02 4.746655724168718604e-04 4.620496511862735444e-04
7.158827924999999368e+02 4.449576951923578383e-04 4.633549937103621200e-04
7.158831050000000005e+02 4.206257644006083951e-04 4.646449376118823998e-04
7.158834174999999505e+02 4.710757803021947102e-04 4.659200506693434341e-04
7.158837300000000141e+02 4.734855790541292421e-04 4.671808752563226422e-04
7.158840424999999641e+02 4.982949751705475399e-04 4.684279296549594520e-04
7.158843549999999141e+02 5.348545384394176984e-04 4.696617092999164512e-04
7.158846674999999777e+02 4.799958409710734742e-04 4.708826879460773244e-04
7.158849799999999277e+02 4.205467417072495414e-04 4.720913187691988121e-04
7.158852924999999914e+02 4.585781107039798503e-04 4.732880354080438328e-04
7.158856049999999414e+02 4.159032617850891766e-04 4.744732529408971183e-04
7.158859175000000050e+02 4.170302016826698968e-04 4.756473688137491753e-04
7.158862299999999550e+02 4.297439974587794267e-04 4.768107637096350663e-04
7.158865425000000187e+02 4.302419805079548201e-04 4.779638023761278109e-04
