7.069162714999999935e+02 4.230313783705898873e-04 3.915232765221531150e-04
7.069165840000000571e+02 3.906655468891180312e-04 3.917067880497328031e-04
7.069168965000000071e+02 4.468602966540948852e-04 3.918323693952684410e-04
7.069172089999999571e+02 4.365240790655883696e-04 3.918976662549105545e-04
7.069175215000000208e+02 3.939440410013449732e-04 3.919002155457454082e-04
7.069178339999999707e+02 4.506726706520476199e-04 3.918374401884852404e-04
7.069181465000000344e+02 4.025341671716238935e-04 3.917066436776338377e-04
7.069184589999999844e+02 4.088515321750138065e-04 3.915050044397697321e-04
7.069187715000000480e+02 4.080866075901471899e-04 3.912295699813447738e-04
7.069190839999999980e+02 3.865469128494013564e-04 3.908772508321339584e-04
7.069193964999999480e+02 3.702937073454356967e-04 3.904448142895733148e-04
7.069197090000000117e+02 3.853487228932268166e-04 3.899288779768631387e-04
7.069200214999999616e+02 3.914968485928964933e-04 3.893259032294628928e-04
7.069203340000000253e+02 3.948375927075668248e-04 3.886321883270700593e-04
7.069206464999999753e+02 3.843978395841437167e-04 3.878438616016976689e-04
7.069209590000000389e+02 3.685330991750120511e-04 3.869568744469399201e-04
7.069212714999999889e+02 3.807369415590605450e-04 3.859669942763775501e-04
7.069215840000000526e+02 3.861635237153674283e-04 3.848697974708598329e-04
7.069218965000000026e+02 3.839060531262967579e-04 3.836606623846096960e-04
7.069222089999999525e+02 3.995565170773814762e-04 3.823347624710107156e-04
7.069225215000000162e+02 3.888986228580152619e-04 3.808870596235892155e-04
7.069228339999999662e+02 3.988045415915120336e-04 3.793122978320081096e-04
7.069231465000000298e+02 3.681214032498105046e-04 3.776049972685429994e-04
7.069234589999999798e+02 3.599875829834198204e-04 3.757594489627243432e-04
7.069237715000000435e+02 3.608285134887539536e-04 3.737697102150067921e-04
7.069240839999999935e+02 3.647383929495620798e-04 3.716296009669293804e-04
7.069243965000000571e+02 3.237534822007963027e-04 3.693327013364679527e-04
7.069247090000000071e+02 3.568563549039031001e-04 3.668723506092027697e-04
7.069250214999999571e+02 2.957115224257773228e-04 3.642416479707601216e-04
7.069253340000000208e+02 3.293152923335218650e-04 3.614334553572577397e-04
7.069256464999999707e+02 2.831996495250393682e-04 3.584404028269809906e-04
7.069259590000000344e+02 3.347016972127787957e-04 3.552548969109721932e-04
7.069262714999999844e+02 3.099188839619887947e-04 3.518691325046999631e-04
7.069265840000000480e+02 3.162497675829570483e-04 3.482751088750435787e-04
7.069268964999999980e+02 3.102412101519803986e-04 3.444646505078363999e-04
7.069272089999999480e+02 3.325605516953557142e-04 3.404294335327306595e-04
7.069275215000000117e+02 3.024810204558770160e-04 3.361610186246413484e-04
7.069278339999999616e+02 3.007642228398809021e-04 3.316508913375366139e-04
7.069281465000000253e+02 3.128522176955486731e-04 3.268905109231816744e-04
7.069284589999999753e+02 2.629346741531129864e-04 3.218713688513310384e-04
7.069287715000000389e+02 3.230913711554980056e-04 3.165850582620568870e-04
7.069290839999999889e+02 2.882667346867852799e-04 3.110233557894849033e-04
7.069293965000000526e+02 2.911698797536871938e-04 3.051783171750692197e-04
7.069297090000000026e+02 2.884214089639634652e-04 2.990423882860323017e-04
7.069300214999999525e+02 2.952584884214070086e-04 2.926085330840234584e-04
7.069303340000000162e+02 2.409221230235893845e-04 2.858703802219896613e-04
7.069306464999999662e+02 2.810264817590200220e-04 2.788223898493493846e-04
7.069309590000000298e+02 2.618931108097468708e-04 2.714600421063511813e-04
7.069312714999999798e+02 2.348030799504717070e-04 2.637800487076675908e-04
7.069315840000000435e+02 2.155361302254923137e-04 2.557805885990947509e-04
7.069318964999999935e+02 2.113831802104158906e-04 2.474615684385879561e-04
7.069322090000000571e+02 2.277809952432852364e-04 2.388249079285310525e-04
7.069325215000000071e+02 1.998557018793841518e-04 2.298748494818845221e-04
7.069328339999999571e+02 2.033818438055051605e-04 2.206182905874882430e-04
7.069331465000000208e+02 2.094012272424953928e-04 2.110651362509530107e-04
7.069334589999999707e+02 1.844186926237946847e-04 2.012286673772436835e-04
7.069337715000000344e+02 2.054404827400674143e-04 1.911259192915778626e-04
7.069340839999999844e+02 1.744123508634881756e-04 1.807780628105565431e-04
7.069343965000000480e+02 1.748426779079720306e-04 1.702107779393425408e-04
7.069347089999999980e+02 1.547411930010992480e-04 1.594546081887415919e-04
7.069350214999999480e+02 1.247168877949731737e-04 1.485452808712646228e-04
7.069353340000000117e+02 1.563938741050889070e-04 1.375239765764480360e-04
7.069356464999999616e+02 1.391808892985461584e-04 1.264375287198275723e-04
7.069359590000000253e+02 1.506984369735595226e-04 1.153385322850376604e-04
7.069362714999999753e+02 1.119469973955086202e-04 1.042853399011898986e-04
7.069365840000000389e+02 9.478138354750994090e-05 9.334192298139746017e-05
7.069368964999999889e+02 9.805333109052103888e-05 8.257757692824208332e-05
7.069372090000000526e+02 9.071865042661562408e-05 7.206645167357705027e-05
7.069375215000000026e+02 9.507397893876088062e-05 6.188689330882515599e-05
7.069378339999999525e+02 7.266598526667210529e-05 5.212058839579187657e-05
7.069381465000000162e+02 5.900347980322510899e-05 4.285151069131856608e-05
7.069384589999999662e+02 6.303588931298678580e-05 3.416467946526217827e-05
7.069387715000000298e+02 5.475302790257916864e-05 2.614474945823057190e-05
7.069390839999999798e+02 4.817374128885999502e-05 1.887446415057038442e-05
7.069393965000000435e+02 3.631431521949879653e-05 1.243301519981207758e-05
7.069397089999999935e+02 2.994190163828815702e-05 6.894361342247073754e-06
7.069400215000000571e+02 3.046378259858055406e-05 2.325567985746154322e-06
7.069403340000000071e+02 2.723696489627919730e-05 -1.214766135225193953e-06
7.069406464999999571e+02 2.618379238484712553e-05 -3.677927950360525103e-06
7.069409590000000208e+02 1.674208163414694185e-05 -5.026290659754101309e-06
7.069412714999999707e+02 1.878848401035901745e-05 -5.234239905842911308e-06
7.069415840000000344e+02 1.207105086996337282e-05 -4.288781517204648345e-06
7.069418964999999844e+02 5.744356631109426833e-06 -2.189802295129162514e-06
7.069422090000000480e+02 1.256035118162588016e-05 1.050027018797971180e-06
7.069425214999999980e+02 8.495268899024116456e-06 5.405699018489639475e-06
7.069428339999999480e+02 1.632594429204009345e-05 1.084064192915940310e-05
7.069431465000000117e+02 9.166860597795188983e-06 1.730777613392446896e-05
7.069434589999999616e+02 1.819448556505692493e-05 2.475080195596667280e-05
7.069437715000000253e+02 1.395612015182110275e-05 3.310565762260898567e-05
7.069440839999999753e+02 2.259567508323370895e-05 4.230208251655683601e-05
7.069443965000000389e+02 2.794010561141489079e-05 5.226522153869080935e-05
7.069447089999999889e+02 3.555401338229081866e-05 6.291721059157878314e-05
7.069450215000000526e+02 5.061564268577871644e-05 7.417869078235803906e-05
7.069453340000000026e+02 5.410896438004427758e-05 8.597020819426576049e-05
7.069456464999999525e+02 6.042020642428105068e-05 9.821346689559052494e-05
7.069459590000000162e+02 6.160048662018028775e-05 1.108324134313122685e-04
7.069462714999999662e+02 8.852890457090395676e-05 1.237541414191689723e-04
7.069465840000000298e+02 1.194111513115872687e-04 1.369096140011415695e-04
7.069468964999999798e+02 1.191728275189243461e-04 1.502342093560098894e-04
7.069472090000000435e+02 1.149132053159083203e-04 1.636681006895641683e-04
7.069475214999999935e+02 1.406466780375217939e-04 1.771564860816393855e-04
7.069478340000000571e+02 1.603023213121894722e-04 1.906496865589916078e-04
7.069481465000000071e+02 1.637105812380066619e-04 2.041031317520502629e-04
7.069484589999999571e+02 1.827126826460565392e-04 2.174772529586991990e-04
7.069487715000000208e+02 1.894827170811151488e-04 2.307373024363340163e-04
7.069490839999999707e+02 2.324240114513751224e-04 2.438531165516097377e-04
7.069493965000000344e+02 2.303356866654030551e-04 2.567988386374721603e-04
7.069497089999999844e+02 2.611605306183757084e-04 2.695526152384100736e-04
7.069500215000000480e+02 2.818334838454203232e-04 2.820962776186718298e-04
7.069503339999999980e+02 2.850246330661956439e-04 2.944150180793768281e-04
7.069506464999999480e+02 2.808481678467711416e-04 3.064970690176913861e-04
7.069509590000000117e+02 3.010078230543632161e-04 3.183333906701510310e-04
7.069512714999999616e+02 3.680962305163745373e-04 3.299173721174504526e-04
7.069515840000000253e+02 3.347061999252519621e-04 3.412445488071055963e-04
7.069518964999999753e+02 3.618731833872423725e-04 3.523123386000493362e-04
7.069522090000000389e+02 3.722197821342505624e-04 3.631197976785740362e-04
7.069525214999999889e+02 4.237505679945142967e-04 3.736673966663779114e-04
7.069528340000000526e+02 3.586938647173095189e-04 3.839568170071954258e-04
7.069531465000000026e+02 4.016861282811268262e-04 3.939907669666093499e-04
7.069534589999999525e+02 4.017044900231289141e-04 4.037728165558214359e-04
7.069537715000000162e+02 4.560937538535639628e-04 4.133072502469253601e-04
7.069540839999999662e+02 4.151583972436608699e-04 4.225989363474635355e-04
7.069543965000000298e+02 4.306498636236539440e-04 4.316532118199927479e-04
7.069547089999999798e+02 5.027513879269951717e-04 4.404757811882153659e-04
7.069550215000000435e+02 4.335091218925610397e-04 4.490726283707996880e-04
7.069553339999999935e+02 4.537306978653910254e-04 4.574499401106596930e-04
7.069556465000000571e+02 5.414969221966940433e-04 4.656140399312103475e-04
7.069559590000000071e+02 5.225941168472828576e-04 4.735713314162571185e-04
7.069562714999999571e+02 5.547202333738859457e-04 4.813282498807170263e-04
7.069565840000000208e+02 5.428479016510092282e-04 4.888912214082792758e-04
7.069568964999999707e+02 5.496455903055083320e-04 4.962666284193412852e-04
7.069572090000000344e+02 5.315481035183465238e-04 5.034607810054684759e-04
7.069575214999999844e+02 4.972808927332394470e-04 5.104798932492084218e-04
7.069578340000000480e+02 5.570915360384086574e-04 5.173300639706231597e-04
7.069581464999999980e+02 5.396220033738719467e-04 5.240172612424975722e-04
7.069584589999999480e+02 6.237188636097016486e-04 5.305473102419009908e-04
7.069587715000000117e+02 5.517471632227785019e-04 5.369258839204135887e-04
7.069590839999999616e+02 5.756040718512535305e-04 5.431584961174614227e-04
7.069593965000000253e+02 6.034878238928495509e-04 5.492504967841572560e-04
7.069597089999999753e+02 5.837410650878548449e-04 5.552070689490428172e-04
7.069600215000000389e+02 6.387288121850525843e-04 5.610332272228315403e-04
7.069603339999999889e+02 5.941748332954029967e-04 5.667338175325458208e-04
7.069606465000000526e+02 5.970387554514957782e-04 5.723135179464450316e-04
7.069609590000000026e+02 5.895157665437133609e-04 5.777768403410848096e-04
7.069612714999999525e+02 5.993687220085474297e-04 5.831281328182866741e-04
7.069615840000000162e+02 5.614298312349158679e-04 5.883715826850591333e-04
7.069618964999999662e+02 6.178261000481514347e-04 5.935112199010638464e-04
7.069622090000000298e+02 6.269387301988120671e-04 5.985509209113979139e-04
7.069625214999999798e+02 6.501828132469061406e-04 6.034944127317837465e-04
7.069628340000000435e+02 6.594081428932442200e-04 6.083452772707391822e-04
7.069631464999999935e+02 6.893512625866249095e-04 6.131069557677289389e-04
7.069634590000000571e+02 6.363982770805339060e-04 6.177827533521631923e-04
7.069637715000000071e+02 6.744949791767612494e-04 6.223758436223450399e-04
7.069640839999999571e+02 6.586181829394757714e-04 6.268892732610259434e-04
7.069643965000000208e+02 6.764438944452821510e-04 6.313259666135787474e-04
7.069647089999999707e+02 6.382203631595740256e-04 6.356887302209987154e-04
7.069650215000000344e+02 5.882296601604352238e-04 6.399802573022849014e-04
7.069653339999999844e+02 6.444095988050199762e-04 6.442031321294503779e-04
7.069656465000000480e+02 6.594792843665838074e-04 6.483598343308539071e-04
7.069659589999999980e+02 7.045797697095841465e-04 6.524527430623632473e-04
7.069662714999999480e+02 6.656471254848090723e-04 6.564841410860769964e-04
7.069665840000000117e+02 7.208603250986747937e-04 6.604562187125165426e-04
7.069668964999999616e+02 7.226973406959374003e-04 6.643710776178958066e-04
7.069672090000000253e+02 6.503585181288885041e-04 6.682307345478223247e-04
7.069675214999999753e+02 6.164279809419732784e-04 6.720371248703924582e-04
7.069678340000000389e+02 6.997892038240196514e-04 6.757921060225669570e-04
7.069681464999999889e+02 6.757133485620329559e-04 6.794974608055467588e-04
7.069684590000000526e+02 6.769360042140049570e-04 6.831549005748787208e-04
7.069687715000000026e+02 6.300706428414831056e-04 6.867660682835464644e-04
7.069690839999999525e+02 6.856333614884354850e-04 6.903325414223746969e-04
7.069693965000000162e+02 7.418405045488187530e-04 6.938558348270183361e-04
7.069697089999999662e+02 7.358714220813277092e-04 6.973374033683855900e-04
7.069700215000000298e+02 7.188041857701202861e-04 7.007786445422593997e-04
7.069703339999999798e+02 6.629997173538259170e-04 7.041809009298572982e-04
7.069706465000000435e+02 6.655964280785310258e-04 7.075454625721692243e-04
7.069709589999999935e+02 7.517436919507023861e-04 7.108735692216888767e-04
7.069712715000000571e+02 7.101795494584226811e-04 7.141664125148730830e-04
7.069715840000000071e+02 7.571438133738922710e-04 7.174251380298649321e-04
7.069718964999999571e+02 6.816568849189817269e-04 7.206508472707577649e-04
7.069722090000000208e+02 7.133948762956230944e-04 7.238445995518734974e-04
7.069725214999999707e+02 7.142297029953599856e-04 7.270074137979188906e-04
7.069728340000000344e+02 7.133801207880398386e-04 7.301402702748474235e-04
7.069731464999999844e+02 7.220177784330697760e-04 7.332441122259968080e-04
7.069734590000000480e+02 7.115668422392261265e-04 7.363198474524704305e-04
7.069737714999999980e+02 7.084807008937389280e-04 7.393683498045060124e-04
7.069740839999999480e+02 7.453206349151958844e-04 7.423904606220048386e-04
7.069743965000000117e+02 7.472081276292914321e-04 7.453869900990855177e-04
7.069747089999999616e+02 7.231470524787463310e-04 7.483587185870024762e-04
7.069750215000000253e+02 7.490696846038259879e-04 7.513063978488903130e-04
7.069753339999999753e+02 7.255767945818060796e-04 7.542307522419323127e-04
7.069756465000000389e+02 7.658249698772915618e-04 7.571324798630248458e-04
7.069759589999999889e+02 6.880613372837753559e-04 7.600122536260914968e-04
7.069762715000000526e+02 7.120134235757087432e-04 7.628707223074735096e-04
7.069765840000000026e+02 7.650124606795940000e-04 7.657085115278781419e-04
7.069768964999999525e+02 7.579421980499247147e-04 7.685262247055707268e-04
7.069772090000000162e+02 7.281455455676569440e-04 7.713244439567521014e-04
7.069775214999999662e+02 7.412002114037640876e-04 7.741037309556892581e-04
7.069778340000000298e+02 7.117475534167642254e-04 7.768646277664909656e-04
7.069781464999999798e+02 6.657548596511211848e-04 7.796076576230046408e-04
7.069784590000000435e+02 7.178323579287771740e-04 7.823333256898863750e-04
