7.048718820000000278e+02 3.458361408546539771e-04 3.677713036770009986e-04
7.048721944999999778e+02 3.588740642890257291e-04 3.676714430720464158e-04
7.048725070000000414e+02 4.038168493180464315e-04 3.675374819163006223e-04
7.048728194999999914e+02 3.844312167984233631e-04 3.673681736872939549e-04
7.048731320000000551e+02 3.815672766600778504e-04 3.671622189683010980e-04
7.048734445000000051e+02 3.799698981029510782e-04 3.669182630243807987e-04
7.048737570000000687e+02 3.566236905877177930e-04 3.666348932703550507e-04
7.048740695000000187e+02 3.893426064236696219e-04 3.663106366301498639e-04
7.048743820000000824e+02 3.950632836681467201e-04 3.659439567818995064e-04
7.048746945000000323e+02 4.156949247589849725e-04 3.655332512897058661e-04
7.048750069999999823e+02 3.823532851076299316e-04 3.650768486164232118e-04
7.048753195000000460e+02 3.434343925110595083e-04 3.645730050190234260e-04
7.048756319999999960e+02 3.728491814062466535e-04 3.640199013247404688e-04
7.048759445000000596e+02 3.457097566250512746e-04 3.634156395856227070e-04
7.048762570000000096e+02 3.732782425553137244e-04 3.627582396171882047e-04
7.048765695000000733e+02 3.093243729492370126e-04 3.620456354167729844e-04
7.048768820000000233e+02 3.879883772921518658e-04 3.612756714718463728e-04
7.048771944999999732e+02 3.523750553802625909e-04 3.604460989557130876e-04
7.048775070000000369e+02 3.806188609865467001e-04 3.595545718233490815e-04
7.048778194999999869e+02 3.150462773769490245e-04 3.585986428141009507e-04
7.048781320000000505e+02 3.849130657259775229e-04 3.575757593687757096e-04
7.048784445000000005e+02 3.897470444965477976e-04 3.564832594839123254e-04
7.048787570000000642e+02 3.306860806715550055e-04 3.553183675100700942e-04
7.048790695000000142e+02 3.399910255814420123e-04 3.540781899277821811e-04
7.048793820000000778e+02 3.885727882176028469e-04 3.527597111147704910e-04
7.048796945000000278e+02 3.072246187885417667e-04 3.513597891496973388e-04
7.048800069999999778e+02 3.502538786887375165e-04 3.498751516763824797e-04
7.048803195000000414e+02 3.265884606582708039e-04 3.483023918848953977e-04
7.048806319999999914e+02 3.069304121066163734e-04 3.466379646585263530e-04
7.048809445000000551e+02 3.370181196380162003e-04 3.448781829424605108e-04
7.048812570000000051e+02 3.625190622545734613e-04 3.430192144219716232e-04
7.048815695000000687e+02 3.376598344733520453e-04 3.410570785762224847e-04
7.048818820000000187e+02 3.150701228184639262e-04 3.389876442269296815e-04
7.048821945000000824e+02 3.029653854490795386e-04 3.368066276744961871e-04
7.048825070000000323e+02 3.311947808345318939e-04 3.345095915763531490e-04
7.048828194999999823e+02 3.186579910269858118e-04 3.320919446959464858e-04
7.048831320000000460e+02 3.358595414707373720e-04 3.295489427153960719e-04
7.048834444999999960e+02 3.707074492183107294e-04 3.268756903037921724e-04
7.048837570000000596e+02 3.441687188925198425e-04 3.240671446573409960e-04
7.048840695000000096e+02 3.241105893643779511e-04 3.211181207927034874e-04
7.048843820000000733e+02 3.154015500689460517e-04 3.180232988546123499e-04
7.048846945000000233e+02 2.979783702972598272e-04 3.147772337993684543e-04
7.048850069999999732e+02 2.902277716740210133e-04 3.113743677907996102e-04
7.048853195000000369e+02 3.127761131965707303e-04 3.078090457498631875e-04
7.048856319999999869e+02 2.726148713163879800e-04 3.040755345095842222e-04
7.048859445000000505e+02 2.912118260772782923e-04 3.001680460730408529e-04
7.048862570000000005e+02 2.929060178138437743e-04 2.960807655731315254e-04
7.048865695000000642e+02 2.869110082334344332e-04 2.918078845119274531e-04
7.048868820000000142e+02 2.557872145536049129e-04 2.873436400010008344e-04
7.048871945000000778e+02 2.724890346434726061e-04 2.826823606858922607e-04
7.048875070000000278e+02 2.420429241235266826e-04 2.778185201876067910e-04
7.048878194999999778e+02 2.470842346933051084e-04 2.727467988411525499e-04
7.048881320000000414e+02 2.646903514074784624e-04 2.674621546410026890e-04
7.048884444999999914e+02 2.130523826567975033e-04 2.619599042731669564e-04
7.048887570000000551e+02 2.553998865481469727e-04 2.562358151159246835e-04
7.048890695000000051e+02 2.444098261332334479e-04 2.502862091465204238e-04
7.048893820000000687e+02 2.472368519548694067e-04 2.441080795329934601e-04
7.048896945000000187e+02 2.189907287318060617e-04 2.376992207334790096e-04
7.048900070000000824e+02 2.170976682295867074e-04 2.310583726541491796e-04
7.048903195000000323e+02 2.439300134156133779e-04 2.241853793626788396e-04
7.048906319999999823e+02 2.613010824048216519e-04 2.170813624423395050e-04
7.048909445000000460e+02 1.876872744160009029e-04 2.097489088499314284e-04
7.048912569999999960e+02 2.097290594747969650e-04 2.021922726091721252e-04
7.048915695000000596e+02 2.103728841524498598e-04 1.944175891039726404e-04
7.048918820000000096e+02 1.669370307155240685e-04 1.864331001522138694e-04
7.048921945000000733e+02 1.827893067112888953e-04 1.782493870791132084e-04
7.048925070000000233e+02 1.588412615391162166e-04 1.698796082479937786e-04
7.048928194999999732e+02 1.590245746922332149e-04 1.613397362651708552e-04
7.048931320000000369e+02 1.517450130021926976e-04 1.526487890691237545e-04
7.048934444999999869e+02 1.575958757768523627e-04 1.438290477627432722e-04
7.048937570000000505e+02 1.081946279079187357e-04 1.349062527554269252e-04
7.048940695000000005e+02 1.426493918069562190e-04 1.259097686317966688e-04
7.048943820000000642e+02 1.160612327831365292e-04 1.168727068264764738e-04
7.048946945000000142e+02 9.653471474184021099e-05 1.078319944350073536e-04
7.048950070000000778e+02 8.991475071472938754e-05 9.882837665539809734e-05
7.048953195000000278e+02 8.276079943728400427e-05 8.990634039456617450e-05
7.048956319999999778e+02 8.689036907935846865e-05 8.111394679601889915e-05
7.048959445000000414e+02 6.981626389669464122e-05 7.250256179159385414e-05
7.048962569999999914e+02 7.730871683679573186e-05 6.412647567753868819e-05
7.048965695000000551e+02 6.195359605340351467e-05 5.604240566393856726e-05
7.048968820000000051e+02 5.845440004731630458e-05 4.830887935421356955e-05
7.048971945000000687e+02 5.604061392770504513e-05 4.098550174691332619e-05
7.048975070000000187e+02 4.879542948501709959e-05 3.413211410902592340e-05
7.048978195000000824e+02 5.537868689987469168e-05 2.780785897835202629e-05
7.048981320000000323e+02 4.355114320447940634e-05 2.207017199763215763e-05
7.048984444999999823e+02 3.460564202878547388e-05 1.697372714332803098e-05
7.048987570000000460e+02 2.748804430738027287e-05 1.256936733727992394e-05
7.048990694999999960e+02 2.531206566541536351e-05 8.903056387481529568e-06
7.048993820000000596e+02 1.660508699087815895e-05 6.014890563198698226e-06
7.048996945000000096e+02 1.618380594763738428e-05 3.938208413138392232e-06
7.049000070000000733e+02 1.269405608563780478e-05 2.698835307762338296e-06
7.049003195000000233e+02 1.299742483271230954e-05 2.314494861178009823e-06
7.049006319999999732e+02 1.660258561167367376e-05 2.794412761035493966e-06
7.049009445000000369e+02 2.512925978872568567e-06 4.139130223572322317e-06
7.049012569999999869e+02 3.141926105385178998e-06 6.340534695803065026e-06
7.049015695000000505e+02 5.227222830668130827e-06 9.382105365790656350e-06
7.049018820000000005e+02 5.410943439762133848e-06 1.323936115259812759e-05
7.049021945000000642e+02 1.818354944638301947e-05 1.788048997835391918e-05
7.049025070000000142e+02 1.410800871741476115e-05 2.326713071327415777e-05
7.049028195000000778e+02 7.334449878617046047e-06 2.935527392671290575e-05
7.049031320000000278e+02 2.788780047831898443e-05 3.609624440405849590e-05
7.049034444999999778e+02 2.989598595588052518e-05 4.343772772740392239e-05
7.049037570000000414e+02 3.178601198923641666e-05 5.132480447345081877e-05
7.049040694999999914e+02 6.149005147707678801e-05 5.970095883877651216e-05
7.049043820000000551e+02 4.560472435857802146e-05 6.850903310555139911e-05
7.049046945000000051e+02 7.109316010884393991e-05 7.769210475431541168e-05
7.049050070000000687e+02 9.777192658791146994e-05 8.719426913982145132e-05
7.049053195000000187e+02 9.231531106421178253e-05 9.696131639064738714e-05
7.049056320000000824e+02 8.145057417169096069e-05 1.069412969831103364e-04
7.049059445000000323e+02 8.976025905336437976e-05 1.170849751758458961e-04
7.049062569999999823e+02 1.148836059791004535e-04 1.273461738609147026e-04
7.049065695000000460e+02 8.669857507223753990e-05 1.376820174531152884e-04
7.049068819999999960e+02 1.564205811559604828e-04 1.480530819373433444e-04
7.049071945000000596e+02 1.298181649502614808e-04 1.584234627335376962e-04
7.049075070000000096e+02 1.588017115321322314e-04 1.687607717000018913e-04
7.049078195000000733e+02 1.687379637285378576e-04 1.790360749784151442e-04
7.049081320000000233e+02 1.712228893867086569e-04 1.892237828244046653e-04
7.049084444999999732e+02 1.882439806691583398e-04 1.993015021150269469e-04
7.049087570000000369e+02 2.146950274020673131e-04 2.092498610743010563e-04
7.049090694999999869e+02 2.331069940945115022e-04 2.190523148008488162e-04
7.049093820000000505e+02 1.955334693296229215e-04 2.286949390234036201e-04
7.049096945000000005e+02 2.603942614634024164e-04 2.381662182296320339e-04
7.049100070000000642e+02 2.415830604724351319e-04 2.474568334059381843e-04
7.049103195000000142e+02 2.600906381092754193e-04 2.565594533771078370e-04
7.049106320000000778e+02 2.733714690611384096e-04 2.654685330322554735e-04
7.049109445000000278e+02 2.924508025746149821e-04 2.741801206925742690e-04
7.049112569999999778e+02 3.016124860026546633e-04 2.826916763890055767e-04
7.049115695000000414e+02 2.997305916315535406e-04 2.910019020456340306e-04
7.049118819999999914e+02 3.027619406410003364e-04 2.991105841978253157e-04
7.049121945000000551e+02 3.233528743950720308e-04 3.070184494794450853e-04
7.049125070000000051e+02 3.483520554244046641e-04 3.147270327055114733e-04
7.049128195000000687e+02 3.383424386654993181e-04 3.222385573093226874e-04
7.049131320000000187e+02 3.766381506704648144e-04 3.295558275386117853e-04
7.049134445000000824e+02 3.006085688606914140e-04 3.366821318772493955e-04
7.049137570000000323e+02 3.123286807678518759e-04 3.436211569039996760e-04
7.049140694999999823e+02 3.794110150351147175e-04 3.503769109261117300e-04
7.049143820000000460e+02 3.920329833344319507e-04 3.569536565593702622e-04
7.049146944999999960e+02 3.450118167108238553e-04 3.633558515229924103e-04
7.049150070000000596e+02 3.672695409468640002e-04 3.695880969309292790e-04
7.049153195000000096e+02 4.010775831737378792e-04 3.756550923097542625e-04
7.049156320000000733e+02 3.750865460285058911e-04 3.815615967412714022e-04
7.049159445000000233e+02 3.854134089542724417e-04 3.873123954254644613e-04
7.049162569999999732e+02 3.781794581103107254e-04 3.929122711454591482e-04
7.049165695000000369e+02 3.930982088112036079e-04 3.983659800385765766e-04
7.049168819999999869e+02 4.197127815010596487e-04 4.036782312006874265e-04
7.049171945000000505e+02 3.865977966815649825e-04 4.088536696910286352e-04
7.049175070000000005e+02 4.127114461060723432e-04 4.138968624799457211e-04
7.049178195000000642e+02 4.468480226937366620e-04 4.188122870306665020e-04
7.049181320000000142e+02 4.455138082593840926e-04 4.236043221237395799e-04
7.049184445000000778e+02 4.165396043823780788e-04 4.282772406867059911e-04
7.049187570000000278e+02 4.457467443193264536e-04 4.328352043076601576e-04
7.049190694999999778e+02 4.897230846269276039e-04 4.372822592522416824e-04
7.049193820000000414e+02 4.923771560154843914e-04 4.416223337328525726e-04
7.049196944999999914e+02 4.936525494953035572e-04 4.458592362643770961e-04
7.049200070000000551e+02 4.955228948630308744e-04 4.499966549592908827e-04
7.049203195000000051e+02 5.020254287856644373e-04 4.540381575810580441e-04
7.049206320000000687e+02 4.704911437823388102e-04 4.579871922787725797e-04
7.049209445000000187e+02 4.508458366627898957e-04 4.618470888457908976e-04
7.049212570000000824e+02 4.828916552834708721e-04 4.656210604543399318e-04
7.049215695000000323e+02 4.888854685681063997e-04 4.693122057373817703e-04
7.049218819999999823e+02 5.047294847372952101e-04 4.729235111896619285e-04
7.049221945000000460e+02 5.281846058203488667e-04 4.764578537910245425e-04
7.049225069999999960e+02 4.974490338136125685e-04 4.799180038129611451e-04
7.049228195000000596e+02 4.475702107833820129e-04 4.833066277745564298e-04
7.049231320000000096e+02 5.312973675701956541e-04 4.866262914767974365e-04
7.049234445000000733e+02 4.485126217486433246e-04 4.898794631206280321e-04
7.049237570000000233e+02 5.193675132192916797e-04 4.930685164407711592e-04
7.049240694999999732e+02 4.716018918931900940e-04 4.961957338687910963e-04
7.049243820000000369e+02 4.931994946042543007e-04 4.992633096751739660e-04
7.049246944999999869e+02 5.246022339088438893e-04 5.022733530859728067e-04
7.049250070000000505e+02 5.589846434830123174e-04 5.052278913706770508e-04
7.049253195000000005e+02 4.757518420324319047e-04 5.081288728623646871e-04
7.049256320000000642e+02 5.260100902263536646e-04 5.109781699347913219e-04
7.049259445000000142e+02 5.355177550871273754e-04 5.137775818946549488e-04
7.049262570000000778e+02 4.905706797721329660e-04 5.165288378170947116e-04
7.049265695000000278e+02 4.966266933939162981e-04 5.192335992868933516e-04
7.049268819999999778e+02 4.849566590273112756e-04 5.218934630738723780e-04
7.049271945000000414e+02 5.282416727746299919e-04 5.245099637150073615e-04
7.049275069999999914e+02 5.227598028664526015e-04 5.270845760123921185e-04
7.049278195000000551e+02 5.046124120778213958e-04 5.296187174555984411e-04
7.049281320000000051e+02 5.481134135599829461e-04 5.321137505449417002e-04
7.049284445000000687e+02 4.885518181069300114e-04 5.345709850451921697e-04
7.049287570000000187e+02 5.303390973810738051e-04 5.369916801411801473e-04
7.049290695000000824e+02 5.226822309856747140e-04 5.393770465256618593e-04
7.049293820000000323e+02 4.913989787109426799e-04 5.417282483924109162e-04
7.049296944999999823e+02 5.599721612195627087e-04 5.440464053636990573e-04
7.049300070000000460e+02 5.551607177061108683e-04 5.463325943322281395e-04
7.049303194999999960e+02 5.466193150032120241e-04 5.485878512286079031e-04
7.049306320000000596e+02 5.778755887770486467e-04 5.508131727246078774e-04
7.049309445000000096e+02 5.077901772904759624e-04 5.530095178538711439e-04
7.049312570000000733e+02 5.716077170468046543e-04 5.551778095778105116e-04
7.049315695000000233e+02 5.014676470987585984e-04 5.573189362731148164e-04
7.049318819999999732e+02 5.702960435277702311e-04 5.594337531680242809e-04
7.049321945000000369e+02 5.520908485619807540e-04 5.615230837098070683e-04
7.049325069999999869e+02 5.702875875595003448e-04 5.635877208738772435e-04
7.049328195000000505e+02 5.863856636230324257e-04 5.656284284241872799e-04
7.049331320000000005e+02 5.714560338101986985e-04 5.676459421082851332e-04
7.049334445000000642e+02 5.104425227020129149e-04 5.696409708124726759e-04
7.049337570000000142e+02 5.387613985991171603e-04 5.716141976554314297e-04
7.049340695000000778e+02 5.514147243821842983e-04 5.735662810458710004e-04
