7.075464680000000044e+02 3.456851610840213740e-04 3.697487429727531832e-04
7.075467804999999544e+02 3.429823583632142427e-04 3.702428627190546256e-04
7.075470930000000180e+02 4.163276399532338788e-04 3.706911665052977007e-04
7.075474054999999680e+02 4.315746635905124535e-04 3.710918313169073363e-04
7.075477180000000317e+02 3.835824458311016790e-04 3.714429503749261483e-04
7.075480304999999817e+02 4.223086810631281854e-04 3.717425289977616576e-04
7.075483430000000453e+02 3.950358806588924509e-04 3.719884802704167149e-04
7.075486554999999953e+02 3.937702553112437101e-04 3.721786205116848676e-04
7.075489680000000590e+02 4.124947380435134143e-04 3.723106645379361179e-04
7.075492805000000089e+02 4.064005603248605240e-04 3.723822207166031296e-04
7.075495929999999589e+02 3.521511227059854923e-04 3.723907858085293075e-04
7.075499055000000226e+02 3.452081792919746645e-04 3.723337395958266132e-04
7.075502179999999726e+02 4.014438155538553772e-04 3.722083392960739956e-04
7.075505305000000362e+02 3.612570695757318681e-04 3.720117137637627205e-04
7.075508429999999862e+02 3.133773398851873691e-04 3.717408574839477947e-04
7.075511555000000499e+02 3.767498267852873220e-04 3.713926243633838137e-04
7.075514679999999998e+02 4.248655436791763510e-04 3.709637213316105235e-04
7.075517804999999498e+02 3.639274970676970077e-04 3.704507017631501731e-04
7.075520930000000135e+02 3.810727602335874944e-04 3.698499587423600813e-04
7.075524054999999635e+02 3.658318030294869833e-04 3.691577181949120732e-04
7.075527180000000271e+02 4.195579563658022879e-04 3.683700319140128534e-04
7.075530304999999771e+02 3.604023143747111689e-04 3.674827705262265123e-04
7.075533430000000408e+02 3.461430247475891057e-04 3.664916164368237170e-04
7.075536554999999908e+02 3.887807875516427979e-04 3.653920568223292050e-04
7.075539680000000544e+02 3.617708222430450005e-04 3.641793767306653919e-04
7.075542805000000044e+02 3.806674457151926249e-04 3.628486523855315349e-04
7.075545929999999544e+02 3.359481202191352952e-04 3.613947447843202793e-04
7.075549055000000180e+02 3.125804550302814316e-04 3.598122937205562762e-04
7.075552179999999680e+02 3.250607902941693070e-04 3.580957123702232007e-04
7.075555305000000317e+02 3.453947993345911458e-04 3.562391826029860653e-04
7.075558429999999817e+02 3.843693010729791210e-04 3.542366512303271120e-04
7.075561555000000453e+02 3.317722618390455433e-04 3.520818274007548633e-04
7.075564679999999953e+02 3.575851461717569351e-04 3.497681814309744406e-04
7.075567805000000590e+02 3.480605050833498440e-04 3.472889453593379708e-04
7.075570930000000089e+02 3.015265655832966539e-04 3.446371156043516806e-04
7.075574054999999589e+02 2.710937619508944430e-04 3.418054581138034410e-04
7.075577180000000226e+02 2.728575529347989064e-04 3.387865164977247896e-04
7.075580304999999726e+02 2.954392679047939318e-04 3.355726236764974011e-04
7.075583430000000362e+02 3.348384397971494991e-04 3.321559176441715266e-04
7.075586554999999862e+02 2.965217250586444741e-04 3.285283620695291125e-04
7.075589680000000499e+02 2.825919784100759452e-04 3.246817724803876030e-04
7.075592804999999998e+02 2.211521865994618067e-04 3.206078489479476817e-04
7.075595929999999498e+02 2.502922187203624545e-04 3.162982162082433250e-04
7.075599055000000135e+02 3.074144902653193844e-04 3.117444723374427880e-04
7.075602179999999635e+02 2.658761016505859658e-04 3.069382471603460442e-04
7.075605305000000271e+02 2.895183900490415699e-04 3.018712716723905812e-04
7.075608429999999771e+02 2.666247899450635995e-04 2.965354599209080047e-04
7.075611555000000408e+02 2.535315436030833734e-04 2.909230047880966832e-04
7.075614679999999908e+02 3.036500135038413639e-04 2.850264893099454990e-04
7.075617805000000544e+02 2.051588881793644636e-04 2.788390150972760409e-04
7.075620930000000044e+02 2.507413171408175308e-04 2.723543495700137657e-04
7.075624054999999544e+02 2.287943328041711760e-04 2.655670935522916462e-04
7.075627180000000180e+02 2.642593845086824134e-04 2.584728707993210394e-04
7.075630304999999680e+02 1.965011510239162676e-04 2.510685407710993027e-04
7.075633430000000317e+02 2.563015482080918889e-04 2.433524356712899080e-04
7.075636554999999817e+02 1.834435755686938464e-04 2.353246224458869595e-04
7.075639680000000453e+02 2.331327284856359538e-04 2.269871897096601180e-04
7.075642804999999953e+02 1.973590720257249352e-04 2.183445589807583636e-04
7.075645930000000590e+02 1.758624236782041917e-04 2.094038184469798538e-04
7.075649055000000089e+02 1.847211810992985845e-04 2.001750764676239270e-04
7.075652179999999589e+02 1.803262022324235913e-04 1.906718303562573091e-04
7.075655305000000226e+02 1.877280206756298169e-04 1.809113444395163677e-04
7.075658429999999726e+02 1.695474891513970757e-04 1.709150292965745514e-04
7.075661555000000362e+02 1.494784118812097292e-04 1.607088118700180659e-04
7.075664679999999862e+02 1.786965570126617417e-04 1.503234838938624564e-04
7.075667805000000499e+02 1.447365102357512918e-04 1.397950134333164835e-04
7.075670929999999998e+02 1.517090520998326476e-04 1.291648021726240331e-04
7.075674054999999498e+02 9.432810022508481863e-05 1.184798686987782100e-04
7.075677180000000135e+02 1.453533681684961805e-04 1.077929365460123060e-04
7.075680304999999635e+02 8.768576087054862544e-05 9.716240466027528861e-05
7.075683430000000271e+02 9.903706016339850827e-05 8.665217798013935763e-05
7.075686554999999771e+02 1.284074170482288834e-04 7.633133731484219395e-05
7.075689680000000408e+02 1.230056951812884085e-04 6.627363041634498847e-05
7.075692804999999908e+02 5.835292073444411123e-05 5.655677111344753499e-05
7.075695930000000544e+02 5.936926683737816883e-05 4.726153977036707507e-05
7.075699055000000044e+02 6.389604828922315128e-05 3.847068706348721521e-05
7.075702179999999544e+02 6.560114959944007883e-05 3.026765296055596569e-05
7.075705305000000180e+02 3.329721763280391207e-05 2.273512426002020315e-05
7.075708429999999680e+02 4.506003393913853998e-05 1.595346567247256879e-05
7.075711555000000317e+02 4.260868549958633062e-05 9.999070783150076566e-06
7.075714679999999817e+02 5.168743267164361844e-05 4.942689228813212208e-06
7.075717805000000453e+02 2.798071850049696293e-05 8.477937026222428758e-07
7.075720929999999953e+02 3.699488661435743731e-05 -2.230945498176114432e-06
7.075724055000000590e+02 2.551853784450060767e-05 -4.249011047282653460e-06
7.075727180000000089e+02 2.036821943606828341e-05 -5.173151713863334458e-06
7.075730304999999589e+02 2.102198759281417945e-05 -4.982204988171060223e-06
7.075733430000000226e+02 1.088783123897415162e-05 -3.667589600723654776e-06
7.075736554999999726e+02 1.683386936565578522e-05 -1.233444965453885857e-06
7.075739680000000362e+02 7.006098000408537629e-06 2.303587085416971778e-06
7.075742804999999862e+02 9.873475992250814654e-06 6.914924252022901178e-06
7.075745930000000499e+02 1.269881986501844820e-05 1.256091809777552493e-05
7.075749054999999998e+02 6.063470473055688592e-06 1.919199472325594014e-05
7.075752179999999498e+02 5.907008054811142613e-06 2.675000489686590874e-05
7.075755305000000135e+02 1.403343360230997075e-05 3.516972007031155217e-05
7.075758429999999635e+02 9.992960780077467416e-06 4.438040868450816986e-05
7.075761555000000271e+02 3.743376779372672140e-05 5.430742935174351680e-05
7.075764679999999771e+02 3.114689569997462879e-05 6.487378312867894377e-05
7.075767805000000408e+02 3.031493253696243307e-05 7.600157574695700659e-05
7.075770929999999908e+02 3.860034486368561915e-05 8.761335064019303129e-05
7.075774055000000544e+02 7.995191594666091884e-05 9.963326477554362588e-05
7.075777180000000044e+02 6.814511411226311505e-05 1.119880898435639840e-04
7.075780304999999544e+02 8.842923189900392270e-05 1.246080315753334228e-04
7.075783430000000180e+02 1.004310672947949682e-04 1.374273683371429560e-04
7.075786554999999680e+02 1.353823017944604879e-04 1.503849172890865823e-04
7.075789680000000317e+02 1.184156531221233164e-04 1.634243416558827701e-04
7.075792804999999817e+02 1.488193529797459226e-04 1.764943160599076238e-04
7.075795930000000453e+02 1.266338743151739898e-04 1.895485691702138305e-04
7.075799054999999953e+02 1.854225146383210818e-04 2.025458233637147389e-04
7.075802180000000590e+02 1.510373030071601860e-04 2.154496510959289521e-04
7.075805305000000089e+02 1.988300387446340393e-04 2.282282662946342631e-04
7.075808429999999589e+02 2.062596031958374135e-04 2.408542677724738262e-04
7.075811555000000226e+02 2.213335245575344162e-04 2.533043494536759972e-04
7.075814679999999726e+02 2.149744188558713384e-04 2.655589902940930875e-04
7.075817805000000362e+02 3.086372270016590671e-04 2.776021346779337928e-04
7.075820929999999862e+02 2.452001864821533382e-04 2.894208719174671315e-04
7.075824055000000499e+02 2.822406443493539379e-04 3.010051218878313393e-04
7.075827179999999998e+02 3.421959140426989506e-04 3.123473319041913964e-04
7.075830304999999498e+02 2.917431766378743730e-04 3.234421887905093327e-04
7.075833430000000135e+02 3.920053634145908585e-04 3.342863486351233654e-04
7.075836554999999635e+02 3.192042326200649361e-04 3.448781858747750582e-04
7.075839680000000271e+02 3.835552649099647831e-04 3.552175625294829667e-04
7.075842804999999771e+02 3.752847157413306042e-04 3.653056176366667593e-04
7.075845930000000408e+02 3.904861686660784470e-04 3.751445766593986160e-04
7.075849054999999908e+02 4.119738016334782878e-04 3.847375800421920251e-04
7.075852180000000544e+02 3.951658797259361431e-04 3.940885300700622913e-04
7.075855305000000044e+02 4.377379707300578602e-04 4.032019547859442676e-04
7.075858429999999544e+02 4.718568142899258423e-04 4.120828878455646215e-04
7.075861555000000180e+02 4.281086699293198787e-04 4.207367629490718175e-04
7.075864679999999680e+02 4.779999663039132983e-04 4.291693216083452308e-04
7.075867805000000317e+02 4.448464671703080157e-04 4.373865330298798947e-04
7.075870929999999817e+02 4.913859410197552813e-04 4.453945248363016954e-04
7.075874055000000453e+02 5.044037647298711723e-04 4.531995235865381080e-04
7.075877179999999953e+02 4.899051623196559865e-04 4.608078039383152599e-04
7.075880305000000590e+02 5.043957280879145418e-04 4.682256455649375635e-04
7.075883430000000089e+02 5.312129058386279388e-04 4.754592968351306560e-04
7.075886554999999589e+02 5.168677029720386085e-04 4.825149445220841028e-04
7.075889680000000226e+02 4.841000317051339101e-04 4.893986887309286719e-04
7.075892804999999726e+02 5.367213122888451603e-04 4.961165224053524885e-04
7.075895930000000362e+02 5.614075395348906011e-04 5.026743148386011995e-04
7.075899054999999862e+02 5.658117005651737376e-04 5.090777985939301661e-04
7.075902180000000499e+02 6.259436693773514065e-04 5.153325594363910569e-04
7.075905304999999998e+02 5.947657356498215787e-04 5.214440287803760081e-04
7.075908429999999498e+02 5.182984712752802380e-04 5.274174783557063597e-04
7.075911555000000135e+02 5.286639401444702662e-04 5.332580167094661634e-04
7.075914679999999635e+02 5.877615546189122239e-04 5.389705872827818111e-04
7.075917805000000271e+02 6.130018669262376737e-04 5.445599678336328050e-04
7.075920929999999771e+02 6.175305039797241964e-04 5.500307709364775973e-04
7.075924055000000408e+02 6.192251504521040575e-04 5.553874454344759392e-04
7.075927179999999908e+02 5.600055923923982944e-04 5.606342786158180925e-04
7.075930305000000544e+02 5.972125211213120781e-04 5.657753990367026843e-04
7.075933430000000044e+02 6.008727114378757499e-04 5.708147798069037292e-04
7.075936554999999544e+02 6.023281457536744940e-04 5.757562422927612342e-04
7.075939680000000180e+02 6.074111368822907421e-04 5.806034601006829872e-04
7.075942804999999680e+02 6.577522633076364911e-04 5.853599632844138550e-04
7.075945930000000317e+02 6.145782633068661753e-04 5.900291427279309806e-04
7.075949054999999817e+02 6.256343623714861373e-04 5.946142546055459928e-04
7.075952180000000453e+02 6.576730787048038537e-04 5.991184249265203406e-04
7.075955304999999953e+02 6.425064981072155668e-04 6.035446540710655587e-04
7.075958430000000590e+02 6.460812479965180252e-04 6.078958213389040136e-04
7.075961555000000089e+02 7.179710299020253825e-04 6.121746894312978015e-04
7.075964679999999589e+02 6.534211935020547155e-04 6.163839088947989115e-04
7.075967805000000226e+02 6.155817212340829007e-04 6.205260224690364390e-04
7.075970929999999726e+02 6.070485275570414608e-04 6.246034693409395358e-04
7.075974055000000362e+02 5.956705145729574531e-04 6.286185893088153467e-04
7.075977179999999862e+02 6.494991196924872548e-04 6.325736268105948456e-04
7.075980305000000499e+02 6.376506658013127594e-04 6.364707348559483190e-04
7.075983429999999998e+02 6.504335658232515997e-04 6.403119788111524260e-04
7.075986554999999498e+02 6.294609780657596564e-04 6.440993400786276671e-04
7.075989680000000135e+02 6.994839056237902447e-04 6.478347196338745360e-04
7.075992804999999635e+02 6.062681458258070265e-04 6.515199414341261118e-04
7.075995930000000271e+02 7.109855233802047595e-04 6.551567557123770622e-04
7.075999054999999771e+02 6.412843313444832041e-04 6.587468421244436221e-04
7.076002180000000408e+02 6.651839854928287988e-04 6.622918127924882267e-04
7.076005304999999908e+02 6.798269125562140993e-04 6.657932152050624565e-04
7.076008430000000544e+02 7.082217661051825285e-04 6.692525350182840791e-04
7.076011555000000044e+02 6.287275784087203740e-04 6.726711987199642147e-04
7.076014679999999544e+02 7.020506577016679371e-04 6.760505761995782648e-04
7.076017805000000180e+02 6.712090486724509204e-04 6.793919831958465704e-04
7.076020929999999680e+02 6.415440215934860822e-04 6.826966836384904327e-04
7.076024055000000317e+02 7.248962663534096445e-04 6.859658918996462294e-04
7.076027179999999817e+02 6.652429383403205086e-04 6.892007749284981624e-04
7.076030305000000453e+02 7.119187195036477114e-04 6.924024543100834247e-04
7.076033429999999953e+02 6.284831333100066898e-04 6.955720082138922272e-04
7.076036555000000590e+02 7.337186904211075037e-04 6.987104732735802213e-04
7.076039680000000089e+02 6.440723923183682038e-04 7.018188463641008689e-04
7.076042804999999589e+02 6.517789120470197147e-04 7.048980863155591102e-04
7.076045930000000226e+02 7.123899065595695052e-04 7.079491155384738969e-04
7.076049054999999726e+02 6.572032389850370306e-04 7.109728215754665490e-04
7.076052180000000362e+02 6.235318238956385388e-04 7.139700585934385555e-04
7.076055304999999862e+02 6.751305438205642325e-04 7.169416487917988417e-04
7.076058430000000499e+02 6.497144064482622203e-04 7.198883837638259640e-04
7.076061554999999998e+02 7.166424095101169792e-04 7.228110257791805094e-04
7.076064679999999498e+02 6.675302817183864125e-04 7.257103090239162271e-04
7.076067805000000135e+02 6.770495061056877291e-04 7.285869407737280510e-04
7.076070929999999635e+02 7.338552295194950437e-04 7.314416025139503993e-04
7.076074055000000271e+02 6.972674622963883490e-04 7.342749510190390563e-04
7.076077179999999771e+02 6.754309457644550084e-04 7.370876193678873667e-04
7.076080305000000408e+02 6.954247037469266611e-04 7.398802179294171853e-04
7.076083429999999908e+02 6.875352165317412910e-04 7.426533352876243986e-04
7.076086555000000544e+02 6.770693398454941721e-04 7.454075391409024009e-04
