7.099758914999999888e+02 3.424107098386785283e-04 3.044850529932299852e-04
7.099762040000000525e+02 3.179785133092024999e-04 3.049790638118984550e-04
7.099765165000000025e+02 3.385908029108817109e-04 3.054142509699018159e-04
7.099768290000000661e+02 3.147652394970069153e-04 3.057876303266852881e-04
7.099771415000000161e+02 3.237962288748947324e-04 3.060960419855750692e-04
7.099774540000000798e+02 3.294857070563905082e-04 3.063361390898693311e-04
7.099777665000000297e+02 3.085154431258357584e-04 3.065043759267679370e-04
7.099780790000000934e+02 3.057979910008980012e-04 3.065969953153747864e-04
7.099783915000000434e+02 3.133772340709631786e-04 3.066100152516971155e-04
7.099787039999999934e+02 3.120500195668720711e-04 3.065392147925653939e-04
7.099790165000000570e+02 2.841161375151505272e-04 3.063801191629656048e-04
7.099793290000000070e+02 2.837049115577325829e-04 3.061279840815090488e-04
7.099796415000000707e+02 2.704190939652379756e-04 3.057777793065200554e-04
7.099799540000000206e+02 3.099114262556746453e-04 3.053241714217480997e-04
7.099802665000000843e+02 2.684875073674852439e-04 3.047615058923716863e-04
7.099805790000000343e+02 2.545871632495087127e-04 3.040837884501416239e-04
7.099808915000000979e+02 2.445029725898430922e-04 3.032846658833375291e-04
7.099812040000000479e+02 2.579366770034549291e-04 3.023574063517873479e-04
7.099815164999999979e+02 2.978355297173400709e-04 3.012948793732984280e-04
7.099818290000000616e+02 2.890106957830050225e-04 3.000895356912507638e-04
7.099821415000000115e+02 2.475740313713270567e-04 2.987333872852147767e-04
7.099824540000000752e+02 2.951358369753307571e-04 2.972179878557623168e-04
7.099827665000000252e+02 2.401392766389173934e-04 2.955344142208103956e-04
7.099830790000000889e+02 2.739274243808673430e-04 2.936732491401056731e-04
7.099833915000000388e+02 2.560882774237024104e-04 2.916245662457442344e-04
7.099837039999999888e+02 2.363338172100112791e-04 2.893779178728459844e-04
7.099840165000000525e+02 2.911920009301876351e-04 2.869223268006241070e-04
7.099843290000000025e+02 2.849417059819372251e-04 2.842462831078001041e-04
7.099846415000000661e+02 2.540221491224506226e-04 2.813377475925436366e-04
7.099849540000000161e+02 2.310358343299790871e-04 2.781841635357573152e-04
7.099852665000000798e+02 2.154127838314033518e-04 2.747724788730873473e-04
7.099855790000000297e+02 2.043625772923199379e-04 2.710891812971404601e-04
7.099858915000000934e+02 2.233975886571265318e-04 2.671203491858154390e-04
7.099862040000000434e+02 2.187821674676066700e-04 2.628517218294679236e-04
7.099865164999999934e+02 2.404976055403039870e-04 2.582687929017824001e-04
7.099868290000000570e+02 2.044728641106588712e-04 2.533569317952359592e-04
7.099871415000000070e+02 2.168741586420370451e-04 2.481015380316116425e-04
7.099874540000000707e+02 2.150972840439708839e-04 2.424882345984776476e-04
7.099877665000000206e+02 1.951559103548518293e-04 2.365031067614580408e-04
7.099880790000000843e+02 2.155889439725123635e-04 2.301329933607009588e-04
7.099883915000000343e+02 1.747923978876017755e-04 2.233658381570439327e-04
7.099887040000000979e+02 1.785793414782607875e-04 2.161911088647195029e-04
7.099890165000000479e+02 1.647462194272123056e-04 2.086002915121581915e-04
7.099893289999999979e+02 1.632142975700131312e-04 2.005874669827224387e-04
7.099896415000000616e+02 1.657722447651166064e-04 1.921499753957641506e-04
7.099899540000000115e+02 1.757208475520932376e-04 1.832891716574058458e-04
7.099902665000000752e+02 1.326604029204222536e-04 1.740112720809752745e-04
7.099905790000000252e+02 1.543974388805188606e-04 1.643282872322950397e-04
7.099908915000000889e+02 1.516598569887309892e-04 1.542590294157186552e-04
7.099912040000000388e+02 1.785936518615512851e-04 1.438301749578197808e-04
7.099915164999999888e+02 1.244259965676299342e-04 1.330773507596083431e-04
7.099918290000000525e+02 9.809191986148616904e-05 1.220462024120562628e-04
7.099921415000000025e+02 1.017494762499631766e-04 1.107933871565895375e-04
7.099924540000000661e+02 1.057336444691084495e-04 9.938742034038134646e-05
7.099927665000000161e+02 1.074271990009755153e-04 8.790929008416427826e-05
7.099930790000000798e+02 8.223634074733509594e-05 7.645274295348361191e-05
7.099933915000000297e+02 1.018456617747611414e-04 6.512413673520313839e-05
7.099937040000000934e+02 6.978957220633136803e-05 5.404175673533554716e-05
7.099940165000000434e+02 7.834284120405350682e-05 4.333450326549764391e-05
7.099943289999999934e+02 5.801404396294404758e-05 3.313988162061026516e-05
7.099946415000000570e+02 5.985979213558584170e-05 2.360126435787845942e-05
7.099949540000000070e+02 5.571562500014635446e-05 1.486444791802897012e-05
7.099952665000000707e+02 5.469401843589896813e-05 7.073589430016955386e-06
7.099955790000000206e+02 4.444900047362139385e-05 3.666793751534016450e-07
7.099958915000000843e+02 3.189792488235938871e-05 -5.129226818925186596e-06
7.099962040000000343e+02 2.695552281722356393e-05 -9.302739442402430039e-06
7.099965165000000979e+02 2.655586487197650138e-05 -1.206251534802266608e-05
7.099968290000000479e+02 2.408669345368377751e-05 -1.334097378206592269e-05
7.099971414999999979e+02 1.631032122794053645e-05 -1.309706408853072173e-05
7.099974540000000616e+02 1.210513000913883744e-05 -1.131786813173154107e-05
7.099977665000000115e+02 1.178056693743154311e-05 -8.018913725935898691e-06
7.099980790000000752e+02 5.967895125829806906e-06 -3.243184334712229619e-06
7.099983915000000252e+02 7.055819793769089370e-06 2.941079612413050367e-06
7.099987040000000889e+02 4.597972225841593516e-06 1.044359612810770086e-05
7.099990165000000388e+02 1.396601455587835470e-05 1.915601127694366065e-05
7.099993289999999888e+02 1.335790439748838501e-05 2.895632252403500790e-05
7.099996415000000525e+02 2.066754296986581614e-05 3.971345128498400247e-05
7.099999540000000025e+02 2.233422087099507067e-05 5.129168651949183607e-05
7.100002665000000661e+02 1.810367998817525009e-05 6.355477012050016205e-05
7.100005790000000161e+02 3.693342106873381521e-05 7.636945663350099044e-05
7.100008915000000798e+02 4.766246270529618913e-05 8.960844563469745128e-05
7.100012040000000297e+02 5.696815973711887797e-05 1.031526461463848826e-04
7.100015165000000934e+02 6.172486364573601591e-05 1.168927843712354618e-04
7.100018290000000434e+02 6.780208403799146272e-05 1.307304047433610497e-04
7.100021414999999934e+02 9.257058670870770261e-05 1.445783404054608421e-04
7.100024540000000570e+02 1.000931217210047544e-04 1.583607426212480733e-04
7.100027665000000070e+02 1.155897291096961554e-04 1.720127624573511947e-04
7.100030790000000707e+02 1.487288569200349202e-04 1.854799742361181066e-04
7.100033915000000206e+02 1.294346024802548888e-04 1.987176212832762376e-04
7.100037040000000843e+02 1.979565072429228763e-04 2.116897532017448559e-04
7.100040165000000343e+02 1.572870725263732672e-04 2.243683109997225472e-04
7.100043290000000979e+02 1.694299481350002468e-04 2.367322043536849844e-04
7.100046415000000479e+02 2.010231690049312414e-04 2.487664136743489361e-04
7.100049539999999979e+02 2.225757584570329942e-04 2.604611401267058375e-04
7.100052665000000616e+02 2.872528380528899901e-04 2.718110183560410288e-04
7.100055790000000115e+02 2.802669630123484027e-04 2.828144003444403717e-04
7.100058915000000752e+02 3.011926839487764516e-04 2.934727138388003786e-04
7.100062040000000252e+02 2.611660310549025320e-04 3.037898949971018763e-04
7.100065165000000889e+02 2.784659118224651190e-04 3.137718925680926937e-04
7.100068290000000388e+02 3.201006372338422736e-04 3.234262389977062046e-04
7.100071414999999888e+02 3.313675159810000603e-04 3.327616831072670897e-04
7.100074540000000525e+02 3.396983046709707837e-04 3.417878783034862815e-04
7.100077665000000025e+02 3.782222448680729737e-04 3.505151203088216353e-04
7.100080790000000661e+02 4.444455391833348253e-04 3.589541285455489670e-04
7.100083915000000161e+02 3.738569094615854611e-04 3.671158655193317130e-04
7.100087040000000798e+02 4.107577161513762494e-04 3.750113891500314990e-04
7.100090165000000297e+02 4.176811553936598956e-04 3.826517332761163333e-04
7.100093290000000934e+02 4.340495452238453920e-04 3.900478122436407016e-04
7.100096415000000434e+02 4.533390479189648345e-04 3.972103457866475794e-04
7.100099539999999934e+02 4.299289033703473798e-04 4.041498010435466757e-04
7.100102665000000570e+02 4.712515578943461225e-04 4.108763488244281787e-04
7.100105790000000070e+02 4.905051322276937674e-04 4.173998317295618977e-04
7.100108915000000707e+02 4.890389661638995522e-04 4.237297420604120004e-04
7.100112040000000206e+02 4.948636763702187391e-04 4.298752076902280527e-04
7.100115165000000843e+02 5.130281170498665524e-04 4.358449844649453378e-04
7.100118290000000343e+02 5.243319039318618214e-04 4.416474537933952576e-04
7.100121415000000979e+02 5.240005102287597933e-04 4.472906244347957900e-04
7.100124540000000479e+02 5.287232660091883496e-04 4.527821375252590735e-04
7.100127664999999979e+02 5.449774068421453510e-04 4.581292741699329496e-04
7.100130790000000616e+02 5.044570212288070543e-04 4.633389649366783454e-04
7.100133915000000115e+02 5.338397698885668889e-04 4.684178007692717445e-04
7.100137040000000752e+02 5.471426683486993285e-04 4.733720449250071352e-04
7.100140165000000252e+02 5.416426589888445609e-04 4.782076455540056753e-04
7.100143290000000889e+02 5.087016143320703156e-04 4.829302487054747931e-04
7.100146415000000388e+02 5.804376098593832080e-04 4.875452114849253651e-04
7.100149539999999888e+02 5.373888079097508983e-04 4.920576152434965114e-04
7.100152665000000525e+02 5.435805661347572343e-04 4.964722786192218504e-04
7.100155790000000025e+02 5.615664877211239006e-04 5.007937703425211374e-04
7.100158915000000661e+02 5.650526259195217489e-04 5.050264217404591780e-04
7.100162040000000161e+02 6.082580817451522896e-04 5.091743388403409181e-04
7.100165165000000798e+02 6.722778127959115092e-04 5.132414140783275085e-04
7.100168290000000297e+02 6.066534944235671585e-04 5.172313375345236009e-04
7.100171415000000934e+02 5.549361537299735353e-04 5.211476077247158365e-04
7.100174540000000434e+02 5.948842928500805080e-04 5.249935418921266228e-04
7.100177664999999934e+02 5.798009026795889528e-04 5.287722858421096917e-04
7.100180790000000570e+02 6.042545256383891842e-04 5.324868232870721800e-04
7.100183915000000070e+02 6.053416602560461428e-04 5.361399847241699740e-04
7.100187040000000707e+02 5.679410928792971106e-04 5.397344558696590177e-04
7.100190165000000206e+02 5.923834962150169216e-04 5.432727856299472994e-04
7.100193290000000843e+02 5.416819496963379754e-04 5.467573936656992513e-04
7.100196415000000343e+02 5.875616476911422635e-04 5.501905775235566357e-04
7.100199540000000979e+02 5.544751543182240179e-04 5.535745193939017308e-04
7.100202665000000479e+02 6.112588515843052914e-04 5.569112924717065701e-04
7.100205789999999979e+02 5.844509383007290282e-04 5.602028669770384335e-04
7.100208915000000616e+02 5.494733047502508346e-04 5.634511158218120713e-04
7.100212040000000115e+02 6.133995337488304389e-04 5.666578199529432496e-04
7.100215165000000752e+02 6.304782004558937090e-04 5.698246734003392048e-04
7.100218290000000252e+02 5.700743530568680873e-04 5.729532880169901010e-04
7.100221415000000889e+02 6.047888256346992640e-04 5.760451979632621750e-04
7.100224540000000388e+02 5.877183208726922264e-04 5.791018639138680122e-04
7.100227664999999888e+02 5.990673666592030017e-04 5.821246770375716750e-04
7.100230790000000525e+02 5.819971873022015312e-04 5.851149627353237218e-04
7.100233915000000025e+02 6.400091128616843851e-04 5.880739841617676437e-04
7.100237040000000661e+02 5.726462014054272808e-04 5.910029455533914212e-04
7.100240165000000161e+02 6.039792460653348139e-04 5.939029953483881226e-04
7.100243290000000798e+02 5.975768189764951808e-04 5.967752291429609173e-04
7.100246415000000297e+02 6.650892343582503639e-04 5.996206924607474153e-04
7.100249540000000934e+02 6.232867487065255107e-04 6.024403833793036574e-04
7.100252665000000434e+02 5.821285235019665015e-04 6.052352549897882647e-04
7.100255789999999934e+02 5.743294719838745602e-04 6.080062177310132515e-04
7.100258915000000570e+02 5.961282121296378796e-04 6.107541415805503712e-04
7.100262040000000070e+02 6.991671362406644708e-04 6.134798581213643303e-04
7.100265165000000707e+02 6.332810166486625616e-04 6.161841625012663302e-04
7.100268290000000206e+02 5.961880385629106686e-04 6.188678152673957435e-04
7.100271415000000843e+02 6.487919182510104013e-04 6.215315441130744032e-04
7.100274540000000343e+02 6.059438364016061325e-04 6.241760455117623769e-04
7.100277665000000979e+02 5.931216131953992443e-04 6.268019862752030732e-04
7.100280790000000479e+02 6.235227519137993965e-04 6.294100050102152850e-04
7.100283914999999979e+02 6.394102605799552698e-04 6.320007135091208934e-04
7.100287040000000616e+02 6.080415566630763399e-04 6.345746980546263091e-04
7.100290165000000115e+02 6.118050465268470330e-04 6.371325206533870467e-04
7.100293290000000752e+02 6.494253102481197535e-04 6.396747202116966112e-04
7.100296415000000252e+02 6.880154759498389398e-04 6.422018136339689145e-04
7.100299540000000889e+02 5.899385201444925023e-04 6.447142968765655477e-04
7.100302665000000388e+02 6.124948598731449036e-04 6.472126459308650930e-04
7.100305789999999888e+02 6.431138521714450159e-04 6.496973177673674021e-04
7.100308915000000525e+02 5.978746752394228361e-04 6.521687512209665711e-04
7.100312040000000025e+02 6.080210964072937539e-04 6.546273678295379522e-04
7.100315165000000661e+02 6.429641075057990684e-04 6.570735726374088339e-04
7.100318290000000161e+02 6.107180395335544930e-04 6.595077549438570349e-04
7.100321415000000798e+02 6.056137091239386771e-04 6.619302890267292263e-04
7.100324540000000297e+02 6.461627236359589188e-04 6.643415348149333752e-04
7.100327665000000934e+02 6.120878541290696463e-04 6.667418385402430932e-04
7.100330790000000434e+02 6.577655238065782325e-04 6.691315333421757631e-04
7.100333914999999934e+02 6.357366652354990919e-04 6.715109398550076760e-04
7.100337040000000570e+02 5.871955547715967082e-04 6.738803667567568739e-04
7.100340165000000070e+02 6.349932681918071245e-04 6.762401112905980921e-04
7.100343290000000707e+02 5.780145438118961887e-04 6.785904597687652346e-04
7.100346415000000206e+02 6.533103813659151297e-04 6.809316880388976284e-04
7.100349540000000843e+02 6.223609615941441253e-04 6.832640619407856671e-04
7.100352665000000343e+02 6.839317665320094513e-04 6.855878377274276635e-04
7.100355790000000979e+02 6.072781027513536991e-04 6.879032624788521469e-04
7.100358915000000479e+02 5.919982863144097277e-04 6.902105744826803058e-04
7.100362039999999979e+02 6.669500310562465799e-04 6.925100036087077559e-04
7.100365165000000616e+02 6.694293331385335003e-04 6.948017716573950909e-04
7.100368290000000115e+02 6.344481844502887231e-04 6.970860926917009674e-04
7.100371415000000752e+02 6.556746047882972125e-04 6.993631733614113187e-04
7.100374540000000252e+02 6.505607316222751383e-04 7.016332132000043182e-04
7.100377665000000889e+02 6.149231816288333596e-04 7.038964049205888914e-04
7.100380790000000388e+02 6.748797632424075087e-04 7.061529346851512555e-04
