7.167910349999999653e+02 3.279949536343694061e-04 2.952461804345197409e-04
7.167913474999999153e+02 3.107292516412239573e-04 2.955511767188768535e-04
7.167916599999999789e+02 3.099945057246423531e-04 2.958436463236815929e-04
7.167919724999999289e+02 3.583764233358998491e-04 2.961230920978290076e-04
7.167922849999999926e+02 2.973125073418916311e-04 2.963889928355583638e-04
7.167925974999999426e+02 2.999863624384510206e-04 2.966408019156160838e-04
7.167929100000000062e+02 3.209979358779298437e-04 2.968779458552103139e-04
7.167932224999999562e+02 2.912395169722773185e-04 2.970998227696208219e-04
7.167935350000000199e+02 3.286526708757180125e-04 2.973058007338980654e-04
7.167938474999999698e+02 2.712037686726231911e-04 2.974952160369313424e-04
7.167941599999999198e+02 3.194724721836770392e-04 2.976673713229334418e-04
7.167944724999999835e+02 2.543684386659837877e-04 2.978215336103473489e-04
7.167947849999999335e+02 2.840672830231736798e-04 2.979569321804885528e-04
7.167950974999999971e+02 2.940835321357233943e-04 2.980727563271064954e-04
7.167954099999999471e+02 2.979272432255546826e-04 2.981681529557102402e-04
7.167957225000000108e+02 2.872567637122424287e-04 2.982422240235764314e-04
7.167960349999999607e+02 2.876566308435999720e-04 2.982940238077786115e-04
7.167963474999999107e+02 2.801196788098089330e-04 2.983225559902249503e-04
7.167966599999999744e+02 3.392564554592482980e-04 2.983267705459496542e-04
7.167969724999999244e+02 2.761826960528488014e-04 2.983055604213208519e-04
7.167972849999999880e+02 3.297136057901039856e-04 2.982577579872305591e-04
7.167975974999999380e+02 2.794485547070819291e-04 2.981821312516972538e-04
7.167979100000000017e+02 3.084860048451597693e-04 2.980773798149168757e-04
7.167982224999999517e+02 3.195442670026423285e-04 2.979421305496263270e-04
7.167985350000000153e+02 2.958310844757211034e-04 2.977749329871441381e-04
7.167988474999999653e+02 2.921877348736086474e-04 2.975742543905250778e-04
7.167991599999999153e+02 2.745664024669739866e-04 2.973384744924986961e-04
7.167994724999999789e+02 2.800243905162758118e-04 2.970658798776502343e-04
7.167997849999999289e+02 3.028703530306187954e-04 2.967546579857329413e-04
7.168000974999999926e+02 3.145741410032915899e-04 2.964028907110937208e-04
7.168004099999999426e+02 2.883033331393379008e-04 2.960085475764727197e-04
7.168007225000000062e+02 2.777263051094288823e-04 2.955694784525538096e-04
7.168010349999999562e+02 3.218921024109065243e-04 2.950834058019876824e-04
7.168013475000000199e+02 2.645446255557126107e-04 2.945479164178500635e-04
7.168016599999999698e+02 2.890789349524936391e-04 2.939604526366272467e-04
7.168019724999999198e+02 3.150662012366529604e-04 2.933183029961662831e-04
7.168022849999999835e+02 3.082447872163604561e-04 2.926185923206144003e-04
7.168025974999999335e+02 2.681014920605206118e-04 2.918582712108199525e-04
7.168029099999999971e+02 3.221701191825729229e-04 2.910341049206169187e-04
7.168032224999999471e+02 2.882876042813158762e-04 2.901426616140878579e-04
7.168035350000000108e+02 2.308386452858646198e-04 2.891802999900380659e-04
7.168038474999999607e+02 2.609599395018395046e-04 2.881431562868395717e-04
7.168041599999999107e+02 2.566971578760159837e-04 2.870271306723459650e-04
7.168044724999999744e+02 2.839235665720545162e-04 2.858278730561437638e-04
7.168047849999999244e+02 2.741278971027285693e-04 2.845407683683988105e-04
7.168050974999999880e+02 2.475334855021296861e-04 2.831609213699624959e-04
7.168054099999999380e+02 2.883599817695355364e-04 2.816831411032737795e-04
7.168057225000000017e+02 2.463650187263928494e-04 2.801019251025659430e-04
7.168060349999999517e+02 3.049800407011030211e-04 2.784114435559519518e-04
7.168063475000000153e+02 2.500323772733613900e-04 2.766055236316852925e-04
7.168066599999999653e+02 2.900990676750942496e-04 2.746776342814507394e-04
7.168069724999999153e+02 2.659525852645098880e-04 2.726208718749262619e-04
7.168072849999999789e+02 2.838474439618314310e-04 2.704279471498940014e-04
7.168075974999999289e+02 2.566740974724477861e-04 2.680911740560282491e-04
7.168079099999999926e+02 2.374464985152905337e-04 2.656024612045779286e-04
7.168082224999999426e+02 2.378502855173200811e-04 2.629533068306884216e-04
7.168085350000000062e+02 2.420260490166400069e-04 2.601347983229280276e-04
7.168088474999999562e+02 2.417950513755481553e-04 2.571376176606751033e-04
7.168091600000000199e+02 2.835127526962370227e-04 2.539520543101244287e-04
7.168094724999999698e+02 2.649686746358905832e-04 2.505680275076309425e-04
7.168097849999999198e+02 1.964900593249092268e-04 2.469751201546235278e-04
7.168100974999999835e+02 2.318988805661165728e-04 2.431626270225119291e-04
7.168104099999999335e+02 2.448741990495581001e-04 2.391196203930198196e-04
7.168107224999999971e+02 2.246982891375596614e-04 2.348350367673664651e-04
7.168110349999999471e+02 2.799368364809304722e-04 2.302977888866970639e-04
7.168113475000000108e+02 2.009983033917493343e-04 2.254969078108734276e-04
7.168116599999999607e+02 2.224777483744989318e-04 2.204217204928469933e-04
7.168119724999999107e+02 1.742011708916936400e-04 2.150620687513925408e-04
7.168122849999999744e+02 1.895608182388296592e-04 2.094085761251024164e-04
7.168125974999999244e+02 2.038116879763265195e-04 2.034529693688175188e-04
7.168129099999999880e+02 2.034247887003940119e-04 1.971884614292829631e-04
7.168132224999999380e+02 2.012018789557584101e-04 1.906102025152512790e-04
7.168135350000000017e+02 1.530218272725248274e-04 1.837158049099900446e-04
7.168138474999999517e+02 1.884836726644984611e-04 1.765059457160711334e-04
7.168141600000000153e+02 1.423833027252095057e-04 1.689850489823129117e-04
7.168144724999999653e+02 1.576640311134387435e-04 1.611620449718538636e-04
7.168147849999999153e+02 1.237222337737327045e-04 1.530511987925063774e-04
7.168150974999999789e+02 1.855916610723315388e-04 1.446729936095040680e-04
7.168154099999999289e+02 1.291186216371099850e-04 1.360550444895917499e-04
7.168157224999999926e+02 1.327764899287516248e-04 1.272330079046517118e-04
7.168160349999999426e+02 1.296823157875035915e-04 1.182514393448521960e-04
7.168163475000000062e+02 1.410347222433030112e-04 1.091645375776743789e-04
7.168166599999999562e+02 9.427162321989563157e-05 1.000367006118469825e-04
7.168169725000000199e+02 1.032320565142399874e-04 9.094280628788106323e-05
7.168172849999999698e+02 7.632372494651534203e-05 8.196812271550610383e-05
7.168175974999999198e+02 5.189606427749072527e-05 7.320775244481751861e-05
7.168179099999999835e+02 8.508146883872769531e-05 6.476552308126083571e-05
7.168182224999999335e+02 7.181050793847954460e-05 5.675225804880790919e-05
7.168185349999999971e+02 4.819167974459934606e-05 4.928339655646133609e-05
7.168188474999999471e+02 4.936099825431647050e-05 4.247598150201361140e-05
7.168191600000000108e+02 5.312138411651434099e-05 3.644509517498382105e-05
7.168194724999999607e+02 3.628906239462018242e-05 3.129989030811087825e-05
7.168197849999999107e+02 4.415389989484953072e-05 2.713942924389970402e-05
7.168200974999999744e+02 4.446393080025827851e-05 2.404859705233541184e-05
7.168204099999999244e+02 2.470952821497158616e-05 2.209438427410851771e-05
7.168207224999999880e+02 3.319183805244775175e-05 2.132283339589876667e-05
7.168210349999999380e+02 2.098789051572262906e-05 2.175690589250111210e-05
7.168213475000000017e+02 1.659917002629656460e-05 2.339545545633449762e-05
7.168216599999999517e+02 2.611532784733330956e-05 2.621339618703922468e-05
7.168219725000000153e+02 4.574251788766867973e-05 3.016304523109741742e-05
7.168222849999999653e+02 2.439310881121207688e-05 3.517651348177383439e-05
7.168225974999999153e+02 2.931529758760727960e-05 4.116893061291743188e-05
7.168229099999999789e+02 4.553250994329602873e-05 4.804223294469533762e-05
7.168232224999999289e+02 3.318572203160274838e-05 5.568921998261423210e-05
7.168235349999999926e+02 4.869193601371683692e-05 6.399759688674115491e-05
7.168238474999999426e+02 5.258300786873267810e-05 7.285375925822476159e-05
7.168241600000000062e+02 8.125667660702574674e-05 8.214613435268640199e-05
7.168244724999999562e+02 8.123700354653056355e-05 9.176795810318556519e-05
7.168247850000000199e+02 9.616929261914396990e-05 1.016194314987113861e-04
7.168250974999999698e+02 9.802094213542467474e-05 1.116092551467314826e-04
7.168254099999999198e+02 1.070766299634262077e-04 1.216555839974378786e-04
7.168257224999999835e+02 1.372811833433872140e-04 1.316864730352557133e-04
7.168260349999999335e+02 1.167859472298719327e-04 1.416399007508109520e-04
7.168263474999999971e+02 1.528670965866672652e-04 1.514634620787096966e-04
7.168266599999999471e+02 1.688570790452882317e-04 1.611138189599500131e-04
7.168269725000000108e+02 1.301622372061114069e-04 1.705559880123969085e-04
7.168272849999999607e+02 1.560375403766261061e-04 1.797625326712748233e-04
7.168275974999999107e+02 2.201703669084205037e-04 1.887127144171661371e-04
7.168279099999999744e+02 1.591940417152130243e-04 1.973916448618142781e-04
7.168282224999999244e+02 2.107049931178913435e-04 2.057894691272815681e-04
7.168285349999999880e+02 2.163373687466612835e-04 2.139006011414834563e-04
7.168288474999999380e+02 2.168807831787982051e-04 2.217230233684716048e-04
7.168291600000000017e+02 2.188598098310392094e-04 2.292576574196188426e-04
7.168294724999999517e+02 2.501299155737417442e-04 2.365078071394337441e-04
7.168297850000000153e+02 2.386212602751237508e-04 2.434786726279309353e-04
7.168300974999999653e+02 2.593560886934475804e-04 2.501769312626886659e-04
7.168304099999999153e+02 2.865869597565516005e-04 2.566103805935293462e-04
7.168307224999999789e+02 2.629209466273558040e-04 2.627876371244882618e-04
7.168310349999999289e+02 2.981568581009014750e-04 2.687178848511765652e-04
7.168313474999999926e+02 2.942743645458738701e-04 2.744106675020619758e-04
7.168316599999999426e+02 3.188364177857393482e-04 2.798757186607642665e-04
7.168319725000000062e+02 2.540500403213393345e-04 2.851228245009964604e-04
7.168322849999999562e+02 3.124741302416348364e-04 2.901617142337003293e-04
7.168325975000000199e+02 3.288860562712661519e-04 2.950019740204102019e-04
7.168329099999999698e+02 3.348393199810892839e-04 2.996529804998658932e-04
7.168332224999999198e+02 3.147003654757748125e-04 3.041238506853104445e-04
7.168335349999999835e+02 3.200059487671322919e-04 3.084234053423394982e-04
7.168338474999999335e+02 3.248487147620111653e-04 3.125601434336061678e-04
7.168341599999999971e+02 3.193582541169375085e-04 3.165422255784669904e-04
7.168344724999999471e+02 3.753022383015494927e-04 3.203774647464780628e-04
7.168347850000000108e+02 3.243560476799422793e-04 3.240733227693111959e-04
7.168350974999999607e+02 3.465342396197588354e-04 3.276369114052871427e-04
7.168354099999999107e+02 3.670677442396676703e-04 3.310749969884236167e-04
7.168357224999999744e+02 3.396665896676649265e-04 3.343940077927481198e-04
7.168360349999999244e+02 3.421350142093032521e-04 3.376000434413663014e-04
7.168363474999999880e+02 3.757251373432221749e-04 3.406988858121344824e-04
7.168366599999999380e+02 3.558014394271603398e-04 3.436960109570011456e-04
7.168369725000000017e+02 3.293965423761917853e-04 3.465966017057453552e-04
7.168372849999999517e+02 3.166800160416017055e-04 3.494055606259293127e-04
7.168375975000000153e+02 3.442195444747985183e-04 3.521275231426162339e-04
7.168379099999999653e+02 3.583374496129574554e-04 3.547668706026791525e-04
7.168382224999999153e+02 3.603444254322716233e-04 3.573277431752725180e-04
7.168385349999999789e+02 3.341768473303252012e-04 3.598140524565176124e-04
7.168388474999999289e+02 3.672515461206310016e-04 3.622294937097599683e-04
7.168391599999999926e+02 3.689992339182534826e-04 3.645775576926556087e-04
7.168394724999999426e+02 4.001194036332113226e-04 3.668615420097182046e-04
7.168397850000000062e+02 3.592291677202203337e-04 3.690845619926127032e-04
7.168400974999999562e+02 4.092516202665067381e-04 3.712495610673063667e-04
7.168404100000000199e+02 3.411456803068039470e-04 3.733593206301392205e-04
7.168407224999999698e+02 3.947765807389596909e-04 3.754164694093277584e-04
7.168410349999999198e+02 4.110457483993193157e-04 3.774234923441992045e-04
7.168413474999999835e+02 3.908011133986204915e-04 3.793827389744597973e-04
7.168416599999999335e+02 4.058131881823580822e-04 3.812964313624522036e-04
7.168419724999999971e+02 3.835232973586572090e-04 3.831666715720252010e-04
7.168422849999999471e+02 3.347232969557889385e-04 3.849954487048698731e-04
7.168425975000000108e+02 4.012340356606679281e-04 3.867846455351244212e-04
7.168429099999999607e+02 4.012644817942664010e-04 3.885360447401702629e-04
7.168432224999999107e+02 3.512584686768083718e-04 3.902513347681261851e-04
7.168435349999999744e+02 4.148392400729922105e-04 3.919321153451829501e-04
7.168438474999999244e+02 3.943232368014626876e-04 3.935799026489211240e-04
7.168441599999999880e+02 3.758756556142110478e-04 3.951961341721970636e-04
7.168444724999999380e+02 4.092131814478368584e-04 3.967821732806959818e-04
7.168447850000000017e+02 4.126066588764232962e-04 3.983393135001831657e-04
7.168450974999999517e+02 4.278809083141613557e-04 3.998687825313527598e-04
7.168454100000000153e+02 4.218271685610381727e-04 4.013717460267041473e-04
7.168457224999999653e+02 3.911208882077509561e-04 4.028493111264649690e-04
7.168460349999999153e+02 4.165015509153797784e-04 4.043025297852216528e-04
7.168463474999999789e+02 3.944111815936476731e-04 4.057324018890074357e-04
7.168466599999999289e+02 3.833577234413327412e-04 4.071398781813579748e-04
7.168469724999999926e+02 4.411143800488224282e-04 4.085258630153926250e-04
7.168472849999999426e+02 4.506853153669770928e-04 4.098912169304217692e-04
7.168475975000000062e+02 3.443866607903834222e-04 4.112367590796021173e-04
7.168479099999999562e+02 4.404630912176403078e-04 4.125632695025104914e-04
7.168482225000000199e+02 4.122397441255294865e-04 4.138714912679293404e-04
7.168485349999999698e+02 3.986018202937302406e-04 4.151621324799660779e-04
7.168488474999999198e+02 4.293801035600401401e-04 4.164358681707326171e-04
7.168491599999999835e+02 4.491406367986563943e-04 4.176933420752742079e-04
7.168494724999999335e+02 4.031598093202538196e-04 4.189351683008704728e-04
7.168497849999999971e+02 3.616012279937721053e-04 4.201619329018672520e-04
7.168500974999999471e+02 4.651197611285587830e-04 4.213741953550003186e-04
7.168504100000000108e+02 3.943965274346047630e-04 4.225724899550853115e-04
7.168507224999999607e+02 4.476415282282189567e-04 4.237573271222834460e-04
7.168510349999999107e+02 3.821010630923140673e-04 4.249291946397729374e-04
7.168513474999999744e+02 3.885529608540963368e-04 4.260885588156345305e-04
7.168516599999999244e+02 4.364901398572515294e-04 4.272358655779108180e-04
7.168519724999999880e+02 3.909357006332272945e-04 4.283715415111235213e-04
7.168522849999999380e+02 4.432187383038932796e-04 4.294959948276901767e-04
7.168525975000000017e+02 4.006293250673929819e-04 4.306096162908191419e-04
7.168529099999999517e+02 4.214338473647145033e-04 4.317127800790670458e-04
7.168532225000000153e+02 3.941749962966283787e-04 4.328058446088411731e-04
