7.056719704999999294e+02 4.550846082721400360e-04 4.480998038534998035e-04
7.056722829999999931e+02 4.726379104808094340e-04 4.479492141963916383e-04
7.056725954999999431e+02 4.861149526743894101e-04 4.477494886746110291e-04
7.056729080000000067e+02 4.072967490338189360e-04 4.474988482012953912e-04
7.056732204999999567e+02 4.577681214230187195e-04 4.471954402558353720e-04
7.056735330000000204e+02 4.490762934529012149e-04 4.468373357249457323e-04
7.056738454999999703e+02 4.870774160890193986e-04 4.464225256285839281e-04
7.056741580000000340e+02 4.503535031585600263e-04 4.459489177269321475e-04
7.056744704999999840e+02 4.684024718131658805e-04 4.454143330131890067e-04
7.056747829999999340e+02 5.166500395149537092e-04 4.448165020890575095e-04
7.056750954999999976e+02 4.197849193088465814e-04 4.441530614294892363e-04
7.056754079999999476e+02 4.348301845012649425e-04 4.434215495394796180e-04
7.056757205000000113e+02 4.406506073383256315e-04 4.426194030054203207e-04
7.056760329999999612e+02 4.471792779726458463e-04 4.417439524547855890e-04
7.056763455000000249e+02 4.304757280884433102e-04 4.407924184252120310e-04
7.056766579999999749e+02 4.203261037034197126e-04 4.397619071642077325e-04
7.056769704999999249e+02 4.032544118489122045e-04 4.386494063643942769e-04
7.056772829999999885e+02 4.749888719301243747e-04 4.374517808604259581e-04
7.056775954999999385e+02 3.947052553627535356e-04 4.361657683066129062e-04
7.056779080000000022e+02 4.234699698806222061e-04 4.347879748562194675e-04
7.056782204999999522e+02 4.809137698090602147e-04 4.333148708849384021e-04
7.056785330000000158e+02 4.319227971309095139e-04 4.317427867806295665e-04
7.056788454999999658e+02 4.475927116067712503e-04 4.300679088586188041e-04
7.056791580000000295e+02 3.998214435697338060e-04 4.282862754359844032e-04
7.056794704999999794e+02 4.305230525131364559e-04 4.263937731421912816e-04
7.056797829999999294e+02 4.557490081041386471e-04 4.243861335158393474e-04
7.056800954999999931e+02 4.134539125513020884e-04 4.222589299823930773e-04
7.056804079999999431e+02 4.032997336581125897e-04 4.200075752989884258e-04
7.056807205000000067e+02 4.108858888766364604e-04 4.176273195627949590e-04
7.056810329999999567e+02 3.973176144440029520e-04 4.151132489237769306e-04
7.056813455000000204e+02 3.870655465366893539e-04 4.124602851142790470e-04
7.056816579999999703e+02 3.844355118108624915e-04 4.096631859805459569e-04
7.056819705000000340e+02 4.211362640725972999e-04 4.067165471657519979e-04
7.056822829999999840e+02 4.275648552226966035e-04 4.036148051782843457e-04
7.056825954999999340e+02 3.861368457410810947e-04 4.003522420431356748e-04
7.056829079999999976e+02 4.063937224984640073e-04 3.969229918206212027e-04
7.056832204999999476e+02 3.551039696025619277e-04 3.933210492734344238e-04
7.056835330000000113e+02 4.109122738425088212e-04 3.895402809931416922e-04
7.056838454999999612e+02 3.574639850674803066e-04 3.855744393810969003e-04
7.056841580000000249e+02 3.880072357910853875e-04 3.814171798460449549e-04
7.056844704999999749e+02 3.367220694036508690e-04 3.770620817087668710e-04
7.056847829999999249e+02 3.556975137328066542e-04 3.725026732609691433e-04
7.056850954999999885e+02 3.638373943632967314e-04 3.677324615540822350e-04
7.056854079999999385e+02 3.333907967569610582e-04 3.627449674922895387e-04
7.056857205000000022e+02 3.058159897678763535e-04 3.575337668469171773e-04
7.056860329999999522e+02 3.675407456257528938e-04 3.520925379209778106e-04
7.056863455000000158e+02 3.748878885204282572e-04 3.464151165362546955e-04
7.056866579999999658e+02 2.940091346246857178e-04 3.404955591726234183e-04
7.056869705000000295e+02 3.040079006468854317e-04 3.343282149975375698e-04
7.056872829999999794e+02 3.199968304481268949e-04 3.279078076745033988e-04
7.056875954999999294e+02 3.362902704425498588e-04 3.212295277129466613e-04
7.056879079999999931e+02 3.190877954330467573e-04 3.142891362290411625e-04
7.056882204999999431e+02 2.968783621138541872e-04 3.070830808727465834e-04
7.056885330000000067e+02 2.149321866471142492e-04 2.996086245964629650e-04
7.056888454999999567e+02 2.615575030087265661e-04 2.918639879204144275e-04
7.056891580000000204e+02 2.616113801087381315e-04 2.838485050417665018e-04
7.056894704999999703e+02 2.610382783106098589e-04 2.755627940830727637e-04
7.056897830000000340e+02 2.291295960445718070e-04 2.670089413100171314e-04
7.056900954999999840e+02 2.489120377427252910e-04 2.581906989649346436e-04
7.056904079999999340e+02 2.396447062796161563e-04 2.491136957208780144e-04
7.056907204999999976e+02 2.520844583827011208e-04 2.397856583777693308e-04
7.056910329999999476e+02 2.099675967712958768e-04 2.302166426610708098e-04
7.056913455000000113e+02 2.088361283372923763e-04 2.204192702124415520e-04
7.056916579999999612e+02 1.849656939491516028e-04 2.104089681151379509e-04
7.056919705000000249e+02 2.045527289226802068e-04 2.002042061350723864e-04
7.056922829999999749e+02 2.155789658283054772e-04 1.898267260314082062e-04
7.056925954999999249e+02 1.544650049488770617e-04 1.793017559601610433e-04
7.056929079999999885e+02 1.740638790611968986e-04 1.686582020785907013e-04
7.056932204999999385e+02 1.760135099262052482e-04 1.579288082482903409e-04
7.056935330000000022e+02 1.700722442849575042e-04 1.471502737534767275e-04
7.056938454999999522e+02 1.427120757395427013e-04 1.363633182994599454e-04
7.056941580000000158e+02 1.404025580493897135e-04 1.256126828337823451e-04
7.056944704999999658e+02 1.609019225345497794e-04 1.149470548649691987e-04
7.056947830000000295e+02 1.151183114535863012e-04 1.044189070916840082e-04
7.056950954999999794e+02 1.076098873163661542e-04 9.408423940138306520e-05
7.056954079999999294e+02 8.211599227947571824e-05 8.400221575021736044e-05
7.056957204999999931e+02 8.497611071694576457e-05 7.423469011647451318e-05
7.056960329999999431e+02 6.540939035556840901e-05 6.484561883738428371e-05
7.056963455000000067e+02 7.643248693206758653e-05 5.590036066200724125e-05
7.056966579999999567e+02 6.086837576691198537e-05 4.746487065196142700e-05
7.056969705000000204e+02 6.587573650241106236e-05 3.960479904235666987e-05
7.056972829999999703e+02 7.370359960745234880e-05 3.238451180090578076e-05
7.056975955000000340e+02 3.613193363415566714e-05 2.586605476813500331e-05
7.056979079999999840e+02 2.584226638121571115e-05 2.010808835584696266e-05
7.056982204999999340e+02 3.237532816859510964e-05 1.516482367846769917e-05
7.056985329999999976e+02 4.341505279754977626e-05 1.108499398510968934e-05
7.056988454999999476e+02 2.048339563591264220e-05 7.910896451805671351e-06
7.056991580000000113e+02 1.967786389482987692e-05 5.677538892990802715e-06
7.056994704999999612e+02 1.268859982044072536e-05 4.411923531834927126e-06
7.056997830000000249e+02 7.588393060911401390e-06 4.132495538051633798e-06
7.057000954999999749e+02 5.902192885907504670e-06 4.848778018904407302e-06
7.057004079999999249e+02 9.014108002673995796e-06 6.561207650130762802e-06
7.057007204999999885e+02 1.660678712934702281e-05 9.261176795249984143e-06
7.057010329999999385e+02 7.006999707429018687e-06 1.293127923133224350e-05
7.057013455000000022e+02 8.989608490166555016e-06 1.754574815404759687e-05
7.057016579999999522e+02 2.302273736856428303e-05 2.307106740912933759e-05
7.057019705000000158e+02 1.218774173601746412e-05 2.946673057301774039e-05
7.057022829999999658e+02 3.198128569139379809e-05 3.668611764881795495e-05
7.057025955000000295e+02 3.700735571155966083e-05 4.467745634497032243e-05
7.057029079999999794e+02 5.217783043688873436e-05 5.338483374441425634e-05
7.057032204999999294e+02 4.761660679722209451e-05 6.274922509909145775e-05
7.057035329999999931e+02 4.743874692958396125e-05 7.270950867974628569e-05
7.057038454999999431e+02 6.542851823339132413e-05 8.320343929950133998e-05
7.057041580000000067e+02 6.781043383397585380e-05 9.416855763456632728e-05
7.057044704999999567e+02 8.530709505724120060e-05 1.055430173240686821e-04
7.057047830000000204e+02 9.831341748291556654e-05 1.172663171894004622e-04
7.057050954999999703e+02 1.029599326981293976e-04 1.292799306537960183e-04
7.057054080000000340e+02 1.296047917626988487e-04 1.415278292804013631e-04
7.057057204999999840e+02 1.282828672641229734e-04 1.539569010744426688e-04
7.057060329999999340e+02 1.537496981464495408e-04 1.665172677714393042e-04
7.057063454999999976e+02 1.302257863482461555e-04 1.791625076630259190e-04
7.057066579999999476e+02 1.643631212148440144e-04 1.918497925191427992e-04
7.057069705000000113e+02 1.924745431053702610e-04 2.045399483545016735e-04
7.057072829999999612e+02 2.028052144820781963e-04 2.171974502204776264e-04
7.057075955000000249e+02 2.065441285285157585e-04 2.297903615627397433e-04
7.057079079999999749e+02 2.577930961599139378e-04 2.422902281014243720e-04
7.057082204999999249e+02 2.237355568061648401e-04 2.546719358912294656e-04
7.057085329999999885e+02 2.841305210373766608e-04 2.669135421661946676e-04
7.057088454999999385e+02 2.726543098126965430e-04 2.789960868139995621e-04
7.057091580000000022e+02 2.892236480613507503e-04 2.909033913388230173e-04
7.057094704999999522e+02 2.865327743446693725e-04 3.026218510275758720e-04
7.057097830000000158e+02 3.183103959645034614e-04 3.141402253219134416e-04
7.057100954999999658e+02 3.453477877967001878e-04 3.254494302253806105e-04
7.057104080000000295e+02 2.957843106644496224e-04 3.365423360297121981e-04
7.057107204999999794e+02 3.633385709464523848e-04 3.474135726427175080e-04
7.057110329999999294e+02 3.856543802211645348e-04 3.580593444234600573e-04
7.057113454999999931e+02 3.694260989367316472e-04 3.684772556538769500e-04
7.057116579999999431e+02 3.635891388708706318e-04 3.786661474617558556e-04
7.057119705000000067e+02 3.511841290298362852e-04 3.886259466256543013e-04
7.057122829999999567e+02 4.437543473374557608e-04 3.983575262586251187e-04
7.057125955000000204e+02 4.230970653992534953e-04 4.078625783356528518e-04
7.057129079999999703e+02 4.105995876173582993e-04 4.171434976153790518e-04
7.057132205000000340e+02 5.064194661778253235e-04 4.262032766000317229e-04
7.057135329999999840e+02 4.502507979733643816e-04 4.350454108576524309e-04
7.057138454999999340e+02 4.680072479278107617e-04 4.436738141835893691e-04
7.057141579999999976e+02 4.655717838365034267e-04 4.520927428534575335e-04
7.057144704999999476e+02 4.190647857803211527e-04 4.603067283238062202e-04
7.057147830000000113e+02 4.820440169600099969e-04 4.683205177324591064e-04
7.057150954999999612e+02 5.300857580598451659e-04 4.761390214611113062e-04
7.057154080000000249e+02 5.220820881090158447e-04 4.837672672143290787e-04
7.057157204999999749e+02 5.066349173742646077e-04 4.912103599137990217e-04
7.057160329999999249e+02 4.600288779096185039e-04 4.984734469233003794e-04
7.057163454999999885e+02 5.712680744580417216e-04 5.055616879982377737e-04
7.057166579999999385e+02 5.756463747084572665e-04 5.124802294921597043e-04
7.057169705000000022e+02 5.297110054001533987e-04 5.192341823861863770e-04
7.057172829999999522e+02 5.372378268842290363e-04 5.258286036577710081e-04
7.057175955000000158e+02 5.420282593851112173e-04 5.322684806832300025e-04
7.057179079999999658e+02 6.165593607366269069e-04 5.385587182470269203e-04
7.057182205000000295e+02 6.000049831470829608e-04 5.447041279194134731e-04
7.057185329999999794e+02 5.650855604947526084e-04 5.507094194431756424e-04
7.057188454999999294e+02 6.609421176181443655e-04 5.565791939451997152e-04
7.057191579999999931e+02 5.395099998445586830e-04 5.623179386871602313e-04
7.057194704999999431e+02 5.547593467801533590e-04 5.679300231744162895e-04
7.057197830000000067e+02 5.559372912709323409e-04 5.734196964605211243e-04
7.057200954999999567e+02 6.018382319515820124e-04 5.787910854339691933e-04
7.057204080000000204e+02 6.445916001475535291e-04 5.840481940066984991e-04
7.057207204999999703e+02 5.983524057445919163e-04 5.891949030133252722e-04
7.057210330000000340e+02 5.516448383564926316e-04 5.942349707715215623e-04
7.057213454999999840e+02 5.793832159771761855e-04 5.991720341435341664e-04
7.057216579999999340e+02 6.442742227458969411e-04 6.040096100702896115e-04
7.057219704999999976e+02 6.027162784557546504e-04 6.087510974555166788e-04
7.057222829999999476e+02 6.294796192654397715e-04 6.133997793526407317e-04
7.057225955000000113e+02 6.409375891374088398e-04 6.179588254128057538e-04
7.057229079999999612e+02 5.794314443585343866e-04 6.224312945010485520e-04
7.057232205000000249e+02 6.293478109656113319e-04 6.268201374892102759e-04
7.057235329999999749e+02 6.334154755010404717e-04 6.311282001346428050e-04
7.057238454999999249e+02 7.201364505516618612e-04 6.353582260626794648e-04
7.057241579999999885e+02 6.390734324391205215e-04 6.395128597844355542e-04
7.057244704999999385e+02 5.987803431737028165e-04 6.435946497426851560e-04
7.057247830000000022e+02 6.858932642647842370e-04 6.476060513798656462e-04
7.057250954999999522e+02 6.350072473161733327e-04 6.515494301736548003e-04
7.057254080000000158e+02 6.671339196953837442e-04 6.554270646715930435e-04
7.057257204999999658e+02 6.701919252649753090e-04 6.592411494659327666e-04
7.057260330000000295e+02 6.950804131232188408e-04 6.629937981446424591e-04
7.057263454999999794e+02 6.493431336699835360e-04 6.666870461652179246e-04
7.057266579999999294e+02 6.611201602191249267e-04 6.703228536878128203e-04
7.057269704999999931e+02 6.808437564761670672e-04 6.739031083279383100e-04
7.057272829999999431e+02 6.982238093163730189e-04 6.774296278388648902e-04
7.057275955000000067e+02 7.229555990443416440e-04 6.809041627332141364e-04
7.057279079999999567e+02 6.728168326285459888e-04 6.843283988093721345e-04
7.057282205000000204e+02 6.783454835591445605e-04 6.877039596210550486e-04
7.057285329999999703e+02 6.540732306495199069e-04 6.910324088488039402e-04
7.057288455000000340e+02 7.156092824819972921e-04 6.943152526130835908e-04
7.057291579999999840e+02 6.741319366613716339e-04 6.975539416899245596e-04
7.057294704999999340e+02 6.421154841570071974e-04 7.007498736673501306e-04
7.057297829999999976e+02 7.678722866523641274e-04 7.039043950134048948e-04
7.057300954999999476e+02 6.770848276796118028e-04 7.070188030693350025e-04
7.057304080000000113e+02 6.795378746490187078e-04 7.100943479804537866e-04
7.057307204999999612e+02 7.119318274645572257e-04 7.131322345378672111e-04
7.057310330000000249e+02 6.454304071268829931e-04 7.161336239678925278e-04
7.057313454999999749e+02 6.960445792512383843e-04 7.190996356352069661e-04
7.057316579999999249e+02 6.592287839039146381e-04 7.220313486959751290e-04
7.057319704999999885e+02 7.387918731628637711e-04 7.249298036754148709e-04
7.057322829999999385e+02 6.916982835655970325e-04 7.277960039830580876e-04
7.057325955000000022e+02 7.124107854750080793e-04 7.306309173779788283e-04
7.057329079999999522e+02 7.888181779574382230e-04 7.334354773598823632e-04
7.057332205000000158e+02 6.726892033912348131e-04 7.362105845203805029e-04
7.057335329999999658e+02 7.325831189118532129e-04 7.389571078234628788e-04
7.057338455000000295e+02 7.407981267179778850e-04 7.416758858498089966e-04
7.057341579999999794e+02 6.820831764779231986e-04 7.443677279745925099e-04
