7.083120350000000371e+02 3.107346661626437211e-04 3.191023558088669433e-04
7.083123474999999871e+02 3.237350054970378459e-04 3.197048061602754984e-04
7.083126600000000508e+02 3.309568757781371651e-04 3.202677239052993132e-04
7.083129725000000008e+02 3.057397606968367061e-04 3.207895128798940801e-04
7.083132850000000644e+02 3.570779944961302728e-04 3.212685022471840424e-04
7.083135975000000144e+02 3.373131707586977642e-04 3.217029427117486066e-04
7.083139100000000781e+02 3.418535669882987946e-04 3.220910025500405179e-04
7.083142225000000280e+02 3.690643944289561870e-04 3.224307634450656983e-04
7.083145350000000917e+02 3.275148302870735189e-04 3.227202161244506116e-04
7.083148475000000417e+02 3.439498958159461313e-04 3.229572557920384478e-04
7.083151599999999917e+02 3.467485362748171096e-04 3.231396773522628315e-04
7.083154725000000553e+02 3.446175612142013834e-04 3.232651704206550075e-04
7.083157850000000053e+02 3.376682291652850082e-04 3.233313141195407608e-04
7.083160975000000690e+02 3.301838699359702718e-04 3.233355716578824421e-04
7.083164100000000190e+02 2.931760585275122906e-04 3.232752846953469792e-04
7.083167225000000826e+02 3.403179446677263419e-04 3.231476674943507279e-04
7.083170350000000326e+02 3.164871534701950559e-04 3.229498008658979592e-04
7.083173474999999826e+02 3.134996343999768478e-04 3.226786259177374157e-04
7.083176600000000462e+02 3.332491635451863797e-04 3.223309376186639830e-04
7.083179724999999962e+02 3.039541073086493225e-04 3.219033781969882235e-04
7.083182850000000599e+02 2.817135306150457758e-04 3.213924303946711714e-04
7.083185975000000099e+02 2.995463865745741448e-04 3.207944106108693671e-04
7.083189100000000735e+02 3.716875653468882756e-04 3.201054619678492816e-04
7.083192225000000235e+02 3.818596180438379680e-04 3.193215473523700943e-04
7.083195350000000872e+02 3.352151170790342743e-04 3.184384424834406650e-04
7.083198475000000371e+02 2.837804628903490677e-04 3.174517290850128017e-04
7.083201599999999871e+02 3.187655797101014710e-04 3.163567882400514686e-04
7.083204725000000508e+02 3.134619134511182521e-04 3.151487940356124473e-04
7.083207850000000008e+02 3.091589701678126465e-04 3.138227076186907529e-04
7.083210975000000644e+02 2.918950939572426172e-04 3.123732718022652235e-04
7.083214100000000144e+02 2.878543953919967982e-04 3.107950064043753973e-04
7.083217225000000781e+02 2.933550704026220181e-04 3.090822045063591869e-04
7.083220350000000280e+02 2.804149200546135392e-04 3.072289298829963345e-04
7.083223475000000917e+02 2.871763168420215216e-04 3.052290158613317939e-04
7.083226600000000417e+02 2.883363231161866240e-04 3.030760659481319345e-04
7.083229724999999917e+02 2.552684735089694027e-04 3.007634565757911788e-04
7.083232850000000553e+02 2.726797160678019597e-04 2.982843424115302336e-04
7.083235975000000053e+02 2.565804299976945824e-04 2.956316647155130223e-04
7.083239100000000690e+02 2.435040927897723850e-04 2.927981632999846298e-04
7.083242225000000190e+02 2.764932169090994029e-04 2.897763927543193000e-04
7.083245350000000826e+02 2.907767409832004934e-04 2.865587436333407400e-04
7.083248475000000326e+02 2.315802876580657179e-04 2.831374694633324494e-04
7.083251599999999826e+02 2.373189088019921371e-04 2.795047204540306073e-04
7.083254725000000462e+02 2.575344572005397068e-04 2.756525849736270292e-04
7.083257849999999962e+02 2.115030798320569646e-04 2.715731399173043018e-04
7.083260975000000599e+02 2.444074118122880257e-04 2.672585112069890477e-04
7.083264100000000099e+02 2.510747198969094478e-04 2.627009458243734544e-04
7.083267225000000735e+02 2.543409402193737463e-04 2.578928968022540028e-04
7.083270350000000235e+02 2.638868197511403009e-04 2.528271227893607209e-04
7.083273475000000872e+02 2.332722982065250103e-04 2.474968037733067997e-04
7.083276600000000371e+02 2.216665292057781863e-04 2.418956746974179443e-04
7.083279724999999871e+02 1.929071572366436286e-04 2.360181785923049283e-04
7.083282850000000508e+02 1.881497705005551538e-04 2.298596408849031263e-04
7.083285975000000008e+02 1.739136422046166474e-04 2.234164663434398202e-04
7.083289100000000644e+02 1.923251427694862281e-04 2.166863598671763197e-04
7.083292225000000144e+02 1.642801061357176658e-04 2.096685720445892547e-04
7.083295350000000781e+02 2.017771476796159213e-04 2.023641697505322503e-04
7.083298475000000280e+02 1.804319388719032035e-04 1.947763314979420997e-04
7.083301600000000917e+02 1.572146067875461017e-04 1.869106661790934272e-04
7.083304725000000417e+02 1.702828577758267478e-04 1.787755528354707563e-04
7.083307849999999917e+02 1.485862581498224584e-04 1.703824974977318223e-04
7.083310975000000553e+02 1.375476803378009234e-04 1.617465015869493496e-04
7.083314100000000053e+02 1.100582830630606981e-04 1.528864342911926343e-04
7.083317225000000690e+02 1.678985773236826590e-04 1.438253990908360208e-04
7.083320350000000190e+02 1.384391491677533655e-04 1.345910822869584829e-04
7.083323475000000826e+02 1.287183175625580605e-04 1.252160686642540669e-04
7.083326600000000326e+02 1.141093589703086119e-04 1.157381071047180614e-04
7.083329724999999826e+02 1.258055583226509082e-04 1.062003064431256557e-04
7.083332850000000462e+02 1.033146565840353310e-04 9.665124016274841915e-05
7.083335974999999962e+02 1.168731472854264263e-04 8.714493724403958499e-05
7.083339100000000599e+02 1.081036631526850327e-04 7.774073633375243255e-05
7.083342225000000099e+02 9.422459338093328127e-05 6.850298172773223190e-05
7.083345350000000735e+02 8.451675510996884474e-05 5.950054232231710266e-05
7.083348475000000235e+02 8.927805497438610839e-05 5.080613965164733689e-05
7.083351600000000872e+02 6.894214961752326396e-05 4.249547767939244560e-05
7.083354725000000371e+02 6.009872423933585426e-05 3.464617597438498652e-05
7.083357849999999871e+02 5.789862339621081939e-05 2.733651818113788480e-05
7.083360975000000508e+02 4.731563917983881473e-05 2.064403959562628832e-05
7.083364100000000008e+02 5.518651727212556761e-05 1.464398976352754411e-05
7.083367225000000644e+02 3.972884773407779022e-05 9.407717788317351363e-06
7.083370350000000144e+02 4.009112679242185750e-05 5.001038292593574906e-06
7.083373475000000781e+02 2.819946447398312503e-05 1.482643314859688464e-06
7.083376600000000280e+02 1.656486702398736420e-05 -1.097370743684092747e-06
7.083379725000000917e+02 1.248898082514234345e-05 -2.698792946980343156e-06
7.083382850000000417e+02 1.153965611650475061e-05 -3.292341902049724192e-06
7.083385974999999917e+02 2.164111061365075811e-05 -2.860412173703786729e-06
7.083389100000000553e+02 5.152281089246596811e-06 -1.397485768415416724e-06
7.083392225000000053e+02 1.179047953637102278e-05 1.089810818041744317e-06
7.083395350000000690e+02 5.362122518691362297e-06 4.583004255416369077e-06
7.083398475000000190e+02 4.582470635092824705e-06 9.052407825743894661e-06
7.083401600000000826e+02 1.017211238108647053e-05 1.445805442514045147e-05
7.083404725000000326e+02 1.806188729126514204e-05 2.075087861467094703e-05
7.083407849999999826e+02 5.332827137949684525e-06 2.787408729429773413e-05
7.083410975000000462e+02 1.980634396660637059e-05 3.576465318519406867e-05
7.083414099999999962e+02 2.437654278611298348e-05 4.435486478812571500e-05
7.083417225000000599e+02 2.746223368720094349e-05 5.357387021133389710e-05
7.083420350000000099e+02 3.604152914169717688e-05 6.334915932433530660e-05
7.083423475000000735e+02 2.620183676759760003e-05 7.360793850307480320e-05
7.083426600000000235e+02 4.757280482012678701e-05 8.427836304174347241e-05
7.083429725000000872e+02 5.781939681590369341e-05 9.529060389508221959e-05
7.083432850000000371e+02 8.531011878791630631e-05 1.065777360384301622e-04
7.083435974999999871e+02 8.740709366792126392e-05 1.180764456553950054e-04
7.083439100000000508e+02 8.303319616252695281e-05 1.297275612334044767e-04
7.083442225000000008e+02 9.401490768232528242e-05 1.414764200681230797e-04
7.083445350000000644e+02 1.258927107922226945e-04 1.532730861462361350e-04
7.083448475000000144e+02 1.490564381035938257e-04 1.650724379884708169e-04
7.083451600000000781e+02 1.270765088648130809e-04 1.768341465564196775e-04
7.083454725000000280e+02 1.730540285891267937e-04 1.885225631297993783e-04
7.083457850000000917e+02 1.633872211823749322e-04 2.001065364811169614e-04
7.083460975000000417e+02 2.125102037286227949e-04 2.115591768945719055e-04
7.083464099999999917e+02 2.045299840461000372e-04 2.228575829272245274e-04
7.083467225000000553e+02 2.202597600760711129e-04 2.339825444479611721e-04
7.083470350000000053e+02 2.360882219213758548e-04 2.449182334665457941e-04
7.083473475000000690e+02 2.579114419349521660e-04 2.556518921579541983e-04
7.083476600000000190e+02 2.328705594884247039e-04 2.661735253963700473e-04
7.083479725000000826e+02 2.557407222149080095e-04 2.764756035848116734e-04
7.083482850000000326e+02 3.094256065494759012e-04 2.865527797918923842e-04
7.083485974999999826e+02 2.728433823746379103e-04 2.964016241547550172e-04
7.083489100000000462e+02 2.679391338242284701e-04 3.060203772198008066e-04
7.083492224999999962e+02 2.805216121075334353e-04 3.154087231602922684e-04
7.083495350000000599e+02 3.260536706058875830e-04 3.245675831209025820e-04
7.083498475000000099e+02 3.480953677666921882e-04 3.334989282989306151e-04
7.083501600000000735e+02 3.345523104331126515e-04 3.422056121789904910e-04
7.083504725000000235e+02 3.821634681332545798e-04 3.506912208550550360e-04
7.083507850000000872e+02 4.268714095221104498e-04 3.589599404063648709e-04
7.083510975000000371e+02 3.482127398654578866e-04 3.670164399841836463e-04
7.083514099999999871e+02 4.402143712371521002e-04 3.748657694172090327e-04
7.083517225000000508e+02 4.235707265056214079e-04 3.825132699680427822e-04
7.083520350000000008e+02 4.341945772756119668e-04 3.899644970111114340e-04
7.083523475000000644e+02 4.540318891180386107e-04 3.972251534487306296e-04
7.083526600000000144e+02 4.409895304360300899e-04 4.043010326554708606e-04
7.083529725000000781e+02 4.555175519583827635e-04 4.111979699702964387e-04
7.083532850000000280e+02 4.285518073266295904e-04 4.179218016696491472e-04
7.083535975000000917e+02 4.883315556792832378e-04 4.244783306052488494e-04
7.083539100000000417e+02 4.991011877950913850e-04 4.308732976101563197e-04
7.083542224999999917e+02 5.002363390508306369e-04 4.371123580127951624e-04
7.083545350000000553e+02 4.867766253075015413e-04 4.432010625375111946e-04
7.083548475000000053e+02 5.204215703333628634e-04 4.491448420270606067e-04
7.083551600000000690e+02 4.879460106989090508e-04 4.549489954834809620e-04
7.083554725000000190e+02 4.862085641161979451e-04 4.606186809088007382e-04
7.083557850000000826e+02 5.217325266532094443e-04 4.661589086031861159e-04
7.083560975000000326e+02 5.018956463552011645e-04 4.715745364931904168e-04
7.083564099999999826e+02 4.913092535330759302e-04 4.768702672391260714e-04
7.083567225000000462e+02 5.288225472424278864e-04 4.820506467951383707e-04
7.083570349999999962e+02 5.580205750220531939e-04 4.871200642035871742e-04
7.083573475000000599e+02 4.874755864902913000e-04 4.920827524334240753e-04
7.083576600000000099e+02 5.018966260949586948e-04 4.969427900360193521e-04
7.083579725000000735e+02 4.692101623758205414e-04 5.017041035199907087e-04
7.083582850000000235e+02 5.179695325343184687e-04 5.063704702533720686e-04
7.083585975000000872e+02 5.462359181963632928e-04 5.109455218348886224e-04
7.083589100000000371e+02 5.379589263523334389e-04 5.154327477806449351e-04
7.083592224999999871e+02 5.377029477526945036e-04 5.198354994952787559e-04
7.083595350000000508e+02 6.048531887197041747e-04 5.241569944143132775e-04
7.083598475000000008e+02 5.466013190225378453e-04 5.284003202750283366e-04
7.083601600000000644e+02 5.670605801738623844e-04 5.325684394802350551e-04
7.083604725000000144e+02 5.756423626312386381e-04 5.366641934738207963e-04
7.083607850000000781e+02 5.673814974765809200e-04 5.406903071406322925e-04
7.083610975000000280e+02 5.671562713762612817e-04 5.446493931530670910e-04
7.083614100000000917e+02 5.670260369292860064e-04 5.485439562882758573e-04
7.083617225000000417e+02 6.049573160716391730e-04 5.523763976497999542e-04
7.083620349999999917e+02 6.291398115970696283e-04 5.561490188229864951e-04
7.083623475000000553e+02 5.768882690010724039e-04 5.598640259162461236e-04
7.083626600000000053e+02 5.854827698700854500e-04 5.635235334935720375e-04
7.083629725000000690e+02 6.000130586888924398e-04 5.671295684043811637e-04
7.083632850000000190e+02 5.342557839858349915e-04 5.706840734723444327e-04
7.083635975000000826e+02 5.975602913561644733e-04 5.741889110812137265e-04
7.083639100000000326e+02 5.606710651714872382e-04 5.776458666138558750e-04
7.083642224999999826e+02 6.367563408060031424e-04 5.810566517840485418e-04
7.083645350000000462e+02 5.958179318548241033e-04 5.844229078292141697e-04
7.083648474999999962e+02 5.964814377554260348e-04 5.877462085784308874e-04
7.083651600000000599e+02 5.271275108150845230e-04 5.910280634093715646e-04
7.083654725000000099e+02 6.517187945195845877e-04 5.942699200661713879e-04
7.083657850000000735e+02 5.687757238602714075e-04 5.974731673784173906e-04
7.083660975000000235e+02 5.835812263966969711e-04 6.006391378461192103e-04
7.083664100000000872e+02 5.766312972008844290e-04 6.037691101317336877e-04
7.083667225000000371e+02 6.623388842357666928e-04 6.068643114254379913e-04
7.083670349999999871e+02 5.642340918051861123e-04 6.099259197230296001e-04
7.083673475000000508e+02 7.097308831214143177e-04 6.129550659914513328e-04
7.083676600000000008e+02 5.867084614462006074e-04 6.159528362373572607e-04
7.083679725000000644e+02 6.408850172169874935e-04 6.189202734931697515e-04
7.083682850000000144e+02 5.762157792670821082e-04 6.218583796969771827e-04
7.083685975000000781e+02 5.327676651544524218e-04 6.247681175037090662e-04
7.083689100000000280e+02 6.021556152094581895e-04 6.276504119966258306e-04
7.083692225000000917e+02 6.213531278635085709e-04 6.305061523368520873e-04
7.083695350000000417e+02 6.145716065438365950e-04 6.333361933204979246e-04
7.083698474999999917e+02 6.080099260643803032e-04 6.361413568792464307e-04
7.083701600000000553e+02 6.211893655207525186e-04 6.389224335014935920e-04
7.083704725000000053e+02 6.113371944913989975e-04 6.416801835877775171e-04
7.083707850000000690e+02 6.328210163411389366e-04 6.444153387533993168e-04
7.083710975000000190e+02 6.133597554315273984e-04 6.471286030559932328e-04
7.083714100000000826e+02 5.930727402216368505e-04 6.498206541819061917e-04
7.083717225000000326e+02 6.185347469771071329e-04 6.524921445622156729e-04
7.083720349999999826e+02 6.033853133468199646e-04 6.551437024515852471e-04
7.083723475000000462e+02 6.556753440983733704e-04 6.577759329477894266e-04
7.083726599999999962e+02 5.648970701010759543e-04 6.603894189642435563e-04
7.083729725000000599e+02 6.515197371181888960e-04 6.629847221671709328e-04
7.083732850000000099e+02 6.721697757589681528e-04 6.655623838557408892e-04
7.083735975000000735e+02 5.998661317486230849e-04 6.681229258166769547e-04
7.083739100000000235e+02 6.165743957773863913e-04 6.706668511250685281e-04
7.083742225000000872e+02 6.118488662400014015e-04 6.731946449232656220e-04
