7.163296679999999697e+02 3.345364150690450220e-04 3.197408547040635988e-04
7.163299804999999196e+02 3.209955943001633607e-04 3.199893389240751813e-04
7.163302929999999833e+02 3.022204682346083839e-04 3.202238308372207590e-04
7.163306054999999333e+02 3.262178054733619022e-04 3.204437777434671303e-04
7.163309179999999969e+02 3.067019155288956862e-04 3.206486003609361870e-04
7.163312304999999469e+02 3.405010509068115876e-04 3.208376913346676590e-04
7.163315430000000106e+02 2.939990776027027759e-04 3.210104136525940483e-04
7.163318554999999606e+02 3.171690309295357459e-04 3.211660989599121586e-04
7.163321680000000242e+02 3.199076696331372687e-04 3.213040457671472458e-04
7.163324804999999742e+02 3.351961738383330046e-04 3.214235175425237453e-04
7.163327929999999242e+02 3.580869168427195564e-04 3.215237406825085902e-04
7.163331054999999878e+02 3.624136224939372166e-04 3.216039023506985601e-04
7.163334179999999378e+02 3.379037551992293987e-04 3.216631481766769559e-04
7.163337305000000015e+02 2.948091515033135729e-04 3.217005798052782924e-04
7.163340429999999515e+02 3.122754346997231450e-04 3.217152522853246083e-04
7.163343555000000151e+02 3.227069261734468787e-04 3.217061712874265162e-04
7.163346679999999651e+02 3.089221035904061584e-04 3.216722901386430433e-04
7.163349804999999151e+02 3.180999747698973592e-04 3.216125066616341800e-04
7.163352929999999787e+02 3.341895186503166318e-04 3.215256598048678825e-04
7.163356054999999287e+02 3.415723842436840189e-04 3.214105260498744516e-04
7.163359179999999924e+02 3.210603186611070154e-04 3.212658155799072608e-04
7.163362304999999424e+02 2.944737443834579338e-04 3.210901681949985685e-04
7.163365430000000060e+02 3.262329221093907732e-04 3.208821489551659458e-04
7.163368554999999560e+02 3.438557873655129107e-04 3.206402435356486987e-04
7.163371680000000197e+02 3.176283926486663228e-04 3.203628532733778780e-04
7.163374804999999697e+02 3.544245629010907500e-04 3.200482898874849706e-04
7.163377929999999196e+02 3.075937579782222825e-04 3.196947698506682730e-04
7.163381054999999833e+02 3.128307145610063379e-04 3.193004083924449251e-04
7.163384179999999333e+02 3.269846508371694214e-04 3.188632131116838579e-04
7.163387304999999969e+02 2.669137256659782323e-04 3.183810771741423613e-04
7.163390429999999469e+02 3.375389053653503097e-04 3.178517720760435229e-04
7.163393555000000106e+02 3.032844188275164699e-04 3.172729399457898834e-04
7.163396679999999606e+02 2.950742498584247361e-04 3.166420853668062974e-04
7.163399805000000242e+02 3.004635774137594923e-04 3.159565666933795546e-04
7.163402929999999742e+02 3.312451912881927822e-04 3.152135868455605960e-04
7.163406054999999242e+02 3.112559289306514494e-04 3.144101835573066090e-04
7.163409179999999878e+02 3.358107275512433438e-04 3.135432190678089808e-04
7.163412304999999378e+02 3.271570622715883970e-04 3.126093692420210072e-04
7.163415430000000015e+02 3.165488193933473820e-04 3.116051121098770550e-04
7.163418554999999515e+02 3.408709242514364060e-04 3.105267158326063402e-04
7.163421680000000151e+02 2.716373045692347700e-04 3.093702260945019539e-04
7.163424804999999651e+02 3.296395209287354298e-04 3.081314529522644085e-04
7.163427929999999151e+02 2.839410362723513988e-04 3.068059571646094001e-04
7.163431054999999787e+02 2.971813949525738325e-04 3.053890360649764036e-04
7.163434179999999287e+02 3.407124217515926476e-04 3.038757090491881244e-04
7.163437304999999924e+02 2.958753876054374065e-04 3.022607027751554490e-04
7.163440429999999424e+02 2.740254770093290154e-04 3.005384362253342716e-04
7.163443555000000060e+02 2.896311425812030755e-04 2.987030057937369531e-04
7.163446679999999560e+02 2.683585851258942509e-04 2.967481706463474204e-04
7.163449805000000197e+02 2.711696222094635094e-04 2.946673386266567473e-04
7.163452929999999697e+02 2.881382762200047258e-04 2.924535530942664317e-04
7.163456054999999196e+02 2.887363026707966780e-04 2.900994811310055759e-04
7.163459179999999833e+02 2.887556361712536115e-04 2.875974036967058971e-04
7.163462304999999333e+02 2.534769771301953706e-04 2.849392084207348847e-04
7.163465429999999969e+02 3.092239096914696853e-04 2.821163858636496877e-04
7.163468554999999469e+02 2.703756925765432063e-04 2.791200302973419439e-04
7.163471680000000106e+02 2.715075485963556676e-04 2.759408462091690519e-04
7.163474804999999606e+02 2.755430067451989642e-04 2.725691620449263719e-04
7.163477930000000242e+02 2.294573645677881713e-04 2.689949529224375658e-04
7.163481054999999742e+02 2.432054102597433053e-04 2.652078744463028537e-04
7.163484179999999242e+02 2.480335273080150034e-04 2.611973100500854456e-04
7.163487304999999878e+02 2.759896158020734807e-04 2.569524347764817057e-04
7.163490429999999378e+02 2.217705262204538888e-04 2.524622988214577138e-04
7.163493555000000015e+02 2.245400637368002766e-04 2.477159346558771851e-04
7.163496679999999515e+02 2.491837600215210760e-04 2.427024921146721140e-04
7.163499805000000151e+02 2.683993555112942886e-04 2.374114062768169654e-04
7.163502929999999651e+02 2.230496351831255371e-04 2.318326035659236254e-04
7.163506054999999151e+02 2.075745456556072613e-04 2.259567518221162845e-04
7.163509179999999787e+02 2.080548129265898105e-04 2.197755605023366172e-04
7.163512304999999287e+02 1.747255396111761414e-04 2.132821371960933214e-04
7.163515429999999924e+02 2.100865560660930271e-04 2.064714064084989043e-04
7.163518554999999424e+02 1.714146801725916121e-04 1.993405959625419019e-04
7.163521680000000060e+02 1.988712425978385876e-04 1.918897949321562253e-04
7.163524804999999560e+02 1.961760753761742965e-04 1.841225850385316137e-04
7.163527930000000197e+02 1.421350756171415024e-04 1.760467441025296350e-04
7.163531054999999697e+02 1.532835275261549364e-04 1.676750158629411653e-04
7.163534179999999196e+02 1.275672336782744101e-04 1.590259343543898145e-04
7.163537304999999833e+02 1.579727264527812152e-04 1.501246836092182927e-04
7.163540429999999333e+02 1.234590029937373363e-04 1.410039640721987865e-04
7.163543554999999969e+02 1.357035351679037379e-04 1.317048262886860851e-04
7.163546679999999469e+02 1.258255309482902800e-04 1.222774206045273168e-04
7.163549805000000106e+02 1.490539658179454061e-04 1.127815991683419385e-04
7.163552929999999606e+02 1.061982830803448794e-04 1.032872954011557822e-04
7.163556055000000242e+02 9.013877981743023086e-05 9.387459721374831955e-05
7.163559179999999742e+02 7.549412350280973742e-05 8.463342666657186594e-05
7.163562304999999242e+02 8.286211013518038826e-05 7.566274209492939275e-05
7.163565429999999878e+02 9.047516551397394942e-05 6.706919226619550913e-05
7.163568554999999378e+02 9.710778202815874597e-05 5.896517711593246395e-05
7.163571680000000015e+02 6.262142605651523184e-05 5.146630728363886693e-05
7.163574804999999515e+02 5.902021292646992032e-05 4.468830402423513862e-05
7.163577930000000151e+02 6.580696705136255837e-05 3.874343845246424104e-05
7.163581054999999651e+02 4.663716310028275148e-05 3.373666930557347180e-05
7.163584179999999151e+02 4.753796274444941781e-05 2.976169288176429807e-05
7.163587304999999787e+02 3.320520086255517684e-05 2.689715912705378852e-05
7.163590429999999287e+02 3.924957977508127308e-05 2.520332493681078797e-05
7.163593554999999924e+02 2.808786226575281478e-05 2.471940383833176477e-05
7.163596679999999424e+02 2.796447701165621021e-05 2.546182825207433592e-05
7.163599805000000060e+02 3.426201934073472760e-05 2.742356970993423544e-05
7.163602929999999560e+02 3.123535231610169584e-05 3.057457222560943494e-05
7.163606055000000197e+02 2.575526599398884184e-05 3.486325650783422104e-05
7.163609179999999697e+02 4.207369420216022218e-05 4.021896140361428491e-05
7.163612304999999196e+02 2.025331651702812680e-05 4.655511621735779676e-05
7.163615429999999833e+02 5.101878562441959609e-05 5.377289175801889534e-05
7.163618554999999333e+02 4.210290494607562612e-05 6.176506290990157436e-05
7.163621679999999969e+02 5.749444553224868976e-05 7.041982948102851886e-05
7.163624804999999469e+02 7.515738274097418046e-05 7.962437914179251448e-05
7.163627930000000106e+02 9.033713690917903421e-05 8.926802856092113823e-05
7.163631054999999606e+02 9.478683341586662990e-05 9.924483690511813746e-05
7.163634180000000242e+02 9.193598898467911056e-05 1.094556425956496665e-04
7.163637304999999742e+02 8.272465075105444546e-05 1.198095229790368713e-04
7.163640429999999242e+02 8.818223366293573794e-05 1.302247148350570518e-04
7.163643554999999878e+02 1.138487319180079703e-04 1.406290594110362288e-04
7.163646679999999378e+02 1.348967408950512467e-04 1.509600503245713107e-04
7.163649805000000015e+02 1.307959807299399508e-04 1.611645675335169172e-04
7.163652929999999515e+02 1.708217267081970194e-04 1.711983779380448292e-04
7.163656055000000151e+02 1.673723571795753819e-04 1.810254759122502779e-04
7.163659179999999651e+02 1.382892060754300936e-04 1.906173265035695098e-04
7.163662304999999151e+02 2.192113941171148649e-04 1.999520628098843409e-04
7.163665429999999787e+02 2.122204692035432308e-04 2.090136774929697377e-04
7.163668554999999287e+02 1.896139913265109940e-04 2.177912380941727166e-04
7.163671679999999924e+02 2.316604622499668885e-04 2.262781467675931732e-04
7.163674804999999424e+02 2.372717891066429021e-04 2.344714574487190262e-04
7.163677930000000060e+02 2.588588067886904822e-04 2.423712577167903869e-04
7.163681054999999560e+02 3.048802424114314177e-04 2.499801178929756166e-04
7.163684180000000197e+02 2.729660003708833118e-04 2.573026068232420974e-04
7.163687304999999697e+02 2.671960164466888809e-04 2.643448713410378038e-04
7.163690429999999196e+02 3.154445255607412593e-04 2.711142751309777673e-04
7.163693554999999833e+02 2.753845729836800794e-04 2.776190917345159248e-04
7.163696679999999333e+02 3.039583921944491777e-04 2.838682461754588157e-04
7.163699804999999969e+02 3.331829612718910892e-04 2.898710996462098254e-04
7.163702929999999469e+02 3.492712801535281537e-04 2.956372718132917253e-04
7.163706055000000106e+02 2.968569552790942365e-04 3.011764957682752869e-04
7.163709179999999606e+02 3.194531357415302452e-04 3.064985009319418064e-04
7.163712305000000242e+02 3.017646639377679837e-04 3.116129198161768496e-04
7.163715429999999742e+02 3.379341907151912731e-04 3.165292148821799933e-04
7.163718554999999242e+02 3.655528161277760905e-04 3.212566223100055715e-04
7.163721679999999878e+02 3.539795185925596627e-04 3.258041098102418048e-04
7.163724804999999378e+02 3.101446318421136137e-04 3.301803460658642381e-04
7.163727930000000015e+02 3.801976380077697493e-04 3.343936797375345917e-04
7.163731054999999515e+02 3.698288746827413809e-04 3.384521262222966033e-04
7.163734180000000151e+02 3.616037964677400142e-04 3.423633607190974294e-04
7.163737304999999651e+02 3.454552096502772735e-04 3.461347162947932309e-04
7.163740429999999151e+02 3.850474852979015434e-04 3.497731859455108878e-04
7.163743554999999787e+02 4.022147886151923222e-04 3.532854277424834718e-04
7.163746679999999287e+02 3.427987298608415299e-04 3.566777723541974306e-04
7.163749804999999924e+02 3.414909722324927671e-04 3.599562323607085083e-04
7.163752929999999424e+02 3.844344676344139521e-04 3.631265128412322282e-04
7.163756055000000060e+02 3.612970156966196296e-04 3.661940228762300149e-04
7.163759179999999560e+02 3.578730801903240335e-04 3.691638876048648679e-04
7.163762305000000197e+02 3.963318761924095718e-04 3.720409606172962887e-04
7.163765429999999697e+02 3.523188973122184085e-04 3.748298364412631207e-04
7.163768554999999196e+02 3.920486883333886984e-04 3.775348629954411754e-04
7.163771679999999833e+02 4.031770809229876093e-04 3.801601538576350665e-04
7.163774804999999333e+02 3.625616767004519268e-04 3.827096002634105491e-04
7.163777929999999969e+02 3.887710644510826495e-04 3.851868827724919142e-04
7.163781054999999469e+02 3.861253167852012275e-04 3.875954825277430952e-04
7.163784180000000106e+02 4.153132322929111971e-04 3.899386920995454725e-04
7.163787304999999606e+02 3.969157452058725589e-04 3.922196258636458143e-04
7.163790430000000242e+02 4.368867310027287716e-04 3.944412299277323848e-04
7.163793554999999742e+02 3.518752220365026565e-04 3.966062915747301030e-04
7.163796679999999242e+02 4.412758202652458965e-04 3.987174482502989508e-04
7.163799804999999878e+02 4.005684080656447149e-04 4.007771960805428632e-04
7.163802929999999378e+02 3.961322500751080227e-04 4.027878979388405155e-04
7.163806055000000015e+02 4.171800994679802531e-04 4.047517910819337528e-04
7.163809179999999515e+02 4.689077386634487275e-04 4.066709943519958509e-04
7.163812305000000151e+02 3.830876157535349118e-04 4.085475149838412598e-04
7.163815429999999651e+02 3.958193366842978995e-04 4.103832550118083323e-04
7.163818554999999151e+02 4.180757854714787234e-04 4.121800173159284771e-04
7.163821679999999787e+02 3.831467699427540917e-04 4.139395113081121105e-04
7.163824804999999287e+02 4.533597557595081648e-04 4.156633582835250621e-04
7.163827929999999924e+02 4.135294811719581170e-04 4.173530964609210381e-04
7.163831054999999424e+02 4.755549096999180363e-04 4.190101857134623372e-04
7.163834180000000060e+02 4.053500515131512345e-04 4.206360120262150415e-04
7.163837304999999560e+02 4.264388796688702021e-04 4.222318916768173606e-04
7.163840430000000197e+02 4.093460590194659575e-04 4.237990751741536172e-04
7.163843554999999697e+02 4.053335050087541244e-04 4.253387509509420406e-04
7.163846679999999196e+02 3.853093752135696532e-04 4.268520488424231330e-04
7.163849804999999833e+02 4.094947254724655688e-04 4.283400433501510329e-04
7.163852929999999333e+02 4.521192556735786211e-04 4.298037567095648321e-04
7.163856054999999969e+02 4.642416717384571789e-04 4.312441617785600645e-04
7.163859179999999469e+02 3.766601500622495345e-04 4.326621847450479261e-04
7.163862305000000106e+02 3.619913188674426336e-04 4.340587076807072989e-04
7.163865429999999606e+02 4.454949572669367804e-04 4.354345709342359832e-04
7.163868555000000242e+02 4.379318977769730082e-04 4.367905753901051881e-04
7.163871679999999742e+02 4.086276841815397677e-04 4.381274845854618333e-04
7.163874804999999242e+02 4.313267798239554069e-04 4.394460267090884663e-04
7.163877929999999878e+02 4.216463437885530942e-04 4.407468964778097904e-04
7.163881054999999378e+02 4.546864360104357536e-04 4.420307569027977028e-04
7.163884180000000015e+02 4.221098129413422204e-04 4.432982409572339935e-04
7.163887304999999515e+02 4.181895651527679715e-04 4.445499531400582825e-04
7.163890430000000151e+02 3.896834412153843668e-04 4.457864709563053572e-04
7.163893554999999651e+02 4.643924088159985183e-04 4.470083463049245561e-04
7.163896679999999151e+02 4.947723431484829211e-04 4.482161067935118383e-04
7.163899804999999787e+02 4.626892489733822902e-04 4.494102569735621889e-04
7.163902929999999287e+02 4.638174657575559441e-04 4.505912795055013950e-04
7.163906054999999924e+02 4.180079299274551061e-04 4.517596362620445523e-04
7.163909179999999424e+02 4.673539547108209206e-04 4.529157693631588708e-04
7.163912305000000060e+02 4.258644765983055536e-04 4.540601021597241477e-04
7.163915429999999560e+02 4.501044188417719196e-04 4.551930401558330354e-04
7.163918555000000197e+02 4.358141149030182238e-04 4.563149718865105965e-04
