7.170838449999999966e+02 2.415665091841876768e-04 2.189387773490702961e-04
7.170841574999999466e+02 2.284264577920145538e-04 2.188249611791214877e-04
7.170844700000000103e+02 1.883852651855822671e-04 2.187018606967892497e-04
7.170847824999999602e+02 2.033261353463135409e-04 2.185691285827355513e-04
7.170850950000000239e+02 2.237221137603341169e-04 2.184264017286982661e-04
7.170854074999999739e+02 2.281687693848650914e-04 2.182733004056506881e-04
7.170857200000000375e+02 2.225967967277794890e-04 2.181094273822958081e-04
7.170860324999999875e+02 2.241486930659233596e-04 2.179343669925011171e-04
7.170863450000000512e+02 1.987418420133261424e-04 2.177476841466380645e-04
7.170866575000000012e+02 2.221731203134453116e-04 2.175489232852868186e-04
7.170869699999999511e+02 2.310525656960186027e-04 2.173376072696805419e-04
7.170872825000000148e+02 2.206763360743174359e-04 2.171132362066296203e-04
7.170875949999999648e+02 2.201551856275830023e-04 2.168752862032449140e-04
7.170879075000000284e+02 2.120068218711572742e-04 2.166232080461738378e-04
7.170882199999999784e+02 2.318521558549451085e-04 2.163564258028716810e-04
7.170885325000000421e+02 2.121191189792606951e-04 2.160743353373410303e-04
7.170888449999999921e+02 2.198620371756631589e-04 2.157763027381547918e-04
7.170891574999999420e+02 2.226929357644733974e-04 2.154616626503747195e-04
7.170894700000000057e+02 2.031731409042493832e-04 2.151297165081673252e-04
7.170897824999999557e+02 2.213373849530238832e-04 2.147797306613054779e-04
7.170900950000000194e+02 2.145978180884128143e-04 2.144109343879911634e-04
7.170904074999999693e+02 2.171658573432042006e-04 2.140225177906714691e-04
7.170907200000000330e+02 2.169793605956923683e-04 2.136136295641642853e-04
7.170910324999999830e+02 2.007548285977074653e-04 2.131833746334655343e-04
7.170913450000000466e+02 2.137232986062219159e-04 2.127308116495848405e-04
7.170916574999999966e+02 2.014460621350427254e-04 2.122549503409022092e-04
7.170919699999999466e+02 2.037382460924690955e-04 2.117547487078388967e-04
7.170922825000000103e+02 2.084970527560229452e-04 2.112291100574102405e-04
7.170925949999999602e+02 2.110316477729306248e-04 2.106768798688836983e-04
7.170929075000000239e+02 2.113115769399131583e-04 2.100968424812290692e-04
7.170932199999999739e+02 2.271963579609203026e-04 2.094877176004341615e-04
7.170935325000000375e+02 2.125326214439206599e-04 2.088481566140209633e-04
7.170938449999999875e+02 2.241386831792342683e-04 2.081767387138193566e-04
7.170941575000000512e+02 2.088906132250579052e-04 2.074719668151323807e-04
7.170944700000000012e+02 2.354429639776517847e-04 2.067322632762493787e-04
7.170947824999999511e+02 1.999402203484600593e-04 2.059559654089016000e-04
7.170950950000000148e+02 2.137703432582058844e-04 2.051413207860869499e-04
7.170954074999999648e+02 2.040209864305229459e-04 2.042864823479132136e-04
7.170957200000000284e+02 1.906714691109369765e-04 2.033895033083539788e-04
7.170960324999999784e+02 1.974214725825797646e-04 2.024483318808810504e-04
7.170963450000000421e+02 1.836541247885020690e-04 2.014608058286196379e-04
7.170966574999999921e+02 1.859895556002206542e-04 2.004246468710231815e-04
7.170969699999999420e+02 2.054962405152287175e-04 1.993374549655486938e-04
7.170972825000000057e+02 1.804390361135595829e-04 1.981967025111748678e-04
7.170975949999999557e+02 2.031551458217304795e-04 1.969997285197688189e-04
7.170979075000000194e+02 1.922154287735375648e-04 1.957437328130047082e-04
7.170982199999999693e+02 1.778650238944861402e-04 1.944257703336661010e-04
7.170985325000000330e+02 1.828919862559366953e-04 1.930427456546535950e-04
7.170988449999999830e+02 1.805832869210998370e-04 1.915914078196174477e-04
7.170991575000000466e+02 1.920327290845500238e-04 1.900683456455869646e-04
7.170994699999999966e+02 1.531232809518562256e-04 1.884699836807125425e-04
7.170997824999999466e+02 1.811681653400604608e-04 1.867925790145335543e-04
7.171000950000000103e+02 1.622499004908896977e-04 1.850322192109003132e-04
7.171004074999999602e+02 2.122656617977542403e-04 1.831848216656441610e-04
7.171007200000000239e+02 1.904470863330068797e-04 1.812461347470539341e-04
7.171010324999999739e+02 1.682173911032500927e-04 1.792117411682306056e-04
7.171013450000000375e+02 1.967095433058189979e-04 1.770770640801824975e-04
7.171016574999999875e+02 1.844450066770947361e-04 1.748373765063817968e-04
7.171019700000000512e+02 1.685484101519943445e-04 1.724878147931440103e-04
7.171022825000000012e+02 1.598681858363046457e-04 1.700233969110709808e-04
7.171025949999999511e+02 2.057573155822828965e-04 1.674390465174462202e-04
7.171029075000000148e+02 1.469608912791356620e-04 1.647296238720380565e-04
7.171032199999999648e+02 1.668689089882562765e-04 1.618899648181882820e-04
7.171035325000000284e+02 1.635456414840144200e-04 1.589149291935057658e-04
7.171038449999999784e+02 1.550804352749500482e-04 1.557994602312121394e-04
7.171041575000000421e+02 1.401761341933262586e-04 1.525386566140086574e-04
7.171044699999999921e+02 1.329983662618526097e-04 1.491278590570697666e-04
7.171047824999999420e+02 1.304945468026619205e-04 1.455627533517783257e-04
7.171050950000000057e+02 1.323601477028680433e-04 1.418394919502794448e-04
7.171054074999999557e+02 1.157463234051842781e-04 1.379548361544676331e-04
7.171057200000000194e+02 1.453242256370616944e-04 1.339063209010281504e-04
7.171060324999999693e+02 1.464909233162362001e-04 1.296924439910769134e-04
7.171063450000000330e+02 1.067592693926630018e-04 1.253128811731722529e-04
7.171066574999999830e+02 1.362204243245263556e-04 1.207687280010860296e-04
7.171069700000000466e+02 1.336581091248442113e-04 1.160627684393004602e-04
7.171072824999999966e+02 1.088041571640847762e-04 1.111997691037759363e-04
7.171075949999999466e+02 9.113057521461484815e-05 1.061867963460731121e-04
7.171079075000000103e+02 1.120857001184689315e-04 1.010335514613871274e-04
7.171082199999999602e+02 9.953204661354670356e-05 9.575271674759533078e-05
7.171085325000000239e+02 9.671173984869695811e-05 9.036030216589295615e-05
7.171088449999999739e+02 9.413388715735133993e-05 8.487597902147190005e-05
7.171091575000000375e+02 7.818230721689774579e-05 7.932338326586060319e-05
7.171094699999999875e+02 7.412955946592014614e-05 7.373036733358514019e-05
7.171097825000000512e+02 6.921911510865631962e-05 6.812917570335302842e-05
7.171100950000000012e+02 5.694116370171619339e-05 6.255651655534561894e-05
7.171104074999999511e+02 5.265831713239840214e-05 5.705350002054600234e-05
7.171107200000000148e+02 4.238203784322970460e-05 5.166541371612171888e-05
7.171110324999999648e+02 4.032861698351554479e-05 4.644130876946808766e-05
7.171113450000000284e+02 5.149593387927327737e-05 4.143337521251427169e-05
7.171116574999999784e+02 4.469210498125315400e-05 3.669609488098303014e-05
7.171119700000000421e+02 3.133247751176550488e-05 3.228517262309848703e-05
7.171122824999999921e+02 3.122283875184288243e-05 2.825626271017756821e-05
7.171125949999999420e+02 2.946352072530433953e-05 2.466352542440039688e-05
7.171129075000000057e+02 2.420978609256191214e-05 2.155806773101895347e-05
7.171132199999999557e+02 1.870651824166041460e-05 1.898633926195238079e-05
7.171135325000000194e+02 1.994090423597195269e-05 1.698856838963646126e-05
7.171138449999999693e+02 2.220267584987469027e-05 1.559733057045960291e-05
7.171141575000000330e+02 2.196076239321122136e-05 1.483634043993907027e-05
7.171144699999999830e+02 1.574089767423902440e-05 1.471954959889305392e-05
7.171147825000000466e+02 1.581791294438800985e-05 1.525061371843861583e-05
7.171150949999999966e+02 1.743885492875236939e-05 1.642276723990381123e-05
7.171154074999999466e+02 1.404595309596128633e-05 1.821911416906012052e-05
7.171157200000000103e+02 1.643762788870503075e-05 2.061331275405704847e-05
7.171160324999999602e+02 1.642685576706777573e-05 2.357060377529179347e-05
7.171163450000000239e+02 2.288997296912514647e-05 2.704910993236916487e-05
7.171166574999999739e+02 2.386799908765891432e-05 3.100131949449255872e-05
7.171169700000000375e+02 3.151369277351405949e-05 3.537566207795022987e-05
7.171172824999999875e+02 3.389430878012008230e-05 4.011808755259350267e-05
7.171175950000000512e+02 5.354909715285328589e-05 4.517356953708072110e-05
7.171179075000000012e+02 5.642990355192374933e-05 5.048747026741677037e-05
7.171182199999999511e+02 5.563807255863710929e-05 5.600672181537186305e-05
7.171185325000000148e+02 5.700754178511232287e-05 6.168079703917510358e-05
7.171188449999999648e+02 4.774175510519327356e-05 6.746246078389831369e-05
7.171191575000000284e+02 8.885467142148125222e-05 7.330830622806941530e-05
7.171194699999999784e+02 8.164388701623826925e-05 7.917909219188082012e-05
7.171197825000000421e+02 9.144434609507927261e-05 8.503990480207320043e-05
7.171200949999999921e+02 8.776502763620164704e-05 9.086017095574098546e-05
7.171204074999999420e+02 9.036029321278569830e-05 9.661355256130400903e-05
7.171207200000000057e+02 8.849202389888221449e-05 1.022777496678689573e-04
7.171210324999999557e+02 1.017676811431883916e-04 1.078342384143876089e-04
7.171213450000000194e+02 1.232126036383953847e-04 1.132679665505397171e-04
7.171216574999999693e+02 1.127332041048778485e-04 1.185670255958276407e-04
7.171219700000000330e+02 1.206965555221451011e-04 1.237223151358999250e-04
7.171222824999999830e+02 1.312207451639865665e-04 1.287272111418520247e-04
7.171225950000000466e+02 1.420316507694661023e-04 1.335772471899336275e-04
7.171229074999999966e+02 1.236564666300754101e-04 1.382698146423985155e-04
7.171232199999999466e+02 1.293265593236197293e-04 1.428038857344977582e-04
7.171235325000000103e+02 1.566582890693524156e-04 1.471797616264729301e-04
7.171238449999999602e+02 1.618359676056272799e-04 1.513988461671740245e-04
7.171241575000000239e+02 1.640476698595162545e-04 1.554634450902539315e-04
7.171244699999999739e+02 1.547905310618644874e-04 1.593765895876387748e-04
7.171247825000000375e+02 1.458840964351601922e-04 1.631418828102991221e-04
7.171250949999999875e+02 1.815613001024819599e-04 1.667633674614078755e-04
7.171254075000000512e+02 1.751161730242655509e-04 1.702454125954078927e-04
7.171257200000000012e+02 1.823575898125925270e-04 1.735926176102665322e-04
7.171260324999999511e+02 1.841517295714988826e-04 1.768097315449809173e-04
7.171263450000000148e+02 1.714516335664677715e-04 1.799015858125596731e-04
7.171266574999999648e+02 1.779721212929484596e-04 1.828730386695994327e-04
7.171269700000000284e+02 1.725088856898784081e-04 1.857289298624884347e-04
7.171272824999999784e+02 1.834773099557380019e-04 1.884740440031154672e-04
7.171275950000000421e+02 1.939481128727031482e-04 1.911130814379624913e-04
7.171279074999999921e+02 1.946260206132161474e-04 1.936506354528552297e-04
7.171282199999999420e+02 2.091233866253389454e-04 1.960911748566528557e-04
7.171285325000000057e+02 2.359330329209805227e-04 1.984390310574968947e-04
7.171288449999999557e+02 1.953411972331740463e-04 2.006983888951461160e-04
7.171291575000000194e+02 2.117626967404782695e-04 2.028732805932275340e-04
7.171294699999999693e+02 2.049197029008891261e-04 2.049675822585394970e-04
7.171297825000000330e+02 2.159283720118627720e-04 2.069850124816878002e-04
7.171300949999999830e+02 2.318785574120576782e-04 2.089291326135093985e-04
7.171304075000000466e+02 2.092345724504503604e-04 2.108033484032688484e-04
7.171307199999999966e+02 2.019776439376486945e-04 2.126109126901571604e-04
7.171310324999999466e+02 2.271901952477421531e-04 2.143549289312826319e-04
7.171313450000000103e+02 2.210673503613302558e-04 2.160383553493719377e-04
7.171316574999999602e+02 2.327571411800509341e-04 2.176640095421047451e-04
7.171319700000000239e+02 2.179686034079925149e-04 2.192345734219538090e-04
7.171322824999999739e+02 2.268211989292264331e-04 2.207525983593581315e-04
7.171325950000000375e+02 2.190933723599548116e-04 2.222205104559541681e-04
7.171329074999999875e+02 2.270649886941269145e-04 2.236406158554374681e-04
7.171332200000000512e+02 2.284275140839046913e-04 2.250151060502870277e-04
7.171335325000000012e+02 2.345811021083773996e-04 2.263460631200523885e-04
7.171338449999999511e+02 2.197500129567963906e-04 2.276354648803572301e-04
7.171341575000000148e+02 2.251018227722040039e-04 2.288851899014147310e-04
7.171344699999999648e+02 2.138316988631684462e-04 2.300970223800852959e-04
7.171347825000000284e+02 2.439149972355180362e-04 2.312726568541198470e-04
7.171350949999999784e+02 2.281497431514132375e-04 2.324137027367225176e-04
7.171354075000000421e+02 2.126564890988474465e-04 2.335216886782194752e-04
7.171357199999999921e+02 2.313042493526156970e-04 2.345980667374556827e-04
7.171360324999999420e+02 2.308041897730413378e-04 2.356442163747107874e-04
7.171363450000000057e+02 2.521922005568010255e-04 2.366614482567471400e-04
7.171366574999999557e+02 2.216606461141171669e-04 2.376510078807983820e-04
7.171369700000000194e+02 2.362929809932314516e-04 2.386140790246691625e-04
7.171372824999999693e+02 2.452947607653833744e-04 2.395517870185616600e-04
7.171375950000000330e+02 2.212740414708403076e-04 2.404652018551555923e-04
7.171379074999999830e+02 2.503147785572304744e-04 2.413553411326156543e-04
7.171382200000000466e+02 2.380929204748977971e-04 2.422231728476864827e-04
7.171385324999999966e+02 2.484618195970548344e-04 2.430696180346733517e-04
7.171388449999999466e+02 2.361787045393143141e-04 2.438955532669235084e-04
7.171391575000000103e+02 2.872462032687844074e-04 2.447018130193264504e-04
7.171394699999999602e+02 2.198910113408891916e-04 2.454891919016760214e-04
7.171397825000000239e+02 2.278532963197629183e-04 2.462584467720322517e-04
7.171400949999999739e+02 2.474237447720766718e-04 2.470102987291103859e-04
7.171404075000000375e+02 2.412004043972595024e-04 2.477454349986184592e-04
7.171407199999999875e+02 2.795964717436046944e-04 2.484645107104380222e-04
7.171410325000000512e+02 2.379483516178186619e-04 2.491681505810445108e-04
7.171413450000000012e+02 2.691010362698832530e-04 2.498569504980117473e-04
7.171416574999999511e+02 2.681035356530576128e-04 2.505314790199095849e-04
7.171419700000000148e+02 2.653596410771748033e-04 2.511922787900338814e-04
7.171422824999999648e+02 2.617492804948634783e-04 2.518398678713611605e-04
7.171425950000000284e+02 2.535412791415860706e-04 2.524747410094710506e-04
7.171429074999999784e+02 2.616321375893124255e-04 2.530973708217507806e-04
7.171432200000000421e+02 2.434331133280077703e-04 2.537082089241882296e-04
7.171435324999999921e+02 2.609258581837601253e-04 2.543076869921613494e-04
7.171438449999999420e+02 2.639316720096563816e-04 2.548962177658561901e-04
7.171441575000000057e+02 2.684785779903849372e-04 2.554741959980787159e-04
7.171444699999999557e+02 2.435031288190810561e-04 2.560419993499863192e-04
7.171447825000000194e+02 2.346767720310732538e-04 2.565999892397632259e-04
7.171450949999999693e+02 2.380254798603481789e-04 2.571485116418963969e-04
7.171454075000000330e+02 2.266864459630493441e-04 2.576878978461269150e-04
7.171457199999999830e+02 2.389651445731967843e-04 2.582184651721041780e-04
7.171460325000000466e+02 2.610148630622462413e-04 2.587405176485081844e-04
