7.080160525000000007e+02 3.886711275130827676e-04 3.584287065290226153e-04
7.080163650000000644e+02 3.852789768359217958e-04 3.591308571282915050e-04
7.080166775000000143e+02 3.857961079248381107e-04 3.597926998155223720e-04
7.080169900000000780e+02 4.315686254023216309e-04 3.604126326221500365e-04
7.080173025000000280e+02 4.223247286875522646e-04 3.609889793954982619e-04
7.080176150000000916e+02 3.776398469950487309e-04 3.615199860403569827e-04
7.080179275000000416e+02 3.864681197851992838e-04 3.620038165664366024e-04
7.080182400000001053e+02 3.600947405830668075e-04 3.624385489408244658e-04
7.080185525000000553e+02 3.746126312249615934e-04 3.628221707318690756e-04
7.080188650000000052e+02 3.746119335806256836e-04 3.631525745428499231e-04
7.080191775000000689e+02 3.711852355038653285e-04 3.634275532244158648e-04
7.080194900000000189e+02 3.639755597033534859e-04 3.636447948616591754e-04
7.080198025000000825e+02 3.539306314705379904e-04 3.638018775308886885e-04
7.080201150000000325e+02 3.413810371730518307e-04 3.638962638194810184e-04
7.080204275000000962e+02 3.768295473323140946e-04 3.639252951079184856e-04
7.080207400000000462e+02 3.533039623899111598e-04 3.638861856105056491e-04
7.080210524999999961e+02 3.716422796869164121e-04 3.637760161761045721e-04
7.080213650000000598e+02 3.920152608540581414e-04 3.635917278507690446e-04
7.080216775000000098e+02 3.491180085066604780e-04 3.633301152084526201e-04
7.080219900000000735e+02 3.747518019049458655e-04 3.629878194573488192e-04
7.080223025000000234e+02 3.279930888823167105e-04 3.625613213370667241e-04
7.080226150000000871e+02 3.573145165577345898e-04 3.620469338215651415e-04
7.080229275000000371e+02 3.527842535880663195e-04 3.614407946557710179e-04
7.080232400000001007e+02 3.342415108983839696e-04 3.607388587517844055e-04
7.080235525000000507e+02 3.449325764249115429e-04 3.599368904898603348e-04
7.080238650000000007e+02 3.723244756536053107e-04 3.590304559663097766e-04
7.080241775000000644e+02 3.286833501645762328e-04 3.580149152543745457e-04
7.080244900000000143e+02 3.509819349088387063e-04 3.568854147500910242e-04
7.080248025000000780e+02 2.641176727025481446e-04 3.556368796876637449e-04
7.080251150000000280e+02 3.784044415093998858e-04 3.542640069415636112e-04
7.080254275000000916e+02 3.502734217628998450e-04 3.527612582306533786e-04
7.080257400000000416e+02 3.348719147460071715e-04 3.511228538914018581e-04
7.080260525000001053e+02 3.209455134273195374e-04 3.493427673845803496e-04
7.080263650000000553e+02 3.224788578316858511e-04 3.474147207655577433e-04
7.080266775000000052e+02 3.038425680808660078e-04 3.453321813492360903e-04
7.080269900000000689e+02 2.803419473700463215e-04 3.430883598763393057e-04
7.080273025000000189e+02 3.311472992675840816e-04 3.406762105152501860e-04
7.080276150000000825e+02 3.148529960875984853e-04 3.380884330832985047e-04
7.080279275000000325e+02 3.033038638333046305e-04 3.353174779636145029e-04
7.080282400000000962e+02 3.137694609612747226e-04 3.323555542133595025e-04
7.080285525000000462e+02 3.637719570812733214e-04 3.291946414934365426e-04
7.080288649999999961e+02 3.215364375912579671e-04 3.258265064734805396e-04
7.080291775000000598e+02 2.997895156237133352e-04 3.222427245162098669e-04
7.080294900000000098e+02 2.809329968192361628e-04 3.184347075126095689e-04
7.080298025000000735e+02 3.147961417599956686e-04 3.143937388434808592e-04
7.080301150000000234e+02 2.550589349310236685e-04 3.101110166091625175e-04
7.080304275000000871e+02 2.658418326416274718e-04 3.055777063149497431e-04
7.080307400000000371e+02 2.742357288155922472e-04 3.007850044165628466e-04
7.080310525000001007e+02 2.669514628951696498e-04 2.957242141593321712e-04
7.080313650000000507e+02 2.903197824812539822e-04 2.903868353691923935e-04
7.080316775000000007e+02 2.394587370283889592e-04 2.847646698574671969e-04
7.080319900000000644e+02 2.120566803363199584e-04 2.788499442905708258e-04
7.080323025000000143e+02 2.597556135682906530e-04 2.726354523764908350e-04
7.080326150000000780e+02 2.495030901494237736e-04 2.661147182288733145e-04
7.080329275000000280e+02 2.507330333277071302e-04 2.592821828063524687e-04
7.080332400000000916e+02 2.122357222354808023e-04 2.521334150753334587e-04
7.080335525000000416e+02 1.975039277485999179e-04 2.446653494638336606e-04
7.080338650000001053e+02 2.188194440853012809e-04 2.368765506603011980e-04
7.080341775000000553e+02 1.894947879283878851e-04 2.287675064545413367e-04
7.080344900000000052e+02 2.040140845374932999e-04 2.203409484368358984e-04
7.080348025000000689e+02 2.048995106394149528e-04 2.116021995818312569e-04
7.080351150000000189e+02 1.877066118214710307e-04 2.025595464465681399e-04
7.080354275000000825e+02 1.668578296332592730e-04 1.932246322110031450e-04
7.080357400000000325e+02 1.842307637997779449e-04 1.836128651055121458e-04
7.080360525000000962e+02 1.407288429911905366e-04 1.737438344735826748e-04
7.080363650000000462e+02 1.690061606597415337e-04 1.636417245202761452e-04
7.080366774999999961e+02 1.440235826086375083e-04 1.533357129228481381e-04
7.080369900000000598e+02 1.321703616082442196e-04 1.428603388534287937e-04
7.080373025000000098e+02 1.509690313135370878e-04 1.322558219849050956e-04
7.080376150000000735e+02 1.026778593577987544e-04 1.215683113386103277e-04
7.080379275000000234e+02 1.361575240840075056e-04 1.108500406518154346e-04
7.080382400000000871e+02 1.039084009171438797e-04 1.001593650953470221e-04
7.080385525000000371e+02 1.091186219851434785e-04 8.956065380556490704e-05
7.080388650000001007e+02 1.104908113307342119e-04 7.912401322240731011e-05
7.080391775000000507e+02 1.036209301919696342e-04 6.892481898785106722e-05
7.080394900000000007e+02 9.667377562809509068e-05 5.904303847162976882e-05
7.080398025000000644e+02 6.270212510518511956e-05 4.956233299871060755e-05
7.080401150000000143e+02 7.691569460837211370e-05 4.056893777636812420e-05
7.080404275000000780e+02 7.959947638334678667e-05 3.215032866507887868e-05
7.080407400000000280e+02 4.903258173295293391e-05 2.439369781037576521e-05
7.080410525000000916e+02 6.629944764739423345e-05 1.738427361026862245e-05
7.080413650000000416e+02 6.715985081958061322e-05 1.120353421103314109e-05
7.080416775000001053e+02 3.431438654471006259e-05 5.927375736849614134e-06
7.080419900000000553e+02 3.042244625106933182e-05 1.624306216523799195e-06
7.080423025000000052e+02 2.456527576838113207e-05 -1.646258233853183487e-06
7.080426150000000689e+02 2.701559339894206934e-05 -3.835517380412975892e-06
7.080429275000000189e+02 2.425325985476900237e-05 -4.906558011517136486e-06
7.080432400000000825e+02 1.647784401783425876e-05 -4.835309274355128381e-06
7.080435525000000325e+02 8.532814096098915828e-06 -3.611134251377374227e-06
7.080438650000000962e+02 8.265748068178262103e-06 -1.237028772198880106e-06
7.080441775000000462e+02 1.253389474807665180e-05 2.270580277901551210e-06
7.080444899999999961e+02 7.269565101945205934e-06 6.882423118701124492e-06
7.080448025000000598e+02 7.271113332800475161e-06 1.255732723223516486e-05
7.080451150000000098e+02 5.485899213196133727e-06 1.924345771947414459e-05
7.080454275000000735e+02 1.331552620809642117e-05 2.687979314002066571e-05
7.080457400000000234e+02 1.233677664548812991e-05 3.539776424905200311e-05
7.080460525000000871e+02 2.235661884740423698e-05 4.472298077572149806e-05
7.080463650000000371e+02 1.891794262671835848e-05 5.477697385392792453e-05
7.080466775000001007e+02 3.985683612228188376e-05 6.547888878486365764e-05
7.080469900000000507e+02 3.359710941778229964e-05 7.674707265710601484e-05
7.080473025000000007e+02 4.800713817460802274e-05 8.850051358204379191e-05
7.080476150000000644e+02 5.444066494354517916e-05 1.006601008795642390e-04
7.080479275000000143e+02 7.225759806836014505e-05 1.131496881821116897e-04
7.080482400000000780e+02 9.855186755392149594e-05 1.258969528430218122e-04
7.080485525000000280e+02 9.600148542034773482e-05 1.388340546082926931e-04
7.080488650000000916e+02 1.017454763353116442e-04 1.518981045182521818e-04
7.080491775000000416e+02 1.195707187941464456e-04 1.650314604038779175e-04
7.080494900000001053e+02 1.447084630560351503e-04 1.781818693519960381e-04
7.080498025000000553e+02 1.648366526772441652e-04 1.913024791658894403e-04
7.080501150000000052e+02 1.740070196788738761e-04 2.043517416335143618e-04
7.080504275000000689e+02 1.914878531792162184e-04 2.172932294873223147e-04
7.080507400000000189e+02 2.139906676361702823e-04 2.300953876139396823e-04
7.080510525000000825e+02 2.048873079158621381e-04 2.427312370300269985e-04
7.080513650000000325e+02 2.460464840679138271e-04 2.551780476352492628e-04
7.080516775000000962e+02 2.609961320468109783e-04 2.674169935657566620e-04
7.080519900000000462e+02 2.590903627509625294e-04 2.794328022739610002e-04
7.080523024999999961e+02 2.170237008551508234e-04 2.912134064866077387e-04
7.080526150000000598e+02 3.216891223843649063e-04 3.027496058907888188e-04
7.080529275000000098e+02 2.903500305670864970e-04 3.140347437552016684e-04
7.080532400000000735e+02 3.223924681435137132e-04 3.250644021455039801e-04
7.080535525000000234e+02 3.013749477800539071e-04 3.358361179631883723e-04
7.080538650000000871e+02 3.488454176760902997e-04 3.463491212207641399e-04
7.080541775000000371e+02 3.268071586161604928e-04 3.566040958803377977e-04
7.080544900000001007e+02 3.941327157727910271e-04 3.666029631961287565e-04
7.080548025000000507e+02 3.867457968187236039e-04 3.763486867761423396e-04
7.080551150000000007e+02 3.934877096411278519e-04 3.858450984753137897e-04
7.080554275000000644e+02 3.870250830771172225e-04 3.950967437942029320e-04
7.080557400000000143e+02 4.221175543591409595e-04 4.041087454483643059e-04
7.080560525000000780e+02 4.221819579776959650e-04 4.128866836963232469e-04
7.080563650000000280e+02 4.829126255746988140e-04 4.214364918839030427e-04
7.080566775000000916e+02 4.546493625491375792e-04 4.297643658704711949e-04
7.080569900000000416e+02 4.874604537150771717e-04 4.378766858516288741e-04
7.080573025000001053e+02 4.941762713060757293e-04 4.457799493669419282e-04
7.080576150000000553e+02 5.220179462156989466e-04 4.534807141694111921e-04
7.080579275000000052e+02 5.123620549027106718e-04 4.609855499138160000e-04
7.080582400000000689e+02 5.556834891552694163e-04 4.683009975503320504e-04
7.080585525000000189e+02 4.796938895697267489e-04 4.754335355074124341e-04
7.080588650000000825e+02 5.647574659583468179e-04 4.823895518333225327e-04
7.080591775000000325e+02 5.978344042278043282e-04 4.891753214623927341e-04
7.080594900000000962e+02 5.440076557555694175e-04 4.957969879992764209e-04
7.080598025000000462e+02 5.748038083691082295e-04 5.022605493289896642e-04
7.080601149999999961e+02 5.889040143862573880e-04 5.085718465880266579e-04
7.080604275000000598e+02 6.442494915993127484e-04 5.147365559573716240e-04
7.080607400000000098e+02 5.569416362052532262e-04 5.207601828825743134e-04
7.080610525000000735e+02 5.778425901921375269e-04 5.266480583734920243e-04
7.080613650000000234e+02 5.828801796189807434e-04 5.324053370065701205e-04
7.080616775000000871e+02 5.664607975288408950e-04 5.380369964169492590e-04
7.080619900000000371e+02 4.961091640915124079e-04 5.435478379681335948e-04
7.080623025000001007e+02 6.091890726461868071e-04 5.489424884552243644e-04
7.080626150000000507e+02 5.638008044450961917e-04 5.542254025938249092e-04
7.080629275000000007e+02 5.996000276944836883e-04 5.594008661999782172e-04
7.080632400000000644e+02 6.403121134232577427e-04 5.644729998765839803e-04
7.080635525000000143e+02 6.281101678805078642e-04 5.694457631115898899e-04
7.080638650000000780e+02 6.183209130679382087e-04 5.743229587071102754e-04
7.080641775000000280e+02 6.010258563267199686e-04 5.791082374104333796e-04
7.080644900000000916e+02 6.118622319693283124e-04 5.838051027322196072e-04
7.080648025000000416e+02 6.233203329483886015e-04 5.884169158355509769e-04
7.080651150000001053e+02 6.398043591121243710e-04 5.929469005016980683e-04
7.080654275000000553e+02 6.185324898743465791e-04 5.973981480763646077e-04
7.080657400000000052e+02 5.971367077327526755e-04 6.017736224142069797e-04
7.080660525000000689e+02 6.639434898230346270e-04 6.060761647517550876e-04
7.080663650000000189e+02 6.601457855423158768e-04 6.103084985030550772e-04
7.080666775000000825e+02 6.878090470725573870e-04 6.144732339746890532e-04
7.080669900000000325e+02 6.465958111749206625e-04 6.185728729470546614e-04
7.080673025000000962e+02 6.310111575655940426e-04 6.226098131584299018e-04
7.080676150000000462e+02 6.289094792003296778e-04 6.265863526349671735e-04
7.080679274999999961e+02 6.161789516554277415e-04 6.305046939069806422e-04
7.080682400000000598e+02 6.269457053514040836e-04 6.343669480704251492e-04
7.080685525000000098e+02 6.987572701907735547e-04 6.381751387064668254e-04
7.080688650000000735e+02 5.971977249274022272e-04 6.419312056717457922e-04
7.080691775000000234e+02 7.613677709855810318e-04 6.456370087247696168e-04
7.080694900000000871e+02 6.618107347216118730e-04 6.492943310325021040e-04
7.080698025000000371e+02 6.861499527409897726e-04 6.529048825153399354e-04
7.080701150000001007e+02 6.082425847029949463e-04 6.564703030761928669e-04
7.080704275000000507e+02 6.847087462078115970e-04 6.599921656741251138e-04
7.080707400000000007e+02 6.419285788390943293e-04 6.634719792867776501e-04
7.080710525000000644e+02 6.438112533784966706e-04 6.669111917325860374e-04
7.080713650000000143e+02 5.725343598893819445e-04 6.703111923700810597e-04
7.080716775000000780e+02 6.117852609132337248e-04 6.736733146904936740e-04
7.080719900000000280e+02 6.758320286653408428e-04 6.769988387768060938e-04
7.080723025000000916e+02 6.475576543285923876e-04 6.802889936717809553e-04
7.080726150000000416e+02 6.408424530850031922e-04 6.835449596200425136e-04
7.080729275000001053e+02 6.415128598742789916e-04 6.867678702271443796e-04
7.080732400000000553e+02 7.020658686295313481e-04 6.899588145014667710e-04
7.080735525000000052e+02 6.714060302536612726e-04 6.931188388198049029e-04
7.080738650000000689e+02 6.913546941786870076e-04 6.962489487911284599e-04
7.080741775000000189e+02 7.418542656665546350e-04 6.993501110344234675e-04
7.080744900000000825e+02 7.198464176081145445e-04 7.024232548855237996e-04
7.080748025000000325e+02 6.576435176795508838e-04 7.054692740083226684e-04
7.080751150000000962e+02 7.066677867802354874e-04 7.084890279488735478e-04
7.080754275000000462e+02 7.059552140184680675e-04 7.114833436000221915e-04
7.080757399999999961e+02 6.077372598104412941e-04 7.144530166142751531e-04
7.080760525000000598e+02 6.618142668032926104e-04 7.173988127404493272e-04
7.080763650000000098e+02 6.079339739937591894e-04 7.203214690983684434e-04
7.080766775000000735e+02 6.143728017834308459e-04 7.232216954050263349e-04
7.080769900000000234e+02 6.148055756982884722e-04 7.261001751283790604e-04
7.080773025000000871e+02 6.848099547103317147e-04 7.289575666043832244e-04
7.080776150000000371e+02 7.233223576771525285e-04 7.317945040860755280e-04
7.080779275000001007e+02 6.620140519146562163e-04 7.346115987606572978e-04
7.080782400000000507e+02 7.403996212272593962e-04 7.374094397036537636e-04
