7.162006679999999506e+02 3.491092855778897943e-04 3.210055035319523201e-04
7.162009804999999005e+02 3.564247124751509675e-04 3.212795892389155796e-04
7.162012929999999642e+02 3.868503281716991231e-04 3.215394722386602576e-04
7.162016054999999142e+02 3.157990157268733252e-04 3.217845900562358403e-04
7.162019179999999778e+02 2.908103199360455001e-04 3.220143531032514149e-04
7.162022304999999278e+02 3.763695259473437155e-04 3.222281431537310351e-04
7.162025429999999915e+02 3.532656736417302476e-04 3.224253117250980901e-04
7.162028554999999415e+02 3.386693324703104980e-04 3.226051783550206451e-04
7.162031680000000051e+02 3.385120119659887610e-04 3.227670287695333135e-04
7.162034804999999551e+02 3.014720577284895264e-04 3.229101129325780400e-04
7.162037929999999051e+02 3.665635807464708582e-04 3.230336429709078209e-04
7.162041054999999687e+02 2.952035542062247616e-04 3.231367909640957248e-04
7.162044179999999187e+02 2.882467492394604359e-04 3.232186865911392025e-04
7.162047304999999824e+02 3.061808544752641715e-04 3.232784146239404640e-04
7.162050429999999324e+02 3.377058088379297860e-04 3.233150122562648680e-04
7.162053554999999960e+02 2.938417610629309729e-04 3.233274662577540750e-04
7.162056679999999460e+02 3.224302479413211891e-04 3.233147099402426086e-04
7.162059804999998960e+02 3.446330268426809154e-04 3.232756199239534634e-04
7.162062929999999596e+02 2.970226238351523487e-04 3.232090126896175063e-04
7.162066054999999096e+02 3.036979839532065809e-04 3.231136409022517149e-04
7.162069179999999733e+02 3.261428151680610590e-04 3.229881894906736048e-04
7.162072304999999233e+02 3.414886610589756605e-04 3.228312714671873114e-04
7.162075429999999869e+02 3.290246512148182079e-04 3.226414234690388365e-04
7.162078554999999369e+02 3.098207382743406262e-04 3.224171010048986451e-04
7.162081680000000006e+02 3.285005888551804530e-04 3.221566733853895872e-04
7.162084804999999506e+02 3.556212152379305356e-04 3.218584183198455132e-04
7.162087929999999005e+02 3.104732011564268227e-04 3.215205161559097323e-04
7.162091054999999642e+02 3.210811556216967063e-04 3.211410437424417372e-04
7.162094179999999142e+02 3.092409940503235144e-04 3.207179678928085841e-04
7.162097304999999778e+02 3.473467778085203412e-04 3.202491384239757760e-04
7.162100429999999278e+02 3.051805401195798687e-04 3.197322807519851172e-04
7.162103554999999915e+02 2.821081249556298717e-04 3.191649880158148149e-04
7.162106679999999415e+02 3.662415571378344623e-04 3.185447127122836993e-04
7.162109805000000051e+02 3.298935724399644563e-04 3.178687578139430129e-04
7.162112929999999551e+02 2.748934630217437884e-04 3.171342673559574173e-04
7.162116054999999051e+02 3.111717401641952941e-04 3.163382164665313242e-04
7.162119179999999687e+02 3.118500626884543802e-04 3.154774008312206880e-04
7.162122304999999187e+02 2.519487549048969426e-04 3.145484255779711904e-04
7.162125429999999824e+02 2.923743121026988584e-04 3.135476935735454504e-04
7.162128554999999324e+02 3.235836143689943805e-04 3.124713931413042171e-04
7.162131679999999960e+02 2.871470499868424855e-04 3.113154852009474504e-04
7.162134804999999460e+02 2.857841317892567267e-04 3.100756898651808109e-04
7.162137929999998960e+02 2.706001936743879601e-04 3.087474725197809021e-04
7.162141054999999596e+02 2.706438898693692085e-04 3.073260294546904412e-04
7.162144179999999096e+02 3.267500691247661329e-04 3.058062731241074700e-04
7.162147304999999733e+02 2.887996782931688761e-04 3.041828171402854585e-04
7.162150429999999233e+02 2.907084959359926670e-04 3.024499611613421304e-04
7.162153554999999869e+02 2.692446651386808673e-04 3.006016758466039458e-04
7.162156679999999369e+02 3.020867858307433804e-04 2.986315881429547968e-04
7.162159805000000006e+02 3.227548319393641531e-04 2.965329671915411711e-04
7.162162929999999506e+02 3.264777491696184159e-04 2.942987112645457080e-04
7.162166054999999005e+02 2.621895190430522651e-04 2.919213361924804292e-04
7.162169179999999642e+02 2.486056976495203976e-04 2.893929658958264528e-04
7.162172304999999142e+02 2.892142902765710492e-04 2.867053257448891248e-04
7.162175429999999778e+02 2.733698425359281552e-04 2.838497396272010370e-04
7.162178554999999278e+02 3.127446630046650032e-04 2.808171318245729505e-04
7.162181679999999915e+02 2.521636576222355481e-04 2.775980349679720341e-04
7.162184804999999415e+02 2.793015416565279270e-04 2.741826056592376994e-04
7.162187930000000051e+02 2.541957126601458771e-04 2.705606495766769916e-04
7.162191054999999551e+02 3.035099155758627762e-04 2.667216582941827653e-04
7.162194179999999051e+02 2.327209884119084806e-04 2.626548603520047231e-04
7.162197304999999687e+02 2.097760465786111450e-04 2.583492896164484476e-04
7.162200429999999187e+02 2.430550127997825518e-04 2.537938743941648085e-04
7.162203554999999824e+02 2.558743270182806833e-04 2.489775512659649494e-04
7.162206679999999324e+02 2.438965656674462715e-04 2.438894081910635329e-04
7.162209804999999960e+02 2.144986607958604993e-04 2.385188618675742527e-04
7.162212929999999460e+02 1.903280228634446152e-04 2.328558749376176016e-04
7.162216054999998960e+02 1.852642551278286468e-04 2.268912189263717211e-04
7.162219179999999596e+02 2.067074852103500189e-04 2.206167891764450079e-04
7.162222304999999096e+02 1.592775207550708603e-04 2.140259780078606353e-04
7.162225429999999733e+02 2.233214995574711397e-04 2.071141120071775903e-04
7.162228554999999233e+02 1.954637213380856667e-04 1.998789586193691192e-04
7.162231679999999869e+02 1.933747435193855003e-04 1.923213055939624249e-04
7.162234804999999369e+02 1.690542511360047578e-04 1.844456146237598868e-04
7.162237930000000006e+02 1.795358519876477849e-04 1.762607468737455174e-04
7.162241054999999506e+02 1.576414002215439794e-04 1.677807534547138993e-04
7.162244179999999005e+02 1.701869179037057754e-04 1.590257173584638665e-04
7.162247304999999642e+02 1.689066348990727402e-04 1.500226254866096447e-04
7.162250429999999142e+02 1.395811784356707299e-04 1.408062395678173458e-04
7.162253554999999778e+02 1.204034273136301918e-04 1.314199235235944817e-04
7.162256679999999278e+02 1.552694277500724031e-04 1.219163727499542374e-04
7.162259804999999915e+02 1.363253353463130489e-04 1.123581783008994735e-04
7.162262929999999415e+02 8.427299634715358038e-05 1.028181481678973482e-04
7.162266055000000051e+02 1.157955974014700202e-04 9.337929978603535304e-05
7.162269179999999551e+02 8.227936183103643560e-05 8.413443573487636715e-05
7.162272304999999051e+02 7.249460811130920674e-05 7.518521999962280041e-05
7.162275429999999687e+02 1.088015622863573040e-04 6.664068837763515287e-05
7.162278554999999187e+02 8.676991019980801628e-05 5.861515468814300535e-05
7.162281679999999824e+02 8.765203571614654592e-05 5.122551528186642246e-05
7.162284804999999324e+02 4.834828063822860353e-05 4.458800643186915065e-05
7.162287929999999960e+02 5.623969958616962216e-05 3.881452825887591061e-05
7.162291054999999460e+02 5.043807312139347577e-05 3.400870911757600961e-05
7.162294179999998960e+02 4.876045159358145272e-05 3.026193680667015108e-05
7.162297304999999596e+02 3.242597171787644009e-05 2.764961902631579138e-05
7.162300429999999096e+02 2.310164818738999728e-05 2.622794644872084960e-05
7.162303554999999733e+02 2.264383358976472307e-05 2.603141258707822639e-05
7.162306679999999233e+02 1.509902477548625744e-05 2.707129440003860386e-05
7.162309804999999869e+02 3.845390158971490611e-05 2.933522075342300417e-05
7.162312929999999369e+02 2.393214233491472909e-05 3.278786204969782282e-05
7.162316055000000006e+02 2.850921083155086760e-05 3.737267626294541004e-05
7.162319179999999506e+02 3.097558620727932689e-05 4.301455783297715598e-05
7.162322304999999005e+02 3.035527690563627855e-05 4.962316820591945775e-05
7.162325429999999642e+02 5.694698752546698532e-05 5.709668760259359365e-05
7.162328554999999142e+02 5.919724084951211689e-05 6.532571945854147809e-05
7.162331679999999778e+02 5.165890374162710602e-05 7.419709906598551195e-05
7.162334804999999278e+02 6.199308552936612891e-05 8.359739955517843217e-05
7.162337929999999915e+02 8.773754536193488246e-05 9.341598325711118777e-05
7.162341054999999415e+02 8.775323069408755619e-05 1.035475052408212429e-04
7.162344180000000051e+02 9.545464598801012496e-05 1.138938316802775864e-04
7.162347304999999551e+02 7.899630002516816224e-05 1.243653825305812189e-04
7.162350429999999051e+02 1.102210476677099491e-04 1.348819437911337579e-04
7.162353554999999687e+02 8.824078744989216649e-05 1.453730178407396198e-04
7.162356679999999187e+02 1.375864295464768183e-04 1.557777926732100120e-04
7.162359804999999824e+02 1.745058418604245899e-04 1.660448138401376267e-04
7.162362929999999324e+02 2.173676774735639773e-04 1.761314388979349208e-04
7.162366054999999960e+02 1.984480715331358547e-04 1.860031460016025597e-04
7.162369179999999460e+02 1.917110300579441518e-04 1.956327572534022363e-04
7.162372304999998960e+02 2.186770915654204684e-04 2.049996260353237668e-04
7.162375429999999596e+02 2.208890436534566553e-04 2.140888260749869800e-04
7.162378554999999096e+02 2.791970538357872993e-04 2.228903699158440793e-04
7.162381679999999733e+02 2.423992688684594192e-04 2.313984756975137245e-04
7.162384804999999233e+02 2.489804449399816598e-04 2.396108938630913104e-04
7.162387929999999869e+02 2.572321523981098987e-04 2.475282999496154442e-04
7.162391054999999369e+02 2.556440359992995367e-04 2.551537551700996183e-04
7.162394180000000006e+02 2.430813131280316680e-04 2.624922336328192746e-04
7.162397304999999506e+02 2.776372918653884233e-04 2.695502127779199775e-04
7.162400429999999005e+02 2.729234132969218622e-04 2.763353224869600448e-04
7.162403554999999642e+02 2.467232603706588060e-04 2.828560474542813935e-04
7.162406679999999142e+02 2.730868128686202547e-04 2.891214772301518117e-04
7.162409804999999778e+02 3.135560614444407265e-04 2.951410983682264998e-04
7.162412929999999278e+02 2.879775959612882645e-04 3.009246232676681559e-04
7.162416054999999915e+02 3.509649033093751040e-04 3.064818507937542365e-04
7.162419179999999415e+02 3.377275436986109411e-04 3.118225540567547507e-04
7.162422305000000051e+02 2.806636521905335729e-04 3.169563913326315209e-04
7.162425429999999551e+02 3.442299972536445592e-04 3.218928364440119274e-04
7.162428554999999051e+02 3.008542732136969223e-04 3.266411254942756348e-04
7.162431679999999687e+02 3.522859084327979316e-04 3.312102171582690909e-04
7.162434804999999187e+02 3.091695934003069537e-04 3.356087641845881026e-04
7.162437929999999824e+02 3.714094959329126912e-04 3.398450941030057388e-04
7.162441054999999324e+02 3.469676334342662485e-04 3.439271973802947822e-04
7.162444179999999960e+02 3.957080904933282578e-04 3.478627216251118227e-04
7.162447304999999460e+02 3.467909861877260780e-04 3.516589705762161039e-04
7.162450429999998960e+02 4.410142035620733285e-04 3.553229069044534826e-04
7.162453554999999596e+02 4.092999761853293068e-04 3.588611579476669680e-04
7.162456679999999096e+02 3.924585682571484109e-04 3.622800236962532734e-04
7.162459804999999733e+02 3.896820995038774416e-04 3.655854864672021098e-04
7.162462929999999233e+02 4.148422392803753633e-04 3.687832217659565873e-04
7.162466054999999869e+02 3.832165448322509549e-04 3.718786099931472135e-04
7.162469179999999369e+02 3.718248409802211540e-04 3.748767486497670237e-04
7.162472305000000006e+02 4.132583774905914721e-04 3.777824648314329027e-04
7.162475429999999506e+02 4.041284694560729374e-04 3.806003277798860598e-04
7.162478554999999005e+02 3.585723289098275237e-04 3.833346613720157873e-04
7.162481679999999642e+02 3.914016983008324567e-04 3.859895564003919537e-04
7.162484804999999142e+02 3.976799343276216309e-04 3.885688825660936637e-04
7.162487929999999778e+02 3.853640860665403069e-04 3.910763001254437786e-04
7.162491054999999278e+02 4.019710709621895114e-04 3.935152711185984265e-04
7.162494179999999915e+02 4.057165048815378119e-04 3.958890701759110523e-04
7.162497304999999415e+02 4.277990150829922840e-04 3.982007948520336141e-04
7.162500430000000051e+02 4.216236841671350938e-04 4.004533755051667247e-04
7.162503554999999551e+02 4.168454936889617792e-04 4.026495846905334434e-04
7.162506679999999051e+02 3.701686074990781527e-04 4.047920460970488225e-04
7.162509804999999687e+02 3.911230860897525708e-04 4.068832430138087566e-04
7.162512929999999187e+02 4.556532356997416620e-04 4.089255263461158679e-04
7.162516054999999824e+02 4.217457499839741839e-04 4.109211222018254459e-04
7.162519179999999324e+02 4.581939997940041734e-04 4.128721390448457872e-04
7.162522304999999960e+02 4.196571985186273559e-04 4.147805744556034842e-04
7.162525429999999460e+02 4.097641916098420495e-04 4.166483214928358111e-04
7.162528554999998960e+02 4.194550459855142261e-04 4.184771746968210266e-04
7.162531679999999596e+02 4.131002039055983103e-04 4.202688357345635392e-04
7.162534804999999096e+02 4.832781225207456277e-04 4.220249187122594356e-04
7.162537929999999733e+02 4.496330630735974072e-04 4.237469551789261528e-04
7.162541054999999233e+02 4.796681389185837108e-04 4.254363988224104374e-04
7.162544179999999869e+02 3.720818466270883317e-04 4.270946298942789217e-04
7.162547304999999369e+02 4.725685057814834602e-04 4.287229593596548474e-04
7.162550430000000006e+02 4.238947976090322247e-04 4.303226328071378714e-04
7.162553554999999506e+02 4.554305773673154108e-04 4.318948341142610009e-04
7.162556679999999005e+02 3.966231436383682086e-04 4.334406889009530988e-04
7.162559804999999642e+02 4.531295557098440042e-04 4.349612677696317021e-04
7.162562929999999142e+02 4.288122416349775300e-04 4.364575893506308099e-04
7.162566054999999778e+02 4.827153939544593752e-04 4.379306231702199113e-04
7.162569179999999278e+02 4.107651859219382741e-04 4.393812923388198998e-04
7.162572304999999915e+02 4.618438833496816805e-04 4.408104760869059851e-04
7.162575429999999415e+02 4.421662173662266565e-04 4.422190121414453900e-04
7.162578555000000051e+02 4.310684348012683406e-04 4.436076989691769678e-04
7.162581679999999551e+02 4.192721280393386192e-04 4.449772978789228546e-04
7.162584804999999051e+02 4.884841715151089399e-04 4.463285350071438521e-04
7.162587929999999687e+02 4.274009723649893969e-04 4.476621031817591819e-04
7.162591054999999187e+02 4.325466195817637854e-04 4.489786636767449050e-04
7.162594179999999824e+02 3.969644935381164380e-04 4.502788478690229572e-04
7.162597304999999324e+02 4.265991792637404073e-04 4.515632587920227368e-04
7.162600429999999960e+02 4.181440355232033702e-04 4.528324726067302981e-04
7.162603554999999460e+02 4.525535134223469163e-04 4.540870399806910579e-04
7.162606679999998960e+02 4.193274682141891457e-04 4.553274873947182259e-04
7.162609804999999596e+02 4.811125571517022807e-04 4.565543183705759078e-04
7.162612929999999096e+02 3.862264428110943090e-04 4.577680146289722944e-04
7.162616054999999733e+02 4.400648225315462311e-04 4.589690371864950293e-04
7.162619179999999233e+02 4.332816201065058451e-04 4.601578273844302209e-04
7.162622304999999869e+02 4.015705318313339284e-04 4.613348078668995009e-04
7.162625429999999369e+02 4.425366774276355726e-04 4.625003834978415763e-04
7.162628555000000006e+02 4.411813045869685109e-04 4.636549422339731122e-04
