7.078606790000000046e+02 3.701764385364386635e-04 3.405873651239001328e-04
7.078609914999999546e+02 3.634781092094398636e-04 3.412936297774292081e-04
7.078613040000000183e+02 3.017087279640828725e-04 3.419577500802178731e-04
7.078616164999999683e+02 3.591147298700253705e-04 3.425780092827679260e-04
7.078619290000000319e+02 3.899861071682068610e-04 3.431526094393547730e-04
7.078622414999999819e+02 3.947232563309994850e-04 3.436796672288447668e-04
7.078625540000000456e+02 3.739938990679355876e-04 3.441572095673635628e-04
7.078628664999999955e+02 4.078141842570184926e-04 3.445831689983561391e-04
7.078631790000000592e+02 3.934261340359871133e-04 3.449553788587173811e-04
7.078634915000000092e+02 3.446227315346005768e-04 3.452715682085174230e-04
7.078638039999999592e+02 3.743984041841852688e-04 3.455293565229347282e-04
7.078641165000000228e+02 3.207799508779684726e-04 3.457262481373405121e-04
7.078644289999999728e+02 3.190493531244317825e-04 3.458596264432736754e-04
7.078647415000000365e+02 3.391522676486584528e-04 3.459267478328481452e-04
7.078650539999999864e+02 4.085250264018875895e-04 3.459247353894406981e-04
7.078653665000000501e+02 3.473757711628569066e-04 3.458505723276164828e-04
7.078656790000000001e+02 3.367798685159254608e-04 3.457010951859391707e-04
7.078659914999999501e+02 3.671350994419765590e-04 3.454729867805553137e-04
7.078663040000000137e+02 2.993739431543827401e-04 3.451627689317799969e-04
7.078666164999999637e+02 3.314098358655012829e-04 3.447667949811368407e-04
7.078669290000000274e+02 3.044152200979328721e-04 3.442812421199922877e-04
7.078672414999999773e+02 2.839130537411761182e-04 3.437021035632424376e-04
7.078675540000000410e+02 3.739725480551427486e-04 3.430251806019641594e-04
7.078678664999999910e+02 3.687083760869740439e-04 3.422460745891808495e-04
7.078681790000000547e+02 2.783050488629684803e-04 3.413601789121164295e-04
7.078684915000000046e+02 3.207715610921305169e-04 3.403626710327455149e-04
7.078688039999999546e+02 3.412844684485169229e-04 3.392485046778832532e-04
7.078691165000000183e+02 3.016514899420397406e-04 3.380124022948389909e-04
7.078694289999999683e+02 3.266127595675871005e-04 3.366488479008823654e-04
7.078697415000000319e+02 3.596746764792209329e-04 3.351520804766080900e-04
7.078700539999999819e+02 3.017530639544699573e-04 3.335160881000795961e-04
7.078703665000000456e+02 3.237262207386325968e-04 3.317346030246154636e-04
7.078706789999999955e+02 2.997903542412725742e-04 3.298010979747766839e-04
7.078709915000000592e+02 3.045965425080579764e-04 3.277087839427330631e-04
7.078713040000000092e+02 3.253751462206639212e-04 3.254506098575194882e-04
7.078716164999999592e+02 2.625837207660099626e-04 3.230192645145008165e-04
7.078719290000000228e+02 2.824330346621086981e-04 3.204071812567793175e-04
7.078722414999999728e+02 2.995554762217925377e-04 3.176065459490628215e-04
7.078725540000000365e+02 3.148449337304452811e-04 3.146093088609387060e-04
7.078728664999999864e+02 3.189411397508323202e-04 3.114072012030594575e-04
7.078731790000000501e+02 2.692489822805750567e-04 3.079917571027206580e-04
7.078734915000000001e+02 2.781784686869101563e-04 3.043543419812416717e-04
7.078738039999999501e+02 2.848235271186333765e-04 3.004861883425832651e-04
7.078741165000000137e+02 2.406526219896211840e-04 2.963784401740254034e-04
7.078744289999999637e+02 2.603575791797647638e-04 2.920222072517269737e-04
7.078747415000000274e+02 2.487558797307176618e-04 2.874086307729557420e-04
7.078750539999999773e+02 2.596835861507103532e-04 2.825289619283685456e-04
7.078753665000000410e+02 2.271263041356943514e-04 2.773746550695338725e-04
7.078756789999999910e+02 2.247693478526515657e-04 2.719374773480338035e-04
7.078759915000000547e+02 2.411273056605891217e-04 2.662096366878929986e-04
7.078763040000000046e+02 2.274828246449162516e-04 2.601839301324046223e-04
7.078766164999999546e+02 2.663517944989551899e-04 2.538539144988615219e-04
7.078769290000000183e+02 1.921570155026748107e-04 2.472141013320610639e-04
7.078772414999999683e+02 2.195921098964856910e-04 2.402601779353694079e-04
7.078775540000000319e+02 1.834044505442130701e-04 2.329892559891933725e-04
7.078778664999999819e+02 2.105488974760825094e-04 2.254001489491318407e-04
7.078781790000000456e+02 1.562017416163253886e-04 2.174936786872758393e-04
7.078784914999999955e+02 2.090741029619196546e-04 2.092730111988805818e-04
7.078788040000000592e+02 1.849361021754407082e-04 2.007440199645849858e-04
7.078791165000000092e+02 1.799150965079764162e-04 1.919156743901316510e-04
7.078794289999999592e+02 1.543006176173963905e-04 1.828004488938726735e-04
7.078797415000000228e+02 1.700078435590264645e-04 1.734147463759159774e-04
7.078800539999999728e+02 1.672648479120108708e-04 1.637793273571516316e-04
7.078803665000000365e+02 1.486037951641416984e-04 1.539197334150842807e-04
7.078806789999999864e+02 1.500317863762046190e-04 1.438666907635873969e-04
7.078809915000000501e+02 1.269217265169425807e-04 1.336564765800085934e-04
7.078813040000000001e+02 1.361731032211310093e-04 1.233312278736356667e-04
7.078816164999999501e+02 1.618013095926011669e-04 1.129391696651565552e-04
7.078819290000000137e+02 1.101138718829331955e-04 1.025347371732278199e-04
7.078822414999999637e+02 1.124849731979716617e-04 9.217856515674019728e-05
7.078825540000000274e+02 7.440330375180377858e-05 8.193731738298080274e-05
7.078828664999999773e+02 1.073303494173025098e-04 7.188333078948193615e-05
7.078831790000000410e+02 7.916587908389123031e-05 6.209405217658166428e-05
7.078834914999999910e+02 1.080075911287009587e-04 5.265125129125961201e-05
7.078838040000000547e+02 6.205482877481125641e-05 4.364000217698130803e-05
7.078841165000000046e+02 5.543334198998359642e-05 3.514743554440796764e-05
7.078844289999999546e+02 5.010816513297518065e-05 2.726127742344709124e-05
7.078847415000000183e+02 6.940769684926673436e-05 2.006820371391799970e-05
7.078850539999999683e+02 6.039128434086831311e-05 1.365205479090804624e-05
7.078853665000000319e+02 4.100079015020823686e-05 8.091968285568488522e-06
7.078856789999999819e+02 3.326003388125184536e-05 3.460500094992855037e-06
7.078859915000000456e+02 2.996785802270599203e-05 -1.781881029884322136e-07
7.078863039999999955e+02 2.101202500994075475e-05 -2.769992806717628023e-06
7.078866165000000592e+02 1.397065639041770362e-05 -4.272304230472632572e-06
7.078869290000000092e+02 1.646313399147749464e-05 -4.655141456993546083e-06
7.078872414999999592e+02 6.626843496424698127e-06 -3.901929049354731143e-06
7.078875540000000228e+02 1.541711447416975212e-05 -2.009875471309622389e-06
7.078878664999999728e+02 6.637120837707977708e-06 1.010064436673771965e-06
7.078881790000000365e+02 5.557321638492285452e-06 5.133637447565508272e-06
7.078884914999999864e+02 1.732915676825243860e-05 1.032412229102186747e-05
7.078888040000000501e+02 1.220862643247902556e-05 1.653349434310522403e-05
7.078891165000000001e+02 1.785083680577795047e-05 2.370386088034325898e-05
7.078894289999999501e+02 1.289125517914954861e-05 3.176909287282545820e-05
7.078897415000000137e+02 2.448157429529115739e-05 4.065657463432186127e-05
7.078900539999999637e+02 1.877498103882450426e-05 5.028899378505118935e-05
7.078903665000000274e+02 2.663963877633131262e-05 6.058609999255017500e-05
7.078906789999999773e+02 5.312540290305976207e-05 7.146637062852931473e-05
7.078909915000000410e+02 3.091374156790318770e-05 8.284853398868220092e-05
7.078913039999999910e+02 5.750362070638674237e-05 9.465291400223155370e-05
7.078916165000000547e+02 6.134887756288944503e-05 1.068025741049254221e-04
7.078919290000000046e+02 1.008415725228550716e-04 1.192242502147693775e-04
7.078922414999999546e+02 8.987178759532800658e-05 1.318490738641915280e-04
7.078925540000000183e+02 8.634211459706490465e-05 1.446130950729441794e-04
7.078928664999999683e+02 1.085682514629187875e-04 1.574576212404961461e-04
7.078931790000000319e+02 1.146891978155385934e-04 1.703293927218447513e-04
7.078934914999999819e+02 1.459279285616210545e-04 1.831806180137731505e-04
7.078938040000000456e+02 1.867641825024323723e-04 1.959688925223117045e-04
7.078941164999999955e+02 1.697921154568333198e-04 2.086570240717193947e-04
7.078944290000000592e+02 1.862354458474210566e-04 2.212127871451899396e-04
7.078947415000000092e+02 2.464325744788481605e-04 2.336086254477181428e-04
7.078950539999999592e+02 2.464931658568801230e-04 2.458213202113538687e-04
7.078953665000000228e+02 1.765391615540927472e-04 2.578316388046378001e-04
7.078956789999999728e+02 2.765961077673883216e-04 2.696239757988851929e-04
7.078959915000000365e+02 2.670023034416650403e-04 2.811859962145099047e-04
7.078963039999999864e+02 3.175907024105102628e-04 2.925082883197283610e-04
7.078966165000000501e+02 2.484062930642345619e-04 3.035840316582084160e-04
7.078969290000000001e+02 2.965520172187152801e-04 3.144086840585717389e-04
7.078972414999999501e+02 3.563568227157758780e-04 3.249796902602129539e-04
7.078975540000000137e+02 2.987547861501259881e-04 3.352962134374321804e-04
7.078978664999999637e+02 3.755257017095240172e-04 3.453588901604129737e-04
7.078981790000000274e+02 3.386835896393230409e-04 3.551696086410394376e-04
7.078984914999999773e+02 3.217729776467435172e-04 3.647313094763015478e-04
7.078988040000000410e+02 4.076093341789338944e-04 3.740478079460905834e-04
7.078991164999999910e+02 4.435285704738933842e-04 3.831236364530723982e-04
7.078994290000000547e+02 4.592472592667770767e-04 3.919639057718604029e-04
7.078997415000000046e+02 4.023950079584999603e-04 4.005741834835339801e-04
7.079000539999999546e+02 4.245094411607474162e-04 4.089603881683850635e-04
7.079003665000000183e+02 4.294509651314923609e-04 4.171286977729773732e-04
7.079006789999999683e+02 5.054275986073756069e-04 4.250854707415543661e-04
7.079009915000000319e+02 5.301875619786649901e-04 4.328371785735235793e-04
7.079013039999999819e+02 4.501760102405089016e-04 4.403903484590495146e-04
7.079016165000000456e+02 4.538438136704184755e-04 4.477515149050117246e-04
7.079019289999999955e+02 4.882983957377459239e-04 4.549271791839189943e-04
7.079022415000000592e+02 5.259199723077953841e-04 4.619237757159445922e-04
7.079025540000000092e+02 4.402286062058234683e-04 4.687476444165752671e-04
7.079028664999999592e+02 5.947575538776543646e-04 4.754050083006236766e-04
7.079031790000000228e+02 5.106579940372141680e-04 4.819019555728977391e-04
7.079034914999999728e+02 5.329966373927367803e-04 4.882444256067437868e-04
7.079038040000000365e+02 5.034677710779769232e-04 4.944381982794462862e-04
7.079041164999999864e+02 5.213285584347989929e-04 5.004888861192951241e-04
7.079044290000000501e+02 5.145732606711509458e-04 5.064019289082984446e-04
7.079047415000000001e+02 5.936108948386758719e-04 5.121825902946056455e-04
7.079050539999999501e+02 5.257650829205303376e-04 5.178359561572455205e-04
7.079053665000000137e+02 6.170303915007679680e-04 5.233669343853224144e-04
7.079056789999999637e+02 5.731516506677632010e-04 5.287802558489359660e-04
7.079059915000000274e+02 5.436734721725215106e-04 5.340804763687566521e-04
7.079063039999999773e+02 6.229903508554872653e-04 5.392719794520549640e-04
7.079066165000000410e+02 6.321550128543950873e-04 5.443589796992496718e-04
7.079069289999999910e+02 6.278127926899453124e-04 5.493455266849387375e-04
7.079072415000000547e+02 6.307340517574474854e-04 5.542355092593062018e-04
7.079075540000000046e+02 5.324058343487906957e-04 5.590326601132342534e-04
7.079078664999999546e+02 6.500332180028506367e-04 5.637405605810241662e-04
7.079081790000000183e+02 6.334345306146042234e-04 5.683626455660902672e-04
7.079084914999999683e+02 6.362373986434079979e-04 5.729022085498911400e-04
7.079088040000000319e+02 6.133890767489087606e-04 5.773624066514237898e-04
7.079091164999999819e+02 5.351507869596423871e-04 5.817462656554256732e-04
7.079094290000000456e+02 6.766735010144432887e-04 5.860566850272150210e-04
7.079097414999999955e+02 5.949953670177723659e-04 5.902964428351707964e-04
7.079100540000000592e+02 6.206760984644525388e-04 5.944682006101259649e-04
7.079103665000000092e+02 6.282477545360497066e-04 5.985745080741626490e-04
7.079106789999999592e+02 6.460119111799296227e-04 6.026178077732427790e-04
7.079109915000000228e+02 5.960150794277077699e-04 6.066004395650505905e-04
7.079113039999999728e+02 6.453364535677320272e-04 6.105246449702815938e-04
7.079116165000000365e+02 6.181336703603404654e-04 6.143925713960890359e-04
7.079119289999999864e+02 6.153453682124265843e-04 6.182062761925547715e-04
7.079122415000000501e+02 6.675669130420834249e-04 6.219677305847135657e-04
7.079125540000000001e+02 6.262037386543322336e-04 6.256788234347443901e-04
7.079128664999999501e+02 6.738618122297946982e-04 6.293413648781818722e-04
7.079131790000000137e+02 7.030153561146488140e-04 6.329570898012680568e-04
7.079134914999999637e+02 6.172492517930147681e-04 6.365276611759529760e-04
7.079138040000000274e+02 6.441912599097994246e-04 6.400546732682236509e-04
7.079141164999999773e+02 6.325379969530825529e-04 6.435396546905748031e-04
7.079144290000000410e+02 5.723760135835551620e-04 6.469840713426071397e-04
7.079147414999999910e+02 6.689189479464560401e-04 6.503893292026925819e-04
7.079150540000000547e+02 6.849367936897518636e-04 6.537567770154903814e-04
7.079153665000000046e+02 6.591210330069206900e-04 6.570877088395194084e-04
7.079156789999999546e+02 6.615756834151790156e-04 6.603833664976320027e-04
7.079159915000000183e+02 6.978173889637789276e-04 6.636449419039312791e-04
7.079163039999999683e+02 6.480451907611315884e-04 6.668735792840981306e-04
7.079166165000000319e+02 6.892194022785042657e-04 6.700703773050247208e-04
7.079169289999999819e+02 6.010360241893923476e-04 6.732363910885898065e-04
7.079172415000000456e+02 6.566532023922395673e-04 6.763726341501494470e-04
7.079175539999999955e+02 6.954289228915873670e-04 6.794800802286184464e-04
7.079178665000000592e+02 6.987490233494204070e-04 6.825596650489980854e-04
7.079181790000000092e+02 6.451431956277467895e-04 6.856122879846947337e-04
7.079184914999999592e+02 6.102388375274377368e-04 6.886388136584598247e-04
7.079188040000000228e+02 5.698390388324811118e-04 6.916400734573752585e-04
7.079191164999999728e+02 6.760905114603387757e-04 6.946168669768058900e-04
7.079194290000000365e+02 6.798438119142077027e-04 6.975699634073420641e-04
7.079197414999999864e+02 6.698501031460084906e-04 7.005001028408048332e-04
7.079200540000000501e+02 5.881854752910406492e-04 7.034079975319370128e-04
7.079203665000000001e+02 6.673983294869636823e-04 7.062943330843378864e-04
7.079206789999999501e+02 6.197959061386402752e-04 7.091597695965430733e-04
7.079209915000000137e+02 5.956102881203650208e-04 7.120049427443496219e-04
7.079213039999999637e+02 7.621060115022501320e-04 7.148304648127294962e-04
7.079216165000000274e+02 7.334956472971294406e-04 7.176369256899477753e-04
7.079219289999999773e+02 6.663931489069872599e-04 7.204248938004680991e-04
7.079222415000000410e+02 6.756092922423121393e-04 7.231949170107224850e-04
7.079225539999999910e+02 6.161013184328990562e-04 7.259475234771886869e-04
7.079228665000000547e+02 7.098017062468955224e-04 7.286832224712560873e-04
