7.124937449999999899e+02 3.240215607219452953e-04 3.354384583783363957e-04
7.124940575000000536e+02 3.887156712327949131e-04 3.363920612915830563e-04
7.124943700000000035e+02 3.342261630556017031e-04 3.373163489117850917e-04
7.124946825000000672e+02 3.472981432345458681e-04 3.382099194417137510e-04
7.124949950000000172e+02 3.126783148481430442e-04 3.390712901684890426e-04
7.124953075000000808e+02 3.663209123171559602e-04 3.398988920678913889e-04
7.124956200000000308e+02 3.396359514852180040e-04 3.406910640034143930e-04
7.124959324999999808e+02 3.750584739615602653e-04 3.414460464983030616e-04
7.124962450000000445e+02 3.535390823398181144e-04 3.421619750388743531e-04
7.124965574999999944e+02 3.626983838234185261e-04 3.428368728759115334e-04
7.124968700000000581e+02 3.501376453720447986e-04 3.434686432870794059e-04
7.124971825000000081e+02 3.907916568171293644e-04 3.440550612518944646e-04
7.124974950000000717e+02 3.347200147719956321e-04 3.445937645015339904e-04
7.124978075000000217e+02 3.465973703485916669e-04 3.450822438877390792e-04
7.124981200000000854e+02 3.305469814583671898e-04 3.455178330259461752e-04
7.124984325000000354e+02 3.550192137222845366e-04 3.458976971514216730e-04
7.124987449999999853e+02 3.131948857077269249e-04 3.462188211356515238e-04
7.124990575000000490e+02 3.600411603055951506e-04 3.464779965971202412e-04
7.124993699999999990e+02 3.247582517899441157e-04 3.466718080439103763e-04
7.124996825000000626e+02 2.941524120268223272e-04 3.467966179809927317e-04
7.124999950000000126e+02 3.464290213242784836e-04 3.468485509102852966e-04
7.125003075000000763e+02 2.947575539453683459e-04 3.468234761537502815e-04
7.125006200000000263e+02 3.492630770462367882e-04 3.467169894253270481e-04
7.125009325000000899e+02 3.393389869417471412e-04 3.465243930796689845e-04
7.125012450000000399e+02 2.962782268239413279e-04 3.462406749671761096e-04
7.125015574999999899e+02 3.814952631483036903e-04 3.458604858271596694e-04
7.125018700000000536e+02 3.177269270403535535e-04 3.453781151597961133e-04
7.125021825000000035e+02 3.085586171622706252e-04 3.447874655264517962e-04
7.125024950000000672e+02 3.620435603795653856e-04 3.440820252395253168e-04
7.125028075000000172e+02 3.529690335082424739e-04 3.432548394306685069e-04
7.125031200000000808e+02 2.997663339055859906e-04 3.422984795014260271e-04
7.125034325000000308e+02 3.242221484898493095e-04 3.412050110114874272e-04
7.125037449999999808e+02 2.943347308071584865e-04 3.399659600894282220e-04
7.125040575000000445e+02 3.425599490063682652e-04 3.385722785289812750e-04
7.125043699999999944e+02 3.254427488414026294e-04 3.370143078021612640e-04
7.125046825000000581e+02 2.770757074855167848e-04 3.352817423159109331e-04
7.125049950000000081e+02 3.029314784115450161e-04 3.333635923848233640e-04
7.125053075000000717e+02 2.909608078482141518e-04 3.312481475187072891e-04
7.125056200000000217e+02 3.333814618899548303e-04 3.289229408587334715e-04
7.125059325000000854e+02 2.814287057032075303e-04 3.263747157973212530e-04
7.125062450000000354e+02 3.013999684571993013e-04 3.235893961652856841e-04
7.125065574999999853e+02 3.066872682789560569e-04 3.205520616884048081e-04
7.125068700000000490e+02 3.136490281248991568e-04 3.172469309138566118e-04
7.125071824999999990e+02 2.575209987881575007e-04 3.136573543241611122e-04
7.125074950000000626e+02 2.573130924632439378e-04 3.097658210058371942e-04
7.125078075000000126e+02 2.643714026892264265e-04 3.055539830704190893e-04
7.125081200000000763e+02 2.741621171656168305e-04 3.010027028802936028e-04
7.125084325000000263e+02 2.492735170608536568e-04 2.960921293036788450e-04
7.125087450000000899e+02 2.446342920329336182e-04 2.908018103816489754e-04
7.125090575000000399e+02 2.512679797115159120e-04 2.851108513160227620e-04
7.125093699999999899e+02 2.154487532029525918e-04 2.789981281619189853e-04
7.125096825000000536e+02 2.287622543360099379e-04 2.724425694217584614e-04
7.125099950000000035e+02 2.112841390313447104e-04 2.654235194571956109e-04
7.125103075000000672e+02 2.274950805626026261e-04 2.579211993695949292e-04
7.125106200000000172e+02 2.100499781913090619e-04 2.499172826404759103e-04
7.125109325000000808e+02 1.903232019626869176e-04 2.413956037963780102e-04
7.125112450000000308e+02 2.098131423340959985e-04 2.323430188720076160e-04
7.125115574999999808e+02 2.013560011800913992e-04 2.227504353771818640e-04
7.125118700000000445e+02 1.788497349408737786e-04 2.126140269141896483e-04
7.125121824999999944e+02 1.977022037949102402e-04 2.019366421922544515e-04
7.125124950000000581e+02 1.886165097747195460e-04 1.907294094168750188e-04
7.125128075000000081e+02 1.627213326367328583e-04 1.790135240046263944e-04
7.125131200000000717e+02 1.669538910271810869e-04 1.668221888504916510e-04
7.125134325000000217e+02 1.297883496680584086e-04 1.542026520574262406e-04
7.125137450000000854e+02 1.183079675856672460e-04 1.412182559151266303e-04
7.125140575000000354e+02 1.387814807489577717e-04 1.279503746998893003e-04
7.125143699999999853e+02 1.612552220330578875e-04 1.145000784512814732e-04
7.125146825000000490e+02 1.199101240946281506e-04 1.009893201851479178e-04
7.125149949999999990e+02 1.091966445884568322e-04 8.756141007629057596e-05
7.125153075000000626e+02 9.006338111498662371e-05 7.438052080190551041e-05
7.125156200000000126e+02 1.194759783274910038e-04 6.162997342670626820e-05
7.125159325000000763e+02 8.712876564602487579e-05 4.950909254883579250e-05
7.125162450000000263e+02 6.552868012537821688e-05 3.822850215197826361e-05
7.125165575000000899e+02 5.562368358091148628e-05 2.800386163008321635e-05
7.125168700000000399e+02 6.263535222881554446e-05 1.904821058450631254e-05
7.125171824999999899e+02 5.759347691524223140e-05 1.156328387554450492e-05
7.125174950000000536e+02 4.296966851993462235e-05 5.730348817038532754e-06
7.125178075000000035e+02 4.406924231938671175e-05 1.701268357545521626e-06
7.125181200000000672e+02 2.759956439735427610e-05 -4.094279334421790450e-07
7.125184325000000172e+02 2.681985400533167395e-05 -5.307072015685563902e-07
7.125187450000000808e+02 1.670558320308788384e-05 1.361190670705309323e-06
7.125190575000000308e+02 2.607733302644154845e-05 5.241750720176344114e-06
7.125193699999999808e+02 1.859973658701919190e-05 1.104004164641263787e-05
7.125196825000000445e+02 2.036922547433715598e-05 1.864321130542137295e-05
7.125199949999999944e+02 2.705194586787349571e-05 2.790312361993665491e-05
7.125203075000000581e+02 2.053514639411280749e-05 3.864445456894890672e-05
7.125206200000000081e+02 3.311864121812643091e-05 5.067348476236740800e-05
7.125209325000000717e+02 3.109432960612047074e-05 6.378685300128886790e-05
7.125212450000000217e+02 2.737607758986145988e-05 7.777964814543881079e-05
7.125215575000000854e+02 4.358187462878666758e-05 9.245238409236650233e-05
7.125218700000000354e+02 4.612243602702408056e-05 1.076165885716818106e-04
7.125221824999999853e+02 6.658304833239498050e-05 1.230989118399748164e-04
7.125224950000000490e+02 7.132789347839061484e-05 1.387438045341750489e-04
7.125228074999999990e+02 9.637815046239845871e-05 1.544149161084378235e-04
7.125231200000000626e+02 1.198021418213100287e-04 1.699954251006842421e-04
7.125234325000000126e+02 1.525149854770384305e-04 1.853875354750663524e-04
7.125237450000000763e+02 1.351592018429783779e-04 2.005113689700910578e-04
7.125240575000000263e+02 2.000724379214437686e-04 2.153034600001889765e-04
7.125243700000000899e+02 1.854408869420789312e-04 2.297150270479743936e-04
7.125246825000000399e+02 1.951899894099675748e-04 2.437101578234525856e-04
7.125249949999999899e+02 2.214622171121731443e-04 2.572640107303665689e-04
7.125253075000000536e+02 2.497431897893727729e-04 2.703611037589422972e-04
7.125256200000000035e+02 2.501487838922727665e-04 2.829937362339622967e-04
7.125259325000000672e+02 3.043305764372094971e-04 2.951605684613852094e-04
7.125262450000000172e+02 3.065988980000306126e-04 3.068653689256259126e-04
7.125265575000000808e+02 2.919770452296750534e-04 3.181159281604573454e-04
7.125268700000000308e+02 2.774187761809846441e-04 3.289231309702429600e-04
7.125271824999999808e+02 3.345098943128582301e-04 3.393001746062908591e-04
7.125274950000000445e+02 3.684954112175029082e-04 3.492619180124496565e-04
7.125278074999999944e+02 3.807744462797726416e-04 3.588243466385253300e-04
7.125281200000000581e+02 4.048737064569520581e-04 3.680041375459768959e-04
7.125284325000000081e+02 4.304339846886469497e-04 3.768183102826294607e-04
7.125287450000000717e+02 4.231777689445093073e-04 3.852839504335182279e-04
7.125290575000000217e+02 4.162153535811410356e-04 3.934179939447004343e-04
7.125293700000000854e+02 4.327619906503763327e-04 4.012370619692920371e-04
7.125296825000000354e+02 4.845221715863971433e-04 4.087573371800875513e-04
7.125299949999999853e+02 4.888744477110659563e-04 4.159944739841880956e-04
7.125303075000000490e+02 4.899001649232862183e-04 4.229635360866836665e-04
7.125306199999999990e+02 4.709405826621603690e-04 4.296789559981840597e-04
7.125309325000000626e+02 4.895663198308587184e-04 4.361545119832405375e-04
7.125312450000000126e+02 5.289850892813154591e-04 4.424033186463486862e-04
7.125315575000000763e+02 5.048271256167066083e-04 4.484378281578368930e-04
7.125318700000000263e+02 5.044406725491832168e-04 4.542698395355381858e-04
7.125321825000000899e+02 5.217548040785589770e-04 4.599105140199749738e-04
7.125324950000000399e+02 5.489010213380919601e-04 4.653703948319867648e-04
7.125328074999999899e+02 5.583840311444555980e-04 4.706594300649235684e-04
7.125331200000000536e+02 5.364412043497085100e-04 4.757869976141413759e-04
7.125334325000000035e+02 5.332521615482869104e-04 4.807619313419144651e-04
7.125337450000000672e+02 5.582520273223740394e-04 4.855925478511280381e-04
7.125340575000000172e+02 5.686302685974984998e-04 4.902866733247908219e-04
7.125343700000000808e+02 5.577928366400527983e-04 4.948516701085074569e-04
7.125346825000000308e+02 5.857300798233532405e-04 4.992944626961332054e-04
7.125349949999999808e+02 5.632708514896386104e-04 5.036215629647111929e-04
7.125353075000000445e+02 6.070630767060689308e-04 5.078390944701558201e-04
7.125356199999999944e+02 5.914444243765806406e-04 5.119528157233293585e-04
7.125359325000000581e+02 5.530462300912220800e-04 5.159681424006449905e-04
7.125362450000000081e+02 5.672298701773674859e-04 5.198901684208379970e-04
7.125365575000000717e+02 6.188130524046210742e-04 5.237236859262781518e-04
7.125368700000000217e+02 5.668715863972985988e-04 5.274732041313944962e-04
7.125371825000000854e+02 5.588161207527504205e-04 5.311429671062287226e-04
7.125374950000000354e+02 5.663506907376164882e-04 5.347369704822047551e-04
7.125378074999999853e+02 5.369638858058712553e-04 5.382589771610005614e-04
7.125381200000000490e+02 6.130939795016259602e-04 5.417125320356068344e-04
7.125384324999999990e+02 5.722723985011435137e-04 5.451009757833552355e-04
7.125387450000000626e+02 6.471080779847252027e-04 5.484274577900602942e-04
7.125390575000000126e+02 5.897953183115050299e-04 5.516949482219622464e-04
7.125393700000000763e+02 5.507904245839684645e-04 5.549062493309563559e-04
7.125396825000000263e+02 5.607498434942773894e-04 5.580640060007729464e-04
7.125399950000000899e+02 5.940040779084661098e-04 5.611707156172332728e-04
7.125403075000000399e+02 6.205617517936331488e-04 5.642287372685941089e-04
7.125406199999999899e+02 6.362760399988374310e-04 5.672403003532386963e-04
7.125409325000000536e+02 6.149984551619765323e-04 5.702075126057255371e-04
7.125412450000000035e+02 5.940706734568592176e-04 5.731323675904618272e-04
7.125415575000000672e+02 6.171768109972932889e-04 5.760167517088525492e-04
7.125418700000000172e+02 5.789032413369128802e-04 5.788624507266294968e-04
7.125421825000000808e+02 6.402791921087150036e-04 5.816711558857153280e-04
7.125424950000000308e+02 6.251587400906889356e-04 5.844444695964764406e-04
7.125428074999999808e+02 6.399793234988926513e-04 5.871839107700918504e-04
7.125431200000000445e+02 6.309445338824330902e-04 5.898909197910244106e-04
7.125434324999999944e+02 6.056119064026106681e-04 5.925668631641831325e-04
7.125437450000000581e+02 6.232781185918161680e-04 5.952130378687461518e-04
7.125440575000000081e+02 6.177455137940286462e-04 5.978306754151275137e-04
7.125443700000000717e+02 6.284697589818914309e-04 6.004209456546874242e-04
7.125446825000000217e+02 6.474345087335410878e-04 6.029849603294767327e-04
7.125449950000000854e+02 5.644815924686276843e-04 6.055237764093281691e-04
7.125453075000000354e+02 5.891993810810812904e-04 6.080383992017812048e-04
7.125456199999999853e+02 5.748778004446377689e-04 6.105297852783355848e-04
7.125459325000000490e+02 6.516904471787715678e-04 6.129988452072966361e-04
7.125462449999999990e+02 6.246903901387970389e-04 6.154464461152107067e-04
7.125465575000000626e+02 6.252738252923962462e-04 6.178734140973181875e-04
7.125468700000000126e+02 6.011570125502591760e-04 6.202805364655361283e-04
7.125471825000000763e+02 5.971052773299870015e-04 6.226685638716038642e-04
7.125474950000000263e+02 6.049485416363702042e-04 6.250382122864736253e-04
7.125478075000000899e+02 6.307161967051683454e-04 6.273901648726504937e-04
7.125481200000000399e+02 5.703885842515169727e-04 6.297250737297336145e-04
7.125484324999999899e+02 6.189112892579441867e-04 6.320435615473976587e-04
7.125487450000000536e+02 6.250527616210241333e-04 6.343462231512759283e-04
7.125490575000000035e+02 6.548425381270978844e-04 6.366336269569140664e-04
7.125493700000000672e+02 5.940081623821108318e-04 6.389063163460414422e-04
7.125496825000000172e+02 6.032155587258917692e-04 6.411648109499038569e-04
7.125499950000000808e+02 6.053788807659664026e-04 6.434096078706434208e-04
7.125503075000000308e+02 6.331407303510729404e-04 6.456411828190998861e-04
7.125506199999999808e+02 6.337922027932435618e-04 6.478599911990301670e-04
7.125509325000000445e+02 6.393671289727720841e-04 6.500664691214349828e-04
7.125512449999999944e+02 6.241774987886445671e-04 6.522610343611801422e-04
7.125515575000000581e+02 6.445284505878455788e-04 6.544440872674617141e-04
7.125518700000000081e+02 6.365342794663095922e-04 6.566160116115118310e-04
7.125521825000000717e+02 6.276242339722348362e-04 6.587771753994391523e-04
7.125524950000000217e+02 6.089665359759327545e-04 6.609279316277361744e-04
7.125528075000000854e+02 6.119055716005108916e-04 6.630686190094820746e-04
7.125531200000000354e+02 5.537023307249095815e-04 6.651995626486476151e-04
7.125534324999999853e+02 5.823019373905011795e-04 6.673210746891607972e-04
7.125537450000000490e+02 6.347030165513908168e-04 6.694334549214355770e-04
7.125540574999999990e+02 5.916521577896164622e-04 6.715369913563263779e-04
7.125543700000000626e+02 5.637776176848611652e-04 6.736319607760529564e-04
7.125546825000000126e+02 5.771808592711580787e-04 6.757186292447664921e-04
7.125549950000000763e+02 5.933991801279505209e-04 6.777972526041724450e-04
7.125553075000000263e+02 6.243684721689487247e-04 6.798680769314151533e-04
7.125556200000000899e+02 6.018073180212609027e-04 6.819313389850068267e-04
7.125559325000000399e+02 5.715762249641832046e-04 6.839872666159989680e-04
