7.161828769999999622e+02 3.228470825889118590e-04 3.157451356749623470e-04
7.161831894999999122e+02 3.284998752149447345e-04 3.161124339498371763e-04
7.161835019999999759e+02 3.543850512140889349e-04 3.164669484273376987e-04
7.161838144999999258e+02 2.868194622339506118e-04 3.168081703226559016e-04
7.161841269999999895e+02 2.941020757930433069e-04 3.171355661297181562e-04
7.161844394999999395e+02 3.197788065992766284e-04 3.174485762137782574e-04
7.161847520000000031e+02 3.574983794607597279e-04 3.177466133153773699e-04
7.161850644999999531e+02 3.517988016105596779e-04 3.180290609554646888e-04
7.161853770000000168e+02 3.239765540484924856e-04 3.182952717384385688e-04
7.161856894999999668e+02 3.316796127481335169e-04 3.185445655422499984e-04
7.161860019999999167e+02 3.504441820134309056e-04 3.187762275908234103e-04
7.161863144999999804e+02 3.227158294594994060e-04 3.189895063977292965e-04
7.161866269999999304e+02 3.001711847934360970e-04 3.191836115730603248e-04
7.161869394999999940e+02 2.828058978916976390e-04 3.193577114842663443e-04
7.161872519999999440e+02 3.008675246488902682e-04 3.195109307585417544e-04
7.161875645000000077e+02 3.295758037265777247e-04 3.196423476175551566e-04
7.161878769999999577e+02 3.747012443051615663e-04 3.197509910303022486e-04
7.161881894999999076e+02 3.140642802180533717e-04 3.198358376727431038e-04
7.161885019999999713e+02 3.342338104676020709e-04 3.198958086788589021e-04
7.161888144999999213e+02 3.487508018146512345e-04 3.199297661687920853e-04
7.161891269999999849e+02 3.343982392694446089e-04 3.199365095379861799e-04
7.161894394999999349e+02 3.513793308183229018e-04 3.199147714897485235e-04
7.161897519999999986e+02 2.503726522791955081e-04 3.198632137932151025e-04
7.161900644999999486e+02 3.449293447888016799e-04 3.197804227470748455e-04
7.161903770000000122e+02 2.961172692217751198e-04 3.196649043279518182e-04
7.161906894999999622e+02 3.368694385984704253e-04 3.195150790019262365e-04
7.161910019999999122e+02 3.277770238126533086e-04 3.193292761748379679e-04
7.161913144999999759e+02 2.955567513524765878e-04 3.191057282574302463e-04
7.161916269999999258e+02 3.292131359244604015e-04 3.188425643191404699e-04
7.161919394999999895e+02 3.253885165297123626e-04 3.185378033020172203e-04
7.161922519999999395e+02 2.826908452255311047e-04 3.181893467684704640e-04
7.161925645000000031e+02 3.466362017410343525e-04 3.177949711501607639e-04
7.161928769999999531e+02 3.420604225747207001e-04 3.173523194710298916e-04
7.161931895000000168e+02 3.194350295971643125e-04 3.168588925091732236e-04
7.161935019999999668e+02 2.790248998280166811e-04 3.163120393706244531e-04
7.161938144999999167e+02 3.113112976871739443e-04 3.157089474386934108e-04
7.161941269999999804e+02 3.093452942613690560e-04 3.150466316723204399e-04
7.161944394999999304e+02 3.260930558558840014e-04 3.143219232229384208e-04
7.161947519999999940e+02 2.929192357560774125e-04 3.135314573401378510e-04
7.161950644999999440e+02 3.021674428967239569e-04 3.126716605494445577e-04
7.161953770000000077e+02 3.011073176716630656e-04 3.117387370760377262e-04
7.161956894999999577e+02 3.040534271038958540e-04 3.107286545128932890e-04
7.161960019999999076e+02 3.451010509717539459e-04 3.096371287225106544e-04
7.161963144999999713e+02 3.008580810971420074e-04 3.084596079915414668e-04
7.161966269999999213e+02 2.829499288254613181e-04 3.071912564631426677e-04
7.161969394999999849e+02 2.942420431701309419e-04 3.058269368901822246e-04
7.161972519999999349e+02 2.895909959362515432e-04 3.043611927949283597e-04
7.161975644999999986e+02 2.626088332234309021e-04 3.027882301280170811e-04
7.161978769999999486e+02 3.046235534768292150e-04 3.011018985909621267e-04
7.161981895000000122e+02 2.752539061165296163e-04 2.992956728043844029e-04
7.161985019999999622e+02 3.188698778846508781e-04 2.973626336025325450e-04
7.161988144999999122e+02 3.102438538705653767e-04 2.952954497746372369e-04
7.161991269999999759e+02 3.156183208051451298e-04 2.930863607026488126e-04
7.161994394999999258e+02 2.586980205104941503e-04 2.907271604388011435e-04
7.161997519999999895e+02 2.491518734266194145e-04 2.882091839017032102e-04
7.162000644999999395e+02 2.377301094587042963e-04 2.855232960677166047e-04
7.162003770000000031e+02 2.266521036751608612e-04 2.826598851876384040e-04
7.162006894999999531e+02 2.914601219691719089e-04 2.796088613549035104e-04
7.162010020000000168e+02 2.398239220428249690e-04 2.763596619751792095e-04
7.162013144999999668e+02 2.242180189307908409e-04 2.729012660868655217e-04
7.162016269999999167e+02 2.452009438420575671e-04 2.692222198054585619e-04
7.162019394999999804e+02 2.771854158498374718e-04 2.653106756798528270e-04
7.162022519999999304e+02 2.610353190161552456e-04 2.611544492285280614e-04
7.162025644999999940e+02 2.431381767953855709e-04 2.567410965019122017e-04
7.162028769999999440e+02 2.448759952511617871e-04 2.520580172196500678e-04
7.162031895000000077e+02 1.999988831813852893e-04 2.470925886518489704e-04
7.162035019999999577e+02 2.188181763323132981e-04 2.418323362551714779e-04
7.162038144999999076e+02 2.348817054241521328e-04 2.362651477219417909e-04
7.162041269999999713e+02 2.468797915524353383e-04 2.303795379090461200e-04
7.162044394999999213e+02 2.301733633275111367e-04 2.241649726591694652e-04
7.162047519999999849e+02 2.107328186492806767e-04 2.176122599153159981e-04
7.162050644999999349e+02 1.915410988941233469e-04 2.107140166646169271e-04
7.162053769999999986e+02 1.783932019086347746e-04 2.034652196562499263e-04
7.162056894999999486e+02 2.399603413677726721e-04 1.958638467731759695e-04
7.162060020000000122e+02 1.628577804035594048e-04 1.879116135440592238e-04
7.162063144999999622e+02 1.844416908637459634e-04 1.796148058615273349e-04
7.162066269999999122e+02 1.726643042048059840e-04 1.709852045152568791e-04
7.162069394999999759e+02 1.861992957742286605e-04 1.620410899586279246e-04
7.162072519999999258e+02 1.596185332395501334e-04 1.528083059295660951e-04
7.162075644999999895e+02 1.639740138983511648e-04 1.433213483139386918e-04
7.162078769999999395e+02 1.687384602715298295e-04 1.336244311011902479e-04
7.162081895000000031e+02 1.295621332754292709e-04 1.237724644803583028e-04
7.162085019999999531e+02 1.143731064531555193e-04 1.138318627971609751e-04
7.162088145000000168e+02 1.266612909702616102e-04 1.038810831314118329e-04
7.162091269999999668e+02 7.131335669538388204e-05 9.401078206719167658e-05
7.162094394999999167e+02 7.064220677032390452e-05 8.432347120236903309e-05
7.162097519999999804e+02 8.005546036554193044e-05 7.493255578107561486e-05
7.162100644999999304e+02 8.208621423142980979e-05 6.596065863514413046e-05
7.162103769999999940e+02 9.150920854110352861e-05 5.753716695731017476e-05
7.162106894999999440e+02 5.988755715735958007e-05 4.979499358675072143e-05
7.162110020000000077e+02 5.288415191258127315e-05 4.286661546698357009e-05
7.162113144999999577e+02 3.226018786799410331e-05 3.687953504238735889e-05
7.162116269999999076e+02 4.949734988915766292e-05 3.195139542977607427e-05
7.162119394999999713e+02 3.293708524002815025e-05 2.818505525535975833e-05
7.162122519999999213e+02 2.070634324232630696e-05 2.566397938861688947e-05
7.162125644999999849e+02 3.594460353846135476e-05 2.444831520979407453e-05
7.162128769999999349e+02 3.998903189918418742e-05 2.457199250664440158e-05
7.162131894999999986e+02 1.378572671000981172e-05 2.604110808290055685e-05
7.162135019999999486e+02 1.719562037862701717e-05 2.883374200983461797e-05
7.162138145000000122e+02 3.225695932331141972e-05 3.290121679282674832e-05
7.162141269999999622e+02 3.130693506520479191e-05 3.817067392277995592e-05
7.162144394999999122e+02 3.800131752074197618e-05 4.454872489294574631e-05
7.162147519999999759e+02 4.347693996425062193e-05 5.192585185580653786e-05
7.162150644999999258e+02 3.877228180292884577e-05 6.018119570374490203e-05
7.162153769999999895e+02 4.357372703046579620e-05 6.918737671029429287e-05
7.162156894999999395e+02 6.164838101162555992e-05 7.881503767080240083e-05
7.162160020000000031e+02 7.569616871580032470e-05 8.893687009940824423e-05
7.162163144999999531e+02 8.335558887223273221e-05 9.943096607606403731e-05
7.162166270000000168e+02 1.213490861962247114e-04 1.101834199613269295e-04
7.162169394999999668e+02 1.151497415365862226e-04 1.210901750305828358e-04
7.162172519999999167e+02 1.200544224586466913e-04 1.320581653817785861e-04
7.162175644999999804e+02 1.417016573967198965e-04 1.430058403899097112e-04
7.162178769999999304e+02 1.575881473633225906e-04 1.538631792638580850e-04
7.162181894999999940e+02 1.467553629274319360e-04 1.645713092161503455e-04
7.162185019999999440e+02 1.729304221298727095e-04 1.750818359955759061e-04
7.162188145000000077e+02 1.808786543246762948e-04 1.853559842243203198e-04
7.162191269999999577e+02 1.943082608468060660e-04 1.953636295063336092e-04
7.162194394999999076e+02 2.297747164227752431e-04 2.050822880948199585e-04
7.162197519999999713e+02 2.215003782511020339e-04 2.144961138361199204e-04
7.162200644999999213e+02 2.439092819703002433e-04 2.235949380310962940e-04
7.162203769999999849e+02 2.386857845972192621e-04 2.323733758230181251e-04
7.162206894999999349e+02 2.568563378590080454e-04 2.408300129185376418e-04
7.162210019999999986e+02 2.238338573503809528e-04 2.489666791774625761e-04
7.162213144999999486e+02 2.409071223827340493e-04 2.567878099243908665e-04
7.162216270000000122e+02 2.476289163952296191e-04 2.642998922193455090e-04
7.162219394999999622e+02 2.628024758359201137e-04 2.715109906492023536e-04
7.162222519999999122e+02 2.986738522292542398e-04 2.784303459325634944e-04
7.162225644999999759e+02 2.845316688287245310e-04 2.850680387831894171e-04
7.162228769999999258e+02 3.077778750547448283e-04 2.914347114325006134e-04
7.162231894999999895e+02 2.900955917090881193e-04 2.975413394267057256e-04
7.162235019999999395e+02 3.082918970680577830e-04 3.033990466911010587e-04
7.162238145000000031e+02 3.414701632898983351e-04 3.090189575747888731e-04
7.162241269999999531e+02 2.894135441893176067e-04 3.144120800982151405e-04
7.162244395000000168e+02 3.174873387608490483e-04 3.195892154289164109e-04
7.162247519999999668e+02 3.669078844349850225e-04 3.245608891193039482e-04
7.162250644999999167e+02 3.235823197671507394e-04 3.293373003678938277e-04
7.162253769999999804e+02 3.410962002278911131e-04 3.339282860040751239e-04
7.162256894999999304e+02 3.774038961085144370e-04 3.383432964566239617e-04
7.162260019999999940e+02 3.481280378108936422e-04 3.425913813937349534e-04
7.162263144999999440e+02 3.439549959611498632e-04 3.466811830445048429e-04
7.162266270000000077e+02 3.818140475352457732e-04 3.506209356281516699e-04
7.162269394999999577e+02 4.001294870011859505e-04 3.544184694972605750e-04
7.162272519999999076e+02 3.428644250156917647e-04 3.580812189346171286e-04
7.162275644999999713e+02 3.533023964279736725e-04 3.616162326605607815e-04
7.162278769999999213e+02 3.813194598658387947e-04 3.650301863286629141e-04
7.162281894999999849e+02 4.224892659513048831e-04 3.683293964245093520e-04
7.162285019999999349e+02 3.935133013063565584e-04 3.715198350566483463e-04
7.162288144999999986e+02 3.341233174876305045e-04 3.746071452957466254e-04
7.162291269999999486e+02 4.122965790221491678e-04 3.775966567213763438e-04
7.162294395000000122e+02 3.666883015579365502e-04 3.804934009774870308e-04
7.162297519999999622e+02 3.720320107196466381e-04 3.833021271184264864e-04
7.162300644999999122e+02 4.422679684950257535e-04 3.860273166412639856e-04
7.162303769999999759e+02 4.359252691817863830e-04 3.886731980750755713e-04
7.162306894999999258e+02 4.537864406155757858e-04 3.912437610649209855e-04
7.162310019999999895e+02 4.096454131116059440e-04 3.937427699089484289e-04
7.162313144999999395e+02 3.705745832899472463e-04 3.961737764930653113e-04
7.162316270000000031e+02 3.966715348897167990e-04 3.985401326347185998e-04
7.162319394999999531e+02 4.345076402343572754e-04 4.008450018007273614e-04
7.162322520000000168e+02 3.894775659726314437e-04 4.030913702304483024e-04
7.162325644999999668e+02 3.782414438618068192e-04 4.052820574464255734e-04
7.162328769999999167e+02 4.365918571924766217e-04 4.074197261934368831e-04
7.162331894999999804e+02 4.075962344931756149e-04 4.095068918036759019e-04
7.162335019999999304e+02 4.131487114576976147e-04 4.115459310178930198e-04
7.162338144999999940e+02 3.990466747024339110e-04 4.135390902925195947e-04
7.162341269999999440e+02 4.427301001765943534e-04 4.154884935980603100e-04
7.162344395000000077e+02 4.096800545662794405e-04 4.173961497561726858e-04
7.162347519999999577e+02 4.235784425244983574e-04 4.192639593167524063e-04
7.162350644999999076e+02 4.316997219264328200e-04 4.210937210213728035e-04
7.162353769999999713e+02 4.056148310347380912e-04 4.228871378592660409e-04
7.162356894999999213e+02 4.071064995175862722e-04 4.246458227462554806e-04
7.162360019999999849e+02 4.421765121294551253e-04 4.263713038551273531e-04
7.162363144999999349e+02 4.056159670868879049e-04 4.280650296027651062e-04
7.162366269999999986e+02 4.099512509746700071e-04 4.297283733342929400e-04
7.162369394999999486e+02 4.186132504239405616e-04 4.313626377035851092e-04
7.162372520000000122e+02 4.156260807319958443e-04 4.329690587883245310e-04
7.162375644999999622e+02 4.189709395774344732e-04 4.345488099376883023e-04
7.162378769999999122e+02 4.490797107728236961e-04 4.361030053876053148e-04
7.162381894999999759e+02 4.089227663241499014e-04 4.376327036443120608e-04
7.162385019999999258e+02 4.913904096049538737e-04 4.391389106568697868e-04
7.162388144999999895e+02 4.459675750414476944e-04 4.406225827976669482e-04
7.162391269999999395e+02 4.773383467645941469e-04 4.420846296499867495e-04
7.162394395000000031e+02 4.428863746755041923e-04 4.435259166316277580e-04
7.162397519999999531e+02 4.815017099798147497e-04 4.449472674485538707e-04
7.162400645000000168e+02 4.675283772827358553e-04 4.463494664061265211e-04
7.162403769999999668e+02 4.137840892590004130e-04 4.477332605709694957e-04
7.162406894999999167e+02 4.934079300436164080e-04 4.490993618087160753e-04
7.162410019999999804e+02 4.474956710317329030e-04 4.504484486933458729e-04
7.162413144999999304e+02 4.209894079192713092e-04 4.517811683013798888e-04
7.162416269999999940e+02 4.196793832235793395e-04 4.530981379031582168e-04
7.162419394999999440e+02 4.793080355276883885e-04 4.543999465460059339e-04
7.162422520000000077e+02 4.128147155807883719e-04 4.556871565508051184e-04
7.162425644999999577e+02 4.508713037961135776e-04 4.569603049127007898e-04
7.162428769999999076e+02 4.791615196759342046e-04 4.582199046263040940e-04
7.162431894999999713e+02 4.539722642160805700e-04 4.594664459288674081e-04
7.162435019999999213e+02 4.460150383808027860e-04 4.607003974711620258e-04
7.162438144999999849e+02 4.519295154396729339e-04 4.619222074250590353e-04
7.162441269999999349e+02 4.400555559603337198e-04 4.631323045208388806e-04
7.162444394999999986e+02 4.445619203071335618e-04 4.643310990321288618e-04
7.162447519999999486e+02 4.305955724632265415e-04 4.655189836979662342e-04
7.162450645000000122e+02 4.153713477351896467e-04 4.666963345995568343e-04
