7.080961770000000115e+02 3.636436841283759939e-04 3.412636317775325401e-04
7.080964894999999615e+02 3.854884557724664457e-04 3.419102738753917233e-04
7.080968020000000251e+02 4.159090633141669571e-04 3.425156538858192931e-04
7.080971144999999751e+02 3.629917473150543568e-04 3.430780916633640980e-04
7.080974270000000388e+02 3.686443312586699657e-04 3.435958275126136958e-04
7.080977394999999888e+02 3.057702793401699949e-04 3.440670180807824064e-04
7.080980520000000524e+02 3.564370549277326937e-04 3.444897320437485507e-04
7.080983645000000024e+02 3.448766728143941329e-04 3.448619455715642079e-04
7.080986770000000661e+02 3.836491020110563530e-04 3.451815375712334187e-04
7.080989895000000161e+02 3.755285495519279171e-04 3.454462846946300793e-04
7.080993019999999660e+02 3.038892568146872499e-04 3.456538561091967369e-04
7.080996145000000297e+02 3.739354999504291362e-04 3.458018080224080620e-04
7.080999269999999797e+02 3.215985664421786233e-04 3.458875779569931539e-04
7.081002395000000433e+02 3.203788965071868071e-04 3.459084787736368613e-04
7.081005519999999933e+02 3.016648828708344814e-04 3.458616924386623856e-04
7.081008645000000570e+02 3.553758813937306837e-04 3.457442635381867586e-04
7.081011770000000070e+02 3.920125743479708894e-04 3.455530925418254023e-04
7.081014894999999569e+02 3.625468938362556024e-04 3.452849288220334557e-04
7.081018020000000206e+02 3.846911856034043297e-04 3.449363634401816556e-04
7.081021144999999706e+02 3.436442451715016359e-04 3.445038217148633261e-04
7.081024270000000342e+02 3.707383141817642775e-04 3.439835555913633514e-04
7.081027394999999842e+02 3.290183588335630557e-04 3.433716358436649137e-04
7.081030520000000479e+02 3.349142757256217632e-04 3.426639441396911196e-04
7.081033644999999979e+02 3.441927771029689971e-04 3.418561650210951786e-04
7.081036770000000615e+02 3.100442809549098784e-04 3.409437778468601293e-04
7.081039895000000115e+02 3.253606309728431629e-04 3.399220487785847302e-04
7.081043019999999615e+02 3.428733771654064321e-04 3.387860228834633993e-04
7.081046145000000251e+02 3.050712965744641178e-04 3.375305164656294344e-04
7.081049269999999751e+02 3.045138725362426559e-04 3.361501097476028363e-04
7.081052395000000388e+02 3.138369745553568329e-04 3.346391400446307508e-04
7.081055519999999888e+02 3.156860762116783792e-04 3.329916956207528236e-04
7.081058645000000524e+02 3.393141594509237755e-04 3.312016104200231651e-04
7.081061770000000024e+02 3.175973115880725384e-04 3.292624599372215885e-04
7.081064895000000661e+02 2.897929230490357854e-04 3.271675584984899752e-04
7.081068020000000161e+02 3.246774201470125536e-04 3.249099583115832072e-04
7.081071144999999660e+02 2.838295549778857866e-04 3.224824506586873086e-04
7.081074270000000297e+02 2.904768080541381570e-04 3.198775697078639875e-04
7.081077394999999797e+02 3.159367130764499437e-04 3.170875994664347389e-04
7.081080520000000433e+02 2.796085374289883395e-04 3.141045844747244239e-04
7.081083644999999933e+02 2.636910075645196826e-04 3.109203449636699997e-04
7.081086770000000570e+02 2.542353345510429095e-04 3.075264972418167010e-04
7.081089895000000070e+02 2.675477395331794100e-04 3.039144802519569812e-04
7.081093019999999569e+02 2.671256761860738775e-04 3.000755892845414813e-04
7.081096145000000206e+02 2.369938906188293493e-04 2.960010180260704373e-04
7.081099269999999706e+02 2.492215857353367436e-04 2.916819102136930606e-04
7.081102395000000342e+02 2.250125350287338207e-04 2.871094222981622783e-04
7.081105519999999842e+02 2.643242499213109943e-04 2.822747987115439535e-04
7.081108645000000479e+02 3.157009206955113971e-04 2.771694613834583100e-04
7.081111769999999979e+02 2.707978651161324071e-04 2.717851153767758153e-04
7.081114895000000615e+02 2.260643705719419974e-04 2.661138725095298541e-04
7.081118020000000115e+02 2.316846432947400271e-04 2.601483950205325368e-04
7.081121144999999615e+02 2.342529399250350541e-04 2.538820612458343381e-04
7.081124270000000251e+02 2.168583016159812173e-04 2.473091553496289128e-04
7.081127394999999751e+02 2.170157319467861214e-04 2.404250829665705198e-04
7.081130520000000388e+02 2.362268522384067422e-04 2.332266143733966726e-04
7.081133644999999888e+02 2.140944632692968531e-04 2.257121565242281862e-04
7.081136770000000524e+02 1.808427280727836902e-04 2.178820545965486619e-04
7.081139895000000024e+02 2.136026962884116315e-04 2.097389230965567431e-04
7.081143020000000661e+02 2.150834559466767361e-04 2.012880053901826456e-04
7.081146145000000161e+02 1.690832119737380353e-04 1.925375594055006578e-04
7.081149269999999660e+02 1.999776349890262310e-04 1.834992654503181115e-04
7.081152395000000297e+02 1.688557431370763255e-04 1.741886502931915080e-04
7.081155519999999797e+02 1.395243336084866484e-04 1.646255192431617630e-04
7.081158645000000433e+02 1.744168227593859491e-04 1.548343853163909243e-04
7.081161769999999933e+02 1.224745861942198128e-04 1.448448817861640358e-04
7.081164895000000570e+02 1.159277507189228611e-04 1.346921411257476480e-04
7.081168020000000070e+02 1.225001224917756162e-04 1.244171204553506753e-04
7.081171144999999569e+02 1.107525196983700176e-04 1.140668504440359420e-04
7.081174270000000206e+02 8.736287364232311165e-05 1.036945823493115278e-04
7.081177394999999706e+02 1.212867332512600611e-04 9.335980607982936202e-05
7.081180520000000342e+02 1.096540274840007701e-04 8.312811168451387199e-05
7.081183644999999842e+02 8.276543654007917513e-05 7.307086792468705258e-05
7.081186770000000479e+02 9.119609831818047314e-05 6.326469449220645583e-05
7.081189894999999979e+02 7.405541544661288370e-05 5.379071010857541454e-05
7.081193020000000615e+02 7.797914841174542430e-05 4.473354645471874189e-05
7.081196145000000115e+02 6.033803056186346880e-05 3.618012855935631223e-05
7.081199269999999615e+02 4.290207535375972786e-05 2.821823472063025439e-05
7.081202395000000251e+02 4.897908082024267612e-05 2.093486351873473765e-05
7.081205519999999751e+02 4.906865879081063911e-05 1.441445035150426393e-05
7.081208645000000388e+02 5.175328016424698984e-05 8.736990438963449784e-06
7.081211769999999888e+02 3.273270491350853016e-05 3.976137916817323093e-06
7.081214895000000524e+02 3.147720084089546588e-05 1.973597339592370453e-07
7.081218020000000024e+02 2.940334535501595690e-05 -2.543772252674755588e-06
7.081221145000000661e+02 1.103954317257996033e-05 -4.203068849611427784e-06
7.081224270000000161e+02 1.924274521886847636e-05 -4.748915817675743890e-06
7.081227394999999660e+02 1.403656876017320783e-05 -4.163109277343989912e-06
7.081230520000000297e+02 2.003653069824352505e-05 -2.441290961078904465e-06
7.081233644999999797e+02 9.184359615505279122e-06 4.070378749784772550e-07
7.081236770000000433e+02 9.590726475052591360e-06 4.358921334008930679e-06
7.081239894999999933e+02 1.165318357279825210e-05 9.378746615150284708e-06
7.081243020000000570e+02 6.784054677958693702e-06 1.541938783941894562e-05
7.081246145000000070e+02 1.309572249007228821e-05 2.242363245138904901e-05
7.081249269999999569e+02 1.587451804754893086e-05 3.032581551833956365e-05
7.081252395000000206e+02 2.964724133784930809e-05 3.905358183070479101e-05
7.081255519999999706e+02 2.146561080884054062e-05 4.852969629485615299e-05
7.081258645000000342e+02 3.415091968577642470e-05 5.867382881543232027e-05
7.081261769999999842e+02 3.372652070529881351e-05 6.940424947390334256e-05
7.081264895000000479e+02 4.049447962650475411e-05 8.063938245664718806e-05
7.081268019999999979e+02 5.498131017692228122e-05 9.229918076458279148e-05
7.081271145000000615e+02 7.366677904789347905e-05 1.043062978715781524e-04
7.081274270000000115e+02 9.507256640243371727e-05 1.165870451994121659e-04
7.081277394999999615e+02 9.173598245643554310e-05 1.290721358113337911e-04
7.081280520000000251e+02 9.729125865336771348e-05 1.416972236388791258e-04
7.081283644999999751e+02 1.303666133197012105e-04 1.544032545618157783e-04
7.081286770000000388e+02 1.102539132555548551e-04 1.671366502824523910e-04
7.081289894999999888e+02 1.268399992565384454e-04 1.798493483602557272e-04
7.081293020000000524e+02 1.942695676412771152e-04 1.924987229044318579e-04
7.081296145000000024e+02 1.451719726318752778e-04 2.050474096481635933e-04
7.081299270000000661e+02 1.489874508976308663e-04 2.174630579439200222e-04
7.081302395000000161e+02 2.072204600252003717e-04 2.297180297807378650e-04
7.081305519999999660e+02 2.437358919199049813e-04 2.417890636897409120e-04
7.081308645000000297e+02 2.228126363972811937e-04 2.536569184778631001e-04
7.081311769999999797e+02 2.340147598317446689e-04 2.653060092461235445e-04
7.081314895000000433e+02 2.651462004481681132e-04 2.767240456499241641e-04
7.081318019999999933e+02 3.145608617477622568e-04 2.879016799471073736e-04
7.081321145000000570e+02 2.910038611891495796e-04 2.988321706266664022e-04
7.081324270000000070e+02 2.807739652316694977e-04 3.095110654456545906e-04
7.081327394999999569e+02 3.647647304053749148e-04 3.199359065441244689e-04
7.081330520000000206e+02 3.343754389873485706e-04 3.301059589307451646e-04
7.081333644999999706e+02 3.438272904144134374e-04 3.400219628660680485e-04
7.081336770000000342e+02 3.568264687288001061e-04 3.496859099656600303e-04
7.081339894999999842e+02 3.763028115493081320e-04 3.591008422027733423e-04
7.081343020000000479e+02 3.623621778197965099e-04 3.682706728260859387e-04
7.081346144999999979e+02 3.787301993154374466e-04 3.772000277401208086e-04
7.081349270000000615e+02 3.503376259873646360e-04 3.858941059721247000e-04
7.081352395000000115e+02 4.550702403344222499e-04 3.943585575630405857e-04
7.081355519999999615e+02 4.716810947211049821e-04 4.025993774163290503e-04
7.081358645000000251e+02 4.701486040633312416e-04 4.106228134878325158e-04
7.081361769999999751e+02 4.629670104308127900e-04 4.184352878755237537e-04
7.081364895000000388e+02 5.094762271610160436e-04 4.260433294433051284e-04
7.081368019999999888e+02 5.074595441494744296e-04 4.334535166087139088e-04
7.081371145000000524e+02 4.929863790124582989e-04 4.406724291850096600e-04
7.081374270000000024e+02 4.562236024177293201e-04 4.477066080948387782e-04
7.081377395000000661e+02 5.240036186183307052e-04 4.545625220496973514e-04
7.081380520000000161e+02 4.242934462225234613e-04 4.612465402175349935e-04
7.081383644999999660e+02 5.017525697281474207e-04 4.677649101580281165e-04
7.081386770000000297e+02 5.213421924341512387e-04 4.741237402493563469e-04
7.081389894999999797e+02 5.938128213333462640e-04 4.803289860010565449e-04
7.081393020000000433e+02 5.019424695882549045e-04 4.863864397166839642e-04
7.081396144999999933e+02 5.073479270837140571e-04 4.923017229587415937e-04
7.081399270000000570e+02 5.072924984079518534e-04 4.980802814556634919e-04
7.081402395000000070e+02 6.194846661076316248e-04 5.037273820046465943e-04
7.081405519999999569e+02 5.313535944857439774e-04 5.092481111101990719e-04
7.081408645000000206e+02 5.793765272814335125e-04 5.146473750210783403e-04
7.081411769999999706e+02 5.647843891986901272e-04 5.199299009421101160e-04
7.081414895000000342e+02 5.119398588544476223e-04 5.251002392273897666e-04
7.081418019999999842e+02 5.425146249388846211e-04 5.301627663241472973e-04
7.081421145000000479e+02 5.707339699546229396e-04 5.351216883703498184e-04
7.081424269999999979e+02 5.852316416855506912e-04 5.399810452521296589e-04
7.081427395000000615e+02 5.868923325584164512e-04 5.447447150661437762e-04
7.081430520000000115e+02 5.395294841734924948e-04 5.494164188324614966e-04
7.081433644999999615e+02 5.745685567163812384e-04 5.539997254312544611e-04
7.081436770000000251e+02 5.869303010948723892e-04 5.584980566506397371e-04
7.081439894999999751e+02 5.960583196560528254e-04 5.629146923062914752e-04
7.081443020000000388e+02 6.163001904944604478e-04 5.672527754005180682e-04
7.081446144999999888e+02 5.851690687350342328e-04 5.715153172408584531e-04
7.081449270000000524e+02 6.070442373097443894e-04 5.757052025354986039e-04
7.081452395000000024e+02 6.219809432884314737e-04 5.798251943886540034e-04
7.081455520000000661e+02 6.231429701371363466e-04 5.838779392244668708e-04
7.081458645000000161e+02 6.165540110760251401e-04 5.878659715739558604e-04
7.081461769999999660e+02 5.661332568163292929e-04 5.917917187587025526e-04
7.081464895000000297e+02 5.862925761114739327e-04 5.956575054243092634e-04
7.081468019999999797e+02 5.907701883996002929e-04 5.994655579319461752e-04
7.081471145000000433e+02 5.914758124811724535e-04 6.032180086167692823e-04
7.081474269999999933e+02 5.930624003850365348e-04 6.069168998755871194e-04
7.081477395000000570e+02 6.332214782383193893e-04 6.105641881254105039e-04
7.081480520000000070e+02 6.485704266162762742e-04 6.141617475892277231e-04
7.081483644999999569e+02 6.196734756201689558e-04 6.177113739519159369e-04
7.081486770000000206e+02 6.071079113085191660e-04 6.212147878547688703e-04
7.081489894999999706e+02 6.820440704504003191e-04 6.246736382450306796e-04
7.081493020000000342e+02 6.209611947313176117e-04 6.280895055959740195e-04
7.081496144999999842e+02 6.529959958201811627e-04 6.314639049696069237e-04
7.081499270000000479e+02 6.443204462837351029e-04 6.347982889649525550e-04
7.081502394999999979e+02 7.122875886148945972e-04 6.380940505163422687e-04
7.081505520000000615e+02 6.059522002949717856e-04 6.413525255854035222e-04
7.081508645000000115e+02 6.509777528798900079e-04 6.445749957123935846e-04
7.081511769999999615e+02 6.304053426479073411e-04 6.477626904686460945e-04
7.081514895000000251e+02 6.586197817172008894e-04 6.509167897847992733e-04
7.081518019999999751e+02 6.240726527731852618e-04 6.540384261714997979e-04
7.081521145000000388e+02 6.231550808055159440e-04 6.571286868482017823e-04
7.081524269999999888e+02 6.699631802490523197e-04 6.601886157559749922e-04
7.081527395000000524e+02 6.078685318846167689e-04 6.632192154937776012e-04
7.081530520000000024e+02 6.802164831046038276e-04 6.662214491463983946e-04
7.081533645000000661e+02 6.430386562427698339e-04 6.691962420437529277e-04
7.081536770000000161e+02 6.531560757855556796e-04 6.721444834201829605e-04
7.081539894999999660e+02 6.494451887365419252e-04 6.750670280114605621e-04
7.081543020000000297e+02 6.213791099845684647e-04 6.779646975659270889e-04
7.081546144999999797e+02 6.723534012017111676e-04 6.808382822843531352e-04
7.081549270000000433e+02 6.447522032707006827e-04 6.836885422022157465e-04
7.081552394999999933e+02 7.458021510859400363e-04 6.865162084914360006e-04
7.081555520000000570e+02 6.087495465365948526e-04 6.893219847170783954e-04
7.081558645000000070e+02 6.537110481225907269e-04 6.921065480187907782e-04
7.081561769999999569e+02 6.589936816479358746e-04 6.948705502517609238e-04
7.081564895000000206e+02 6.495213490559470330e-04 6.976146190642438160e-04
7.081568019999999706e+02 6.702436283502297577e-04 7.003393589246483756e-04
7.081571145000000342e+02 7.115335068914803744e-04 7.030453521104532231e-04
7.081574269999999842e+02 6.686999650819395232e-04 7.057331596364690290e-04
7.081577395000000479e+02 6.001479861346260911e-04 7.084033221554030760e-04
7.081580519999999979e+02 6.529491593780759485e-04 7.110563608013476238e-04
7.081583645000000615e+02 6.576614454955262423e-04 7.136927780095217531e-04
