7.067605035000000271e+02 3.992299525340223840e-04 3.947538671945631408e-04
7.067608160000000908e+02 4.015349489324859149e-04 3.950477537245324815e-04
7.067611285000000407e+02 4.372628676131354720e-04 3.952883543131188704e-04
7.067614410000001044e+02 4.200838545445602997e-04 3.954735438978748989e-04
7.067617535000000544e+02 4.153992690921991509e-04 3.956011004585426711e-04
7.067620660000000044e+02 4.341564365477195721e-04 3.956687003585532768e-04
7.067623785000000680e+02 4.352170410263972900e-04 3.956739134855355639e-04
7.067626910000000180e+02 4.174848113938407095e-04 3.956141981895956727e-04
7.067630035000000817e+02 3.681397374414458737e-04 3.954868960176350485e-04
7.067633160000000316e+02 4.234573250308142967e-04 3.952892262444077597e-04
7.067636285000000953e+02 4.424676632191822004e-04 3.950182802017519019e-04
7.067639410000000453e+02 4.252099376998868282e-04 3.946710154119707206e-04
7.067642534999999953e+02 3.886306627195839063e-04 3.942442495303887851e-04
7.067645660000000589e+02 3.936408606274729928e-04 3.937346541094927208e-04
7.067648785000000089e+02 4.123274792498690493e-04 3.931387481986447661e-04
7.067651910000000726e+02 4.254581335152744976e-04 3.924528917955895260e-04
7.067655035000000225e+02 3.767892322001124773e-04 3.916732791790853829e-04
7.067658160000000862e+02 4.061743744587403599e-04 3.907959321462393617e-04
7.067661285000000362e+02 4.049753530212120531e-04 3.898166932003548340e-04
7.067664410000000998e+02 3.519109736544315313e-04 3.887312187265512097e-04
7.067667535000000498e+02 3.672673474725052559e-04 3.875349722217639580e-04
7.067670659999999998e+02 3.317175060973791018e-04 3.862232176361268311e-04
7.067673785000000635e+02 3.387745830343444017e-04 3.847910129162827311e-04
7.067676910000000134e+02 3.673050309606236668e-04 3.832332038445576835e-04
7.067680035000000771e+02 3.722026415753316238e-04 3.815444182824008403e-04
7.067683160000000271e+02 3.448725794785945315e-04 3.797190609670632539e-04
7.067686285000000908e+02 3.531504654416475091e-04 3.777513090023525773e-04
7.067689410000000407e+02 3.602906936224229339e-04 3.756351082485740898e-04
7.067692535000001044e+02 3.763877972929366412e-04 3.733641708062546095e-04
7.067695660000000544e+02 3.301968556329355916e-04 3.709319738671365270e-04
7.067698785000000044e+02 3.333018371930535832e-04 3.683317601984022280e-04
7.067701910000000680e+02 3.555191699063095577e-04 3.655565406135826627e-04
7.067705035000000180e+02 3.158217749931941688e-04 3.625990988066949924e-04
7.067708160000000817e+02 3.211972335204030010e-04 3.594519989765277454e-04
7.067711285000000316e+02 3.154390001754395646e-04 3.561075967673994237e-04
7.067714410000000953e+02 3.565281669260675313e-04 3.525580540604334790e-04
7.067717535000000453e+02 3.241241953574547840e-04 3.487953582940054101e-04
7.067720659999999953e+02 3.386998484479465882e-04 3.448113469985093966e-04
7.067723785000000589e+02 3.312414137934669074e-04 3.405977383859605480e-04
7.067726910000000089e+02 2.879137278467441851e-04 3.361461688854848104e-04
7.067730035000000726e+02 2.858979636128759251e-04 3.314482386061780306e-04
7.067733160000000225e+02 2.898550610470544513e-04 3.264955658656811324e-04
7.067736285000000862e+02 2.747555709570909674e-04 3.212798519325378056e-04
7.067739410000000362e+02 3.042670481988909428e-04 3.157929573330130082e-04
7.067742535000000998e+02 2.875327231504739211e-04 3.100269910505758361e-04
7.067745660000000498e+02 2.689931629244772721e-04 3.039744141418312213e-04
7.067748784999999998e+02 2.912223108473692185e-04 2.976281592270216812e-04
7.067751910000000635e+02 2.753327636915106776e-04 2.909817674526610979e-04
7.067755035000000134e+02 2.814847569509728534e-04 2.840295444412225612e-04
7.067758160000000771e+02 2.888727131091960642e-04 2.767667366660676235e-04
7.067761285000000271e+02 2.526881235292042713e-04 2.691897296401289425e-04
7.067764410000000908e+02 2.631514195445245436e-04 2.612962689372263841e-04
7.067767535000000407e+02 2.598575389144219881e-04 2.530857048891995884e-04
7.067770660000001044e+02 2.389133847705746084e-04 2.445592611561169557e-04
7.067773785000000544e+02 2.216076369137083731e-04 2.357203269152152757e-04
7.067776910000000044e+02 2.210162270717241754e-04 2.265747714149758728e-04
7.067780035000000680e+02 2.146438607298288125e-04 2.171312787867214289e-04
7.067783160000000180e+02 1.926455390501259299e-04 2.074016996548390173e-04
7.067786285000000817e+02 1.886701286170521430e-04 1.974014145928974101e-04
7.067789410000000316e+02 1.526630395502224841e-04 1.871497028750220264e-04
7.067792535000000953e+02 1.767462210837600822e-04 1.766701078298606013e-04
7.067795660000000453e+02 1.569591215771056413e-04 1.659907882027265044e-04
7.067798784999999953e+02 1.534791904559326670e-04 1.551448424545697727e-04
7.067801910000000589e+02 1.379226830094345581e-04 1.441705908716929064e-04
7.067805035000000089e+02 1.340404636401126685e-04 1.331117980848601275e-04
7.067808160000000726e+02 1.218910033570114214e-04 1.220178167432927019e-04
7.067811285000000225e+02 1.159282774176208496e-04 1.109436318947034847e-04
7.067814410000000862e+02 1.292445824023805384e-04 9.994978482181520363e-05
7.067817535000000362e+02 9.914063948920748108e-05 8.910215578947748441e-05
7.067820660000000998e+02 9.463036729880465936e-05 7.847158664065238473e-05
7.067823785000000498e+02 8.772671835541938595e-05 6.813332769933554210e-05
7.067826909999999998e+02 7.170343765478364426e-05 5.816629814134601450e-05
7.067830035000000635e+02 7.428173110459994496e-05 4.865215591213071410e-05
7.067833160000000134e+02 5.595675898745576104e-05 3.967418148437329900e-05
7.067836285000000771e+02 6.295987462166566478e-05 3.131598949773759292e-05
7.067839410000000271e+02 5.163666111425925558e-05 2.366009309042866641e-05
7.067842535000000908e+02 5.363710260067544805e-05 1.678635644914400641e-05
7.067845660000000407e+02 3.809016538945621586e-05 1.077038161449617988e-05
7.067848785000001044e+02 2.811448533116235268e-05 5.681884186606327986e-06
7.067851910000000544e+02 1.888663518466474837e-05 1.583119066975102480e-06
7.067855035000000044e+02 3.051781595575528639e-05 -1.472579766283696076e-06
7.067858160000000680e+02 1.626958269215339465e-05 -3.442082265510469891e-06
7.067861285000000180e+02 1.365720383630567494e-05 -4.293510176033836551e-06
7.067864410000000817e+02 1.151199230789135416e-05 -4.007001121079771092e-06
7.067867535000000316e+02 1.584997208371341385e-05 -2.575153215747709589e-06
7.067870660000000953e+02 8.913202400332838080e-06 -3.130194268928783032e-09
7.067873785000000453e+02 9.235198249212953406e-06 3.691575816896994645e-06
7.067876909999999953e+02 8.148850860383557765e-06 8.479709499662823759e-06
7.067880035000000589e+02 9.213396631722650304e-06 1.432111511352773971e-05
7.067883160000000089e+02 1.602231060832101219e-05 2.116585295075010768e-05
7.067886285000000726e+02 2.674866936822679992e-05 2.895551556967453812e-05
7.067889410000000225e+02 2.682204881209552462e-05 3.762468374161050084e-05
7.067892535000000862e+02 3.293667836257415299e-05 4.710246024858154643e-05
7.067895660000000362e+02 3.785150538926551942e-05 5.731402144588659131e-05
7.067898785000000998e+02 3.986752471704656275e-05 6.818213194877877233e-05
7.067901910000000498e+02 3.720062338408761896e-05 7.962857537034715523e-05
7.067905034999999998e+02 6.165590699716246622e-05 9.157546366838781326e-05
7.067908160000000635e+02 6.111952559719022356e-05 1.039463975968927303e-04
7.067911285000000134e+02 7.498926192721031838e-05 1.166674609714146986e-04
7.067914410000000771e+02 1.039272238041430744e-04 1.296680408424588833e-04
7.067917535000000271e+02 1.078605771124119234e-04 1.428814736928763222e-04
7.067920660000000908e+02 1.330261955470930953e-04 1.562455247503994704e-04
7.067923785000000407e+02 1.607150465533420142e-04 1.697027123448722260e-04
7.067926910000001044e+02 1.493330846639151488e-04 1.832004931163171287e-04
7.067930035000000544e+02 1.744025731483530390e-04 1.966913257134301357e-04
7.067933160000000044e+02 1.801315180570120435e-04 2.101326318353809175e-04
7.067936285000000680e+02 1.972517367760998324e-04 2.234866730989774420e-04
7.067939410000000180e+02 1.949609084060609481e-04 2.367203615224143509e-04
7.067942535000000817e+02 2.529613281627663898e-04 2.498050200124239261e-04
7.067945660000000316e+02 2.722741060042211639e-04 2.627161073297144757e-04
7.067948785000000953e+02 2.540946143183168754e-04 2.754329203615605518e-04
7.067951910000000453e+02 2.570054949443574543e-04 2.879382842739763274e-04
7.067955034999999953e+02 2.700157201651042231e-04 3.002182395174249818e-04
7.067958160000000589e+02 3.089453852318088862e-04 3.122617326292762398e-04
7.067961285000000089e+02 3.068462541054098867e-04 3.240603163444483420e-04
7.067964410000000726e+02 3.194631792383617564e-04 3.356078631159522727e-04
7.067967535000000225e+02 3.418119378033587026e-04 3.469002947944601939e-04
7.067970660000000862e+02 3.676730065415279003e-04 3.579353304494935955e-04
7.067973785000000362e+02 3.540867386611370148e-04 3.687122532235388608e-04
7.067976910000000998e+02 3.389809632645871917e-04 3.792316967178561526e-04
7.067980035000000498e+02 4.030336521376636557e-04 3.894954506366450349e-04
7.067983159999999998e+02 4.497116020756478463e-04 3.995062852802384445e-04
7.067986285000000635e+02 4.390042326675871283e-04 4.092677939786288797e-04
7.067989410000000134e+02 4.183249533795060666e-04 4.187842525020274323e-04
7.067992535000000771e+02 4.400988586276990923e-04 4.280604943563810446e-04
7.067995660000000271e+02 4.722257169509395881e-04 4.371018006863344155e-04
7.067998785000000908e+02 4.619270710099060147e-04 4.459138036811958507e-04
7.068001910000000407e+02 4.426267635212544137e-04 4.545024021763443309e-04
7.068005035000001044e+02 4.962375373633229596e-04 4.628736883921673643e-04
7.068008160000000544e+02 5.117301130813530462e-04 4.710338845981010291e-04
7.068011285000000044e+02 5.123700669729600032e-04 4.789892887539698224e-04
7.068014410000000680e+02 5.226488122478541686e-04 4.867462280777315378e-04
7.068017535000000180e+02 4.905451136880626534e-04 4.943110196734707426e-04
7.068020660000000817e+02 5.598410011000819891e-04 5.016899374230617426e-04
7.068023785000000316e+02 5.505724668491137697e-04 5.088891843234309752e-04
7.068026910000000953e+02 5.808273972147121999e-04 5.159148696772780218e-04
7.068030035000000453e+02 5.790032036523568319e-04 5.227729904418283941e-04
7.068033159999999953e+02 5.902942536929158468e-04 5.294694162711580283e-04
7.068036285000000589e+02 5.999799358033764633e-04 5.360098777001021022e-04
7.068039410000000089e+02 5.867053533823915739e-04 5.423999570640097986e-04
7.068042535000000726e+02 5.804192060637912345e-04 5.486450817934047887e-04
7.068045660000000225e+02 5.961892260195159358e-04 5.547505196866934314e-04
7.068048785000000862e+02 6.239882023589163156e-04 5.607213759350759569e-04
7.068051910000000362e+02 5.906497326082485368e-04 5.665625915656089450e-04
7.068055035000000998e+02 6.166113197313819773e-04 5.722789431448797523e-04
7.068058160000000498e+02 6.333778699266496681e-04 5.778750434741800317e-04
7.068061284999999998e+02 5.941861702639404446e-04 5.833553431685629303e-04
7.068064410000000635e+02 6.279341149331011448e-04 5.887241329162410525e-04
7.068067535000000134e+02 6.589573996176759183e-04 5.939855463096814113e-04
7.068070660000000771e+02 6.426529550383718037e-04 5.991435631542460071e-04
7.068073785000000271e+02 6.411553991142409205e-04 6.042020131093037627e-04
7.068076910000000908e+02 6.149464975006876770e-04 6.091645796379024924e-04
7.068080035000000407e+02 6.363339683891412225e-04 6.140348041338439949e-04
7.068083160000001044e+02 6.318349841989566625e-04 6.188160902245566728e-04
7.068086285000000544e+02 6.027377751099957182e-04 6.235117081406415986e-04
7.068089410000000044e+02 6.360531633855109890e-04 6.281247991638375149e-04
7.068092535000000680e+02 6.791202929358807015e-04 6.326583800730048879e-04
7.068095660000000180e+02 6.508174270430607845e-04 6.371153475759516911e-04
7.068098785000000817e+02 5.814425809844446296e-04 6.414984827177421921e-04
7.068101910000000316e+02 6.788311409442156826e-04 6.458104552041497902e-04
7.068105035000000953e+02 6.576959001301662831e-04 6.500538276737200796e-04
7.068108160000000453e+02 6.526172402319784915e-04 6.542310598540068602e-04
7.068111284999999953e+02 6.509759208175001921e-04 6.583445126401923919e-04
7.068114410000000589e+02 7.096369733160674256e-04 6.623964520489755009e-04
7.068117535000000089e+02 6.537906757180043504e-04 6.663890530577476273e-04
7.068120660000000726e+02 6.761770403593752666e-04 6.703244033389771546e-04
7.068123785000000225e+02 7.043289002641264264e-04 6.742045068505846941e-04
7.068126910000000862e+02 6.374650727446807587e-04 6.780312873257859398e-04
7.068130035000000362e+02 7.544291809373676648e-04 6.818065916161254172e-04
7.068133160000000998e+02 7.088137001898578947e-04 6.855321929333251137e-04
7.068136285000000498e+02 7.145136661442542947e-04 6.892097939465312208e-04
7.068139409999999998e+02 6.628114471737298150e-04 6.928410297793609731e-04
7.068142535000000635e+02 7.172698428019220898e-04 6.964274708747702786e-04
7.068145660000000134e+02 7.026367896871795523e-04 6.999706257443242575e-04
7.068148785000000771e+02 6.997476303343538526e-04 7.034719436173992799e-04
7.068151910000000271e+02 7.295683243615099737e-04 7.069328169611051706e-04
7.068155035000000908e+02 7.278401358106348709e-04 7.103545839141379168e-04
7.068158160000000407e+02 7.175203018416388429e-04 7.137385305972047391e-04
7.068161285000001044e+02 7.242754453624020410e-04 7.170858933438089850e-04
7.068164410000000544e+02 7.160307921119661752e-04 7.203978608150788396e-04
7.068167535000000044e+02 7.117529912407641237e-04 7.236755760403928072e-04
7.068170660000000680e+02 7.283069607599296919e-04 7.269201383566456249e-04
7.068173785000000180e+02 7.249237267532918083e-04 7.301326052621329296e-04
7.068176910000000817e+02 7.015225786227970248e-04 7.333139941999734096e-04
7.068180035000000316e+02 7.043949531730635955e-04 7.364652842451319386e-04
7.068183160000000953e+02 7.234166305442621490e-04 7.395874177345258902e-04
7.068186285000000453e+02 6.882823402071835180e-04 7.426813018063673595e-04
7.068189409999999953e+02 7.134893824210672376e-04 7.457478098874361413e-04
7.068192535000000589e+02 7.262094447644396999e-04 7.487877831027125574e-04
7.068195660000000089e+02 7.310656315739776133e-04 7.518020316218943216e-04
7.068198785000000726e+02 7.298856750437326046e-04 7.547913359564170817e-04
7.068201910000000225e+02 7.022256107683810811e-04 7.577564481822050531e-04
7.068205035000000862e+02 6.747301452966614340e-04 7.606980931247241595e-04
7.068208160000000362e+02 7.524611977544294270e-04 7.636169694740348526e-04
7.068211285000000998e+02 7.637269216817782610e-04 7.665137508667709118e-04
7.068214410000000498e+02 7.549407900810836246e-04 7.693890869030991803e-04
7.068217534999999998e+02 7.115916381765499329e-04 7.722436041338170140e-04
7.068220660000000635e+02 6.790232539337496317e-04 7.750779069932146837e-04
7.068223785000000134e+02 6.948151959136985613e-04 7.778925786904517577e-04
7.068226910000000771e+02 7.899394526317700914e-04 7.806881820715028163e-04
