7.062285640000000058e+02 4.601311005855356854e-04 4.283853783683049346e-04
7.062288764999999557e+02 4.618176325875594833e-04 4.285673243129081039e-04
7.062291890000000194e+02 3.949572419628361399e-04 4.287028358418967160e-04
7.062295014999999694e+02 5.491036991739732791e-04 4.287901846641560565e-04
7.062298140000000330e+02 4.272498865328504822e-04 4.288275684159055501e-04
7.062301264999999830e+02 5.028910124699794695e-04 4.288131072744682279e-04
7.062304390000000467e+02 3.933964166230184863e-04 4.287448404283731619e-04
7.062307514999999967e+02 4.384105985942111710e-04 4.286207224003828393e-04
7.062310640000000603e+02 4.665443430633909520e-04 4.284386192208065273e-04
7.062313765000000103e+02 4.144577813953467219e-04 4.281963044501384307e-04
7.062316889999999603e+02 4.489192698082359093e-04 4.278914550487225663e-04
7.062320015000000240e+02 4.661592485264368503e-04 4.275216470947809048e-04
7.062323139999999739e+02 4.214990742614625773e-04 4.270843513519698631e-04
7.062326265000000376e+02 4.083463255511184760e-04 4.265769286872561823e-04
7.062329389999999876e+02 4.773170523920896875e-04 4.259966253473360803e-04
7.062332515000000512e+02 4.426534011007988881e-04 4.253405680950401568e-04
7.062335640000000012e+02 4.070321794016846855e-04 4.246057592205382085e-04
7.062338764999999512e+02 3.724446451948719081e-04 4.237890714325856945e-04
7.062341890000000149e+02 4.623435726678516581e-04 4.228872426503092882e-04
7.062345014999999648e+02 4.288625619094922582e-04 4.218968707127583508e-04
7.062348140000000285e+02 4.127124001537458339e-04 4.208144080255472549e-04
7.062351264999999785e+02 4.087906691363967036e-04 4.196361561819134632e-04
7.062354390000000421e+02 3.807061837088574494e-04 4.183582605814514040e-04
7.062357514999999921e+02 4.293964862066079269e-04 4.169767051006775522e-04
7.062360640000000558e+02 4.245573286039957877e-04 4.154873068511770917e-04
7.062363765000000058e+02 4.029736822106840953e-04 4.138857110989276381e-04
7.062366889999999557e+02 3.447882355838773364e-04 4.121673863985156816e-04
7.062370015000000194e+02 3.867626522452711612e-04 4.103276200363084191e-04
7.062373139999999694e+02 3.925267655278501244e-04 4.083615138731337040e-04
7.062376265000000330e+02 4.145011132340958816e-04 4.062639806892091171e-04
7.062379389999999830e+02 4.301929031132420986e-04 4.040297411770578015e-04
7.062382515000000467e+02 4.403524428542144827e-04 4.016533217082647622e-04
7.062385639999999967e+02 3.491255623339482752e-04 3.991290530693806160e-04
7.062388765000000603e+02 3.715690841332618057e-04 3.964510703371772475e-04
7.062391890000000103e+02 3.657686969107970683e-04 3.936133141457712052e-04
7.062395014999999603e+02 3.614592686007404550e-04 3.906095335739587660e-04
7.062398140000000240e+02 3.061053517417587503e-04 3.874332909682713026e-04
7.062401264999999739e+02 3.411831894272333420e-04 3.840779690249467937e-04
7.062404390000000376e+02 3.510827115699055481e-04 3.805367804925009821e-04
7.062407514999999876e+02 3.075125077503113253e-04 3.768027809471667720e-04
7.062410640000000512e+02 3.609759209990574336e-04 3.728688850770187774e-04
7.062413765000000012e+02 3.692515748186445254e-04 3.687278870458717689e-04
7.062416889999999512e+02 3.138416340885912914e-04 3.643724854846221357e-04
7.062420015000000149e+02 3.979935211072402812e-04 3.597953137974229353e-04
7.062423139999999648e+02 3.633493834004843819e-04 3.549889764893574017e-04
7.062426265000000285e+02 3.174664083596701611e-04 3.499460922839868352e-04
7.062429389999999785e+02 3.454547381767973874e-04 3.446593449291734208e-04
7.062432515000000421e+02 3.333578743606179797e-04 3.391215425586535030e-04
7.062435639999999921e+02 2.940568672349832668e-04 3.333256866526871677e-04
7.062438765000000558e+02 2.794047497989032196e-04 3.272650515756390282e-04
7.062441890000000058e+02 2.617524720495238971e-04 3.209332758375687948e-04
7.062445014999999557e+02 2.939573245017810957e-04 3.143244661231785154e-04
7.062448140000000194e+02 3.497215910229584872e-04 3.074333152521612042e-04
7.062451264999999694e+02 2.452181033732927368e-04 3.002552351326519329e-04
7.062454390000000330e+02 2.570401640497197099e-04 2.927865056912079414e-04
7.062457514999999830e+02 2.642943164767529943e-04 2.850244407329634582e-04
7.062460640000000467e+02 2.606639420474899911e-04 2.769675713539591325e-04
7.062463764999999967e+02 2.390025459372609878e-04 2.686158474325538062e-04
7.062466890000000603e+02 2.391697133483661219e-04 2.599708571937104284e-04
7.062470015000000103e+02 2.656110230121491137e-04 2.510360645606245331e-04
7.062473139999999603e+02 2.181705784713381931e-04 2.418170632341217613e-04
7.062476265000000240e+02 2.536946640605215243e-04 2.323218458874112640e-04
7.062479389999999739e+02 1.872482910426112015e-04 2.225610858863989576e-04
7.062482515000000376e+02 2.166520452259724475e-04 2.125484279106615337e-04
7.062485639999999876e+02 1.702102916356651192e-04 2.023007827934376391e-04
7.062488765000000512e+02 1.958488930807719458e-04 1.918386203734977191e-04
7.062491890000000012e+02 1.600900170386628733e-04 1.811862529285933896e-04
7.062495014999999512e+02 1.687098161028543358e-04 1.703720999947312058e-04
7.062498140000000149e+02 2.025363503602084698e-04 1.594289240244055805e-04
7.062501264999999648e+02 1.473404325390714905e-04 1.483940247001254247e-04
7.062504390000000285e+02 1.312300248782391195e-04 1.373093783655478326e-04
7.062507514999999785e+02 1.468094391732602277e-04 1.262217081122737157e-04
7.062510640000000421e+02 1.353216189348659115e-04 1.151824692015961376e-04
7.062513764999999921e+02 1.195254196976552424e-04 1.042477347122252153e-04
7.062516890000000558e+02 1.313361358605259993e-04 9.347796676709274459e-05
7.062520015000000058e+02 1.181173051575217637e-04 8.293766058615678876e-05
7.062523139999999557e+02 9.354144463294342398e-05 7.269485104651072160e-05
7.062526265000000194e+02 8.084480762259315138e-05 6.282047546787921874e-05
7.062529389999999694e+02 8.905603121324030791e-05 5.338759115358446017e-05
7.062532515000000330e+02 5.604977291859784957e-05 4.447045223208944927e-05
7.062535639999999830e+02 7.991324290810384733e-05 3.614345732836642290e-05
7.062538765000000467e+02 4.144483729443501662e-05 2.847998680848129647e-05
7.062541889999999967e+02 4.896474791398582380e-05 2.155115606740234954e-05
7.062545015000000603e+02 3.817169535646510711e-05 1.542451823463064414e-05
7.062548140000000103e+02 2.919979622855440235e-05 1.016275596096055298e-05
7.062551264999999603e+02 1.920729748224615695e-05 5.822406293704080257e-06
7.062554390000000240e+02 1.656815390696015538e-05 2.452665168578046306e-06
7.062557514999999739e+02 1.208171596707178084e-05 9.431779265779931278e-08
7.062560640000000376e+02 1.337370959251415114e-05 -1.221161715927603553e-06
7.062563764999999876e+02 1.087275722149381263e-05 -1.472303744741095487e-06
7.062566890000000512e+02 1.927930733132663689e-05 -6.481002475123849826e-07
7.062570015000000012e+02 1.029130294105722938e-05 1.251793759248703635e-06
7.062573139999999512e+02 1.258866479617804638e-05 4.217121885639266262e-06
7.062576265000000149e+02 5.775987176643946118e-06 8.227346815780227541e-06
7.062579389999999648e+02 1.180647081123879431e-05 1.325221341907434029e-05
7.062582515000000285e+02 1.132120547042796494e-05 1.925252802884766095e-05
7.062585639999999785e+02 1.758564501097115656e-05 2.618111881973610267e-05
7.062588765000000421e+02 1.555558052935603820e-05 3.398393623997420887e-05
7.062591889999999921e+02 3.890855385829361355e-05 4.260124894373594695e-05
7.062595015000000558e+02 4.506484442497886206e-05 5.196889014188943912e-05
7.062598140000000058e+02 2.943859812623544537e-05 6.201951094164347687e-05
7.062601264999999557e+02 4.521070282243886058e-05 7.268380136451799253e-05
7.062604390000000194e+02 5.666119729320728924e-05 8.389164509106887405e-05
7.062607514999999694e+02 6.801830229915218024e-05 9.557318066355296668e-05
7.062610640000000330e+02 6.580017209525211162e-05 1.076597489492133776e-04
7.062613764999999830e+02 7.817974276361473144e-05 1.200847135442628850e-04
7.062616890000000467e+02 1.195969521204778895e-04 1.327841476230555656e-04
7.062620014999999967e+02 1.300862712046807165e-04 1.456973863028014041e-04
7.062623140000000603e+02 1.462165013680521205e-04 1.587674487688493449e-04
7.062626265000000103e+02 1.105955862448950437e-04 1.719413379644774750e-04
7.062629389999999603e+02 1.536442873768222982e-04 1.851702287463254744e-04
7.062632515000000240e+02 1.886554008111852962e-04 1.984095569672393144e-04
7.062635639999999739e+02 1.373520452948635178e-04 2.116190230664183986e-04
7.062638765000000376e+02 2.029375566929212380e-04 2.247625239703887384e-04
7.062641889999999876e+02 1.974237925020334904e-04 2.378080265798906566e-04
7.062645015000000512e+02 2.588693004665202670e-04 2.507273955931059754e-04
7.062648140000000012e+02 2.359626197987745749e-04 2.634961870223206438e-04
7.062651264999999512e+02 2.369204893562712726e-04 2.760934177887092687e-04
7.062654390000000149e+02 2.461929067095136267e-04 2.885013201600799063e-04
7.062657514999999648e+02 3.292027287113828585e-04 3.007050886034317899e-04
7.062660640000000285e+02 2.988833376830174037e-04 3.126926253113793304e-04
7.062663764999999785e+02 3.248891472101881847e-04 3.244542892902168977e-04
7.062666890000000421e+02 3.630441583878867657e-04 3.359826530467141677e-04
7.062670014999999921e+02 3.285000430931832261e-04 3.472722696639523872e-04
7.062673140000000558e+02 3.372320120680970907e-04 3.583194524958895088e-04
7.062676265000000058e+02 3.459774583270066890e-04 3.691220687324031722e-04
7.062679389999999557e+02 4.192421794887850090e-04 3.796793477635422012e-04
7.062682515000000194e+02 4.623810397505855713e-04 3.899917045687969282e-04
7.062685639999999694e+02 3.740599286431891927e-04 4.000605781274642922e-04
7.062688765000000330e+02 4.433323495888297845e-04 4.098882845512453760e-04
7.062691889999999830e+02 4.485748259825538160e-04 4.194778842985730292e-04
7.062695015000000467e+02 4.354474264423983140e-04 4.288330628833823040e-04
7.062698139999999967e+02 5.114018429737360403e-04 4.379580241619200880e-04
7.062701265000000603e+02 4.309775240896471455e-04 4.468573954470540029e-04
7.062704390000000103e+02 4.918846756339847895e-04 4.555361434513001927e-04
7.062707514999999603e+02 5.130476671021983338e-04 4.639995002697022241e-04
7.062710640000000240e+02 5.531342926613038759e-04 4.722528984449796455e-04
7.062713764999999739e+02 5.268896628748201416e-04 4.803019143050312975e-04
7.062716890000000376e+02 5.062394657012182731e-04 4.881522187974206089e-04
7.062720014999999876e+02 5.488077140190018074e-04 4.958095349909304042e-04
7.062723140000000512e+02 5.427540252926237908e-04 5.032796016297081060e-04
7.062726265000000012e+02 5.423830612182916266e-04 5.105681419963532417e-04
7.062729389999999512e+02 5.861786301303252220e-04 5.176808375713718140e-04
7.062732515000000149e+02 5.504397486286562516e-04 5.246233058725943916e-04
7.062735639999999648e+02 5.549668954107668528e-04 5.314010820061181809e-04
7.062738765000000285e+02 5.226526493099892083e-04 5.380196035027858719e-04
7.062741889999999785e+02 5.263669458400941888e-04 5.444841979731785677e-04
7.062745015000000421e+02 6.634898483372495860e-04 5.508000732941027190e-04
7.062748139999999921e+02 5.820504637446161393e-04 5.569723099246726020e-04
7.062751265000000558e+02 6.289053834057606145e-04 5.630058551378345610e-04
7.062754390000000058e+02 5.940717959076263158e-04 5.689055188365614709e-04
7.062757514999999557e+02 6.030881723062955302e-04 5.746759707966468157e-04
7.062760640000000194e+02 5.994002877663296867e-04 5.803217390789606458e-04
7.062763764999999694e+02 6.384194594232666699e-04 5.858472094567929644e-04
7.062766890000000330e+02 5.618148209783375025e-04 5.912566257215861633e-04
7.062770014999999830e+02 6.210580829804307566e-04 5.965540906796015308e-04
7.062773140000000467e+02 6.300808259429832624e-04 6.017435677819599725e-04
7.062776264999999967e+02 6.608298863623925925e-04 6.068288832205349145e-04
7.062779390000000603e+02 6.353265452151843828e-04 6.118137284604344486e-04
7.062782515000000103e+02 6.503863889041407468e-04 6.167016630696509332e-04
7.062785639999999603e+02 6.382818751476298028e-04 6.214961178350140178e-04
7.062788765000000240e+02 5.995622812480426401e-04 6.262003980594773494e-04
7.062791889999999739e+02 6.104360840786437949e-04 6.308176870089607759e-04
7.062795015000000376e+02 7.447204819156300537e-04 6.353510494815095295e-04
7.062798139999999876e+02 7.033820920371946063e-04 6.398034354193900914e-04
7.062801265000000512e+02 6.895398630692931973e-04 6.441776835845264499e-04
7.062804390000000012e+02 6.049438486786387972e-04 6.484765252177651564e-04
7.062807514999999512e+02 6.668746197484912673e-04 6.527025877098446708e-04
7.062810640000000149e+02 6.542057783283768352e-04 6.568583982250411233e-04
7.062813764999999648e+02 6.673981008431930989e-04 6.609463872785316559e-04
7.062816890000000285e+02 6.091451756696489219e-04 6.649688922692003051e-04
7.062820014999999785e+02 6.854726695141218898e-04 6.689281609202031098e-04
7.062823140000000421e+02 6.891088507872280113e-04 6.728263546650905483e-04
7.062826264999999921e+02 6.684936117551715153e-04 6.766655519262066831e-04
7.062829390000000558e+02 6.895880825269884830e-04 6.804477513265844288e-04
7.062832515000000058e+02 7.334857737054185011e-04 6.841748747863712291e-04
7.062835639999999557e+02 6.671236168722287970e-04 6.878487705447318802e-04
7.062838765000000194e+02 6.616413817313584675e-04 6.914712160709887180e-04
7.062841889999999694e+02 7.593273910135230629e-04 6.950439208785797775e-04
7.062845015000000330e+02 6.807122226967115327e-04 6.985685292545440505e-04
7.062848139999999830e+02 6.351692372201028173e-04 7.020466228724945830e-04
7.062851265000000467e+02 6.312337328012356322e-04 7.054797233303751556e-04
7.062854389999999967e+02 7.103546706927820831e-04 7.088692945734066751e-04
7.062857515000000603e+02 6.550647524658422547e-04 7.122167452444846123e-04
7.062860640000000103e+02 6.977463249119072314e-04 7.155234309240737951e-04
7.062863764999999603e+02 6.984744792669217569e-04 7.187906563001025557e-04
7.062866890000000240e+02 6.834774438532172439e-04 7.220196772395247277e-04
7.062870014999999739e+02 7.248299181082396838e-04 7.252117027765676458e-04
7.062873140000000376e+02 6.716388124331496273e-04 7.283678970316315388e-04
7.062876264999999876e+02 6.795495517482153620e-04 7.314893810343213801e-04
7.062879390000000512e+02 7.672707913326684646e-04 7.345772344892233241e-04
7.062882515000000012e+02 7.087853782008382390e-04 7.376324974503221466e-04
7.062885639999999512e+02 7.138130496751394268e-04 7.406561719419597119e-04
7.062888765000000149e+02 6.199388529756951751e-04 7.436492235006522114e-04
7.062891889999999648e+02 6.629199738993628343e-04 7.466125826518752199e-04
7.062895015000000285e+02 7.122614956999880585e-04 7.495471463349551514e-04
7.062898139999999785e+02 7.301802072378799384e-04 7.524537792515163283e-04
7.062901265000000421e+02 7.734843633218807827e-04 7.553333151732998527e-04
7.062904389999999921e+02 7.808827061460783467e-04 7.581865581775396653e-04
7.062907515000000558e+02 7.872856134687092984e-04 7.610142838460364802e-04
