7.075185979999999972e+02 3.271233302992673938e-04 3.606681976477189616e-04
7.075189104999999472e+02 4.036583154141576727e-04 3.612744468035533813e-04
7.075192230000000109e+02 3.879026970982686227e-04 3.618370564208495989e-04
7.075195354999999608e+02 3.841672503692714676e-04 3.623542932636945315e-04
7.075198480000000245e+02 3.824903807023476631e-04 3.628243444107823721e-04
7.075201604999999745e+02 3.628303083343906469e-04 3.632453132938282675e-04
7.075204730000000382e+02 3.940262390816820352e-04 3.636152155482645339e-04
7.075207854999999881e+02 3.551626990780976686e-04 3.639319746646895153e-04
7.075210980000000518e+02 4.218561759394252680e-04 3.641934174403206061e-04
7.075214105000000018e+02 3.735720410136896441e-04 3.643972692211332621e-04
7.075217229999999518e+02 4.563667133757024104e-04 3.645411489340672460e-04
7.075220355000000154e+02 3.766158713237407096e-04 3.646225639033156369e-04
7.075223479999999654e+02 3.681130751014474040e-04 3.646389044501948339e-04
7.075226605000000291e+02 4.083808271424334475e-04 3.645874382759003648e-04
7.075229729999999790e+02 3.402566328753970433e-04 3.644653046282804064e-04
7.075232855000000427e+02 4.025209768859286646e-04 3.642695082564856367e-04
7.075235979999999927e+02 3.205116443288760016e-04 3.639969131606926806e-04
7.075239104999999427e+02 3.534764403535950884e-04 3.636442361455227766e-04
7.075242230000000063e+02 3.839302603469238072e-04 3.632080401923903868e-04
7.075245354999999563e+02 3.732851574085460514e-04 3.626847276694793588e-04
7.075248480000000200e+02 4.150656053165500828e-04 3.620705334013403303e-04
7.075251604999999699e+02 3.124900461141481020e-04 3.613615176335787803e-04
7.075254730000000336e+02 3.823443871129449546e-04 3.605535589253425883e-04
7.075257854999999836e+02 3.270448914614555117e-04 3.596423470246828307e-04
7.075260980000000473e+02 3.661632661987879720e-04 3.586233757770513199e-04
7.075264104999999972e+02 3.426371184012022737e-04 3.574919361473621405e-04
7.075267229999999472e+02 2.910670896602872209e-04 3.562431094308581036e-04
7.075270355000000109e+02 3.341679663036486569e-04 3.548717607634845278e-04
7.075273479999999608e+02 3.735370277010090331e-04 3.533725330505655109e-04
7.075276605000000245e+02 3.464606760259877796e-04 3.517398414514004749e-04
7.075279729999999745e+02 3.333630730563811890e-04 3.499678686023056603e-04
7.075282855000000382e+02 2.934108043317016907e-04 3.480505607594929613e-04
7.075285979999999881e+02 2.963489313011307118e-04 3.459816251127800953e-04
7.075289105000000518e+02 3.378265353707882840e-04 3.437545285193990244e-04
7.075292230000000018e+02 3.120169371187073702e-04 3.413624979933536419e-04
7.075295354999999518e+02 3.422102131670656691e-04 3.387985232888972038e-04
7.075298480000000154e+02 2.979622301101426149e-04 3.360553620138527400e-04
7.075301604999999654e+02 2.481648552080627235e-04 3.331255477439431178e-04
7.075304730000000291e+02 2.831878912455504079e-04 3.300014016723920845e-04
7.075307854999999790e+02 3.181100252376205077e-04 3.266750484420176078e-04
7.075310980000000427e+02 3.304049280683040270e-04 3.231384368301349935e-04
7.075314104999999927e+02 3.254321874116075652e-04 3.193833661161524923e-04
7.075317229999999427e+02 2.549055186108333546e-04 3.154015189845782246e-04
7.075320355000000063e+02 2.655138737982175290e-04 3.111845019868936702e-04
7.075323479999999563e+02 2.626068335701818189e-04 3.067238946513944822e-04
7.075326605000000200e+02 2.533404236104374284e-04 3.020113084334059101e-04
7.075329729999999699e+02 2.579287713188092661e-04 2.970384568651959138e-04
7.075332855000000336e+02 2.429922601092770335e-04 2.917972382795831288e-04
7.075335979999999836e+02 2.905869454951442673e-04 2.862798326823537474e-04
7.075339105000000473e+02 2.715977813009736743e-04 2.804788143143681269e-04
7.075342229999999972e+02 2.238460273958733145e-04 2.743872816161510401e-04
7.075345354999999472e+02 2.491983264938231967e-04 2.679990062005078197e-04
7.075348480000000109e+02 2.292820535579914612e-04 2.613086025164218723e-04
7.075351604999999608e+02 2.475519132749790137e-04 2.543117197154004614e-04
7.075354730000000245e+02 2.261142229279615695e-04 2.470052570329366666e-04
7.075357854999999745e+02 1.977717074663639350e-04 2.393876037880183117e-04
7.075360980000000382e+02 2.031795339199236276e-04 2.314589045269873876e-04
7.075364104999999881e+02 1.747435970607175615e-04 2.232213494056916995e-04
7.075367230000000518e+02 1.851204038540537852e-04 2.146794889427997499e-04
7.075370355000000018e+02 1.985136286359801190e-04 2.058405714526725027e-04
7.075373479999999518e+02 2.014547992949998424e-04 1.967149000335143385e-04
7.075376605000000154e+02 1.513740274319715887e-04 1.873162046466620096e-04
7.075379729999999654e+02 1.774247666935470564e-04 1.776620229435744297e-04
7.075382855000000291e+02 1.753217221520390521e-04 1.677740814564689131e-04
7.075385979999999790e+02 1.516155379565376242e-04 1.576786666352095623e-04
7.075389105000000427e+02 1.541346938308829910e-04 1.474069725967443981e-04
7.075392229999999927e+02 1.584830099046395072e-04 1.369954101923453668e-04
7.075395354999999427e+02 1.362040036532067373e-04 1.264858593604848650e-04
7.075398480000000063e+02 1.343877567392165906e-04 1.159258447917815176e-04
7.075401604999999563e+02 1.020796682142621851e-04 1.053686131504649964e-04
7.075404730000000200e+02 1.461975412933101790e-04 9.487308920658361899e-05
7.075407854999999699e+02 8.615801810618938319e-05 8.450368854499162603e-05
7.075410980000000336e+02 1.042746223628499474e-04 7.432996584564652959e-05
7.075414104999999836e+02 7.594752969980274782e-05 6.442608115456357478e-05
7.075417230000000473e+02 8.603561789778455926e-05 5.487007135637527784e-05
7.075420354999999972e+02 8.460312441946717717e-05 4.574292127120458404e-05
7.075423479999999472e+02 7.802791150799324690e-05 3.712743741431628723e-05
7.075426605000000109e+02 5.645948184461175283e-05 2.910693810083395103e-05
7.075429729999999608e+02 5.963177597459534896e-05 2.176378498906384465e-05
7.075432855000000245e+02 4.167780465412318600e-05 1.517779307707906963e-05
7.075435979999999745e+02 4.493025683538148600e-05 9.424567606744300514e-06
7.075439105000000382e+02 3.233534609233378195e-05 4.573825913425917414e-06
7.075442229999999881e+02 2.456157904803802822e-05 6.877694650593312585e-07
7.075445355000000518e+02 2.995040596470604477e-05 -2.180425410261461253e-06
7.075448480000000018e+02 3.722441792751320886e-05 -3.987930455960213078e-06
7.075451604999999518e+02 2.790267452066383624e-05 -4.703340205858878257e-06
7.075454730000000154e+02 3.775061087635098159e-06 -4.307446815019444205e-06
7.075457854999999654e+02 1.523423025689101962e-05 -2.793677644208704937e-06
7.075460980000000291e+02 1.252301120082002972e-05 -1.681754100861366470e-07
7.075464104999999790e+02 5.741707338814941151e-06 3.550480515653119447e-06
7.075467230000000427e+02 6.846570523853286301e-06 8.331894375079612031e-06
7.075470354999999927e+02 9.176891344728542473e-06 1.413478137368904759e-05
7.075473479999999427e+02 5.783102635416827540e-06 2.090815346630729970e-05
7.075476605000000063e+02 1.134450256798191201e-05 2.859270455638412422e-05
7.075479729999999563e+02 4.969775256831914541e-06 3.712233030931793724e-05
7.075482855000000200e+02 1.872705624248080481e-05 4.642571654246920894e-05
7.075485979999999699e+02 2.074692522594818802e-05 5.642793297204204368e-05
7.075489105000000336e+02 5.006025401829729396e-05 6.705197568891877000e-05
7.075492229999999836e+02 3.317561811445872584e-05 7.822021051464497505e-05
7.075495355000000473e+02 3.607933609329589894e-05 8.985568014240749514e-05
7.075498479999999972e+02 6.188460449004868020e-05 1.018832488209857340e-04
7.075501604999999472e+02 7.914738802357046139e-05 1.142305693801828090e-04
7.075504730000000109e+02 8.258891754546604101e-05 1.268288669880057468e-04
7.075507854999999608e+02 8.746003183884629010e-05 1.396135425557673961e-04
7.075510980000000245e+02 1.188500739015813627e-04 1.525246054112496072e-04
7.075514104999999745e+02 1.354214653458904460e-04 1.655069496317502944e-04
7.075517230000000382e+02 1.498695729912935570e-04 1.785104919430159697e-04
7.075520354999999881e+02 1.360554757406583996e-04 1.914901905484715035e-04
7.075523480000000518e+02 1.529136344536886330e-04 2.044059650444635362e-04
7.075526605000000018e+02 2.052926461443911512e-04 2.172225367718167344e-04
7.075529729999999518e+02 2.341441924733815116e-04 2.299092080165606388e-04
7.075532855000000154e+02 2.242193596496831927e-04 2.424395964854424200e-04
7.075535979999999654e+02 2.062531683093052869e-04 2.547913396440077229e-04
7.075539105000000291e+02 2.426351411537011106e-04 2.669457813858531971e-04
7.075542229999999790e+02 2.685383772951263712e-04 2.788876512466664727e-04
7.075545355000000427e+02 3.183884954962363958e-04 2.906047446411081313e-04
7.075548479999999927e+02 2.183106590318417825e-04 3.020876105041045011e-04
7.075551604999999427e+02 3.219680131594335084e-04 3.133292513838724261e-04
7.075554730000000063e+02 2.920466857445426544e-04 3.243248394006452038e-04
7.075557854999999563e+02 4.046470343516695703e-04 3.350714504664776411e-04
7.075560980000000200e+02 3.569588419108617660e-04 3.455678181910129001e-04
7.075564104999999699e+02 3.899340416101354056e-04 3.558141079884062814e-04
7.075567230000000336e+02 3.540255724403622555e-04 3.658117115151427682e-04
7.075570354999999836e+02 4.012008797779536076e-04 3.755630608666038939e-04
7.075573480000000473e+02 3.701065349893076120e-04 3.850714618663965958e-04
7.075576604999999972e+02 4.634267671632909735e-04 3.943409453136946952e-04
7.075579729999999472e+02 4.201325718678802345e-04 4.033761351305493233e-04
7.075582855000000109e+02 4.211303695680120723e-04 4.121821320687743518e-04
7.075585979999999608e+02 4.376500927612275043e-04 4.207644117280587770e-04
7.075589105000000245e+02 4.893001361857104081e-04 4.291287356363338327e-04
7.075592229999999745e+02 4.188472357138648457e-04 4.372810740696207472e-04
7.075595355000000382e+02 5.331010092285860119e-04 4.452275395187657342e-04
7.075598479999999881e+02 5.269901096512181939e-04 4.529743295849068688e-04
7.075601605000000518e+02 5.166377472677881420e-04 4.605276783545021995e-04
7.075604730000000018e+02 5.503642579364107466e-04 4.678938151978766376e-04
7.075607854999999518e+02 5.167338767999000602e-04 4.750789301971254696e-04
7.075610980000000154e+02 4.945305681083940648e-04 4.820891453320031036e-04
7.075614104999999654e+02 5.580007094005614166e-04 4.889304907289573031e-04
7.075617230000000291e+02 5.754148314089616457e-04 4.956088853466951829e-04
7.075620354999999790e+02 5.146808322910993196e-04 5.021301214539358217e-04
7.075623480000000427e+02 5.363391289904815337e-04 5.084998524584424156e-04
7.075626604999999927e+02 5.820504809674498670e-04 5.147235835501959289e-04
7.075629729999999427e+02 5.640368914685528045e-04 5.208066648265708169e-04
7.075632855000000063e+02 5.562348814753313806e-04 5.267542864830827452e-04
7.075635979999999563e+02 5.923960901603266037e-04 5.325714757802282786e-04
7.075639105000000200e+02 4.875350365619292520e-04 5.382630955319507105e-04
7.075642229999999699e+02 6.128842307181393183e-04 5.438338438225528157e-04
7.075645355000000336e+02 5.975585972579753767e-04 5.492882548086903049e-04
7.075648479999999836e+02 5.813859304795833752e-04 5.546307003588381648e-04
7.075651605000000473e+02 6.051959952178549533e-04 5.598653924381820964e-04
7.075654729999999972e+02 6.091858192445361855e-04 5.649963860399244290e-04
7.075657854999999472e+02 6.235598996077453774e-04 5.700275826068301526e-04
7.075660980000000109e+02 5.789298554268544053e-04 5.749627337946952967e-04
7.075664104999999608e+02 6.592155750836630867e-04 5.798054455121568656e-04
7.075667230000000245e+02 6.909736995995921244e-04 5.845591821810248350e-04
7.075670354999999745e+02 6.255246000269444953e-04 5.892272711109988867e-04
7.075673480000000382e+02 5.953901407209846730e-04 5.938129069910494167e-04
7.075676604999999881e+02 6.783894309070342835e-04 5.983191563981667040e-04
7.075679730000000518e+02 6.010053899275703175e-04 6.027489623411540947e-04
7.075682855000000018e+02 5.589657358231025618e-04 6.071051487555778788e-04
7.075685979999999518e+02 6.504084284000559869e-04 6.113904249757285032e-04
7.075689105000000154e+02 6.451886202791180976e-04 6.156073901223613936e-04
7.075692229999999654e+02 5.920761474859116951e-04 6.197585374064956991e-04
7.075695355000000291e+02 6.091524581803269695e-04 6.238462583508906515e-04
7.075698479999999790e+02 6.712908431095825339e-04 6.278728468810922938e-04
7.075701605000000427e+02 6.346173223662852220e-04 6.318405033251009396e-04
7.075704729999999927e+02 6.139982262974037069e-04 6.357513382684455271e-04
7.075707854999999427e+02 6.637357472750736757e-04 6.396073763063404079e-04
7.075710980000000063e+02 6.031867945614686165e-04 6.434105596541323576e-04
7.075714104999999563e+02 6.077843671499573485e-04 6.471627516298854559e-04
7.075717230000000200e+02 6.468477781930744150e-04 6.508657400224022267e-04
7.075720354999999699e+02 6.474043370746290294e-04 6.545212403112310147e-04
7.075723480000000336e+02 7.334314823098635888e-04 6.581308987824464060e-04
7.075726604999999836e+02 6.420634478743836391e-04 6.616962954991636872e-04
7.075729730000000473e+02 6.946453207531400054e-04 6.652189471719133565e-04
7.075732854999999972e+02 6.880751047420034967e-04 6.687003098897416255e-04
7.075735979999999472e+02 6.591407651094538826e-04 6.721417817555035536e-04
7.075739105000000109e+02 6.386463899407742069e-04 6.755447053964335749e-04
7.075742229999999608e+02 6.769456084972464913e-04 6.789103703667168045e-04
7.075745355000000245e+02 6.312822355408374223e-04 6.822400154577219896e-04
7.075748479999999745e+02 7.547822775364381245e-04 6.855348308888821246e-04
7.075751605000000382e+02 6.149585442976361269e-04 6.887959604208619474e-04
7.075754729999999881e+02 6.842508636369916365e-04 6.920245033559490038e-04
7.075757855000000518e+02 6.451991338554625760e-04 6.952215164677129876e-04
7.075760980000000018e+02 6.351715679985085999e-04 6.983880158255873502e-04
7.075764104999999518e+02 6.586953502817275005e-04 7.015249785543946608e-04
7.075767230000000154e+02 6.957079006785847185e-04 7.046333445030169076e-04
7.075770354999999654e+02 7.385856423841926505e-04 7.077140178375079674e-04
7.075773480000000291e+02 6.747345937506630783e-04 7.107678685729821536e-04
7.075776604999999790e+02 6.690904265101462172e-04 7.137957340193812252e-04
7.075779730000000427e+02 7.018703890576831516e-04 7.167984201789208898e-04
7.075782854999999927e+02 7.073718948650580722e-04 7.197767030626383688e-04
7.075785979999999427e+02 6.784872942996012608e-04 7.227313299630940685e-04
7.075789105000000063e+02 6.751107698310744630e-04 7.256630206585223996e-04
7.075792229999999563e+02 7.254545867240898283e-04 7.285724685622201957e-04
7.075795355000000200e+02 6.555417021877767191e-04 7.314603418301707976e-04
7.075798479999999699e+02 6.704626478327264071e-04 7.343272844028157558e-04
7.075801605000000336e+02 7.895200600850425625e-04 7.371739170161021974e-04
7.075804729999999836e+02 6.549207157266103817e-04 7.400008381504054062e-04
7.075807855000000473e+02 6.584251716470438266e-04 7.428086249528477935e-04
