7.159416929999999866e+02 3.250228216461656622e-04 3.159317395669731274e-04
7.159420054999999365e+02 3.484240883284162602e-04 3.163219970900665954e-04
7.159423180000000002e+02 3.237458646066419896e-04 3.166991500868530864e-04
7.159426304999999502e+02 3.511119771291119776e-04 3.170626679939653799e-04
7.159429430000000139e+02 3.382648313718551064e-04 3.174119940005796820e-04
7.159432554999999638e+02 3.276588924540004433e-04 3.177465435252489409e-04
7.159435680000000275e+02 3.080172215916064486e-04 3.180657025947256967e-04
7.159438804999999775e+02 3.230384512480097628e-04 3.183688261134745828e-04
7.159441930000000411e+02 3.135697014008442850e-04 3.186552360199685339e-04
7.159445054999999911e+02 2.799823975293098889e-04 3.189242193176661309e-04
7.159448179999999411e+02 2.983890712414339545e-04 3.191750259750632929e-04
7.159451305000000048e+02 3.254273531612734863e-04 3.194068666823732185e-04
7.159454429999999547e+02 3.786590614847603112e-04 3.196189104555552146e-04
7.159457555000000184e+02 3.184979571782004665e-04 3.198102820770845254e-04
7.159460679999999684e+02 2.969864180292040314e-04 3.199800593593268979e-04
7.159463805000000320e+02 3.281896605417650549e-04 3.201272702198041807e-04
7.159466929999999820e+02 3.275606204882978013e-04 3.202508895520639050e-04
7.159470054999999320e+02 3.665596807054522627e-04 3.203498358789645607e-04
7.159473179999999957e+02 3.034706004640266657e-04 3.204229677706362011e-04
7.159476304999999456e+02 2.871493933358469099e-04 3.204690800104171124e-04
7.159479430000000093e+02 3.030039098229981762e-04 3.204868994900713828e-04
7.159482554999999593e+02 3.410457065566763375e-04 3.204750808137079633e-04
7.159485680000000229e+02 2.711814402756383799e-04 3.204322015893694897e-04
7.159488804999999729e+02 3.484525307887948787e-04 3.203567573850960937e-04
7.159491930000000366e+02 2.917953533953848624e-04 3.202471563247568623e-04
7.159495054999999866e+02 3.660454397030791325e-04 3.201017132979941740e-04
7.159498179999999365e+02 3.418363905037381085e-04 3.199186437556381882e-04
7.159501305000000002e+02 3.217589569433750235e-04 3.196960570618633825e-04
7.159504429999999502e+02 3.276937586949146136e-04 3.194319493718388589e-04
7.159507555000000139e+02 3.151120004032853571e-04 3.191241960008729239e-04
7.159510679999999638e+02 3.256152240123292132e-04 3.187705432529057263e-04
7.159513805000000275e+02 3.135979070537573939e-04 3.183685996694019969e-04
7.159516929999999775e+02 2.872071906237685501e-04 3.179158266650694543e-04
7.159520055000000411e+02 3.677646619116358784e-04 3.174095285080741065e-04
7.159523179999999911e+02 2.998754702196248590e-04 3.168468416106397624e-04
7.159526304999999411e+02 3.316088391290703745e-04 3.162247230860392735e-04
7.159529430000000048e+02 2.839144755754250890e-04 3.155399385378668243e-04
7.159532554999999547e+02 2.862565988902435275e-04 3.147890490433727134e-04
7.159535680000000184e+02 3.178198988019112622e-04 3.139683972935121891e-04
7.159538804999999684e+02 2.452061284782636554e-04 3.130740928661185406e-04
7.159541930000000320e+02 3.227682430634792529e-04 3.121019965993227733e-04
7.159545054999999820e+02 3.126745132288058439e-04 3.110477040588054023e-04
7.159548179999999320e+02 2.999619376141895869e-04 3.099065280840916843e-04
7.159551304999999957e+02 3.288108765666002478e-04 3.086734804323666638e-04
7.159554429999999456e+02 2.845007771043455845e-04 3.073432525466677839e-04
7.159557555000000093e+02 3.002632706784581036e-04 3.059101954978828055e-04
7.159560679999999593e+02 2.729858947081307738e-04 3.043682991991511965e-04
7.159563805000000229e+02 3.002581671469883320e-04 3.027111710048387030e-04
7.159566929999999729e+02 3.120848710204656763e-04 3.009320138891582812e-04
7.159570055000000366e+02 2.984655545300094045e-04 2.990236044284419080e-04
7.159573179999999866e+02 2.773189372681434447e-04 2.969782709275125632e-04
7.159576304999999365e+02 2.689017444633316854e-04 2.947878720889831900e-04
7.159579430000000002e+02 2.767157200908953009e-04 2.924437767808643271e-04
7.159582554999999502e+02 2.578054495119979934e-04 2.899368455825802166e-04
7.159585680000000139e+02 2.967761852508005453e-04 2.872574149640509862e-04
7.159588804999999638e+02 2.864699475201354568e-04 2.843952852012216381e-04
7.159591930000000275e+02 2.543302650424816001e-04 2.813397133413175722e-04
7.159595054999999775e+02 2.617371065233305258e-04 2.780794129032603348e-04
7.159598180000000411e+02 2.303296571033912408e-04 2.746025623055078045e-04
7.159601304999999911e+02 3.036261386015543700e-04 2.708968245214305858e-04
7.159604429999999411e+02 2.788623334541140940e-04 2.669493809037060865e-04
7.159607555000000048e+02 2.525944880049458890e-04 2.627469827812274465e-04
7.159610679999999547e+02 2.229865814536885786e-04 2.582760250725743252e-04
7.159613805000000184e+02 2.853234647433514201e-04 2.535226469209457979e-04
7.159616929999999684e+02 2.224658341296053177e-04 2.484728652617892086e-04
7.159620055000000320e+02 2.381799949650417639e-04 2.431127480583466030e-04
7.159623179999999820e+02 2.218783442624161603e-04 2.374286349983664203e-04
7.159626304999999320e+02 2.367921569059806591e-04 2.314074142732230552e-04
7.159629429999999957e+02 2.373922611683102922e-04 2.250368650177546554e-04
7.159632554999999456e+02 2.551628741458680165e-04 2.183060755831380353e-04
7.159635680000000093e+02 2.006186691277119611e-04 2.112059481116251337e-04
7.159638804999999593e+02 1.910298830238532327e-04 2.037297997146924309e-04
7.159641930000000229e+02 1.720427727074698855e-04 1.958740693329310135e-04
7.159645054999999729e+02 1.493738233278116430e-04 1.876391372537817420e-04
7.159648180000000366e+02 1.581042071546800770e-04 1.790302602478606952e-04
7.159651304999999866e+02 1.635630233972541921e-04 1.700586195712680191e-04
7.159654429999999365e+02 1.877321684221904441e-04 1.607424704794258583e-04
7.159657555000000002e+02 1.195695253031686461e-04 1.511083706885346678e-04
7.159660679999999502e+02 1.354251400360403793e-04 1.411924504938159429e-04
7.159663805000000139e+02 1.428861764739826443e-04 1.310416693858931585e-04
7.159666929999999638e+02 1.085984346376767264e-04 1.207149835369382499e-04
7.159670055000000275e+02 1.142022732414321815e-04 1.102843261937172769e-04
7.159673179999999775e+02 1.062611211411647989e-04 9.983528170253058753e-05
7.159676305000000411e+02 1.018900094411754774e-04 8.946731590697446445e-05
7.159679429999999911e+02 1.076000282199659553e-04 7.929341621582278123e-05
7.159682554999999411e+02 7.370844198622460370e-05 6.943899783321488091e-05
7.159685680000000048e+02 8.191624813536885316e-05 6.003995458293007528e-05
7.159688804999999547e+02 5.836139407850292229e-05 5.123977686028501955e-05
7.159691930000000184e+02 6.084415639014888015e-05 4.318572780565641380e-05
7.159695054999999684e+02 4.841772718428905605e-05 3.602415960535864612e-05
7.159698180000000320e+02 3.804904496051391002e-05 2.989515713431385897e-05
7.159701304999999820e+02 4.822445442175925262e-05 2.492680375976136204e-05
7.159704429999999320e+02 3.759699799194979265e-05 2.122945606734704779e-05
7.159707554999999957e+02 2.311648918781800379e-05 1.889047244933568607e-05
7.159710679999999456e+02 3.358264658933969202e-05 1.796984818106293165e-05
7.159713805000000093e+02 1.700438368382503252e-05 1.849715815535064501e-05
7.159716929999999593e+02 1.421146296159949012e-05 2.047009931549584213e-05
7.159720055000000229e+02 1.652547283127072425e-05 2.385477138653362063e-05
7.159723179999999729e+02 1.804770131322838551e-05 2.858765982206111009e-05
7.159726305000000366e+02 3.045956333020648831e-05 3.457911672232090450e-05
7.159729429999999866e+02 4.110025792148351044e-05 4.171799987761844636e-05
7.159732554999999365e+02 3.303627852328895267e-05 4.987704601932585241e-05
7.159735680000000002e+02 2.995958643658834546e-05 5.891852921775379463e-05
7.159738804999999502e+02 4.849244593780482632e-05 6.869978580380645182e-05
7.159741930000000139e+02 8.030393905057812151e-05 7.907826031668275114e-05
7.159745054999999638e+02 6.691453912616684952e-05 8.991582508392983065e-05
7.159748180000000275e+02 1.133874199139131881e-04 1.010822315668804904e-04
7.159751304999999775e+02 8.724961160411486439e-05 1.124576487830222576e-04
7.159754430000000411e+02 1.200433715946895238e-04 1.239343237842360996e-04
7.159757554999999911e+02 1.195354058156445839e-04 1.354174556092552467e-04
7.159760679999999411e+02 1.440494702021548703e-04 1.468254081267009235e-04
7.159763805000000048e+02 1.254824316130733006e-04 1.580894006541255553e-04
7.159766929999999547e+02 1.723956704045136060e-04 1.691528135999515391e-04
7.159770055000000184e+02 1.627445433281052029e-04 1.799702340698651341e-04
7.159773179999999684e+02 1.771838596026402901e-04 1.905063479432210917e-04
7.159776305000000320e+02 1.916496041332510828e-04 2.007347645010788633e-04
7.159779429999999820e+02 1.970492630015570866e-04 2.106368390395794261e-04
7.159782554999999320e+02 2.253268443555986810e-04 2.202005406441724558e-04
7.159785679999999957e+02 2.502130656007960064e-04 2.294193963366932757e-04
7.159788804999999456e+02 2.487290788803693010e-04 2.382915302270153829e-04
7.159791930000000093e+02 2.587444871327458044e-04 2.468188065103846208e-04
7.159795054999999593e+02 2.877963794919416083e-04 2.550060778747536335e-04
7.159798180000000229e+02 2.717927066114546536e-04 2.628605360970329369e-04
7.159801304999999729e+02 2.705366244667367702e-04 2.703911582015242889e-04
7.159804430000000366e+02 2.862763270300134428e-04 2.776082398924524628e-04
7.159807554999999866e+02 2.680914088640990768e-04 2.845230069242337149e-04
7.159810679999999365e+02 3.434670209151077769e-04 2.911472950897005143e-04
7.159813805000000002e+02 3.235236086352876622e-04 2.974932896619583928e-04
7.159816929999999502e+02 3.166040367292785335e-04 3.035733158224951790e-04
7.159820055000000139e+02 2.990954764983974157e-04 3.093996723619393688e-04
7.159823179999999638e+02 2.911783851605277760e-04 3.149845016951420052e-04
7.159826305000000275e+02 2.975387032504922600e-04 3.203396901951013182e-04
7.159829429999999775e+02 3.312532430455540004e-04 3.254767935187122176e-04
7.159832555000000411e+02 3.596925001751573661e-04 3.304069824771864602e-04
7.159835679999999911e+02 3.267407114710797560e-04 3.351410055526161014e-04
7.159838804999999411e+02 3.892981694772862074e-04 3.396891648838897514e-04
7.159841930000000048e+02 3.613232628513594761e-04 3.440613029670896192e-04
7.159845054999999547e+02 3.516396234741917069e-04 3.482667978368362183e-04
7.159848180000000184e+02 3.924269303391217942e-04 3.523145648800611856e-04
7.159851304999999684e+02 3.657321768506616795e-04 3.562130637126425018e-04
7.159854430000000320e+02 3.658661438147684810e-04 3.599703089154313593e-04
7.159857554999999820e+02 3.972672353968618639e-04 3.635938835666849321e-04
7.159860679999999320e+02 3.336449353725650670e-04 3.670909547953780526e-04
7.159863804999999957e+02 3.795633805509847380e-04 3.704682906633199012e-04
7.159866929999999456e+02 4.191479248353600180e-04 3.737322778683656245e-04
7.159870055000000093e+02 4.260386717801918611e-04 3.768889398679386581e-04
7.159873179999999593e+02 3.761402905298343079e-04 3.799439550715463083e-04
7.159876305000000229e+02 3.712861727210544954e-04 3.829026748915592649e-04
7.159879429999999729e+02 4.152452970462872659e-04 3.857701414279949268e-04
7.159882555000000366e+02 3.899321529933163187e-04 3.885511046839357284e-04
7.159885679999999866e+02 4.035878091410312059e-04 3.912500391770662640e-04
7.159888804999999365e+02 4.189877434634323161e-04 3.938711599109341686e-04
7.159891930000000002e+02 3.729355207961196827e-04 3.964184376359323201e-04
7.159895054999999502e+02 4.137585634856950261e-04 3.988956133861498916e-04
7.159898180000000139e+02 4.133137265656008203e-04 4.013062122911680257e-04
7.159901304999999638e+02 4.393886416107481755e-04 4.036535566423234546e-04
7.159904430000000275e+02 3.868530424518238937e-04 4.059407782524696636e-04
7.159907554999999775e+02 4.226952431698960074e-04 4.081708300989446230e-04
7.159910680000000411e+02 4.310833489067247121e-04 4.103464972997447504e-04
7.159913804999999911e+02 4.476010843719206906e-04 4.124704074222730154e-04
7.159916929999999411e+02 4.206497090417828512e-04 4.145450401781620086e-04
7.159920055000000048e+02 4.124555561628752420e-04 4.165727365136275744e-04
7.159923179999999547e+02 4.223614690623089633e-04 4.185557071339240411e-04
7.159926305000000184e+02 4.031969052217178762e-04 4.204960404991102711e-04
7.159929429999999684e+02 4.974628164027102483e-04 4.223957103028991777e-04
7.159932555000000320e+02 4.721641648844541409e-04 4.242565824861832817e-04
7.159935679999999820e+02 4.328631367559075617e-04 4.260804217910072996e-04
7.159938804999999320e+02 3.952367985485577182e-04 4.278688979038025022e-04
7.159941929999999957e+02 4.134267184240957081e-04 4.296235911968816139e-04
7.159945054999999456e+02 4.350498891332364531e-04 4.313459981002240769e-04
7.159948180000000093e+02 4.151172095554727499e-04 4.330375361332931914e-04
7.159951304999999593e+02 4.393018890792637298e-04 4.346995486035353548e-04
7.159954430000000229e+02 4.370682810202254111e-04 4.363333090120971721e-04
7.159957554999999729e+02 4.438211738635195066e-04 4.379400251669575460e-04
7.159960680000000366e+02 4.036787811546797659e-04 4.395208430415347410e-04
7.159963804999999866e+02 4.386093869848678309e-04 4.410768503772807890e-04
7.159966929999999365e+02 4.083599716547180137e-04 4.426090800648550317e-04
7.159970055000000002e+02 4.320222351237236100e-04 4.441185133047081111e-04
7.159973179999999502e+02 4.818426582672160848e-04 4.456060825674132224e-04
7.159976305000000139e+02 4.193366676828146067e-04 4.470726743724364924e-04
7.159979429999999638e+02 4.884288679792981973e-04 4.485191318842779462e-04
7.159982555000000275e+02 4.328080090972287420e-04 4.499462573544133382e-04
7.159985679999999775e+02 4.344866146647756618e-04 4.513548144028369457e-04
7.159988805000000411e+02 4.318128719620269477e-04 4.527455301661915499e-04
7.159991929999999911e+02 4.184107106046135909e-04 4.541190973053075360e-04
7.159995054999999411e+02 4.265687823989764977e-04 4.554761758968611644e-04
7.159998180000000048e+02 4.742993993815696656e-04 4.568173952045767876e-04
7.160001304999999547e+02 4.029380152402583658e-04 4.581433553428088286e-04
7.160004430000000184e+02 4.620506971945831896e-04 4.594546288443273957e-04
7.160007554999999684e+02 4.299970902646811427e-04 4.607517621268147488e-04
7.160010680000000320e+02 4.831985459350365483e-04 4.620352768791591573e-04
7.160013804999999820e+02 4.892484411260651081e-04 4.633056713579997480e-04
7.160016929999999320e+02 4.649871099696657913e-04 4.645634216145016430e-04
7.160020054999999957e+02 4.470819776409573902e-04 4.658089826445647942e-04
7.160023179999999456e+02 4.580834253495024442e-04 4.670427894718714805e-04
7.160026305000000093e+02 4.029761986916862446e-04 4.682652581724949825e-04
7.160029429999999593e+02 4.585836292908777455e-04 4.694767868338246873e-04
7.160032555000000229e+02 4.849364505439451899e-04 4.706777564654482447e-04
7.160035679999999729e+02 5.025554930183113046e-04 4.718685318512355403e-04
7.160038805000000366e+02 4.344449933835572465e-04 4.730494623599805059e-04
