7.075165039999999408e+02 4.211413274506186342e-04 3.881145888552980775e-04
7.075168164999998908e+02 4.099085609054475290e-04 3.881753568836879558e-04
7.075171289999999544e+02 3.656298717421787334e-04 3.881506154915854621e-04
7.075174414999999044e+02 4.445204067277893126e-04 3.880364822506062253e-04
7.075177539999999681e+02 3.966065555264298471e-04 3.878288785062456150e-04
7.075180664999999181e+02 3.986150189672770265e-04 3.875235196091427370e-04
7.075183789999999817e+02 3.946112133415655577e-04 3.871159048258146387e-04
7.075186914999999317e+02 3.969777428670060999e-04 3.866013069587005712e-04
7.075190039999999954e+02 3.995434348783404575e-04 3.859747617089725092e-04
7.075193164999999453e+02 4.189813495028518091e-04 3.852310568355127350e-04
7.075196289999998953e+02 3.963434053071091196e-04 3.843647211667418242e-04
7.075199414999999590e+02 3.514452576023544125e-04 3.833700135489951613e-04
7.075202539999999090e+02 3.639809149616807693e-04 3.822409118283230786e-04
7.075205664999999726e+02 3.738514752591502537e-04 3.809711019817884877e-04
7.075208789999999226e+02 3.793064894955445652e-04 3.795539675557358652e-04
7.075211914999999863e+02 3.316332528493815294e-04 3.779825795769971948e-04
7.075215039999999362e+02 3.742759051470893102e-04 3.762496871673892836e-04
7.075218164999999999e+02 3.321790566268793929e-04 3.743477091030361355e-04
7.075221289999999499e+02 3.776220260184783711e-04 3.722687266443830455e-04
7.075224414999998999e+02 3.187240176627959150e-04 3.700044779821287069e-04
7.075227539999999635e+02 3.194023542567523397e-04 3.675463547456930065e-04
7.075230664999999135e+02 3.433452611951720449e-04 3.648854010748552533e-04
7.075233789999999772e+02 3.391081130024619543e-04 3.620123158360278389e-04
7.075236914999999271e+02 3.195074554836811157e-04 3.589174586969374136e-04
7.075240039999999908e+02 3.240807459750419113e-04 3.555908608303509329e-04
7.075243164999999408e+02 3.194689035327420582e-04 3.520222412059342528e-04
7.075246289999998908e+02 3.134560978033055362e-04 3.482010295001214438e-04
7.075249414999999544e+02 3.161051170989614511e-04 3.441163968711778991e-04
7.075252539999999044e+02 3.140070995269817530e-04 3.397572959766875962e-04
7.075255664999999681e+02 3.049452648225409461e-04 3.351125117860095535e-04
7.075258789999999181e+02 3.078908433503423146e-04 3.301707249913385747e-04
7.075261914999999817e+02 2.812467358423263318e-04 3.249205899369971744e-04
7.075265039999999317e+02 2.541933490224768241e-04 3.193508292997019184e-04
7.075268164999999954e+02 2.653424652097715383e-04 3.134503478482129641e-04
7.075271289999999453e+02 2.898163040595657519e-04 3.072083679258904416e-04
7.075274414999998953e+02 2.609073859129341509e-04 3.006145893482081938e-04
7.075277539999999590e+02 2.583827089698058571e-04 2.936593766527195812e-04
7.075280664999999090e+02 2.583344999222754348e-04 2.863339766380488594e-04
7.075283789999999726e+02 2.371858677617014709e-04 2.786307690973807054e-04
7.075286914999999226e+02 2.568450689058250679e-04 2.705435536017755205e-04
7.075290039999999863e+02 2.533016605655158534e-04 2.620678747318677736e-04
7.075293164999999362e+02 1.967478834105425181e-04 2.532013878102301542e-04
7.075296289999999999e+02 2.422953300614711931e-04 2.439442662186924163e-04
7.075299414999999499e+02 2.309980931105775162e-04 2.342996504698237976e-04
7.075302539999998999e+02 1.900925737778994830e-04 2.242741375101980537e-04
7.075305664999999635e+02 1.947978232341855990e-04 2.138783069754985971e-04
7.075308789999999135e+02 1.819857291983249727e-04 2.031272785692891589e-04
7.075311914999999772e+02 1.902969401278888225e-04 1.920412917568892642e-04
7.075315039999999271e+02 1.722953128202686472e-04 1.806462955937179239e-04
7.075318164999999908e+02 1.651149465124008512e-04 1.689745322724807962e-04
7.075321289999999408e+02 1.334267495467915160e-04 1.570650937929927288e-04
7.075324414999998908e+02 1.288315005345553319e-04 1.449644262241653130e-04
7.075327539999999544e+02 1.223666414597421488e-04 1.327267515949672827e-04
7.075330664999999044e+02 1.289802157716352072e-04 1.204143730160292140e-04
7.075333789999999681e+02 1.273909922342280883e-04 1.080978251834441908e-04
7.075336914999999181e+02 1.176452619161310660e-04 9.585583054331613811e-05
7.075340039999999817e+02 9.922646909807097688e-05 8.377502116705174383e-05
7.075343164999999317e+02 1.118805111575197871e-04 7.194938940100132404e-05
7.075346289999999954e+02 9.436229140940514005e-05 6.047943611537403332e-05
7.075349414999999453e+02 8.380350752438477959e-05 4.947099546321528240e-05
7.075352539999998953e+02 7.185842858464479960e-05 3.903372852484964271e-05
7.075355664999999590e+02 6.915721402836430174e-05 2.927929590852244247e-05
7.075358789999999090e+02 5.657018873796257775e-05 2.031923969795236033e-05
7.075361914999999726e+02 5.335291372299031618e-05 1.226262740915228289e-05
7.075365039999999226e+02 4.449898053475253397e-05 5.213533019402550461e-06
7.075368164999999863e+02 2.469598126549664302e-05 -7.315498817486294251e-07
7.075371289999999362e+02 3.904456139501334959e-05 -5.486251857800273818e-06
7.075374414999999999e+02 2.720860221225469754e-05 -8.976708471720075291e-06
7.075377539999999499e+02 1.422315487487775826e-05 -1.114365762377409392e-05
7.075380664999998999e+02 1.666123006651820654e-05 -1.194414174246201723e-05
7.075383789999999635e+02 7.898914704364265525e-06 -1.135272132334492549e-05
7.075386914999999135e+02 8.084651495846167054e-06 -9.362132838965877191e-06
7.075390039999999772e+02 1.146949889190733189e-05 -5.983356488734834000e-06
7.075393164999999271e+02 6.334352512586164984e-06 -1.245094785603192895e-06
7.075396289999999908e+02 3.972257435309771736e-06 4.807301947661454046e-06
7.075399414999999408e+02 6.591652425454771601e-06 1.211339562584746710e-05
7.075402539999998908e+02 1.974059488381713746e-05 2.059961361398965067e-05
7.075405664999999544e+02 1.804105745218382412e-05 3.018148609693520332e-05
7.075408789999999044e+02 3.916562898462924806e-05 4.076605134221107039e-05
7.075411914999999681e+02 3.034208884890904654e-05 5.225431428040972566e-05
7.075415039999999181e+02 4.192245417645781825e-05 6.454365313263550836e-05
7.075418164999999817e+02 5.094263999924307631e-05 7.753008443457829141e-05
7.075421289999999317e+02 5.663770346589979635e-05 9.111031576573929401e-05
7.075424414999999954e+02 5.787143818530217257e-05 1.051835366107845606e-04
7.075427539999999453e+02 7.761419596173125006e-05 1.196529180299721491e-04
7.075430664999998953e+02 8.116656269263735962e-05 1.344268108335023540e-04
7.075433789999999590e+02 1.097461686567335469e-04 1.494196475297920748e-04
7.075436914999999090e+02 1.183455877648806228e-04 1.645525659250689525e-04
7.075440039999999726e+02 1.247582409221632555e-04 1.797537811475584466e-04
7.075443164999999226e+02 1.289188384491689278e-04 1.949587382135303565e-04
7.075446289999999863e+02 1.831538911864034002e-04 2.101100801714117245e-04
7.075449414999999362e+02 1.672062475847230798e-04 2.251574667399877769e-04
7.075452539999999999e+02 1.833818798107302494e-04 2.400572771310373929e-04
7.075455664999999499e+02 1.928820346067843308e-04 2.547722275661719674e-04
7.075458789999998999e+02 2.104496027069070372e-04 2.692709307550796190e-04
7.075461914999999635e+02 2.630785015961984732e-04 2.835274203524236567e-04
7.075465039999999135e+02 2.841751785981594912e-04 2.975206596147938944e-04
7.075468164999999772e+02 3.109244272886607457e-04 3.112340496636987943e-04
7.075471289999999271e+02 3.074238802270302354e-04 3.246549490992755834e-04
7.075474414999999908e+02 3.179464906311317996e-04 3.377742139204764345e-04
7.075477539999999408e+02 3.215397691617728195e-04 3.505857637597254318e-04
7.075480664999998908e+02 3.373918859242593365e-04 3.630861785625949262e-04
7.075483789999999544e+02 3.842112978190824631e-04 3.752743277986508928e-04
7.075486914999999044e+02 3.650023625001499192e-04 3.871510330672772358e-04
7.075490039999999681e+02 4.079495741044042141e-04 3.987187638894654630e-04
7.075493164999999181e+02 4.180061520643387775e-04 4.099813655433898456e-04
7.075496289999999817e+02 4.084771826932388729e-04 4.209438174944235122e-04
7.075499414999999317e+02 4.715156871205034407e-04 4.316120203412977655e-04
7.075502539999999954e+02 4.466377950069900897e-04 4.419926092547841480e-04
7.075505664999999453e+02 4.496545906210655790e-04 4.520927915307287859e-04
7.075508789999998953e+02 4.834963466476570109e-04 4.619202061187010415e-04
7.075511914999999590e+02 5.562583823630781700e-04 4.714828028246668902e-04
7.075515039999999090e+02 5.465080942608663847e-04 4.807887391206567195e-04
7.075518164999999726e+02 5.554313147435468740e-04 4.898462926133717371e-04
7.075521289999999226e+02 5.690615636169189155e-04 4.986637872500156035e-04
7.075524414999999863e+02 5.620861456318090735e-04 5.072495316818381858e-04
7.075527539999999362e+02 5.198416436792180524e-04 5.156117681494387173e-04
7.075530664999999999e+02 5.827116015551729415e-04 5.237586306127634331e-04
7.075533789999999499e+02 5.584330265433169131e-04 5.316981107902084324e-04
7.075536914999998999e+02 5.985586701144231638e-04 5.394380311016303258e-04
7.075540039999999635e+02 5.889493226657212515e-04 5.469860234659143896e-04
7.075543164999999135e+02 6.371797579382902340e-04 5.543495131262552323e-04
7.075546289999999772e+02 6.318036091048212771e-04 5.615357067755863494e-04
7.075549414999999271e+02 6.011612168387528042e-04 5.685515842562880286e-04
7.075552539999999908e+02 6.273764805342259276e-04 5.754038933436094209e-04
7.075555664999999408e+02 6.163572454909670671e-04 5.820991470313788101e-04
7.075558789999998908e+02 6.891510657636968316e-04 5.886436229688355023e-04
7.075561914999999544e+02 6.052568626360388610e-04 5.950433646139663673e-04
7.075565039999999044e+02 6.450804437274516162e-04 6.013041838105302609e-04
7.075568164999999681e+02 6.588733320708448126e-04 6.074316645372620973e-04
7.075571289999999181e+02 6.588199481159839931e-04 6.134311675384202054e-04
7.075574414999999817e+02 6.844826366729410763e-04 6.193078357074085875e-04
7.075577539999999317e+02 6.525687769293326808e-04 6.250665999835359121e-04
7.075580664999999954e+02 6.772471292491135438e-04 6.307121856894278792e-04
7.075583789999999453e+02 6.589484048840569663e-04 6.362491191208716678e-04
7.075586914999998953e+02 7.000873033681763447e-04 6.416817343539629043e-04
7.075590039999999590e+02 6.759044995653699320e-04 6.470141801340164363e-04
7.075593164999999090e+02 7.071547858300504313e-04 6.522504267986626528e-04
7.075596289999999726e+02 7.409706442074843157e-04 6.573942731968438922e-04
7.075599414999999226e+02 6.769244973921320109e-04 6.624493535096160702e-04
7.075602539999999863e+02 6.727261516916529550e-04 6.674191439944862983e-04
7.075605664999999362e+02 7.260215982680590964e-04 6.723069695637570904e-04
7.075608789999999999e+02 7.366977338240023477e-04 6.771160102326109417e-04
7.075611914999999499e+02 6.914390534786779390e-04 6.818493073613567405e-04
7.075615039999998999e+02 7.093910203934701954e-04 6.865097697339916840e-04
7.075618164999999635e+02 6.940545185869051274e-04 6.911001794195908857e-04
7.075621289999999135e+02 7.372525457795713662e-04 6.956231974286568960e-04
7.075624414999999772e+02 8.050162007094991291e-04 7.000813691771008576e-04
7.075627539999999271e+02 7.300692215212712353e-04 7.044771297153756048e-04
7.075630664999999908e+02 7.786999840963947529e-04 7.088128087743375029e-04
7.075633789999999408e+02 7.679346827611285148e-04 7.130906355780227118e-04
7.075636914999998908e+02 7.261319308671875623e-04 7.173127434762820642e-04
7.075640039999999544e+02 7.471875322519456021e-04 7.214811743616784696e-04
7.075643164999999044e+02 7.754612204610054297e-04 7.255978828918734601e-04
7.075646289999999681e+02 7.207860587644006334e-04 7.296647405376632941e-04
7.075649414999999181e+02 7.561555635550372715e-04 7.336835394249871566e-04
7.075652539999999817e+02 8.229734098905181839e-04 7.376559960234822626e-04
7.075655664999999317e+02 6.637150313607627795e-04 7.415837546406008540e-04
7.075658789999999954e+02 7.406050444675567812e-04 7.454683907745726385e-04
7.075661914999999453e+02 8.345961068524710477e-04 7.493114142864649519e-04
7.075665039999998953e+02 7.473588893270558409e-04 7.531142724421942790e-04
7.075668164999999590e+02 7.735020927022049839e-04 7.568783527953085915e-04
7.075671289999999090e+02 7.717309857732050204e-04 7.606049859313500274e-04
7.075674414999999726e+02 7.269882712556514307e-04 7.642954480933101917e-04
7.075677539999999226e+02 8.033142224453231886e-04 7.679509636602052268e-04
7.075680664999999863e+02 8.084682554911559130e-04 7.715727075266005583e-04
7.075683789999999362e+02 7.691597745999433772e-04 7.751618073457745579e-04
7.075686914999999999e+02 7.391520536099931539e-04 7.787193456845433641e-04
7.075690039999999499e+02 8.090829394947996953e-04 7.822463620528334648e-04
7.075693164999998999e+02 7.334309044655181907e-04 7.857438548535825495e-04
7.075696289999999635e+02 7.829923703324262246e-04 7.892127832252605456e-04
7.075699414999999135e+02 8.120939681648107512e-04 7.926540687948638525e-04
7.075702539999999772e+02 7.351743652964794857e-04 7.960685973581841128e-04
7.075705664999999271e+02 7.775238091919194332e-04 7.994572204602141572e-04
7.075708789999999908e+02 8.627160180846319077e-04 8.028207569185258916e-04
7.075711914999999408e+02 7.770263075737330813e-04 8.061599942537201304e-04
7.075715039999998908e+02 8.270312188024761275e-04 8.094756900688796809e-04
7.075718164999999544e+02 7.165041744087656105e-04 8.127685733507755564e-04
7.075721289999999044e+02 8.075121362817775598e-04 8.160393457086048208e-04
7.075724414999999681e+02 8.131453851632407465e-04 8.192886825651943001e-04
7.075727539999999181e+02 7.702475274398972588e-04 8.225172342738682483e-04
7.075730664999999817e+02 8.214958623005118050e-04 8.257256272006999317e-04
7.075733789999999317e+02 8.370254515738771717e-04 8.289144647370241857e-04
7.075736914999999954e+02 7.997390506375182074e-04 8.320843282823774893e-04
7.075740039999999453e+02 8.000210905951344112e-04 8.352357781629452492e-04
7.075743164999998953e+02 8.068776644844643121e-04 8.383693545238303730e-04
7.075746289999999590e+02 7.157212961408496903e-04 8.414855781683824171e-04
7.075749414999999090e+02 8.125534676201702717e-04 8.445849513583695818e-04
7.075752539999999726e+02 7.756829349418751986e-04 8.476679585881409127e-04
7.075755664999999226e+02 7.835114066055792574e-04 8.507350673064137305e-04
7.075758789999999863e+02 7.620185572360361169e-04 8.537867286224010621e-04
7.075761914999999362e+02 9.154790419758387877e-04 8.568233779620599167e-04
7.075765039999999999e+02 8.099464565488722484e-04 8.598454357117649854e-04
7.075768164999999499e+02 8.228376568874326688e-04 8.628533078153884268e-04
7.075771289999998999e+02 8.325461925007490455e-04 8.658473863604840715e-04
7.075774414999999635e+02 8.117236205361579200e-04 8.688280501273523389e-04
7.075777539999999135e+02 8.455264635164891698e-04 8.717956651133966202e-04
7.075780664999999772e+02 7.978422830821185058e-04 8.747505850447012546e-04
7.075783789999999271e+02 7.494823337878980286e-04 8.776931518489657210e-04
7.075786914999999908e+02 8.692102452090462450e-04 8.806236961243402205e-04
