7.159565139999999701e+02 3.685353028658377907e-04 3.128051961939946825e-04
7.159568264999999201e+02 3.392500151495639825e-04 3.131695610547297710e-04
7.159571389999999838e+02 3.408937522528609045e-04 3.135197584902133503e-04
7.159574514999999337e+02 3.341703148001462444e-04 3.138552188231214434e-04
7.159577639999999974e+02 3.002115119089058788e-04 3.141753444877936306e-04
7.159580764999999474e+02 3.110026308684859793e-04 3.144795084364190472e-04
7.159583890000000110e+02 3.264366843845479919e-04 3.147670524446675631e-04
7.159587014999999610e+02 3.313347116703005673e-04 3.150372853058726764e-04
7.159590140000000247e+02 3.231245143976605263e-04 3.152894809096056048e-04
7.159593264999999747e+02 3.119645999795065848e-04 3.155228761930450854e-04
7.159596389999999246e+02 3.303079032975583416e-04 3.157366689593530274e-04
7.159599514999999883e+02 2.916982419097224086e-04 3.159300155511530496e-04
7.159602639999999383e+02 2.788687231156212424e-04 3.161020283700318183e-04
7.159605765000000019e+02 3.482288644695922782e-04 3.162517732316836834e-04
7.159608889999999519e+02 3.327166494361514940e-04 3.163782665434030435e-04
7.159612015000000156e+02 3.073660562659690952e-04 3.164804722933388837e-04
7.159615139999999656e+02 3.115968645032684810e-04 3.165572988364227010e-04
7.159618264999999155e+02 3.551987045195895143e-04 3.166075954641505894e-04
7.159621389999999792e+02 3.112958442491423907e-04 3.166301487419121612e-04
7.159624514999999292e+02 3.160313852287513882e-04 3.166236785982502722e-04
7.159627639999999928e+02 3.297335430944514862e-04 3.165868341486267933e-04
7.159630764999999428e+02 3.314100249338614262e-04 3.165181892353303755e-04
7.159633890000000065e+02 3.088335438674094983e-04 3.164162376639643830e-04
7.159637014999999565e+02 3.470279113985266046e-04 3.162793881163950189e-04
7.159640140000000201e+02 3.044401281642215374e-04 3.161059587176643488e-04
7.159643264999999701e+02 2.847842286732888036e-04 3.158941712352810491e-04
7.159646389999999201e+02 3.287438159012294383e-04 3.156421448855235390e-04
7.159649514999999838e+02 3.474653127310389084e-04 3.153478897232430528e-04
7.159652639999999337e+02 3.408695269974706108e-04 3.150092995891568600e-04
7.159655764999999974e+02 2.998990938961832646e-04 3.146241445867093063e-04
7.159658889999999474e+02 3.061007737668668908e-04 3.141900630644608246e-04
7.159662015000000110e+02 3.063352853964228847e-04 3.137045530728831090e-04
7.159665139999999610e+02 2.857929153958080272e-04 3.131649632729901264e-04
7.159668265000000247e+02 3.013933902869914247e-04 3.125684832653034730e-04
7.159671389999999747e+02 2.964181734390161941e-04 3.119121333196879899e-04
7.159674514999999246e+02 3.188952462958979852e-04 3.111927534769787381e-04
7.159677639999999883e+02 3.299559826636814857e-04 3.104069920075248402e-04
7.159680764999999383e+02 3.049794832327036706e-04 3.095512932095080289e-04
7.159683890000000019e+02 3.241001595742353534e-04 3.086218845340298143e-04
7.159687014999999519e+02 2.637723275588676791e-04 3.076147630429327661e-04
7.159690140000000156e+02 2.941685362838997544e-04 3.065256811983227219e-04
7.159693264999999656e+02 2.935604644392671029e-04 3.053501320167270540e-04
7.159696389999999155e+02 2.928708091242240353e-04 3.040833336156528125e-04
7.159699514999999792e+02 2.918141683730909636e-04 3.027202132223800481e-04
7.159702639999999292e+02 3.017494971622978485e-04 3.012553907291104179e-04
7.159705764999999928e+02 2.565338042913893266e-04 2.996831619092520343e-04
7.159708889999999428e+02 2.934821477273593369e-04 2.979974814696632239e-04
7.159712015000000065e+02 2.817082127727550157e-04 2.961919461346106640e-04
7.159715139999999565e+02 2.928448537835975354e-04 2.942597780542796442e-04
7.159718265000000201e+02 2.411611827202593235e-04 2.921938088681961631e-04
7.159721389999999701e+02 2.643273883959171180e-04 2.899864648863614467e-04
7.159724514999999201e+02 2.508723511964849450e-04 2.876297539188452882e-04
7.159727639999999838e+02 2.606876677194769928e-04 2.851152544572833794e-04
7.159730764999999337e+02 2.771120985666381811e-04 2.824341080468716612e-04
7.159733889999999974e+02 2.157012409894329722e-04 2.795770158726689392e-04
7.159737014999999474e+02 2.732176211870693630e-04 2.765342408428636024e-04
7.159740140000000110e+02 2.592145472980881583e-04 2.732956166611836017e-04
7.159743264999999610e+02 2.942171751980351079e-04 2.698505657528210287e-04
7.159746390000000247e+02 2.562820029113123963e-04 2.661881281964799005e-04
7.159749514999999747e+02 2.454952220322925423e-04 2.622970042980938220e-04
7.159752639999999246e+02 2.348867166445686532e-04 2.581656138295954214e-04
7.159755764999999883e+02 2.554423096149511206e-04 2.537821755453908089e-04
7.159758889999999383e+02 2.234729206372609292e-04 2.491348111150279844e-04
7.159762015000000019e+02 2.125751321412750849e-04 2.442116782127548742e-04
7.159765139999999519e+02 2.283923672806909997e-04 2.390011381957199746e-04
7.159768265000000156e+02 2.171721078814086814e-04 2.334919643323511999e-04
7.159771389999999656e+02 1.953241612847491217e-04 2.276735972250850195e-04
7.159774514999999155e+02 2.085093621314076571e-04 2.215364544120061664e-04
7.159777639999999792e+02 2.016109358434363982e-04 2.150723014895913930e-04
7.159780764999999292e+02 2.159390140282888189e-04 2.082746919593489422e-04
7.159783889999999928e+02 1.898319288810483649e-04 2.011394824376604314e-04
7.159787014999999428e+02 1.879506268477778284e-04 1.936654287266953228e-04
7.159790140000000065e+02 1.890842906405617555e-04 1.858548659691494967e-04
7.159793264999999565e+02 1.854763731044518048e-04 1.777144729562698101e-04
7.159796390000000201e+02 1.524831274711028160e-04 1.692561157110413145e-04
7.159799514999999701e+02 1.589881734976440839e-04 1.604977591250015254e-04
7.159802639999999201e+02 1.618874082106977377e-04 1.514644267537977986e-04
7.159805764999999838e+02 1.394508182987213196e-04 1.421891784764126618e-04
7.159808889999999337e+02 1.407107038212593027e-04 1.327140630844698076e-04
7.159812014999999974e+02 1.171204414156366174e-04 1.230909887865916559e-04
7.159815139999999474e+02 1.420678839128077550e-04 1.133824400004836456e-04
7.159818265000000110e+02 1.111820934855554043e-04 1.036619546557239344e-04
7.159821389999999610e+02 1.116398774710357795e-04 9.401426533031480553e-05
7.159824515000000247e+02 1.083071306602629419e-04 8.453500170056971457e-05
7.159827639999999747e+02 9.292221284647077045e-05 7.532985496046944206e-05
7.159830764999999246e+02 7.129570941799254528e-05 6.651311927302412024e-05
7.159833889999999883e+02 7.907296029172542872e-05 5.820555433920889037e-05
7.159837014999999383e+02 6.846457570020051092e-05 5.053155722528295234e-05
7.159840140000000019e+02 7.683438893041927308e-05 4.361569006003433681e-05
7.159843264999999519e+02 4.931742003774937638e-05 3.757867904977191595e-05
7.159846390000000156e+02 4.458051655278505324e-05 3.253307193851442589e-05
7.159849514999999656e+02 5.080134594078475688e-05 2.857880624044282592e-05
7.159852639999999155e+02 3.949292914398182686e-05 2.579898737858087358e-05
7.159855764999999792e+02 3.899376957979155988e-05 2.425619431269866546e-05
7.159858889999999292e+02 1.554519244527058326e-05 2.398961255041655538e-05
7.159862014999999928e+02 2.511161580039425231e-05 2.501323907730004686e-05
7.159865139999999428e+02 2.379069746114367026e-05 2.731531540101906871e-05
7.159868265000000065e+02 2.116713800781537644e-05 3.085903479676571279e-05
7.159871389999999565e+02 3.570379251386166512e-05 3.558445355027819594e-05
7.159874515000000201e+02 2.878107964169488188e-05 4.141143037362498284e-05
7.159877639999999701e+02 2.938576302511263755e-05 4.824333758895449749e-05
7.159880764999999201e+02 3.070820869113776022e-05 5.597124180651714135e-05
7.159883889999999838e+02 4.322155976655872627e-05 6.447824315251984894e-05
7.159887014999999337e+02 5.983197512564623552e-05 7.364368744529272044e-05
7.159890139999999974e+02 6.025622290638073865e-05 8.334701657797818030e-05
7.159893264999999474e+02 5.193963346440783974e-05 9.347108789241665209e-05
7.159896390000000110e+02 8.545170791447895492e-05 1.039048631923696601e-04
7.159899514999999610e+02 8.441775114381072696e-05 1.145454325639423698e-04
7.159902640000000247e+02 1.334248570458901372e-04 1.252993920549924688e-04
7.159905764999999747e+02 1.125817956989658890e-04 1.360836335234918905e-04
7.159908889999999246e+02 1.410602726709582759e-04 1.468256301139220905e-04
7.159912014999999883e+02 1.257234136079922590e-04 1.574633124181852009e-04
7.159915139999999383e+02 1.531276486274057731e-04 1.679446318204747132e-04
7.159918265000000019e+02 1.893479675193627783e-04 1.782269012973249111e-04
7.159921389999999519e+02 1.674438761091081424e-04 1.882759928870824295e-04
7.159924515000000156e+02 2.202710732252243517e-04 1.980654580305757156e-04
7.159927639999999656e+02 2.125574287734957038e-04 2.075756230356704901e-04
7.159930764999999155e+02 2.066148232438557732e-04 2.167926991935277222e-04
7.159933889999999792e+02 2.426033676526146864e-04 2.257079354056091571e-04
7.159937014999999292e+02 2.235219552092108724e-04 2.343168316834684159e-04
7.159940139999999928e+02 2.629782777105381343e-04 2.426184241535288418e-04
7.159943264999999428e+02 2.657006152226382492e-04 2.506146461592402867e-04
7.159946390000000065e+02 2.787454015798238125e-04 2.583097658742272880e-04
7.159949514999999565e+02 2.696689756699223298e-04 2.657098976117623569e-04
7.159952640000000201e+02 2.979212208582244321e-04 2.728225822303522938e-04
7.159955764999999701e+02 3.096635060929381800e-04 2.796564306961674584e-04
7.159958889999999201e+02 2.941468802384336959e-04 2.862208244902386223e-04
7.159962014999999838e+02 3.427138842922357060e-04 2.925256662880596869e-04
7.159965139999999337e+02 2.957748919570564504e-04 2.985811746219801444e-04
7.159968264999999974e+02 3.392238079454247979e-04 3.043977166075140846e-04
7.159971389999999474e+02 2.899671635684891811e-04 3.099856732275151658e-04
7.159974515000000110e+02 3.089366436187008136e-04 3.153553323334728803e-04
7.159977639999999610e+02 3.570485720191326909e-04 3.205168049406512619e-04
7.159980765000000247e+02 3.752747152911977855e-04 3.254799610648703104e-04
7.159983889999999747e+02 3.486638414381694993e-04 3.302543817268430463e-04
7.159987014999999246e+02 3.194002644968677788e-04 3.348493243351404695e-04
7.159990139999999883e+02 3.746736630183221655e-04 3.392736989716326509e-04
7.159993264999999383e+02 3.721424558230864723e-04 3.435360535398734611e-04
7.159996390000000019e+02 3.362536746517450132e-04 3.476445660564643774e-04
7.159999514999999519e+02 3.428459611131974799e-04 3.516070425936822534e-04
7.160002640000000156e+02 3.629717960538055748e-04 3.554309197114965805e-04
7.160005764999999656e+02 3.608294939370571192e-04 3.591232703287552410e-04
7.160008889999999155e+02 3.845344826478807156e-04 3.626908122524557100e-04
7.160012014999999792e+02 3.869061520365413005e-04 3.661399186524292183e-04
7.160015139999999292e+02 3.760646850495979500e-04 3.694766299447934158e-04
7.160018264999999928e+02 4.085566122096011255e-04 3.727066666488084682e-04
7.160021389999999428e+02 4.192446213248370523e-04 3.758354428271906428e-04
7.160024515000000065e+02 4.001646209216484611e-04 3.788680798607733003e-04
7.160027639999999565e+02 4.149273365162712223e-04 3.818094202933236254e-04
7.160030765000000201e+02 3.742392785527288491e-04 3.846640416059885132e-04
7.160033889999999701e+02 4.298678862097942517e-04 3.874362697496679781e-04
7.160037014999999201e+02 3.906774382379560968e-04 3.901301923655154779e-04
7.160040139999999838e+02 4.201284674203026857e-04 3.927496715909623839e-04
7.160043264999999337e+02 3.983286635954735324e-04 3.952983564081609413e-04
7.160046389999999974e+02 4.252699489421886457e-04 3.977796945070661292e-04
7.160049514999999474e+02 4.235620521582110672e-04 4.001969436172651243e-04
7.160052640000000110e+02 4.238333392726358431e-04 4.025531823258800268e-04
7.160055764999999610e+02 3.992192656451783541e-04 4.048513203500472336e-04
7.160058890000000247e+02 4.325855664697911382e-04 4.070941082963891520e-04
7.160062014999999747e+02 4.109991831992084615e-04 4.092841468894804443e-04
7.160065139999999246e+02 4.148833670480624679e-04 4.114238957087046431e-04
7.160068264999999883e+02 4.154126188414301261e-04 4.135156814290048984e-04
7.160071389999999383e+02 4.300067103518217734e-04 4.155617055924186410e-04
7.160074515000000019e+02 4.026232571230828729e-04 4.175640519371629465e-04
7.160077639999999519e+02 3.936135478505294960e-04 4.195246932859448240e-04
7.160080765000000156e+02 4.232060094861873618e-04 4.214454980373031853e-04
7.160083889999999656e+02 4.001798270602102128e-04 4.233282362574641096e-04
7.160087014999999155e+02 4.247029442420250647e-04 4.251745854154716925e-04
7.160090139999999792e+02 3.936279971563304519e-04 4.269861357640382165e-04
7.160093264999999292e+02 3.618114917994709619e-04 4.287643953930365525e-04
7.160096389999999928e+02 4.167316320931717952e-04 4.305107949808210780e-04
7.160099514999999428e+02 4.962481683700817889e-04 4.322266922452975614e-04
7.160102640000000065e+02 4.254501280169233025e-04 4.339133761321524061e-04
7.160105764999999565e+02 4.293049443927835201e-04 4.355720707364631921e-04
7.160108890000000201e+02 4.939831272543531359e-04 4.372039389934150814e-04
7.160112014999999701e+02 4.221023597419176158e-04 4.388100861333844773e-04
7.160115139999999201e+02 4.499646646615112306e-04 4.403915629342270029e-04
7.160118264999999838e+02 4.622190950584098611e-04 4.419493687690549720e-04
7.160121389999999337e+02 3.947595729230783971e-04 4.434844544681833126e-04
7.160124514999999974e+02 4.125023016216253289e-04 4.449977250124646506e-04
7.160127639999999474e+02 4.872791880515702141e-04 4.464900420550513521e-04
7.160130765000000110e+02 4.503176742029062229e-04 4.479622262992518440e-04
7.160133889999999610e+02 4.350042187303235241e-04 4.494150597245887653e-04
7.160137015000000247e+02 4.469891666342208116e-04 4.508492876875538121e-04
7.160140139999999747e+02 4.150339093312081871e-04 4.522656208884478948e-04
7.160143264999999246e+02 4.457281183690028578e-04 4.536647372287089600e-04
7.160146389999999883e+02 4.382738379408817578e-04 4.550472835530345499e-04
7.160149514999999383e+02 4.469341578915560177e-04 4.564138772886592210e-04
7.160152640000000019e+02 4.229093884945142948e-04 4.577651079931923024e-04
7.160155764999999519e+02 4.681246002706677457e-04 4.591015388046424577e-04
7.160158890000000156e+02 4.712524805875185864e-04 4.604237078147306616e-04
7.160162014999999656e+02 4.446245221660890851e-04 4.617321293550795077e-04
7.160165139999999155e+02 4.419825344854700407e-04 4.630272952163507925e-04
7.160168264999999792e+02 4.752379869098945090e-04 4.643096757928642576e-04
7.160171389999999292e+02 4.480961416030065968e-04 4.655797211619731651e-04
7.160174514999999928e+02 4.217193720903670141e-04 4.668378621067968692e-04
7.160177639999999428e+02 4.670214360926874331e-04 4.680845110745193607e-04
7.160180765000000065e+02 4.725681107132122315e-04 4.693200630881057701e-04
7.160183889999999565e+02 4.346024737771965354e-04 4.705448966000947190e-04
7.160187015000000201e+02 4.928210382425048152e-04 4.717593743060787340e-04
