7.080873540000000048e+02 3.521603102372150573e-04 3.437907676297438002e-04
7.080876664999999548e+02 3.681277993085230096e-04 3.443544757252709745e-04
7.080879790000000185e+02 3.495227509302627471e-04 3.448768140687575906e-04
7.080882914999999684e+02 4.143825209805873698e-04 3.453561079549084725e-04
7.080886040000000321e+02 3.705521227448107472e-04 3.457906038919632990e-04
7.080889164999999821e+02 3.591186916581061276e-04 3.461784655663176940e-04
7.080892290000000457e+02 3.741835017340283936e-04 3.465177696063152161e-04
7.080895414999999957e+02 3.395251291970424680e-04 3.468065011327051161e-04
7.080898540000000594e+02 3.913164989526283512e-04 3.470425490931239310e-04
7.080901665000000094e+02 3.765647834684101788e-04 3.472237013700129769e-04
7.080904789999999593e+02 3.752672571206614426e-04 3.473476396592737572e-04
7.080907915000000230e+02 3.592910743821768767e-04 3.474119341120396158e-04
7.080911039999999730e+02 3.337024108492535009e-04 3.474140377369253920e-04
7.080914165000000366e+02 3.655126344757406295e-04 3.473512805598690943e-04
7.080917289999999866e+02 3.308636970863903268e-04 3.472208635405563625e-04
7.080920415000000503e+02 3.568846360621887254e-04 3.470198522467259419e-04
7.080923540000000003e+02 3.476242453005411550e-04 3.467451702911739314e-04
7.080926664999999502e+02 3.453905619344230910e-04 3.463935925373739459e-04
7.080929790000000139e+02 3.837781394624307368e-04 3.459617380863440946e-04
7.080932914999999639e+02 3.228371491379067489e-04 3.454460630607039695e-04
7.080936040000000276e+02 3.096760380315172743e-04 3.448428532052653255e-04
7.080939164999999775e+02 3.176059934034572516e-04 3.441482163369440311e-04
7.080942290000000412e+02 3.730788736235917573e-04 3.433580746743163060e-04
7.080945414999999912e+02 3.244054419790902031e-04 3.424681570995345139e-04
7.080948540000000548e+02 3.312194806535569960e-04 3.414739914011666886e-04
7.080951665000000048e+02 3.223348220322670927e-04 3.403708965768312191e-04
7.080954789999999548e+02 3.388451721917902309e-04 3.391539752704521488e-04
7.080957915000000185e+02 3.011835275919599268e-04 3.378181064549161546e-04
7.080961039999999684e+02 3.268653107939012165e-04 3.363579384804670229e-04
7.080964165000000321e+02 3.285123666848490309e-04 3.347678826296413327e-04
7.080967289999999821e+02 2.893299621653744541e-04 3.330421073658838978e-04
7.080970415000000457e+02 3.074839526826340583e-04 3.311745334650576075e-04
7.080973539999999957e+02 3.151227784018038793e-04 3.291588302907041052e-04
7.080976665000000594e+02 2.918249343077962670e-04 3.269884134768631613e-04
7.080979790000000094e+02 3.191197110730618468e-04 3.246564443717544438e-04
7.080982914999999593e+02 3.059413393367999825e-04 3.221558316052407461e-04
7.080986040000000230e+02 2.747734011777603030e-04 3.194792352454267170e-04
7.080989164999999730e+02 2.940929414100200098e-04 3.166190740533955487e-04
7.080992290000000366e+02 2.484435512514345749e-04 3.135675364171557587e-04
7.080995414999999866e+02 2.605730555585536348e-04 3.103165956682823199e-04
7.080998540000000503e+02 3.026815123591832489e-04 3.068580305212040759e-04
7.081001665000000003e+02 2.869814063688378401e-04 3.031834515467171187e-04
7.081004789999999502e+02 2.844574464358594758e-04 2.992843346313182364e-04
7.081007915000000139e+02 2.400240654418472853e-04 2.951520625604543441e-04
7.081011039999999639e+02 2.490015367914963948e-04 2.907779759494134452e-04
7.081014165000000276e+02 2.433743250722824919e-04 2.861534348694965693e-04
7.081017289999999775e+02 2.479856526299705649e-04 2.812698927045493408e-04
7.081020415000000412e+02 2.728017079572185436e-04 2.761189838114592749e-04
7.081023539999999912e+02 2.818417624751903133e-04 2.706926267789082916e-04
7.081026665000000548e+02 2.146206508835804875e-04 2.649831450661497873e-04
7.081029790000000048e+02 2.242517236609538789e-04 2.589834069892681979e-04
7.081032914999999548e+02 2.219538451927782806e-04 2.526869869267358779e-04
7.081036040000000185e+02 1.879284539516483193e-04 2.460883496919463449e-04
7.081039164999999684e+02 2.306417443336901863e-04 2.391830598358795138e-04
7.081042290000000321e+02 1.880587611410470617e-04 2.319680174124318062e-04
7.081045414999999821e+02 1.898552526986395784e-04 2.244417214715261862e-04
7.081048540000000457e+02 2.245735529039022339e-04 2.166045618828031042e-04
7.081051664999999957e+02 2.013516375599217986e-04 2.084591395323033591e-04
7.081054790000000594e+02 1.487022814451653913e-04 2.000106138037736816e-04
7.081057915000000094e+02 1.641532713542212909e-04 1.912670752046924188e-04
7.081061039999999593e+02 1.583361679085036665e-04 1.822399392826941594e-04
7.081064165000000230e+02 1.775324909132169719e-04 1.729443562903300736e-04
7.081067289999999730e+02 1.745250063202556526e-04 1.633996287708929624e-04
7.081070415000000366e+02 1.577941105678785569e-04 1.536296267368657633e-04
7.081073539999999866e+02 1.668901650646357571e-04 1.436631874797747975e-04
7.081076665000000503e+02 1.209041749060750628e-04 1.335344839280321267e-04
7.081079790000000003e+02 1.175185205802017170e-04 1.232833427280750785e-04
7.081082914999999502e+02 1.352233940650609265e-04 1.129554901977787091e-04
7.081086040000000139e+02 1.274768267200702607e-04 1.026027021209341514e-04
7.081089164999999639e+02 1.279775215579425165e-04 9.228283157267079832e-05
7.081092290000000276e+02 1.002472475565887851e-04 8.205968840404228855e-05
7.081095414999999775e+02 1.097914529967373770e-04 7.200274506346709188e-05
7.081098540000000412e+02 6.841137566557473093e-05 6.218664599021308083e-05
7.081101664999999912e+02 6.925660915580955060e-05 5.269050298022547507e-05
7.081104790000000548e+02 6.921325657948379083e-05 4.359696597940290633e-05
7.081107915000000048e+02 6.722260425893242903e-05 3.499106864917783834e-05
7.081111039999999548e+02 4.657745335357904072e-05 2.695885962756643095e-05
7.081114165000000185e+02 4.111678450710423477e-05 1.958584401929301354e-05
7.081117289999999684e+02 4.538832163893953526e-05 1.295527373983280703e-05
7.081120415000000321e+02 3.830433995972327293e-05 7.146339267304622602e-06
7.081123539999999821e+02 4.171038110036279364e-05 2.232327751712011422e-06
7.081126665000000457e+02 2.841816023353803123e-05 -1.721178363873779814e-06
7.081129789999999957e+02 2.412777768993669764e-05 -4.657982819946507391e-06
7.081132915000000594e+02 1.605355110420566002e-05 -6.532757989998188006e-06
7.081136040000000094e+02 2.017194648254580155e-05 -7.312254989840759345e-06
7.081139164999999593e+02 1.915589051800406614e-05 -6.976179849699344572e-06
7.081142290000000230e+02 9.531949824443118995e-06 -5.517690764038545587e-06
7.081145414999999730e+02 9.731142657479811912e-06 -2.943491894402688665e-06
7.081148540000000366e+02 7.943343645622928851e-06 7.264784043105118610e-07
7.081151664999999866e+02 1.436399635972304178e-05 5.459744578477271019e-06
7.081154790000000503e+02 5.109358640277187770e-06 1.121233528881450296e-05
7.081157915000000003e+02 1.739107830706907427e-05 1.793011153324716240e-05
7.081161039999999502e+02 1.245033900776745312e-05 2.555031194038090954e-05
7.081164165000000139e+02 1.159754509756982864e-05 3.400323923467165032e-05
7.081167289999999639e+02 1.982549127529852233e-05 4.321401116694646022e-05
7.081170415000000276e+02 3.857072488990121578e-05 5.310430353367348176e-05
7.081173539999999775e+02 3.007999632604397669e-05 6.359402120563992006e-05
7.081176665000000412e+02 2.917042400370544397e-05 7.460284459063920852e-05
7.081179789999999912e+02 5.831889258809426350e-05 8.605161165819857092e-05
7.081182915000000548e+02 4.399406234040630103e-05 9.786350919394435504e-05
7.081186040000000048e+02 5.332380973552357771e-05 1.099650593559030407e-04
7.081189164999999548e+02 5.810345308003960759e-05 1.222868990894982063e-04
7.081192290000000185e+02 8.469968322979967777e-05 1.347643590357380425e-04
7.081195414999999684e+02 1.045302284862100449e-04 1.473378558769906335e-04
7.081198540000000321e+02 1.214306744172942898e-04 1.599531170820245004e-04
7.081201664999999821e+02 1.456232382687019131e-04 1.725612598700750609e-04
7.081204790000000457e+02 1.237560379613691680e-04 1.851187477693474310e-04
7.081207914999999957e+02 1.558816611240047378e-04 1.975872477661369704e-04
7.081211040000000594e+02 2.056288351436236803e-04 2.099334101924758085e-04
7.081214165000000094e+02 2.272790773852010747e-04 2.221285913404318741e-04
7.081217289999999593e+02 1.954476828311881996e-04 2.341485367674426361e-04
7.081220415000000230e+02 2.158110816173527935e-04 2.459730404856290886e-04
7.081223539999999730e+02 2.146257470074972810e-04 2.575855928441479672e-04
7.081226665000000366e+02 2.918428775907061078e-04 2.689730274720594457e-04
7.081229789999999866e+02 2.529727908373333536e-04 2.801251752603813408e-04
7.081232915000000503e+02 2.501251319862674775e-04 2.910345316049727893e-04
7.081236040000000003e+02 2.839621719070399976e-04 3.016959411456727786e-04
7.081239164999999502e+02 3.338005651119565066e-04 3.121063030452818853e-04
7.081242290000000139e+02 2.554379018782791037e-04 3.222642984352068344e-04
7.081245414999999639e+02 4.004278641982061265e-04 3.321701408457419292e-04
7.081248540000000276e+02 3.671640676180749950e-04 3.418253496915765592e-04
7.081251664999999775e+02 3.931470254455648669e-04 3.512325462000272518e-04
7.081254790000000412e+02 3.843549874958890420e-04 3.603952709677789843e-04
7.081257914999999912e+02 3.348665152275573571e-04 3.693178218308085128e-04
7.081261040000000548e+02 4.292653897381353912e-04 3.780051107789403797e-04
7.081264165000000048e+02 4.544333271192968374e-04 3.864625383355117620e-04
7.081267289999999548e+02 4.682932326223932960e-04 3.946958839975345441e-04
7.081270415000000185e+02 4.506725000966992382e-04 4.027112111639137614e-04
7.081273539999999684e+02 4.887738740793847901e-04 4.105147851406682532e-04
7.081276665000000321e+02 4.883981360056980454e-04 4.181130028760696757e-04
7.081279789999999821e+02 4.645047576075368419e-04 4.255123330654848749e-04
7.081282915000000457e+02 4.629977458426186082e-04 4.327192655192654575e-04
7.081286039999999957e+02 4.805922570096692525e-04 4.397402686087677572e-04
7.081289165000000594e+02 4.512852269172367911e-04 4.465817538785681723e-04
7.081292290000000094e+02 5.093940287024412844e-04 4.532500468386475292e-04
7.081295414999999593e+02 5.001890874137799410e-04 4.597513632054205427e-04
7.081298540000000230e+02 5.166173683746026627e-04 4.660917898039777731e-04
7.081301664999999730e+02 4.779070277220579021e-04 4.722772695139382444e-04
7.081304790000000366e+02 4.926738137315605452e-04 4.783135897102896192e-04
7.081307914999999866e+02 4.960195385679020763e-04 4.842063736397454374e-04
7.081311040000000503e+02 5.481772097812240285e-04 4.899610743604672402e-04
7.081314165000000003e+02 5.436166474134320218e-04 4.955829707880094956e-04
7.081317289999999502e+02 5.286440970077865582e-04 5.010771655765583780e-04
7.081320415000000139e+02 5.023672343741844310e-04 5.064485844885018148e-04
7.081323539999999639e+02 5.737540371569165368e-04 5.117019770196124971e-04
7.081326665000000276e+02 5.132245924165629129e-04 5.168419180778283670e-04
7.081329789999999775e+02 5.977061872191553665e-04 5.218728104774752194e-04
7.081332915000000412e+02 5.604111842090155797e-04 5.267988881446567569e-04
7.081336039999999912e+02 5.975519109884222697e-04 5.316242198338919393e-04
7.081339165000000548e+02 6.058465797472716192e-04 5.363527132949778018e-04
7.081342290000000048e+02 5.966462666990923281e-04 5.409881197308678575e-04
7.081345414999999548e+02 5.940204960952668711e-04 5.455340385147976591e-04
7.081348540000000185e+02 5.874906695361489361e-04 5.499939220501352767e-04
7.081351664999999684e+02 5.892157607430315329e-04 5.543710807297187087e-04
7.081354790000000321e+02 6.202805964445151600e-04 5.586686879588864847e-04
7.081357914999999821e+02 6.222624527314756264e-04 5.628897851596379462e-04
7.081361040000000457e+02 5.959972401492211668e-04 5.670372867701310238e-04
7.081364164999999957e+02 5.703485148894108740e-04 5.711139851607877375e-04
7.081367290000000594e+02 5.974416915864183292e-04 5.751225554929863129e-04
7.081370415000000094e+02 6.498641393728977686e-04 5.790655604535279062e-04
7.081373539999999593e+02 5.778416285232463060e-04 5.829454548964461101e-04
7.081376665000000230e+02 5.626132632203442860e-04 5.867645903441431800e-04
7.081379789999999730e+02 5.854497286919854802e-04 5.905252193547531675e-04
7.081382915000000366e+02 6.319834994137928964e-04 5.942294997632110044e-04
7.081386039999999866e+02 6.267029154954993197e-04 5.978794987578531055e-04
7.081389165000000503e+02 6.347770249351498625e-04 6.014771968327792435e-04
7.081392290000000003e+02 6.417229595792196383e-04 6.050244915721199367e-04
7.081395414999999502e+02 6.172528149095781770e-04 6.085232013079031011e-04
7.081398540000000139e+02 6.781758339536264699e-04 6.119750686198626756e-04
7.081401664999999639e+02 5.835010011081643915e-04 6.153817636928951866e-04
7.081404790000000276e+02 6.044432943756794041e-04 6.187448875470633611e-04
7.081407914999999775e+02 6.156585908878706897e-04 6.220659751123153169e-04
7.081411040000000412e+02 6.100069042312496236e-04 6.253464981899399706e-04
7.081414164999999912e+02 6.215598166534207127e-04 6.285878682655160216e-04
7.081417290000000548e+02 6.014984571572079292e-04 6.317914392161638011e-04
7.081420415000000048e+02 5.800319242951236780e-04 6.349585098781602294e-04
7.081423539999999548e+02 6.300919917102414287e-04 6.380903265158777149e-04
7.081426665000000185e+02 6.835657129307582845e-04 6.411880851670538574e-04
7.081429789999999684e+02 6.877446049435167281e-04 6.442529338807484462e-04
7.081432915000000321e+02 5.854437560638023298e-04 6.472859748632820527e-04
7.081436039999999821e+02 6.122381515040299996e-04 6.502882665084798409e-04
7.081439165000000457e+02 5.926074767334523971e-04 6.532608253509584930e-04
7.081442289999999957e+02 5.801708410576586006e-04 6.562046279112433668e-04
7.081445415000000594e+02 6.433815385383105699e-04 6.591206124716834144e-04
7.081448540000000094e+02 5.603126803962575489e-04 6.620096807524307415e-04
7.081451664999999593e+02 6.273224882942739743e-04 6.648726995244877598e-04
7.081454790000000230e+02 6.573438354454546901e-04 6.677105021367578082e-04
7.081457914999999730e+02 6.664570559498030240e-04 6.705238899714461654e-04
7.081461040000000366e+02 6.582205999001647509e-04 6.733136338412633662e-04
7.081464164999999866e+02 6.897908253018679913e-04 6.760804753060150512e-04
7.081467290000000503e+02 6.875971122666392054e-04 6.788251279433788529e-04
7.081470415000000003e+02 6.784903113247326128e-04 6.815482785443568786e-04
7.081473539999999502e+02 6.688806748664843710e-04 6.842505882674805888e-04
7.081476665000000139e+02 7.047050840146296949e-04 6.869326937293830908e-04
7.081479789999999639e+02 6.036089926471442223e-04 6.895952080445066305e-04
7.081482915000000276e+02 6.024958513723363291e-04 6.922387218259877300e-04
7.081486039999999775e+02 6.495772857801585757e-04 6.948638041258155132e-04
7.081489165000000412e+02 6.683528000381727414e-04 6.974710033465141099e-04
7.081492289999999912e+02 6.373229934198891642e-04 7.000608480957130854e-04
7.081495415000000548e+02 6.127270736712114689e-04 7.026338480162116476e-04
