7.079910260000000335e+02 3.726201316414584695e-04 3.484721051443588841e-04
7.079913384999999835e+02 3.994565201113175860e-04 3.491226168291174559e-04
7.079916510000000471e+02 4.033049031823798510e-04 3.497317949236021929e-04
7.079919634999999971e+02 3.989150999390795932e-04 3.502979512594650352e-04
7.079922760000000608e+02 4.370324596349515318e-04 3.508193172871151367e-04
7.079925885000000108e+02 4.041532150668585054e-04 3.512940398829581434e-04
7.079929010000000744e+02 3.791740712192195667e-04 3.517201769411616740e-04
7.079932135000000244e+02 3.526450041086577592e-04 3.520956927349714054e-04
7.079935260000000881e+02 3.732227466587298382e-04 3.524184530443487937e-04
7.079938385000000380e+02 3.523363818785225335e-04 3.526862200365855817e-04
7.079941509999999880e+02 3.625930389067237385e-04 3.528966468962658337e-04
7.079944635000000517e+02 3.447213380907430459e-04 3.530472721940854639e-04
7.079947760000000017e+02 3.569542210720497025e-04 3.531355139899353839e-04
7.079950885000000653e+02 3.320460563073801032e-04 3.531586636652079766e-04
7.079954010000000153e+02 3.100946398488380463e-04 3.531138794798479490e-04
7.079957135000000790e+02 3.683657461276889852e-04 3.529981798535066374e-04
7.079960260000000289e+02 3.663374600110088307e-04 3.528084363714659535e-04
7.079963384999999789e+02 3.194096282356210137e-04 3.525413665188137781e-04
7.079966510000000426e+02 3.657774152065356213e-04 3.521935261510583171e-04
7.079969634999999926e+02 3.380944459410196719e-04 3.517613017135102636e-04
7.079972760000000562e+02 3.084095805194065200e-04 3.512409022248732127e-04
7.079975885000000062e+02 3.470904916691188152e-04 3.506283510525993346e-04
7.079979010000000699e+02 3.237927917176675464e-04 3.499194775065406237e-04
7.079982135000000198e+02 3.212934607139714778e-04 3.491099082976726513e-04
7.079985260000000835e+02 3.399709775202530422e-04 3.481950589062192945e-04
7.079988385000000335e+02 3.271710541596437993e-04 3.471701249317447435e-04
7.079991509999999835e+02 3.171600011977518917e-04 3.460300734954740759e-04
7.079994635000000471e+02 3.100845292971640080e-04 3.447696347994010655e-04
7.079997759999999971e+02 3.148316981901288212e-04 3.433832939574130464e-04
7.080000885000000608e+02 3.270254149943104482e-04 3.418652832343295521e-04
7.080004010000000108e+02 3.447989918379000063e-04 3.402095748745793719e-04
7.080007135000000744e+02 3.172053096020975224e-04 3.384098747064974650e-04
7.080010260000000244e+02 3.381962486590420593e-04 3.364596167791798656e-04
7.080013385000000881e+02 2.959098144553734392e-04 3.343519592948178279e-04
7.080016510000000380e+02 2.942644039608883133e-04 3.320797821891701405e-04
7.080019634999999880e+02 3.154606112769200782e-04 3.296356867264285413e-04
7.080022760000000517e+02 2.832237515292901700e-04 3.270119975790005697e-04
7.080025885000000017e+02 3.006999799971999017e-04 3.242007679112703447e-04
7.080029010000000653e+02 2.804519042686878447e-04 3.211937880634701116e-04
7.080032135000000153e+02 2.672753862591906258e-04 3.179825985599320530e-04
7.080035260000000790e+02 2.705231234885516851e-04 3.145585082113011599e-04
7.080038385000000289e+02 3.211709881510263530e-04 3.109126182604339452e-04
7.080041509999999789e+02 2.758846357209587341e-04 3.070358535742909916e-04
7.080044635000000426e+02 2.850353716366671843e-04 3.029190020837601574e-04
7.080047759999999926e+02 2.074402953228511137e-04 2.985527637760621955e-04
7.080050885000000562e+02 2.854941401700245279e-04 2.939278106876049164e-04
7.080054010000000062e+02 2.304422258086928437e-04 2.890348595551937025e-04
7.080057135000000699e+02 2.343767434832798855e-04 2.838647588483063410e-04
7.080060260000000198e+02 2.648929937757194550e-04 2.784085921553861487e-04
7.080063385000000835e+02 2.595051302606158684e-04 2.726577999175493422e-04
7.080066510000000335e+02 2.451795270926340710e-04 2.666043217253784726e-04
7.080069634999999835e+02 2.480887762919377825e-04 2.602407613370288095e-04
7.080072760000000471e+02 2.361009973230570583e-04 2.535605766925268538e-04
7.080075884999999971e+02 2.150763918911363214e-04 2.465582970541349453e-04
7.080079010000000608e+02 2.290756355351555060e-04 2.392297692087031174e-04
7.080082135000000108e+02 2.227726681934506445e-04 2.315724344326102586e-04
7.080085260000000744e+02 1.824858946350940052e-04 2.235856372756836615e-04
7.080088385000000244e+02 1.915443405285852097e-04 2.152709666660050723e-04
7.080091510000000881e+02 1.773678728579633143e-04 2.066326286834996241e-04
7.080094635000000380e+02 1.999439898331151373e-04 1.976778492491713100e-04
7.080097759999999880e+02 1.849196308795114153e-04 1.884173031637879599e-04
7.080100885000000517e+02 1.695628181475755127e-04 1.788655640977183817e-04
7.080104010000000017e+02 1.589085146914658562e-04 1.690415676349763050e-04
7.080107135000000653e+02 1.603905290768294946e-04 1.589690766882176679e-04
7.080110260000000153e+02 1.687361552019507973e-04 1.486771356077680429e-04
7.080113385000000790e+02 1.439266654995955666e-04 1.382004957333599592e-04
7.080116510000000289e+02 1.200290925946661592e-04 1.275799918796017066e-04
7.080119634999999789e+02 1.101985330401433739e-04 1.168628456290252387e-04
7.080122760000000426e+02 1.145411832755723037e-04 1.061028685180555922e-04
7.080125884999999926e+02 8.574746126097829667e-05 9.536053581694892405e-05
7.080129010000000562e+02 1.270482556718832896e-04 8.470290051678870441e-05
7.080132135000000062e+02 8.319240288676886747e-05 7.420331781889894581e-05
7.080135260000000699e+02 1.064691991694294434e-04 6.394095284044647859e-05
7.080138385000000198e+02 6.567799734565284338e-05 5.400004962908962035e-05
7.080141510000000835e+02 8.708588839702336977e-05 4.446894724705445783e-05
7.080144635000000335e+02 6.399864538566603107e-05 3.543883968616326095e-05
7.080147759999999835e+02 5.307990243379342131e-05 2.700228954043142561e-05
7.080150885000000471e+02 3.872058520224462927e-05 1.925152103357310736e-05
7.080154009999999971e+02 6.867797455214482783e-05 1.227653447718519584e-05
7.080157135000000608e+02 3.774274080561214480e-05 6.163100712827541402e-06
7.080160260000000108e+02 2.005133296604288203e-05 9.907089419951159374e-07
7.080163385000000744e+02 3.502214418467283199e-05 -3.169447392408702355e-06
7.080166510000000244e+02 2.807632333287840573e-05 -6.256355389281823740e-06
7.080169635000000881e+02 1.253232300089579648e-05 -8.220846682931157572e-06
7.080172760000000380e+02 7.318914593887309603e-06 -9.026955651969271118e-06
7.080175884999999880e+02 1.204902684366913086e-05 -8.652900344750866083e-06
7.080179010000000517e+02 1.442076588217791310e-05 -7.091634013100487363e-06
7.080182135000000017e+02 4.761882369865405077e-06 -4.350939133000883985e-06
7.080185260000000653e+02 9.778574860514759425e-06 -4.530620807739030704e-07
7.080188385000000153e+02 8.589728753694231286e-06 4.566087036449306279e-06
7.080191510000000790e+02 1.023766890223436671e-05 1.065812108029709500e-05
7.080194635000000289e+02 1.631321610498863813e-05 1.776368132243592431e-05
7.080197759999999789e+02 1.439089090347300127e-05 2.581418048488574494e-05
7.080200885000000426e+02 2.589979429878982439e-05 3.473369534965764906e-05
7.080204009999999926e+02 2.187650697016074248e-05 4.444092082387403450e-05
7.080207135000000562e+02 2.393076823438233482e-05 5.485110315463258209e-05
7.080210260000000062e+02 4.406817980498608459e-05 6.587788035391691497e-05
7.080213385000000699e+02 3.026256605165288319e-05 7.743497179334309349e-05
7.080216510000000198e+02 4.691051298630315853e-05 8.943767404261366660e-05
7.080219635000000835e+02 5.178373118124579431e-05 1.018041358096185997e-04
7.080222760000000335e+02 7.015317454305499442e-05 1.144563991138296624e-04
7.080225884999999835e+02 7.756095534624729755e-05 1.273212067622498007e-04
7.080229010000000471e+02 1.125896527232892255e-04 1.403305862381190366e-04
7.080232134999999971e+02 1.164455284052888853e-04 1.534222279642041907e-04
7.080235260000000608e+02 1.091833981279272879e-04 1.665396810759211643e-04
7.080238385000000108e+02 1.458338907021685402e-04 1.796323925496371278e-04
7.080241510000000744e+02 1.451190635929770257e-04 1.926556167442958158e-04
7.080244635000000244e+02 1.635648349205281625e-04 2.055702215386988698e-04
7.080247760000000881e+02 1.647604100388093450e-04 2.183424158623628608e-04
7.080250885000000380e+02 2.067342401885802910e-04 2.309434206909608553e-04
7.080254009999999880e+02 1.852265645467805581e-04 2.433491030384223757e-04
7.080257135000000517e+02 2.090066113468857373e-04 2.555395892270381948e-04
7.080260260000000017e+02 2.442784217948436353e-04 2.674988709372529464e-04
7.080263385000000653e+02 2.358190926580768355e-04 2.792144147682146336e-04
7.080266510000000153e+02 2.890781232658038271e-04 2.906767833894592797e-04
7.080269635000000790e+02 2.963434027945977705e-04 3.018792744213824966e-04
7.080272760000000289e+02 3.181862891944773719e-04 3.128175810516315163e-04
7.080275884999999789e+02 3.470946816825280735e-04 3.234894771203532010e-04
7.080279010000000426e+02 3.647156580316177413e-04 3.338945279320345129e-04
7.080282134999999926e+02 3.297624323508964493e-04 3.440338272237208829e-04
7.080285260000000562e+02 3.884679507090781731e-04 3.539097599700198734e-04
7.080288385000000062e+02 4.248165869711135936e-04 3.635257900329643549e-04
7.080291510000000699e+02 3.689930948293445407e-04 3.728862714916557158e-04
7.080294635000000198e+02 4.172240000695584560e-04 3.819962820101650098e-04
7.080297760000000835e+02 4.526264274035169560e-04 3.908614766868458634e-04
7.080300885000000335e+02 4.748047376409663236e-04 3.994879605461735443e-04
7.080304009999999835e+02 4.103485409076763381e-04 4.078821780464785300e-04
7.080307135000000471e+02 4.250590690832538581e-04 4.160508178363931200e-04
7.080310259999999971e+02 4.186708428159379726e-04 4.240007311852583426e-04
7.080313385000000608e+02 4.932694923597548105e-04 4.317388626023343752e-04
7.080316510000000108e+02 4.499375488976091941e-04 4.392721911676811231e-04
7.080319635000000744e+02 4.383989405682320230e-04 4.466076813742669198e-04
7.080322760000000244e+02 5.309743805345131093e-04 4.537522422167717881e-04
7.080325885000000881e+02 5.808334617300600026e-04 4.607126935536777620e-04
7.080329010000000380e+02 5.474769323560883588e-04 4.674957387045725098e-04
7.080332134999999880e+02 5.114349196433660809e-04 4.741079425132751959e-04
7.080335260000000517e+02 5.336901539655147840e-04 4.805557140572811544e-04
7.080338385000000017e+02 5.381348784638898550e-04 4.868452933629975415e-04
7.080341510000000653e+02 5.250415052290796723e-04 4.929827415611621848e-04
7.080344635000000153e+02 5.481692676570931472e-04 4.989739339096036170e-04
7.080347760000000790e+02 5.533592809700688380e-04 5.048245553039080709e-04
7.080350885000000289e+02 5.940111940597186816e-04 5.105400978124013814e-04
7.080354009999999789e+02 5.314704258664032640e-04 5.161258599628560078e-04
7.080357135000000426e+02 6.013870518227089866e-04 5.215869474322538425e-04
7.080360259999999926e+02 5.345881239029779504e-04 5.269282749079389361e-04
7.080363385000000562e+02 5.884544893714063274e-04 5.321545689202617727e-04
7.080366510000000062e+02 5.209449031005691181e-04 5.372703714103943670e-04
7.080369635000000699e+02 5.819957765477664930e-04 5.422800439332621037e-04
7.080372760000000198e+02 5.401755318216356098e-04 5.471877722982816184e-04
7.080375885000000835e+02 5.933833342073027359e-04 5.519975715917388188e-04
7.080379010000000335e+02 6.467497800262995847e-04 5.567132914246021363e-04
7.080382134999999835e+02 6.916392195388251308e-04 5.613386213789458949e-04
7.080385260000000471e+02 6.205698730450359647e-04 5.658770965396882477e-04
7.080388384999999971e+02 6.068161580330374335e-04 5.703321030725809612e-04
7.080391510000000608e+02 6.099246858693443615e-04 5.747068838166837076e-04
7.080394635000000108e+02 6.127135899843828273e-04 5.790045438116323776e-04
7.080397760000000744e+02 5.979290790292661776e-04 5.832280557781969283e-04
7.080400885000000244e+02 6.652567365371740531e-04 5.873802654757228703e-04
7.080404010000000881e+02 6.014026268896085960e-04 5.914638969663612916e-04
7.080407135000000380e+02 5.162101596346766992e-04 5.954815577212280598e-04
7.080410259999999880e+02 6.572036143143179234e-04 5.994357436035673350e-04
7.080413385000000517e+02 6.117187989088176004e-04 6.033288436826852183e-04
7.080416510000000017e+02 6.229124485942331459e-04 6.071631448881218730e-04
7.080419635000000653e+02 5.999176018886388058e-04 6.109408365139305276e-04
7.080422760000000153e+02 5.876591422995583458e-04 6.146640145361779344e-04
7.080425885000000790e+02 6.725375834160051379e-04 6.183346857865418180e-04
7.080429010000000289e+02 7.166400440539935765e-04 6.219547719389605361e-04
7.080432134999999789e+02 5.976009373903505605e-04 6.255261133533907480e-04
7.080435260000000426e+02 5.711566083521048753e-04 6.290504727457671506e-04
7.080438384999999926e+02 5.945890833339883327e-04 6.325295387014297655e-04
7.080441510000000562e+02 6.871133342789991676e-04 6.359649290483759213e-04
7.080444635000000062e+02 6.545141233029940376e-04 6.393581940629359953e-04
7.080447760000000699e+02 6.840329978106808682e-04 6.427108195517137156e-04
7.080450885000000198e+02 7.436107696135675540e-04 6.460242297746225399e-04
7.080454010000000835e+02 6.367782226341750463e-04 6.492997902535101911e-04
7.080457135000000335e+02 6.079117540464418646e-04 6.525388104323605765e-04
7.080460259999999835e+02 6.770894619429101069e-04 6.557425462315502910e-04
7.080463385000000471e+02 7.153417038344596617e-04 6.589122024711579996e-04
7.080466509999999971e+02 7.294536112570949860e-04 6.620489351805323389e-04
7.080469635000000608e+02 6.218160244142876191e-04 6.651538538102164631e-04
7.080472760000000108e+02 6.839362428591170455e-04 6.682280233223914217e-04
7.080475885000000744e+02 6.373383924223919878e-04 6.712724661998358900e-04
7.080479010000000244e+02 6.700311212709748930e-04 6.742881643417710869e-04
7.080482135000000881e+02 5.954672772398103423e-04 6.772760608867680514e-04
7.080485260000000380e+02 6.169208285426747585e-04 6.802370619314938817e-04
7.080488384999999880e+02 6.124061868989843713e-04 6.831720381834302785e-04
7.080491510000000517e+02 6.325825139537477474e-04 6.860818265241304479e-04
7.080494635000000017e+02 6.528060993586899197e-04 6.889672314978922182e-04
7.080497760000000653e+02 6.881663675254816575e-04 6.918290267397989935e-04
7.080500885000000153e+02 6.757465935105362543e-04 6.946679563202841877e-04
7.080504010000000790e+02 6.329898727662149104e-04 6.974847360420325043e-04
7.080507135000000289e+02 5.887850871130477677e-04 7.002800546590525225e-04
7.080510259999999789e+02 6.253707918896971377e-04 7.030545750529853134e-04
7.080513385000000426e+02 6.170169712461268888e-04 7.058089353437570256e-04
7.080516509999999926e+02 6.795410169711740096e-04 7.085437499477552185e-04
7.080519635000000562e+02 6.612749305941148948e-04 7.112596105959613805e-04
7.080522760000000062e+02 6.932712706840924062e-04 7.139570872896002255e-04
7.080525885000000699e+02 6.220377869356497622e-04 7.166367292264780179e-04
7.080529010000000198e+02 6.733955273701049691e-04 7.192990656686397552e-04
7.080532135000000835e+02 7.010105218721164426e-04 7.219446067848762222e-04
