7.163929249999999911e+02 2.973192142826271145e-04 3.143922573996726292e-04
7.163932374999999411e+02 3.344163455337947509e-04 3.146601992905035056e-04
7.163935500000000047e+02 2.968410221134771187e-04 3.149142549679714463e-04
7.163938624999999547e+02 3.260971956961842113e-04 3.151538729426369410e-04
7.163941750000000184e+02 3.285917227647476135e-04 3.153784750594510345e-04
7.163944874999999683e+02 3.422094716372887967e-04 3.155874549937182517e-04
7.163948000000000320e+02 3.987203826386061614e-04 3.157801766530636935e-04
7.163951124999999820e+02 3.220900258127326761e-04 3.159559724762311408e-04
7.163954250000000457e+02 3.308652660882119680e-04 3.161141416241008365e-04
7.163957374999999956e+02 2.974714867069555525e-04 3.162539480531555754e-04
7.163960499999999456e+02 2.880660589292472406e-04 3.163746184653218330e-04
7.163963625000000093e+02 2.861114795374775695e-04 3.164753401239930246e-04
7.163966749999999593e+02 3.429821860358844279e-04 3.165552585277352921e-04
7.163969875000000229e+02 3.274336369911426880e-04 3.166134749319752433e-04
7.163972999999999729e+02 3.440492053309667192e-04 3.166490437073110555e-04
7.163976125000000366e+02 2.868823050039310423e-04 3.166609695240206576e-04
7.163979249999999865e+02 3.683992772078608269e-04 3.166482043500411692e-04
7.163982374999999365e+02 3.247771025628653704e-04 3.166096442499917647e-04
7.163985500000000002e+02 2.922658203129808400e-04 3.165441259712882885e-04
7.163988624999999502e+02 2.793396265741167860e-04 3.164504233030672074e-04
7.163991750000000138e+02 3.079986173591081448e-04 3.163272431919853574e-04
7.163994874999999638e+02 2.920970051601787135e-04 3.161732215992819981e-04
7.163998000000000275e+02 3.275738093261402334e-04 3.159869190806737426e-04
7.164001124999999774e+02 3.146815591218726392e-04 3.157668160722507220e-04
7.164004250000000411e+02 3.254125750186941395e-04 3.155113078613427371e-04
7.164007374999999911e+02 3.156166431779684669e-04 3.152186992243953198e-04
7.164010499999999411e+02 2.972471113686074194e-04 3.148871987083839172e-04
7.164013625000000047e+02 3.255318064848433147e-04 3.145149125360381117e-04
7.164016749999999547e+02 2.870410615149281662e-04 3.140998381117767867e-04
7.164019875000000184e+02 3.260995732168709381e-04 3.136398571035801095e-04
7.164022999999999683e+02 3.252025653080998320e-04 3.131327280810546304e-04
7.164026125000000320e+02 2.775053150142939946e-04 3.125760786814761128e-04
7.164029249999999820e+02 3.156144771507748688e-04 3.119673972860184446e-04
7.164032375000000457e+02 3.183464787286451091e-04 3.113040241778247132e-04
7.164035499999999956e+02 3.262099640397020102e-04 3.105831421673454053e-04
7.164038624999999456e+02 2.611750918458945431e-04 3.098017666591171694e-04
7.164041750000000093e+02 3.162409943963573247e-04 3.089567351496435676e-04
7.164044874999999593e+02 3.559433202946770693e-04 3.080446961426285078e-04
7.164048000000000229e+02 2.487435669844125993e-04 3.070620974716009219e-04
7.164051124999999729e+02 3.195380161740041551e-04 3.060051740390096935e-04
7.164054250000000366e+02 3.405534799964790907e-04 3.048699349717978843e-04
7.164057374999999865e+02 3.215389376791057043e-04 3.036521502274014406e-04
7.164060499999999365e+02 3.510709462257877579e-04 3.023473366760327124e-04
7.164063625000000002e+02 3.018386644606130698e-04 3.009507437259013093e-04
7.164066749999999502e+02 3.313134813145924206e-04 2.994573385686566608e-04
7.164069875000000138e+02 2.491896211305604262e-04 2.978617911492511053e-04
7.164072999999999638e+02 3.211824072326995363e-04 2.961584590198649029e-04
7.164076125000000275e+02 2.882363240247510236e-04 2.943413722515907105e-04
7.164079249999999774e+02 3.222846886497312538e-04 2.924042186673241712e-04
7.164082375000000411e+02 2.560538326649138626e-04 2.903403296864539066e-04
7.164085499999999911e+02 2.949485343748558435e-04 2.881426671924052938e-04
7.164088624999999411e+02 2.596229756562294612e-04 2.858038118866391909e-04
7.164091750000000047e+02 2.714733621771777284e-04 2.833159537468168954e-04
7.164094874999999547e+02 2.338234698855405527e-04 2.806708853191107272e-04
7.164098000000000184e+02 2.022479892772686277e-04 2.778599987324665579e-04
7.164101124999999683e+02 2.244477260825651806e-04 2.748742875477485086e-04
7.164104250000000320e+02 2.397990802505480814e-04 2.717043547252320432e-04
7.164107374999999820e+02 2.304103071888223509e-04 2.683404283181405536e-04
7.164110500000000457e+02 2.790874791814953928e-04 2.647723867343310610e-04
7.164113624999999956e+02 2.655191224159976710e-04 2.609897958260142372e-04
7.164116749999999456e+02 2.739345880343646740e-04 2.569819603843741707e-04
7.164119875000000093e+02 2.451044567763554041e-04 2.527379931223981777e-04
7.164122999999999593e+02 2.485168726650380548e-04 2.482469046674877131e-04
7.164126125000000229e+02 2.252157083724026646e-04 2.434977185945683337e-04
7.164129249999999729e+02 2.163505681416174654e-04 2.384796161253526869e-04
7.164132375000000366e+02 2.063556640547606954e-04 2.331821155645288847e-04
7.164135499999999865e+02 1.765198335142158812e-04 2.275952921512470475e-04
7.164138624999999365e+02 2.120426843429665590e-04 2.217100443090431322e-04
7.164141750000000002e+02 1.974656285283695357e-04 2.155184126430059928e-04
7.164144874999999502e+02 2.025525744819804545e-04 2.090139579868428204e-04
7.164148000000000138e+02 1.736332335775831609e-04 2.021922044439753037e-04
7.164151124999999638e+02 1.823287980134974796e-04 1.950511525819725693e-04
7.164154250000000275e+02 1.859569868117036200e-04 1.875918662363739451e-04
7.164157374999999774e+02 2.126189661466684495e-04 1.798191340450726837e-04
7.164160500000000411e+02 1.898885452234391866e-04 1.717422030319421260e-04
7.164163624999999911e+02 1.764521419603094039e-04 1.633755766991389644e-04
7.164166749999999411e+02 1.866127390705477713e-04 1.547398632864436163e-04
7.164169875000000047e+02 1.633601336567412545e-04 1.458626516571168250e-04
7.164172999999999547e+02 1.440870467958300601e-04 1.367793820923061314e-04
7.164176125000000184e+02 9.033958259900720818e-05 1.275341677032824700e-04
7.164179249999999683e+02 1.515021543126471336e-04 1.181805097944048887e-04
7.164182375000000320e+02 1.327382128017681523e-04 1.087818378817483051e-04
7.164185499999999820e+02 1.083526719170070819e-04 9.941179435881639668e-05
7.164188625000000457e+02 7.697697189717043922e-05 9.015417616519854932e-05
7.164191749999999956e+02 9.066950670987590358e-05 8.110244452500473412e-05
7.164194874999999456e+02 8.320738158142046436e-05 7.235872063256203353e-05
7.164198000000000093e+02 8.117530141495847074e-05 6.403220333161654455e-05
7.164201124999999593e+02 6.704937366454964795e-05 5.623697530800527133e-05
7.164204250000000229e+02 3.898380337626740295e-05 4.908920775915874405e-05
7.164207374999999729e+02 5.657017667623960588e-05 4.270382800039399830e-05
7.164210500000000366e+02 4.900560447219590583e-05 3.719077525163628508e-05
7.164213624999999865e+02 3.807772719759712347e-05 3.265103055412058372e-05
7.164216749999999365e+02 3.387180323519888909e-05 2.917265790429077708e-05
7.164219875000000002e+02 4.593822220867074097e-05 2.682712647159075060e-05
7.164222999999999502e+02 3.133645803244402395e-05 2.566618961261102756e-05
7.164226125000000138e+02 2.756724014673989158e-05 2.571957087926418208e-05
7.164229249999999638e+02 3.506683099921099141e-05 2.699365037038257658e-05
7.164232375000000275e+02 3.429674597025061619e-05 2.947126227922942509e-05
7.164235499999999774e+02 2.600451528798490607e-05 3.311261699816018877e-05
7.164238625000000411e+02 3.996877858640825729e-05 3.785726216219521888e-05
7.164241749999999911e+02 3.755373555063453833e-05 4.362691027093876326e-05
7.164244874999999411e+02 2.962259239997042955e-05 5.032889746636843659e-05
7.164248000000000047e+02 3.739973361664464496e-05 5.786000509265433743e-05
7.164251124999999547e+02 5.097113064769131152e-05 6.611037430186973392e-05
7.164254250000000184e+02 6.627641658533887069e-05 7.496727022717513864e-05
7.164257374999999683e+02 5.690477821813756470e-05 8.431849857441912389e-05
7.164260500000000320e+02 5.580380644404318445e-05 9.405533520835972000e-05
7.164263624999999820e+02 1.170149980826210148e-04 1.040748889370311016e-04
7.164266750000000457e+02 9.072360284511291875e-05 1.142818727762367928e-04
7.164269874999999956e+02 9.412319924673421699e-05 1.245898038405672797e-04
7.164272999999999456e+02 1.186193979964713752e-04 1.349216851974913882e-04
7.164276125000000093e+02 1.337975543316785750e-04 1.452102434641671215e-04
7.164279249999999593e+02 1.913713699027767248e-04 1.553978057072894230e-04
7.164282375000000229e+02 1.348201030958187067e-04 1.654359000548959744e-04
7.164285499999999729e+02 1.652684546053440821e-04 1.752846588262001084e-04
7.164288625000000366e+02 1.887425416142361702e-04 1.849120937647127851e-04
7.164291749999999865e+02 1.990559324494510778e-04 1.942933013407066242e-04
7.164294874999999365e+02 2.064537216484524449e-04 2.034096444913564047e-04
7.164298000000000002e+02 2.455520175101901393e-04 2.122479457529863312e-04
7.164301124999999502e+02 1.706161337823405464e-04 2.207997168967848673e-04
7.164304250000000138e+02 2.592905139990808391e-04 2.290604417519785088e-04
7.164307374999999638e+02 2.839961520150174998e-04 2.370289219911945946e-04
7.164310500000000275e+02 2.938920127628193092e-04 2.447066905603971390e-04
7.164313624999999774e+02 2.834243609122322313e-04 2.520974933376556211e-04
7.164316750000000411e+02 2.633212490342818658e-04 2.592068370369627435e-04
7.164319874999999911e+02 2.722608422141844869e-04 2.660415993646952546e-04
7.164322999999999411e+02 3.091552470508583173e-04 2.726096965092453988e-04
7.164326125000000047e+02 2.812274552185553382e-04 2.789198023405814832e-04
7.164329249999999547e+02 2.512879306532531326e-04 2.849811136337911934e-04
7.164332375000000184e+02 2.936761292661745721e-04 2.908031557401204669e-04
7.164335499999999683e+02 3.180227455622651358e-04 2.963956233496670470e-04
7.164338625000000320e+02 2.921357700463041813e-04 3.017682515187698972e-04
7.164341749999999820e+02 2.945288496243994364e-04 3.069307124593826318e-04
7.164344875000000457e+02 2.418827110840053574e-04 3.118925341989300742e-04
7.164347999999999956e+02 2.928679796902015626e-04 3.166630375619200054e-04
7.164351124999999456e+02 3.620328269594681129e-04 3.212512884924636331e-04
7.164354250000000093e+02 3.201782377956965010e-04 3.256660630449594528e-04
7.164357374999999593e+02 3.109490381150488035e-04 3.299158228107974843e-04
7.164360500000000229e+02 3.537846660374940368e-04 3.340086988779541024e-04
7.164363624999999729e+02 4.270954851081362811e-04 3.379524826616342719e-04
7.164366750000000366e+02 3.510554122930831570e-04 3.417546222882922877e-04
7.164369874999999865e+02 3.646249071077206140e-04 3.454222233425477038e-04
7.164372999999999365e+02 3.300329639856857235e-04 3.489620530702802368e-04
7.164376125000000002e+02 3.946762397503328140e-04 3.523805472143641646e-04
7.164379249999999502e+02 3.737125506177112590e-04 3.556838188487053973e-04
7.164382375000000138e+02 3.704869326950292860e-04 3.588776686897374927e-04
7.164385499999999638e+02 4.298439210974032225e-04 3.619675964215022862e-04
7.164388625000000275e+02 3.560568880116505891e-04 3.649588127205417149e-04
7.164391749999999774e+02 3.516468927921958046e-04 3.678562516613609768e-04
7.164394875000000411e+02 3.284870524480113484e-04 3.706645833137724882e-04
7.164397999999999911e+02 3.686972430735062259e-04 3.733882263199768078e-04
7.164401124999999411e+02 4.221857071268869362e-04 3.760313603460727289e-04
7.164404250000000047e+02 3.508351905949474558e-04 3.785979382759084057e-04
7.164407374999999547e+02 4.278959015316682966e-04 3.810916980785560211e-04
7.164410500000000184e+02 4.254802460136709679e-04 3.835161742997620477e-04
7.164413624999999683e+02 4.222375431293909657e-04 3.858747091136012519e-04
7.164416750000000320e+02 4.564447452596509438e-04 3.881704629354652087e-04
7.164419874999999820e+02 3.848798620765949774e-04 3.904064245523821168e-04
7.164423000000000457e+02 3.905273558743081546e-04 3.925854207912770765e-04
7.164426124999999956e+02 3.615311077379805430e-04 3.947101256985080194e-04
7.164429249999999456e+02 3.955894481937322462e-04 3.967830692614878201e-04
7.164432375000000093e+02 3.786307907883389168e-04 3.988066456618430313e-04
7.164435499999999593e+02 3.948289030415019904e-04 4.007831210812357373e-04
7.164438625000000229e+02 3.798291972196025587e-04 4.027146410817120017e-04
7.164441749999999729e+02 4.205674509517227954e-04 4.046032375590144134e-04
7.164444875000000366e+02 3.961778662371937898e-04 4.064508353086659725e-04
7.164447999999999865e+02 4.283065233059664195e-04 4.082592582004632435e-04
7.164451124999999365e+02 4.078280255662418852e-04 4.100302350011337084e-04
7.164454250000000002e+02 4.175501201476313038e-04 4.117654048464515276e-04
7.164457374999999502e+02 4.505866879978961742e-04 4.134663223879981621e-04
7.164460500000000138e+02 4.485942823086832339e-04 4.151344626382691113e-04
7.164463624999999638e+02 4.032419172977070145e-04 4.167712255157777893e-04
7.164466750000000275e+02 3.970130319956981799e-04 4.183779401259197085e-04
7.164469874999999774e+02 3.647025799352867021e-04 4.199558687741204201e-04
7.164473000000000411e+02 4.300430578058358176e-04 4.215062107455952770e-04
7.164476124999999911e+02 4.570977329640374506e-04 4.230301058475479238e-04
7.164479249999999411e+02 3.936847620804445873e-04 4.245286377454706079e-04
7.164482375000000047e+02 4.204045081984406139e-04 4.260028370923707669e-04
7.164485499999999547e+02 4.393898250640153628e-04 4.274536844691883067e-04
7.164488625000000184e+02 4.043626275562594696e-04 4.288821131532354839e-04
7.164491749999999683e+02 4.311849465894659200e-04 4.302890117124263166e-04
7.164494875000000320e+02 4.042386687657049385e-04 4.316752264520150881e-04
7.164497999999999820e+02 4.196681974064754919e-04 4.330415637069618632e-04
7.164501125000000457e+02 4.582636711119599362e-04 4.343887920054774932e-04
7.164504249999999956e+02 4.231466778827691275e-04 4.357176440962007616e-04
7.164507374999999456e+02 4.950202541801470776e-04 4.370288188625149088e-04
7.164510500000000093e+02 3.628578272383770412e-04 4.383229831191848519e-04
7.164513624999999593e+02 4.227948931495707861e-04 4.396007733034608227e-04
7.164516750000000229e+02 3.995675946063368018e-04 4.408627970718222632e-04
7.164519874999999729e+02 4.596426261839562646e-04 4.421096347969051370e-04
7.164523000000000366e+02 4.234366249282993377e-04 4.433418409848070580e-04
7.164526124999999865e+02 4.866616807990460387e-04 4.445599456035078463e-04
7.164529249999999365e+02 4.948522607129932386e-04 4.457644553415662336e-04
7.164532375000000002e+02 3.978168164986727105e-04 4.469558547905451147e-04
7.164535499999999502e+02 4.991500717372280996e-04 4.481346075602143128e-04
7.164538625000000138e+02 4.282769901661903091e-04 4.493011573348963997e-04
7.164541749999999638e+02 4.559295207606738325e-04 4.504559288640849822e-04
7.164544875000000275e+02 4.308554415942080396e-04 4.515993289042497124e-04
7.164547999999999774e+02 4.127573579731104968e-04 4.527317471016388539e-04
7.164551125000000411e+02 4.116357364353479638e-04 4.538535568327066189e-04
