7.048593429999999671e+02 3.747039021999404003e-04 3.584286627784206243e-04
7.048596554999999171e+02 3.527511459881299484e-04 3.583553091857781970e-04
7.048599679999999807e+02 3.814515332472581894e-04 3.582484869903501483e-04
7.048602804999999307e+02 4.165224438531223410e-04 3.581069650490590738e-04
7.048605929999999944e+02 3.278954864062011551e-04 3.579294596322068556e-04
7.048609054999999444e+02 3.271956804950507851e-04 3.577146319959136891e-04
7.048612180000000080e+02 3.407859596772816772e-04 3.574610858455106572e-04
7.048615304999999580e+02 3.352507528893240631e-04 3.571673646888739659e-04
7.048618430000000217e+02 3.651602201596124446e-04 3.568319490743429318e-04
7.048621554999999717e+02 4.059252916062568422e-04 3.564532537136593589e-04
7.048624679999999216e+02 3.254819271640048829e-04 3.560296244845385190e-04
7.048627804999999853e+02 3.721993634972812983e-04 3.555593353140422408e-04
7.048630929999999353e+02 3.724295453450246940e-04 3.550405849409578557e-04
7.048634054999999989e+02 3.727041304106826474e-04 3.544714935548444836e-04
7.048637179999999489e+02 3.871261581952180537e-04 3.538500993170423377e-04
7.048640305000000126e+02 4.055357851675805286e-04 3.531743547595500143e-04
7.048643429999999626e+02 3.684292829434450195e-04 3.524421230715706868e-04
7.048646554999999125e+02 3.448191776410807255e-04 3.516511742715181400e-04
7.048649679999999762e+02 3.534785188443331718e-04 3.507991812768909050e-04
7.048652804999999262e+02 3.524796836571722665e-04 3.498837158788974458e-04
7.048655929999999898e+02 3.881905993760721122e-04 3.489022446295900778e-04
7.048659054999999398e+02 3.480810275509535739e-04 3.478521246640655859e-04
7.048662180000000035e+02 3.264793502118756830e-04 3.467305994652339720e-04
7.048665304999999535e+02 3.320204775753537573e-04 3.455347946046145717e-04
7.048668430000000171e+02 3.578195037952063419e-04 3.442617134736551047e-04
7.048671554999999671e+02 3.382989356080233533e-04 3.429082330508735252e-04
7.048674679999999171e+02 3.487773458989953577e-04 3.414710997299435255e-04
7.048677804999999807e+02 3.421696199986109057e-04 3.399469252655999653e-04
7.048680929999999307e+02 3.116886953041199588e-04 3.383321828876233390e-04
7.048684054999999944e+02 3.139473377784366987e-04 3.366232036402744894e-04
7.048687179999999444e+02 3.725556871859567925e-04 3.348161730362164733e-04
7.048690305000000080e+02 3.009397619740169366e-04 3.329071280936084904e-04
7.048693429999999580e+02 3.201827484861085064e-04 3.308919548774926010e-04
7.048696555000000217e+02 2.912972177814572962e-04 3.287663866416354048e-04
7.048699679999999717e+02 3.172076542611818126e-04 3.265260027284658337e-04
7.048702804999999216e+02 3.176202933977239880e-04 3.241662283603331655e-04
7.048705929999999853e+02 3.008469105242801180e-04 3.216823355195460666e-04
7.048709054999999353e+02 3.167967610859998267e-04 3.190694451151280284e-04
7.048712179999999989e+02 2.964205550988755953e-04 3.163225306594808330e-04
7.048715304999999489e+02 2.432516700797031156e-04 3.134364237435870930e-04
7.048718430000000126e+02 3.283619880105360109e-04 3.104058215815674068e-04
7.048721554999999626e+02 2.993247617712253730e-04 3.072252969958494092e-04
7.048724679999999125e+02 2.794744757154652716e-04 3.038893111920740121e-04
7.048727804999999762e+02 3.028159769097896149e-04 3.003922297777404204e-04
7.048730929999999262e+02 2.612727332872050471e-04 2.967283424915571509e-04
7.048734054999999898e+02 2.244101351177166855e-04 2.928918871582382954e-04
7.048737179999999398e+02 2.507645364346930525e-04 2.888770784853519446e-04
7.048740305000000035e+02 2.827038885621996562e-04 2.846781423009838363e-04
7.048743429999999535e+02 2.906805015397468826e-04 2.802893559744833694e-04
7.048746555000000171e+02 2.901221086096695146e-04 2.757050957272649317e-04
7.048749679999999671e+02 2.447786964460714064e-04 2.709198916894834264e-04
7.048752804999999171e+02 2.496062216537736048e-04 2.659284915074381760e-04
7.048755929999999807e+02 2.249095866218370145e-04 2.607259334341803817e-04
7.048759054999999307e+02 2.317421970554083455e-04 2.553076298046488357e-04
7.048762179999999944e+02 2.531466324372193396e-04 2.496694617955601768e-04
7.048765304999999444e+02 2.841166408211691884e-04 2.438078864188930313e-04
7.048768430000000080e+02 2.197357850648156558e-04 2.377200565332346306e-04
7.048771554999999580e+02 2.321254121806481377e-04 2.314039546871506027e-04
7.048774680000000217e+02 2.409298054708426359e-04 2.248585413244515803e-04
7.048777804999999717e+02 2.222167039010934067e-04 2.180839178052144706e-04
7.048780929999999216e+02 1.995813422339619801e-04 2.110815042619197982e-04
7.048784054999999853e+02 1.533043609537692556e-04 2.038542320556890669e-04
7.048787179999999353e+02 2.014183230707370482e-04 1.964067500304001357e-04
7.048790304999999989e+02 1.748640250555104261e-04 1.887456431521937841e-04
7.048793429999999489e+02 1.708046048247155793e-04 1.808796614873536357e-04
7.048796555000000126e+02 1.815514802784739298e-04 1.728199564575944676e-04
7.048799679999999626e+02 1.486779202287749082e-04 1.645803204895646555e-04
7.048802804999999125e+02 1.779885135129768688e-04 1.561774248773997481e-04
7.048805929999999762e+02 1.373642761336632252e-04 1.476310496113117051e-04
7.048809054999999262e+02 1.539845050775007869e-04 1.389642975262272539e-04
7.048812179999999898e+02 1.379377882565534859e-04 1.302037837980482614e-04
7.048815304999999398e+02 1.330935792938631309e-04 1.213797906510420243e-04
7.048818430000000035e+02 1.148261594476504511e-04 1.125263758253102441e-04
7.048821554999999535e+02 9.695658877955245461e-05 1.036814226616674777e-04
7.048824680000000171e+02 1.237310269557632221e-04 9.488661894251469871e-05
7.048827804999999671e+02 9.142777923505526977e-05 8.618735183579692661e-05
7.048830929999999171e+02 8.986858520538976310e-05 7.763250675409261853e-05
7.048834054999999807e+02 8.229509919594174116e-05 6.927415958835673158e-05
7.048837179999999307e+02 6.227665831753469280e-05 6.116715404157430178e-05
7.048840304999999944e+02 6.955866438373289819e-05 5.336855914934582410e-05
7.048843429999999444e+02 4.977999948369078351e-05 4.593700651447248480e-05
7.048846555000000080e+02 6.246553839256751347e-05 3.893191184917732550e-05
7.048849679999999580e+02 4.603873078478430513e-05 3.241259154262059259e-05
7.048852805000000217e+02 4.545864965440143214e-05 2.643729115994990756e-05
7.048855929999999717e+02 3.642433928206281464e-05 2.106214934154083525e-05
7.048859054999999216e+02 2.031412229898279224e-05 1.634012637043083589e-05
7.048862179999999853e+02 3.213536290484858381e-05 1.231993180170613075e-05
7.048865304999999353e+02 2.116813298441662844e-05 9.044988980303082844e-06
7.048868429999999989e+02 1.758670865148473646e-05 6.552475879180861659e-06
7.048871554999999489e+02 8.443460769035592345e-06 4.872481050528987338e-06
7.048874680000000126e+02 4.527158629101684821e-06 4.027310308633100464e-06
7.048877804999999626e+02 8.958637534869431116e-06 4.030974346219559343e-06
7.048880929999999125e+02 4.068520462804120558e-06 4.888879859130142164e-06
7.048884054999999762e+02 5.287679715337617595e-06 6.597737599751282725e-06
7.048887179999999262e+02 1.011250763959664623e-05 9.145690615494084377e-06
7.048890304999999898e+02 1.064982394379328046e-05 1.251265561534425547e-05
7.048893429999999398e+02 1.541918002637130523e-05 1.667086061062425647e-05
7.048896555000000035e+02 1.711989758852742658e-05 2.158555354810401576e-05
7.048899679999999535e+02 1.775288490150122504e-05 2.721584995790752573e-05
7.048902805000000171e+02 1.919404550069521822e-05 3.351568332435637476e-05
7.048905929999999671e+02 2.171545667232954095e-05 4.043481976246817274e-05
7.048909054999999171e+02 3.678214328062909564e-05 4.791989900011309482e-05
7.048912179999999807e+02 4.056899900022482418e-05 5.591546591638644082e-05
7.048915304999999307e+02 5.670657932218139497e-05 6.436496099850646190e-05
7.048918429999999944e+02 6.685474892563828247e-05 7.321164333426765432e-05
7.048921554999999444e+02 5.969539551077019545e-05 8.239942557839135661e-05
7.048924680000000080e+02 9.650220503443427398e-05 9.187360664618571162e-05
7.048927804999999580e+02 8.349293134569065237e-05 1.015814936309854548e-04
7.048930930000000217e+02 8.235370797596608980e-05 1.114729100618285689e-04
7.048934054999999717e+02 1.134293399996717013e-04 1.215005920561631819e-04
7.048937179999999216e+02 1.344621952385060951e-04 1.316204779106335562e-04
7.048940304999999853e+02 1.112579353371139765e-04 1.417918993192699307e-04
7.048943429999999353e+02 1.407219153861781090e-04 1.519776844807409384e-04
7.048946554999999989e+02 1.515966286290587367e-04 1.621441844940768335e-04
7.048949679999999489e+02 1.505614956323223582e-04 1.722612347484798741e-04
7.048952805000000126e+02 1.628806807010865201e-04 1.823020630896800363e-04
7.048955929999999626e+02 1.982292467331412311e-04 1.922431557488524364e-04
7.048959054999999125e+02 1.702619515233482882e-04 2.020640913813541797e-04
7.048962179999999762e+02 2.356198704902479806e-04 2.117473522910418829e-04
7.048965304999999262e+02 2.176897934816671132e-04 2.212781208790710126e-04
7.048968429999999898e+02 1.947725875326866848e-04 2.306440681612337198e-04
7.048971554999999398e+02 2.578234712300655086e-04 2.398351399171475668e-04
7.048974680000000035e+02 2.725443510907085329e-04 2.488433451417023843e-04
7.048977804999999535e+02 2.693601102562864238e-04 2.576625502640897468e-04
7.048980930000000171e+02 2.551717605388614894e-04 2.662882819393282163e-04
7.048984054999999671e+02 3.018949592090562932e-04 2.747175402470956006e-04
7.048987179999999171e+02 2.681388933043240262e-04 2.829486236951995874e-04
7.048990304999999807e+02 3.014844221502539106e-04 2.909809667139160935e-04
7.048993429999999307e+02 2.836974780907083708e-04 2.988149900095190279e-04
7.048996554999999944e+02 3.301082022146837095e-04 3.064519637989458279e-04
7.048999679999999444e+02 3.178024741463471347e-04 3.138938835862864788e-04
7.049002805000000080e+02 2.949202204596040248e-04 3.211433581068156022e-04
7.049005929999999580e+02 3.462282121667553214e-04 3.282035087486626112e-04
7.049009055000000217e+02 3.866236532396659202e-04 3.350778798455251897e-04
7.049012179999999717e+02 3.467779691583772390e-04 3.417703590078661623e-04
7.049015304999999216e+02 3.621312729169594508e-04 3.482851067990589528e-04
7.049018429999999853e+02 3.544640649505812900e-04 3.546264949169987976e-04
7.049021554999999353e+02 3.866850074512679031e-04 3.607990521469215187e-04
7.049024679999999989e+02 3.315314967324665008e-04 3.668074173735207544e-04
7.049027804999999489e+02 3.575014986247081780e-04 3.726562988987031696e-04
7.049030930000000126e+02 4.110060931394409313e-04 3.783504394793864843e-04
7.049034054999999626e+02 3.938280277942279493e-04 3.838945864056797323e-04
7.049037179999999125e+02 4.603335587814793651e-04 3.892934661227770150e-04
7.049040304999999762e+02 4.044091732203771664e-04 3.945517628277545605e-04
7.049043429999999262e+02 4.178122465408548331e-04 3.996741005930765480e-04
7.049046554999999898e+02 4.294879108118141429e-04 4.046650286084122589e-04
7.049049679999999398e+02 3.730547774407973367e-04 4.095290091093354667e-04
7.049052805000000035e+02 4.332162217078283596e-04 4.142704077051942066e-04
7.049055929999999535e+02 4.493206299618051204e-04 4.188934857390171941e-04
7.049059055000000171e+02 4.295846320480149988e-04 4.234023944606339390e-04
7.049062179999999671e+02 4.652132169069245161e-04 4.278011707129629232e-04
7.049065304999999171e+02 4.236104630722911700e-04 4.320937339669045992e-04
7.049068429999999807e+02 4.398480659681665381e-04 4.362838844715250289e-04
7.049071554999999307e+02 4.643865983224416765e-04 4.403753023681400858e-04
7.049074679999999944e+02 4.198618124311694825e-04 4.443715476343121297e-04
7.049077804999999444e+02 4.825934980977379337e-04 4.482760606903605084e-04
7.049080930000000080e+02 4.823526956632022476e-04 4.520921636008786880e-04
7.049084054999999580e+02 4.429469532326171322e-04 4.558230617257214338e-04
7.049087180000000217e+02 4.495068078193118931e-04 4.594718457798972690e-04
7.049090304999999717e+02 4.961621702680858422e-04 4.630414941833068255e-04
7.049093429999999216e+02 4.864450558610540726e-04 4.665348756780397397e-04
7.049096554999999853e+02 4.846972313952878841e-04 4.699547521239476702e-04
7.049099679999999353e+02 5.241757372189303132e-04 4.733037814387261238e-04
7.049102804999999989e+02 4.908758608045885171e-04 4.765845206533997911e-04
7.049105929999999489e+02 5.139095104508366579e-04 4.797994290177353370e-04
7.049109055000000126e+02 5.132256728391413562e-04 4.829508711637257954e-04
7.049112179999999626e+02 4.845082541527449414e-04 4.860411202639757433e-04
7.049115304999999125e+02 5.498580296846851227e-04 4.890723612004010869e-04
7.049118429999999762e+02 5.693318737170296757e-04 4.920466936967220250e-04
7.049121554999999262e+02 4.786633527037998628e-04 4.949661354123182982e-04
7.049124679999999898e+02 5.275369377724378273e-04 4.978326249959199538e-04
7.049127804999999398e+02 4.927137424280226890e-04 5.006480250628808290e-04
7.049130930000000035e+02 4.946065947193804867e-04 5.034141251212941731e-04
7.049134054999999535e+02 5.008868967326611911e-04 5.061326444076338742e-04
7.049137180000000171e+02 5.282208911595242477e-04 5.088052346602153905e-04
7.049140304999999671e+02 5.159118606623651349e-04 5.114334827949826431e-04
7.049143429999999171e+02 5.248868496324693217e-04 5.140189135121238937e-04
7.049146554999999807e+02 4.704765832040832792e-04 5.165629918075708912e-04
7.049149679999999307e+02 5.918911552860647027e-04 5.190671253988919090e-04
7.049152804999999944e+02 5.044404765562493119e-04 5.215326670744715142e-04
7.049155929999999444e+02 5.563995878294495691e-04 5.239609169436361099e-04
7.049159055000000080e+02 5.060466557550287415e-04 5.263531246168973339e-04
7.049162179999999580e+02 4.829187992239520342e-04 5.287104912889238747e-04
7.049165305000000217e+02 4.659182399649563870e-04 5.310341717541326159e-04
7.049168429999999717e+02 4.901141425594932261e-04 5.333252763288718603e-04
7.049171554999999216e+02 4.782489266898671144e-04 5.355848727088535072e-04
7.049174679999999853e+02 4.848435610412394465e-04 5.378139877426349122e-04
7.049177804999999353e+02 5.688786581738298738e-04 5.400136091321428326e-04
7.049180929999999989e+02 5.076634381845332488e-04 5.421846870703823842e-04
7.049184054999999489e+02 5.053761142729774544e-04 5.443281357986061485e-04
7.049187180000000126e+02 6.086510330512253687e-04 5.464448351101035620e-04
7.049190304999999626e+02 5.396324841492825810e-04 5.485356317777077915e-04
7.049193429999999125e+02 5.301278672399287704e-04 5.506013409316074447e-04
7.049196554999999762e+02 5.619594778015210091e-04 5.526427473703845452e-04
7.049199679999999262e+02 5.313725647430524602e-04 5.546606068155217730e-04
7.049202804999999898e+02 5.481111433900255452e-04 5.566556471188385249e-04
7.049205929999999398e+02 4.998649169368152506e-04 5.586285694066571656e-04
7.049209055000000035e+02 5.451595374624101107e-04 5.605800491855875449e-04
7.049212179999999535e+02 5.491000491549095919e-04 5.625107373887930449e-04
7.049215305000000171e+02 5.288548350385228547e-04 5.644212613877496159e-04
