7.159445264999999381e+02 3.254823224906739070e-04 3.176679808612539193e-04
7.159448390000000018e+02 3.238060498513968782e-04 3.180464683190227190e-04
7.159451514999999517e+02 3.377798708107311609e-04 3.184098509262897917e-04
7.159454640000000154e+02 3.192313443315303637e-04 3.187575177130897081e-04
7.159457764999999654e+02 3.173316631773055664e-04 3.190888276577398476e-04
7.159460890000000290e+02 3.293692725848653075e-04 3.194031079660740739e-04
7.159464014999999790e+02 3.011826635433917723e-04 3.196996522378454421e-04
7.159467140000000427e+02 3.303342307186401009e-04 3.199777185164076024e-04
7.159470264999999927e+02 3.164507070145728849e-04 3.202365272097300840e-04
7.159473389999999426e+02 3.574158003536425515e-04 3.204752588772115753e-04
7.159476515000000063e+02 3.364040551578970214e-04 3.206930518701164249e-04
7.159479639999999563e+02 3.420123392457364198e-04 3.208889998166159136e-04
7.159482765000000200e+02 3.325339611369364061e-04 3.210621489411115566e-04
7.159485889999999699e+02 3.052459027873006409e-04 3.212114952043033564e-04
7.159489015000000336e+02 3.192053684086345222e-04 3.213359812536675797e-04
7.159492139999999836e+02 3.521976796025719204e-04 3.214344931689760878e-04
7.159495264999999335e+02 3.261347521075087103e-04 3.215058569903005885e-04
7.159498389999999972e+02 2.956523079567383245e-04 3.215488350119997084e-04
7.159501514999999472e+02 3.330408417171995712e-04 3.215621218271934160e-04
7.159504640000000109e+02 3.149887178295329975e-04 3.215443401054143141e-04
7.159507764999999608e+02 3.029691373953026469e-04 3.214940360849615928e-04
7.159510890000000245e+02 3.400495734186720657e-04 3.214096747607110495e-04
7.159514014999999745e+02 3.178146206089472927e-04 3.212896347471638943e-04
7.159517140000000381e+02 2.939499212668570186e-04 3.211322027946105460e-04
7.159520264999999881e+02 2.984931463642322472e-04 3.209355679368163395e-04
7.159523389999999381e+02 3.226129281465751203e-04 3.206978152452968304e-04
7.159526515000000018e+02 3.371978163651761606e-04 3.204169191668196598e-04
7.159529639999999517e+02 3.212828067545438031e-04 3.200907364185450474e-04
7.159532765000000154e+02 3.252837723086167941e-04 3.197169984133549749e-04
7.159535889999999654e+02 3.368404260001943559e-04 3.192933031917234168e-04
7.159539015000000290e+02 3.195134656122556216e-04 3.188171068297437753e-04
7.159542139999999790e+02 3.060272520313102665e-04 3.182857143013174419e-04
7.159545265000000427e+02 3.354106582087882705e-04 3.176962697639384168e-04
7.159548389999999927e+02 3.154540630926018410e-04 3.170457462494559041e-04
7.159551514999999426e+02 2.573059045312327828e-04 3.163309347319225896e-04
7.159554640000000063e+02 3.440055903633309044e-04 3.155484325588424452e-04
7.159557764999999563e+02 3.044643543003804878e-04 3.146946312301448340e-04
7.159560890000000200e+02 3.140309669944082939e-04 3.137657035135071903e-04
7.159564014999999699e+02 3.214582705746619573e-04 3.127575899038056409e-04
7.159567140000000336e+02 2.926027048712833995e-04 3.116659844277340778e-04
7.159570264999999836e+02 3.063883372946005017e-04 3.104863198288083568e-04
7.159573389999999335e+02 3.058258316185696554e-04 3.092137521630290947e-04
7.159576514999999972e+02 3.172464457501744878e-04 3.078431448778035746e-04
7.159579639999999472e+02 2.900437113510915578e-04 3.063690524612218565e-04
7.159582765000000109e+02 2.965638919700468818e-04 3.047857037795834558e-04
7.159585889999999608e+02 3.152661919734822769e-04 3.030869852813746000e-04
7.159589015000000245e+02 2.948073370168317170e-04 3.012664242667046797e-04
7.159592139999999745e+02 3.033194205056528414e-04 2.993171725184838811e-04
7.159595265000000381e+02 2.820809290726065911e-04 2.972319906286579488e-04
7.159598389999999881e+02 2.628346831156518114e-04 2.950032334851632860e-04
7.159601514999999381e+02 2.768600549221332226e-04 2.926228374521373994e-04
7.159604640000000018e+02 2.805802360705753062e-04 2.900823099478747578e-04
7.159607764999999517e+02 2.771947012294206968e-04 2.873727222583667609e-04
7.159610890000000154e+02 2.719953633284169676e-04 2.844847066071957650e-04
7.159614014999999654e+02 2.685937141835442483e-04 2.814084587587336651e-04
7.159617140000000290e+02 2.726687368245753651e-04 2.781337476365328305e-04
7.159620264999999790e+02 2.668217027768218026e-04 2.746499338064324809e-04
7.159623390000000427e+02 2.342418747479496893e-04 2.709459989547036542e-04
7.159626514999999927e+02 2.494054983561795808e-04 2.670105889668947111e-04
7.159629639999999426e+02 2.750751878910078787e-04 2.628320735896480542e-04
7.159632765000000063e+02 2.268512376821313825e-04 2.583986262352742642e-04
7.159635889999999563e+02 2.531435292308491930e-04 2.536983279993633563e-04
7.159639015000000200e+02 2.232050901453269958e-04 2.487193005467039537e-04
7.159642139999999699e+02 2.260829947688842989e-04 2.434498731934033999e-04
7.159645265000000336e+02 2.275736374726194619e-04 2.378787900213891974e-04
7.159648389999999836e+02 2.050369589869293296e-04 2.319954635249253693e-04
7.159651514999999335e+02 2.104098630696735065e-04 2.257902816094885408e-04
7.159654639999999972e+02 2.101517179899130218e-04 2.192549751090888503e-04
7.159657764999999472e+02 2.234385590225972671e-04 2.123830528447795396e-04
7.159660890000000109e+02 2.074752386304567456e-04 2.051703106965425656e-04
7.159664014999999608e+02 2.018302497322814687e-04 1.976154200578277118e-04
7.159667140000000245e+02 1.518269038578098115e-04 1.897205988378353506e-04
7.159670264999999745e+02 1.768170795258336837e-04 1.814923651444887316e-04
7.159673390000000381e+02 1.911808231412015719e-04 1.729423690108826265e-04
7.159676514999999881e+02 1.512276450845711356e-04 1.640882914376925062e-04
7.159679639999999381e+02 1.599877759550389093e-04 1.549547916799757065e-04
7.159682765000000018e+02 1.557693487560610776e-04 1.455744737196603810e-04
7.159685889999999517e+02 1.252958367829470367e-04 1.359888307023686274e-04
7.159689015000000154e+02 1.244593896631786723e-04 1.262491125427018461e-04
7.159692139999999654e+02 1.067475381096077622e-04 1.164170477642909697e-04
7.159695265000000290e+02 1.135554064138422157e-04 1.065653368301276938e-04
7.159698389999999790e+02 1.005361604901710805e-04 9.677782339892762543e-05
7.159701515000000427e+02 1.065055125134780115e-04 8.714924375438366354e-05
7.159704639999999927e+02 9.221445914683038718e-05 7.778445691224588514e-05
7.159707764999999426e+02 1.212539708810416041e-04 6.879707069060106309e-05
7.159710890000000063e+02 6.668934394844871323e-05 6.030740569659738011e-05
7.159714014999999563e+02 7.173295651310392172e-05 5.243978025662083972e-05
7.159717140000000200e+02 5.788180928123142172e-05 4.531915449378488923e-05
7.159720264999999699e+02 5.735007020377150516e-05 3.906723750318463062e-05
7.159723390000000336e+02 4.097736238619427863e-05 3.379823103690078964e-05
7.159726514999999836e+02 3.877499489968067059e-05 2.961444769891377721e-05
7.159729639999999335e+02 3.944514931396111724e-05 2.660209001699238889e-05
7.159732764999999972e+02 2.524663053468654799e-05 2.482749919834555105e-05
7.159735889999999472e+02 3.303997763571793147e-05 2.433417082859448620e-05
7.159739015000000109e+02 2.371843298363048865e-05 2.514078690304727328e-05
7.159742139999999608e+02 2.906670741296936493e-05 2.724043281889761134e-05
7.159745265000000245e+02 2.412957240730282332e-05 3.060106408841555789e-05
7.159748389999999745e+02 2.230665984764997577e-05 3.516717491888400767e-05
7.159751515000000381e+02 3.743251645583873074e-05 4.086251555141942940e-05
7.159754639999999881e+02 4.779987761142224226e-05 4.759362172352794255e-05
7.159757764999999381e+02 3.225367207207127142e-05 5.525386813689548164e-05
7.159760890000000018e+02 5.733007158120335516e-05 6.372774202820733348e-05
7.159764014999999517e+02 5.059558245266766610e-05 7.289505098582081623e-05
7.159767140000000154e+02 6.895429180879590831e-05 8.263482371905219131e-05
7.159770264999999654e+02 7.765067142917152893e-05 9.282872351574457598e-05
7.159773390000000290e+02 8.235953272099532968e-05 1.033638616171734349e-04
7.159776514999999790e+02 1.175781986485128052e-04 1.141349619101069345e-04
7.159779640000000427e+02 1.003913135380544687e-04 1.250458834812922539e-04
7.159782764999999927e+02 1.304532513728166247e-04 1.360105491445183447e-04
7.159785889999999426e+02 1.337724753681601383e-04 1.469533559939204730e-04
7.159789015000000063e+02 1.487516109959637295e-04 1.578091584360317838e-04
7.159792139999999563e+02 1.439142649444271607e-04 1.685229180852157037e-04
7.159795265000000200e+02 1.549301554276545070e-04 1.790491106683603532e-04
7.159798389999999699e+02 1.855436669836870399e-04 1.893509704566451873e-04
7.159801515000000336e+02 1.894141570078486164e-04 1.993996406393506570e-04
7.159804639999999836e+02 2.342592653269703093e-04 2.091732845597970832e-04
7.159807764999999335e+02 1.990229944621436616e-04 2.186562001318738705e-04
7.159810889999999972e+02 2.427046990788409031e-04 2.278379679607111987e-04
7.159814014999999472e+02 2.227151957661531640e-04 2.367126539284386945e-04
7.159817140000000109e+02 2.294188965208925220e-04 2.452780789318479066e-04
7.159820264999999608e+02 2.680051903456774046e-04 2.535351620486229378e-04
7.159823390000000245e+02 2.551642739131951298e-04 2.614873388813341529e-04
7.159826514999999745e+02 2.779262916327759339e-04 2.691400532739959069e-04
7.159829640000000381e+02 3.020533095428466395e-04 2.765003185409408565e-04
7.159832764999999881e+02 2.525612061775933323e-04 2.835763427745807024e-04
7.159835889999999381e+02 2.922328366737631661e-04 2.903772122492322160e-04
7.159839015000000018e+02 3.529464429978215094e-04 2.969126265315336641e-04
7.159842139999999517e+02 3.139490557029642670e-04 3.031926790881347717e-04
7.159845265000000154e+02 3.175007993496386919e-04 3.092276774754256657e-04
7.159848389999999654e+02 3.481999917315500631e-04 3.150279975531241478e-04
7.159851515000000290e+02 3.332999384172151999e-04 3.206039667988743900e-04
7.159854639999999790e+02 4.138060876872044097e-04 3.259657721928563702e-04
7.159857765000000427e+02 3.674226135508437642e-04 3.311233888072541410e-04
7.159860889999999927e+02 3.555387102009136186e-04 3.360865256058414912e-04
7.159864014999999426e+02 3.650159827072221299e-04 3.408645855510529250e-04
7.159867140000000063e+02 3.471234950474370341e-04 3.454666374302376645e-04
7.159870264999999563e+02 3.459337983091633319e-04 3.499013972596630006e-04
7.159873390000000200e+02 3.911308564663370916e-04 3.541772174529981068e-04
7.159876514999999699e+02 3.662587114615474472e-04 3.583020821762467230e-04
7.159879640000000336e+02 3.499559411942966460e-04 3.622836076535626408e-04
7.159882764999999836e+02 3.729104395561633916e-04 3.661290463048769562e-04
7.159885889999999335e+02 3.842060260944199198e-04 3.698452938773560917e-04
7.159889014999999972e+02 3.896789716852543041e-04 3.734388988053215903e-04
7.159892139999999472e+02 3.773014216730530539e-04 3.769160732181548270e-04
7.159895265000000109e+02 3.716809514031805140e-04 3.802827051229401415e-04
7.159898389999999608e+02 4.158621477894576166e-04 3.835443713376336422e-04
7.159901515000000245e+02 4.508927101217553358e-04 3.867063508989894514e-04
7.159904639999999745e+02 3.761733469170615838e-04 3.897736386553712061e-04
7.159907765000000381e+02 4.145937441432592124e-04 3.927509588849850642e-04
7.159910889999999881e+02 4.143469596134287110e-04 3.956427787489633498e-04
7.159914014999999381e+02 3.731015229335751088e-04 3.984533214962543164e-04
7.159917140000000018e+02 3.983413307069025907e-04 4.011865793042174340e-04
7.159920264999999517e+02 4.198050016593197998e-04 4.038463257019166315e-04
7.159923390000000154e+02 3.912140166010851156e-04 4.064361275400295184e-04
7.159926514999999654e+02 3.717819827089746437e-04 4.089593564532184762e-04
7.159929640000000290e+02 4.331304776040353086e-04 4.114191998275142895e-04
7.159932764999999790e+02 4.420440304350104128e-04 4.138186712349694501e-04
7.159935890000000427e+02 4.148495306091616011e-04 4.161606203651200598e-04
7.159939014999999927e+02 4.287706356484768098e-04 4.184477424306861162e-04
7.159942139999999426e+02 4.276617196092178871e-04 4.206825870853099134e-04
7.159945265000000063e+02 3.748438254178189767e-04 4.228675668456978779e-04
7.159948389999999563e+02 3.967864868990061858e-04 4.250049650436589022e-04
7.159951515000000200e+02 4.471026469970216621e-04 4.270969433337116735e-04
7.159954639999999699e+02 5.007283878631346025e-04 4.291455487559940130e-04
7.159957765000000336e+02 4.453035711443574778e-04 4.311527203984597662e-04
7.159960889999999836e+02 4.558796638267669562e-04 4.331202956541593580e-04
7.159964014999999335e+02 4.581518237194945353e-04 4.350500161168948505e-04
7.159967139999999972e+02 4.154153683482489086e-04 4.369435331165774888e-04
7.159970264999999472e+02 4.765279392889348528e-04 4.388024129213306639e-04
7.159973390000000109e+02 4.681545226748820305e-04 4.406281416317016299e-04
7.159976514999999608e+02 4.385611406313809617e-04 4.424221297681330749e-04
7.159979640000000245e+02 4.560420479893803549e-04 4.441857165900385453e-04
7.159982764999999745e+02 4.418208819311901818e-04 4.459201741418630251e-04
7.159985890000000381e+02 4.477139843332300791e-04 4.476267110628743932e-04
7.159989014999999881e+02 4.047327111656256701e-04 4.493064761551964457e-04
7.159992139999999381e+02 4.454780350517979098e-04 4.509605617439496205e-04
7.159995265000000018e+02 4.407784934380096502e-04 4.525900068272737200e-04
7.159998389999999517e+02 4.831840372500494541e-04 4.541958000353942806e-04
7.160001515000000154e+02 4.108269045955347497e-04 4.557788824164007448e-04
7.160004639999999654e+02 4.239311799934016977e-04 4.573401500453367057e-04
7.160007765000000290e+02 4.936864665807083304e-04 4.588804564852709132e-04
7.160010889999999790e+02 4.719779415980765794e-04 4.604006150918478675e-04
7.160014015000000427e+02 4.590772781901808074e-04 4.619014011888189497e-04
7.160017139999999927e+02 4.313887456312311261e-04 4.633835541053463419e-04
7.160020264999999426e+02 4.466532250336176430e-04 4.648477791004368377e-04
7.160023390000000063e+02 4.768250281121773023e-04 4.662947491683866875e-04
7.160026514999999563e+02 4.772760164039917740e-04 4.677251067380309014e-04
7.160029640000000200e+02 4.702362915722088838e-04 4.691394652775995248e-04
7.160032764999999699e+02 4.717610533889938129e-04 4.705384107983973606e-04
7.160035890000000336e+02 4.703585001387103250e-04 4.719225032792831020e-04
7.160039014999999836e+02 4.910214003384123912e-04 4.732922780009545536e-04
7.160042139999999335e+02 4.754906637215767389e-04 4.746482468109649352e-04
7.160045264999999972e+02 4.546357338190085422e-04 4.759908993115723966e-04
7.160048389999999472e+02 3.986104882675719162e-04 4.773207039800611931e-04
7.160051515000000109e+02 4.302299831502463443e-04 4.786381092304752851e-04
7.160054639999999608e+02 4.823893375691508606e-04 4.799435444085453531e-04
7.160057765000000245e+02 4.843675023213879689e-04 4.812374207384478527e-04
7.160060889999999745e+02 4.624026722565018174e-04 4.825201322094701596e-04
7.160064015000000381e+02 4.867830694865511883e-04 4.837920564209799543e-04
7.160067139999999881e+02 4.432922935856427999e-04 4.850535553736151444e-04
