7.163848385000000007e+02 3.183268349535424641e-04 2.898020283473357376e-04
7.163851510000000644e+02 2.828545248375087659e-04 2.901900127196362826e-04
7.163854635000000144e+02 2.875892485014140405e-04 2.905660641675064009e-04
7.163857760000000781e+02 3.120091469433809391e-04 2.909297073564912984e-04
7.163860885000000280e+02 3.276480053252005037e-04 2.912804438462343322e-04
7.163864010000000917e+02 2.877147165990486043e-04 2.916177507768922986e-04
7.163867135000000417e+02 2.957752227093406270e-04 2.919410794688079877e-04
7.163870260000001053e+02 2.566146472125883796e-04 2.922498539335345743e-04
7.163873385000000553e+02 2.787827913884047206e-04 2.925434692858617245e-04
7.163876510000000053e+02 3.069982244040011903e-04 2.928212900535935776e-04
7.163879635000000690e+02 3.216378988306859300e-04 2.930826483747496795e-04
7.163882760000000189e+02 2.934057231989752610e-04 2.933268420754731563e-04
7.163885885000000826e+02 3.116725208508101612e-04 2.935531326208758152e-04
7.163889010000000326e+02 3.012359221350581029e-04 2.937607429273398794e-04
7.163892135000000962e+02 2.897073840072712900e-04 2.939488550291035479e-04
7.163895260000000462e+02 3.044599020817443519e-04 2.941166075858835972e-04
7.163898384999999962e+02 3.606316425373905731e-04 2.942630932224887677e-04
7.163901510000000599e+02 2.938285003649546492e-04 2.943873556863595012e-04
7.163904635000000098e+02 3.638666322629664990e-04 2.944883868107971278e-04
7.163907760000000735e+02 2.932776518826199236e-04 2.945651232700959498e-04
7.163910885000000235e+02 2.855122168942550247e-04 2.946164431105635813e-04
7.163914010000000872e+02 2.558189261364903020e-04 2.946411620424603420e-04
7.163917135000000371e+02 2.286567758077578667e-04 2.946380294748177217e-04
7.163920260000001008e+02 2.885425795645364753e-04 2.946057242754261760e-04
7.163923385000000508e+02 2.681076306825841329e-04 2.945428502362457341e-04
7.163926510000000007e+02 3.017996139144635921e-04 2.944479312235454135e-04
7.163929635000000644e+02 3.516044557242631124e-04 2.943194059909605485e-04
7.163932760000000144e+02 3.533476775127752695e-04 2.941556226324787697e-04
7.163935885000000781e+02 2.451485660842881061e-04 2.939548326502002787e-04
7.163939010000000280e+02 3.333997712212210651e-04 2.937151846126776324e-04
7.163942135000000917e+02 2.618344206307836363e-04 2.934347173752184425e-04
7.163945260000000417e+02 3.020452269975332097e-04 2.931113528367803342e-04
7.163948385000001053e+02 2.753784661632106856e-04 2.927428882020759854e-04
7.163951510000000553e+02 2.686335351712912357e-04 2.923269877229803704e-04
7.163954635000000053e+02 2.889226995935807079e-04 2.918611738861360974e-04
7.163957760000000690e+02 2.742384179801019180e-04 2.913428180204353417e-04
7.163960885000000189e+02 2.979466801302325116e-04 2.907691302947639314e-04
7.163964010000000826e+02 2.853758520554788912e-04 2.901371490763077665e-04
7.163967135000000326e+02 2.715060379369096076e-04 2.894437296293970075e-04
7.163970260000000962e+02 2.873926841333953631e-04 2.886855321266464623e-04
7.163973385000000462e+02 2.764490643154615484e-04 2.878590089629483946e-04
7.163976509999999962e+02 2.607697178991790648e-04 2.869603913543655304e-04
7.163979635000000599e+02 2.735916541417795925e-04 2.859856752270903261e-04
7.163982760000000098e+02 2.880510857923361773e-04 2.849306064046897794e-04
7.163985885000000735e+02 2.643413605811245517e-04 2.837906651148090049e-04
7.163989010000000235e+02 2.782776957421284657e-04 2.825610498693278180e-04
7.163992135000000872e+02 2.490318660562615720e-04 2.812366607749198903e-04
7.163995260000000371e+02 2.388072571205601463e-04 2.798120823869412873e-04
7.163998385000001008e+02 2.818318424221198746e-04 2.782815662301084967e-04
7.164001510000000508e+02 2.560577109321821206e-04 2.766390131866831555e-04
7.164004635000000007e+02 2.596591781520113471e-04 2.748779559799581496e-04
7.164007760000000644e+02 3.361957030089420375e-04 2.729915420819283792e-04
7.164010885000000144e+02 2.563450972714924553e-04 2.709725174441482052e-04
7.164014010000000781e+02 2.506109059101757739e-04 2.688132115542074367e-04
7.164017135000000280e+02 2.832235691562262538e-04 2.665055244756615741e-04
7.164020260000000917e+02 2.721993980452256734e-04 2.640409166442623384e-04
7.164023385000000417e+02 2.581678022147387667e-04 2.614104024286444507e-04
7.164026510000001053e+02 2.100180555098850939e-04 2.586045486345700723e-04
7.164029635000000553e+02 2.474607928544007504e-04 2.556134794520280133e-04
7.164032760000000053e+02 2.487922209935396699e-04 2.524268895975285477e-04
7.164035885000000690e+02 2.039005686485877134e-04 2.490340678214713406e-04
7.164039010000000189e+02 2.299316089231807903e-04 2.454239333384177131e-04
7.164042135000000826e+02 2.487241079286600133e-04 2.415850882139478366e-04
7.164045260000000326e+02 2.287591999334885845e-04 2.375058893318141614e-04
7.164048385000000962e+02 1.866540816698070040e-04 2.331745440952417623e-04
7.164051510000000462e+02 2.092526459419925431e-04 2.285792347574405324e-04
7.164054634999999962e+02 1.776809530910949443e-04 2.237082768768909689e-04
7.164057760000000599e+02 2.130223028882468402e-04 2.185503181756946127e-04
7.164060885000000098e+02 2.005445231081490925e-04 2.130945846920312718e-04
7.164064010000000735e+02 1.955346346470746412e-04 2.073311816737498532e-04
7.164067135000000235e+02 1.978552934137061824e-04 2.012514571030190387e-04
7.164070260000000872e+02 2.174132548703785052e-04 1.948484356879290281e-04
7.164073385000000371e+02 1.602947344600389639e-04 1.881173308619584514e-04
7.164076510000001008e+02 1.699618043217165377e-04 1.810561410793034816e-04
7.164079635000000508e+02 1.786660782992283614e-04 1.736663347770025340e-04
7.164082760000000007e+02 1.498808310410030165e-04 1.659536249148314585e-04
7.164085885000000644e+02 1.415382066344243598e-04 1.579288292557351210e-04
7.164089010000000144e+02 1.435454488389391282e-04 1.496088056741755898e-04
7.164092135000000781e+02 1.375195641724598166e-04 1.410174427962401669e-04
7.164095260000000280e+02 1.573597193071184892e-04 1.321866750700604373e-04
7.164098385000000917e+02 1.197825885215592035e-04 1.231574776209010407e-04
7.164101510000000417e+02 1.638872782281490547e-04 1.139807810360427828e-04
7.164104635000001053e+02 9.874656573025548121e-05 1.047182297354531233e-04
7.164107760000000553e+02 1.178809815202370921e-04 9.544269220994738704e-05
7.164110885000000053e+02 1.058679040126589828e-04 8.623841864847645088e-05
7.164114010000000690e+02 8.858142614903980058e-05 7.720073517083807181e-05
7.164117135000000189e+02 7.428555396535856819e-05 6.843516686571145214e-05
7.164120260000000826e+02 6.256606694420626530e-05 6.005589811278513044e-05
7.164123385000000326e+02 6.947470756403403532e-05 5.218351113287398674e-05
7.164126510000000962e+02 6.179600843267249097e-05 4.494199322570237629e-05
7.164129635000000462e+02 7.606865438257262872e-05 3.845506898869633755e-05
7.164132759999999962e+02 2.633743228305517566e-05 3.284199033575876551e-05
7.164135885000000599e+02 4.417424970439342094e-05 2.821299646823708390e-05
7.164139010000000098e+02 2.755112013756571217e-05 2.466472579844997283e-05
7.164142135000000735e+02 1.438331222188020378e-05 2.227590953964367010e-05
7.164145260000000235e+02 2.220792133056073887e-05 2.110369038782505840e-05
7.164148385000000872e+02 2.411822201135091482e-05 2.118088182816731831e-05
7.164151510000000371e+02 3.214623460773142192e-05 2.251441370043451022e-05
7.164154635000001008e+02 2.211738776052123428e-05 2.508510479103362963e-05
7.164157760000000508e+02 1.898241287159635644e-05 2.884877792534478656e-05
7.164160885000000007e+02 2.943279669561620212e-05 3.373860596541012778e-05
7.164164010000000644e+02 3.349375051375214470e-05 3.966846723872245105e-05
7.164167135000000144e+02 4.209005099538671777e-05 4.653701154767077704e-05
7.164170260000000781e+02 4.389503778274051084e-05 5.423210147825314683e-05
7.164173385000000280e+02 5.310632750837449478e-05 6.263529871098580957e-05
7.164176510000000917e+02 6.781033160881401955e-05 7.162610542676171659e-05
7.164179635000000417e+02 5.671568493146863312e-05 8.108573516422910832e-05
7.164182760000001053e+02 8.191581961184032890e-05 9.090026357600378311e-05
7.164185885000000553e+02 1.029633351593226416e-04 1.009630849719807884e-04
7.164189010000000053e+02 9.135407292031047575e-05 1.111766671676045221e-04
7.164192135000000690e+02 1.048388699509697703e-04 1.214536487732564488e-04
7.164195260000000189e+02 1.007329915192631752e-04 1.317173584313332787e-04
7.164198385000000826e+02 1.359936531849598661e-04 1.419018549637804318e-04
7.164201510000000326e+02 1.298749884908683252e-04 1.519515934250499807e-04
7.164204635000000962e+02 1.133404751493952346e-04 1.618208184623735240e-04
7.164207760000000462e+02 1.813869980631151874e-04 1.714727757798751684e-04
7.164210884999999962e+02 1.517619639056770229e-04 1.808788187852133076e-04
7.164214010000000599e+02 1.777678806545268219e-04 1.900174721214909976e-04
7.164217135000000098e+02 1.967716258866832372e-04 1.988734991833028391e-04
7.164220260000000735e+02 1.846359335411936723e-04 2.074370074483550968e-04
7.164223385000000235e+02 2.192893136673445197e-04 2.157026140826673278e-04
7.164226510000000872e+02 2.365868694596270992e-04 2.236686853538927245e-04
7.164229635000000371e+02 2.755307367901181875e-04 2.313366561551003420e-04
7.164232760000001008e+02 2.771262378012977938e-04 2.387104309495597255e-04
7.164235885000000508e+02 2.581140338681815771e-04 2.457958636262369176e-04
7.164239010000000007e+02 2.487354548631145502e-04 2.526003115570783276e-04
7.164242135000000644e+02 2.763437514630105989e-04 2.591322575834881475e-04
7.164245260000000144e+02 3.176899010325045895e-04 2.654009930723985112e-04
7.164248385000000781e+02 2.831758639630415557e-04 2.714163550052158891e-04
7.164251510000000280e+02 2.782270515464674841e-04 2.771885101666649249e-04
7.164254635000000917e+02 3.033776982986942784e-04 2.827277800360174730e-04
7.164257760000000417e+02 2.828042119541863508e-04 2.880445003798009032e-04
7.164260885000001053e+02 2.587355860840548317e-04 2.931489102812254708e-04
7.164264010000000553e+02 3.293392817022470858e-04 2.980510658225398791e-04
7.164267135000000053e+02 3.598029215234544364e-04 3.027607743569701556e-04
7.164270260000000690e+02 2.959359559369470504e-04 3.072875457575521612e-04
7.164273385000000189e+02 3.236171151464071138e-04 3.116405576092938262e-04
7.164276510000000826e+02 3.191915959494868353e-04 3.158286317639593830e-04
7.164279635000000326e+02 3.583884573936470036e-04 3.198602200271259037e-04
7.164282760000000962e+02 3.974665980326205143e-04 3.237433971898447962e-04
7.164285885000000462e+02 3.009716943013020273e-04 3.274858598251736519e-04
7.164289009999999962e+02 3.497852235855491358e-04 3.310949296264221044e-04
7.164292135000000599e+02 3.523108991039712807e-04 3.345775602049624615e-04
7.164295260000000098e+02 3.554210029568216070e-04 3.379403465056392383e-04
7.164298385000000735e+02 3.200725075398154810e-04 3.411895361525373407e-04
7.164301510000000235e+02 3.763909200572477750e-04 3.443310421282379306e-04
7.164304635000000872e+02 3.648930459123865544e-04 3.473704563690089924e-04
7.164307760000000371e+02 3.668527730077168411e-04 3.503130638744162187e-04
7.164310885000001008e+02 3.471885102505679367e-04 3.531638570801384487e-04
7.164314010000000508e+02 4.136918960255248209e-04 3.559275502330811803e-04
7.164317135000000007e+02 3.599627856177281190e-04 3.586085936277592597e-04
7.164320260000000644e+02 3.905671014151863916e-04 3.612111875447664004e-04
7.164323385000000144e+02 3.902917591833379610e-04 3.637392958036568731e-04
7.164326510000000781e+02 3.749432194570730429e-04 3.661966588675297099e-04
7.164329635000000280e+02 4.295400615001110584e-04 3.685868064266881335e-04
7.164332760000000917e+02 3.970277874343003735e-04 3.709130694579584322e-04
7.164335885000000417e+02 3.565733830301289387e-04 3.731785917130884633e-04
7.164339010000001053e+02 3.567451715044043202e-04 3.753863406570909830e-04
7.164342135000000553e+02 3.864694463063673134e-04 3.775391178309337359e-04
7.164345260000000053e+02 3.793367050806344771e-04 3.796395686722576959e-04
7.164348385000000690e+02 3.974843788500902740e-04 3.816901917866232169e-04
7.164351510000000189e+02 3.767306625668817100e-04 3.836933476943558377e-04
7.164354635000000826e+02 3.896052469046450660e-04 3.856512670790971037e-04
7.164357760000000326e+02 3.948234689643328457e-04 3.875660585405714203e-04
7.164360885000000962e+02 3.987995122274995939e-04 3.894397158960333683e-04
7.164364010000000462e+02 4.252933417344248110e-04 3.912741250300444721e-04
7.164367134999999962e+02 3.815290827129841659e-04 3.930710703368400219e-04
7.164370260000000599e+02 4.104122863108154154e-04 3.948322407604044687e-04
7.164373385000000098e+02 3.569754998816603063e-04 3.965592354614156062e-04
7.164376510000000735e+02 4.226681756024476349e-04 3.982535691385321978e-04
7.164379635000000235e+02 3.975912484717187678e-04 3.999166770089048807e-04
7.164382760000000872e+02 4.009661184105139204e-04 4.015499194872199930e-04
7.164385885000000371e+02 4.287109031280560167e-04 4.031545865625311541e-04
7.164389010000001008e+02 3.862811229095292715e-04 4.047319019103344734e-04
7.164392135000000508e+02 3.830971153197106982e-04 4.062830267380290673e-04
7.164395260000000007e+02 4.217214706126359478e-04 4.078090633981491147e-04
7.164398385000000644e+02 3.481340129869532531e-04 4.093110587701882450e-04
7.164401510000000144e+02 3.858277975364624805e-04 4.107900074314368836e-04
7.164404635000000781e+02 3.289509747349720443e-04 4.122468546356679634e-04
7.164407760000000280e+02 4.257024450995565206e-04 4.136824990989251263e-04
7.164410885000000917e+02 4.696254382256838129e-04 4.150977956210499050e-04
7.164414010000000417e+02 3.976963101358907187e-04 4.164935575372051362e-04
7.164417135000001053e+02 4.218162722674945620e-04 4.178705590266194652e-04
7.164420260000000553e+02 4.315273149368752071e-04 4.192295372719030948e-04
7.164423385000000053e+02 3.935008382290910338e-04 4.205711944938924089e-04
7.164426510000000690e+02 4.376588553600613751e-04 4.218961998579687711e-04
7.164429635000000189e+02 4.499837887343659509e-04 4.232051912650389202e-04
7.164432760000000826e+02 4.206106001218743676e-04 4.244987770393265328e-04
7.164435885000000326e+02 4.568498131808294794e-04 4.257775375080162451e-04
7.164439010000000962e+02 3.947444969098212199e-04 4.270420264940158928e-04
7.164442135000000462e+02 4.146859263899428704e-04 4.282927727128564132e-04
7.164445259999999962e+02 4.154702262560099448e-04 4.295302810938475416e-04
7.164448385000000599e+02 3.592640913668152447e-04 4.307550340191940966e-04
7.164451510000000098e+02 3.891355301394362363e-04 4.319674924907302782e-04
7.164454635000000735e+02 4.518531653382173996e-04 4.331680972332158878e-04
7.164457760000000235e+02 4.339190249987132271e-04 4.343572697274317032e-04
7.164460885000000872e+02 3.955554069780794005e-04 4.355354131907424953e-04
7.164464010000000371e+02 4.233453472221139014e-04 4.367029134948904835e-04
7.164467135000001008e+02 4.406083527595328411e-04 4.378601400383537825e-04
7.164470260000000508e+02 4.343485969237693479e-04 4.390074465628107029e-04
