7.081504894999999351e+02 3.649481356174143014e-04 3.227409787122177318e-04
7.081508019999999988e+02 3.554796714102305974e-04 3.233949021972038949e-04
7.081511144999999487e+02 3.673857074912716971e-04 3.240103890168940658e-04
7.081514270000000124e+02 2.982751872151145857e-04 3.245858916581602946e-04
7.081517394999999624e+02 3.252135558836584178e-04 3.251197901744314902e-04
7.081520520000000261e+02 3.583826859564310597e-04 3.256103884910874929e-04
7.081523644999999760e+02 3.413220872666207105e-04 3.260559105207958669e-04
7.081526770000000397e+02 3.352344423055243555e-04 3.264544960879256236e-04
7.081529894999999897e+02 3.578859857474454278e-04 3.268041966495209777e-04
7.081533019999999397e+02 3.654614234219515567e-04 3.271029708114582546e-04
7.081536145000000033e+02 3.166015425881783937e-04 3.273486796299276231e-04
7.081539269999999533e+02 3.001456246840938751e-04 3.275390816949231882e-04
7.081542395000000170e+02 3.876683291747260807e-04 3.276718279918540357e-04
7.081545519999999669e+02 3.488413406546546748e-04 3.277444565362464001e-04
7.081548645000000306e+02 3.587036655112463019e-04 3.277543867819179965e-04
7.081551769999999806e+02 3.228993972694054956e-04 3.276989138012514837e-04
7.081554894999999306e+02 3.227525200568817166e-04 3.275752022408312124e-04
7.081558019999999942e+02 3.186045010017115806e-04 3.273802800570658079e-04
7.081561144999999442e+02 3.207428146965747963e-04 3.271110320408675645e-04
7.081564270000000079e+02 3.250450417170840946e-04 3.267641931424401422e-04
7.081567394999999578e+02 3.035560317244457348e-04 3.263363416155591243e-04
7.081570520000000215e+02 3.237183222882307910e-04 3.258238920009842395e-04
7.081573644999999715e+02 2.879133989235739630e-04 3.252230879825852741e-04
7.081576770000000352e+02 3.503136659404989172e-04 3.245299951486072323e-04
7.081579894999999851e+02 3.077487749607684580e-04 3.237404937108577735e-04
7.081583019999999351e+02 2.810428345421253030e-04 3.228502712328759627e-04
7.081586144999999988e+02 3.152334183195485383e-04 3.218548154433731432e-04
7.081589269999999487e+02 3.000728828655558592e-04 3.207494072188941860e-04
7.081592395000000124e+02 2.804341731862439700e-04 3.195291138341420194e-04
7.081595519999999624e+02 3.112109809402964630e-04 3.181887826129333992e-04
7.081598645000000261e+02 2.572186153101190214e-04 3.167230351137563407e-04
7.081601769999999760e+02 2.905855196151159599e-04 3.151262620378088145e-04
7.081604895000000397e+02 2.757949223549457799e-04 3.133926190485345582e-04
7.081608019999999897e+02 3.014971747271246588e-04 3.115160237600472781e-04
7.081611144999999397e+02 2.934478939741464029e-04 3.094901541575058182e-04
7.081614270000000033e+02 2.910239010795847084e-04 3.073084487915545438e-04
7.081617394999999533e+02 2.973272838578786166e-04 3.049641091215613041e-04
7.081620520000000170e+02 2.577944416296542793e-04 3.024501044372269933e-04
7.081623644999999669e+02 2.507721973178918067e-04 2.997591798847567494e-04
7.081626770000000306e+02 2.629326198729714298e-04 2.968838681503494165e-04
7.081629894999999806e+02 3.173402026253722042e-04 2.938165054919786453e-04
7.081633019999999306e+02 3.192954966476900807e-04 2.905492528413116077e-04
7.081636144999999942e+02 2.426107437991892421e-04 2.870741228512394992e-04
7.081639269999999442e+02 2.464317894317419539e-04 2.833830138370270176e-04
7.081642395000000079e+02 2.139413428396401038e-04 2.794677516661450570e-04
7.081645519999999578e+02 2.797938223145515985e-04 2.753201408173243402e-04
7.081648645000000215e+02 2.580389449798640381e-04 2.709320258751767713e-04
7.081651769999999715e+02 2.642648679450272675e-04 2.662953649343521032e-04
7.081654895000000352e+02 2.575877993946283314e-04 2.614023164075762349e-04
7.081658019999999851e+02 2.314565130000436504e-04 2.562453409337701990e-04
7.081661144999999351e+02 2.127609476573277076e-04 2.508173200610464264e-04
7.081664269999999988e+02 2.068112702763890743e-04 2.451116935246536719e-04
7.081667394999999487e+02 1.979045511927394487e-04 2.391226168871374606e-04
7.081670520000000124e+02 2.015397265808962341e-04 2.328451412438449053e-04
7.081673644999999624e+02 1.756474606528203261e-04 2.262754166358528095e-04
7.081676770000000261e+02 2.013143541214476237e-04 2.194109204475336913e-04
7.081679894999999760e+02 1.736045769615823515e-04 2.122507118315563278e-04
7.081683020000000397e+02 2.120676782428843824e-04 2.047957125168206030e-04
7.081686144999999897e+02 1.831592792825606866e-04 1.970490137793615257e-04
7.081689269999999397e+02 1.537975148424001082e-04 1.890162082373440561e-04
7.081692395000000033e+02 1.919152922248762634e-04 1.807057440616747124e-04
7.081695519999999533e+02 1.570077460661425635e-04 1.721292976048783272e-04
7.081698645000000170e+02 1.623059159657604729e-04 1.633021586464923082e-04
7.081701769999999669e+02 1.492364553374199963e-04 1.542436204701573294e-04
7.081704895000000306e+02 1.283613716312121994e-04 1.449773644468019924e-04
7.081708019999999806e+02 1.067153394211544151e-04 1.355318264123405922e-04
7.081711144999999306e+02 1.670167729918159297e-04 1.259405292134476719e-04
7.081714269999999942e+02 1.234717423534991993e-04 1.162423632848247378e-04
7.081717394999999442e+02 1.258035355934403274e-04 1.064817945202955557e-04
7.081720520000000079e+02 1.281260659969164545e-04 9.670897666725319886e-05
7.081723644999999578e+02 9.866626022742440070e-05 8.697974432563223873e-05
7.081726770000000215e+02 6.624131409296207991e-05 7.735546225130073429e-05
7.081729894999999715e+02 8.681490979389610305e-05 6.790270814388360782e-05
7.081733020000000352e+02 5.512190863978945037e-05 5.869276889889375986e-05
7.081736144999999851e+02 6.323661105834592019e-05 4.980093558376752657e-05
7.081739269999999351e+02 6.076762001519262564e-05 4.130558940452502218e-05
7.081742394999999988e+02 5.642181875625513034e-05 3.328708047533737382e-05
7.081745519999999487e+02 5.601550486997790789e-05 2.582641229214973751e-05
7.081748645000000124e+02 5.637976843122544682e-05 1.900375735467594261e-05
7.081751769999999624e+02 4.583256851882587247e-05 1.289684251979197802e-05
7.081754895000000261e+02 6.218938536270785997e-05 7.579255028352642187e-06
7.081758019999999760e+02 4.404114054627007090e-05 3.118731086099261035e-06
7.081761145000000397e+02 2.779641227242857411e-05 -4.245034613847592413e-07
7.081764269999999897e+02 2.163216080223377778e-05 -2.999266960575884386e-06
7.081767394999999397e+02 1.478545896393908726e-05 -4.564758177589772225e-06
7.081770520000000033e+02 2.394844888817896240e-05 -5.091629182671965494e-06
7.081773644999999533e+02 1.202709181324389579e-05 -4.562740800019794462e-06
7.081776770000000170e+02 1.916289463809734206e-05 -2.973562481708994059e-06
7.081779894999999669e+02 1.221184859377181229e-05 -3.321975942131229963e-07
7.081783020000000306e+02 1.495830811767754092e-05 3.340964272776355525e-06
7.081786144999999806e+02 8.194206547285893492e-06 8.013946009634925706e-06
7.081789269999999306e+02 7.666358657863998427e-06 1.364419251185785315e-05
7.081792394999999942e+02 2.690522885559150818e-05 2.017983605526144385e-05
7.081795519999999442e+02 1.341110923946473603e-05 2.756115244424723064e-05
7.081798645000000079e+02 1.687677895524057338e-05 3.572213783817214502e-05
7.081801769999999578e+02 1.324857451672098679e-05 4.459213605799222728e-05
7.081804895000000215e+02 2.565797082447304997e-05 5.409745081839506645e-05
7.081808019999999715e+02 3.555298542725577400e-05 6.416288524244541467e-05
7.081811145000000352e+02 4.109999097654403637e-05 7.471316178341679676e-05
7.081814269999999851e+02 4.663466234505774834e-05 8.567418734943919184e-05
7.081817394999999351e+02 5.370937811894529714e-05 9.697414075843267063e-05
7.081820519999999988e+02 6.419405971439507926e-05 1.085443708749792832e-04
7.081823644999999487e+02 7.933533624715740826e-05 1.203201039876725174e-04
7.081826770000000124e+02 9.517980854313280107e-05 1.322409673044491263e-04
7.081829894999999624e+02 1.053105825820581224e-04 1.442513416462879458e-04
7.081833020000000261e+02 1.196815547096485301e-04 1.563005610697467383e-04
7.081836144999999760e+02 1.375887340320729288e-04 1.683429795015260397e-04
7.081839270000000397e+02 1.444191773955633411e-04 1.803379258325400053e-04
7.081842394999999897e+02 1.618404220205356056e-04 1.922495684876039375e-04
7.081845519999999397e+02 1.530805657725963257e-04 2.040467096783964433e-04
7.081848645000000033e+02 2.097223410079950305e-04 2.157025275762308736e-04
7.081851769999999533e+02 2.062975023429183005e-04 2.271942826801612682e-04
7.081854895000000170e+02 2.048520097038253047e-04 2.385030023577261731e-04
7.081858019999999669e+02 2.292135285574027907e-04 2.496131550764305214e-04
7.081861145000000306e+02 2.626264085552295941e-04 2.605123238652021960e-04
7.081864269999999806e+02 2.422895864581842585e-04 2.711908862493994806e-04
7.081867394999999306e+02 2.700740943796623729e-04 2.816417063492736230e-04
7.081870519999999942e+02 2.808283415015135390e-04 2.918598430401213263e-04
7.081873644999999442e+02 2.959864489074670070e-04 3.018422768954675205e-04
7.081876770000000079e+02 3.091672227754433864e-04 3.115876575442882751e-04
7.081879894999999578e+02 3.051141609994573569e-04 3.210960720787168999e-04
7.081883020000000215e+02 3.111223420120459021e-04 3.303688346758386915e-04
7.081886144999999715e+02 3.195176656022724192e-04 3.394082968603457946e-04
7.081889270000000352e+02 3.888855936911690897e-04 3.482176776874625740e-04
7.081892394999999851e+02 3.759802931589733221e-04 3.568009126505539792e-04
7.081895519999999351e+02 3.547517358438592532e-04 3.651625201648051478e-04
7.081898644999999988e+02 3.824074598157595510e-04 3.733074842048340739e-04
7.081901769999999487e+02 4.433457103445650072e-04 3.812411517568225399e-04
7.081904895000000124e+02 4.371977977074989691e-04 3.889691437490937599e-04
7.081908019999999624e+02 3.853082792067177549e-04 3.964972780655315874e-04
7.081911145000000261e+02 4.923235264874654092e-04 4.038315034706643596e-04
7.081914269999999760e+02 4.467716487989644185e-04 4.109778431725554632e-04
7.081917395000000397e+02 4.542156441340057917e-04 4.179423470122378779e-04
7.081920519999999897e+02 4.540648824132322275e-04 4.247310511839938615e-04
7.081923644999999397e+02 4.554946419661119695e-04 4.313499446462890682e-04
7.081926770000000033e+02 5.355671757122997759e-04 4.378049413250616521e-04
7.081929894999999533e+02 5.261191206130293521e-04 4.441018573860996944e-04
7.081933020000000170e+02 5.108978713266923953e-04 4.502463929272123178e-04
7.081936144999999669e+02 4.808162031196091439e-04 4.562441174347716148e-04
7.081939270000000306e+02 4.902132932225551545e-04 4.621004585455341820e-04
7.081942394999999806e+02 5.063952750060261767e-04 4.678206935741512128e-04
7.081945519999999306e+02 5.262756561191097660e-04 4.734099434624418454e-04
7.081948644999999942e+02 5.618313088859562500e-04 4.788731687351656450e-04
7.081951769999999442e+02 5.421719790528763518e-04 4.842151671691567434e-04
7.081954895000000079e+02 4.929612062230650854e-04 4.894405729194450157e-04
7.081958019999999578e+02 5.475455673008864732e-04 4.945538568144607506e-04
7.081961145000000215e+02 5.735715067047797390e-04 4.995593276734049083e-04
7.081964269999999715e+02 5.385811830460996525e-04 5.044611344060587589e-04
7.081967395000000352e+02 5.834354998582245684e-04 5.092632688005677751e-04
7.081970519999999851e+02 5.629788553065456433e-04 5.139695688086287498e-04
7.081973644999999351e+02 6.093870543863502123e-04 5.185837222703255575e-04
7.081976769999999988e+02 5.466800734109321901e-04 5.231092709377493499e-04
7.081979894999999487e+02 6.352239056881731939e-04 5.275496147336670603e-04
7.081983020000000124e+02 5.281575885054223644e-04 5.319080161914139767e-04
7.081986144999999624e+02 5.534184836797151688e-04 5.361876049768797168e-04
7.081989270000000261e+02 5.768146049898943738e-04 5.403913824935178533e-04
7.081992394999999760e+02 5.950796909816887361e-04 5.445222264787251800e-04
7.081995520000000397e+02 6.008785946862120605e-04 5.485828956075927947e-04
7.081998644999999897e+02 5.651297594402548670e-04 5.525760340272711704e-04
7.082001769999999397e+02 5.362718101663904117e-04 5.565041758460513533e-04
7.082004895000000033e+02 5.696198369392376903e-04 5.603697495216402973e-04
7.082008019999999533e+02 5.797054516707045475e-04 5.641750821496374461e-04
7.082011145000000170e+02 5.663722680558235141e-04 5.679224036545661540e-04
7.082014269999999669e+02 6.115301007954284220e-04 5.716138508402996950e-04
7.082017395000000306e+02 5.685808178846996986e-04 5.752514713366660253e-04
7.082020519999999806e+02 6.829787299108525632e-04 5.788372273944626493e-04
7.082023644999999306e+02 6.425491566857563465e-04 5.823729995681077012e-04
7.082026769999999942e+02 6.397414575777712322e-04 5.858605902513752337e-04
7.082029894999999442e+02 5.201060300877321076e-04 5.893017270799076482e-04
7.082033020000000079e+02 6.066658937400007823e-04 5.926980662136674795e-04
7.082036144999999578e+02 5.224520553208121315e-04 5.960511954695948316e-04
7.082039270000000215e+02 6.045473322640112102e-04 5.993626373455247574e-04
7.082042394999999715e+02 5.412083879348785018e-04 6.026338518985923471e-04
7.082045520000000352e+02 5.583284418846620788e-04 6.058662395203296119e-04
7.082048644999999851e+02 6.000842078914349386e-04 6.090611435733415176e-04
7.082051769999999351e+02 6.248362506371912643e-04 6.122198529301676843e-04
7.082054894999999988e+02 6.870632140390501739e-04 6.153436043884976574e-04
7.082058019999999487e+02 6.223181531113085307e-04 6.184335849787307585e-04
7.082061145000000124e+02 6.650969494160554338e-04 6.214909341788714533e-04
7.082064269999999624e+02 5.629787089917789172e-04 6.245167460125324380e-04
7.082067395000000261e+02 5.880141147024908711e-04 6.275120710688065389e-04
7.082070519999999760e+02 6.125125426160766976e-04 6.304779184123112095e-04
7.082073645000000397e+02 6.152622374913829968e-04 6.334152574224837396e-04
7.082076769999999897e+02 6.543529263818554211e-04 6.363250195310086229e-04
7.082079894999999397e+02 6.556078998289483319e-04 6.392080998945453771e-04
7.082083020000000033e+02 6.380552579268039407e-04 6.420653589794285800e-04
7.082086144999999533e+02 6.079851038881733602e-04 6.448976240727367004e-04
7.082089270000000170e+02 5.773603403943406050e-04 6.477056907332287995e-04
7.082092394999999669e+02 6.003926123406580452e-04 6.504903241595567150e-04
7.082095520000000306e+02 6.089829689746771796e-04 6.532522605107805901e-04
7.082098644999999806e+02 6.159664545672947390e-04 6.559922081494835334e-04
7.082101769999999306e+02 5.710480916018512111e-04 6.587108488417975924e-04
7.082104894999999942e+02 6.486477330427957606e-04 6.614088388918337594e-04
7.082108019999999442e+02 6.462425371137976628e-04 6.640868102233955751e-04
7.082111145000000079e+02 6.121894187820943597e-04 6.667453714211263316e-04
7.082114269999999578e+02 6.004605279123997018e-04 6.693851087090883778e-04
7.082117395000000215e+02 5.926631577310114123e-04 6.720065868992638374e-04
7.082120519999999715e+02 6.233077807611659251e-04 6.746103502812154581e-04
7.082123645000000352e+02 6.062548256687117594e-04 6.771969234857438480e-04
7.082126769999999851e+02 6.418045987131527821e-04 6.797668122940136786e-04
