7.077507534999999734e+02 3.812725906454880764e-04 3.460389380180651413e-04
7.077510660000000371e+02 3.600410002868190888e-04 3.466496957840119295e-04
7.077513784999999871e+02 3.309229870419451804e-04 3.472166526162872549e-04
7.077516910000000507e+02 4.119305758230496915e-04 3.477380186383589194e-04
7.077520035000000007e+02 3.266877167155848687e-04 3.482119191997773465e-04
7.077523160000000644e+02 3.902747651580879560e-04 3.486363905283824602e-04
7.077526285000000144e+02 3.789412554792659870e-04 3.490093751623965426e-04
7.077529410000000780e+02 3.690265985141199384e-04 3.493287171604993755e-04
7.077532535000000280e+02 4.102405794542723005e-04 3.495921570780500805e-04
7.077535659999999780e+02 3.994076973859038600e-04 3.497973267074680980e-04
7.077538785000000416e+02 3.530297999716145970e-04 3.499417435741667467e-04
7.077541909999999916e+02 4.043683074337673018e-04 3.500228051855205978e-04
7.077545035000000553e+02 3.465173026183751451e-04 3.500377830301070457e-04
7.077548160000000053e+02 3.359619049473438037e-04 3.499838163253845679e-04
7.077551285000000689e+02 3.698618128798606742e-04 3.498579055159478906e-04
7.077554410000000189e+02 3.019988655074311236e-04 3.496569055263051991e-04
7.077557534999999689e+02 3.652318190920655363e-04 3.493775187750873404e-04
7.077560660000000325e+02 3.379836004727461581e-04 3.490162879628710036e-04
7.077563784999999825e+02 3.616970523358530617e-04 3.485695886502379994e-04
7.077566910000000462e+02 3.535664709509998057e-04 3.480336216462223253e-04
7.077570034999999962e+02 3.507606050271933670e-04 3.474044052400751081e-04
7.077573160000000598e+02 3.333800344750294763e-04 3.466777673084761851e-04
7.077576285000000098e+02 3.509683207442110893e-04 3.458493373514564639e-04
7.077579410000000735e+02 3.457521926470385728e-04 3.449145385080470039e-04
7.077582535000000235e+02 3.214811529175289886e-04 3.438685796319035587e-04
7.077585659999999734e+02 3.643320548342472579e-04 3.427064475050497485e-04
7.077588785000000371e+02 3.014289827870099371e-04 3.414228993031749224e-04
7.077591909999999871e+02 2.655007774930043338e-04 3.400124554369653726e-04
7.077595035000000507e+02 3.351490799616432359e-04 3.384693929151546643e-04
7.077598160000000007e+02 3.050714298295645940e-04 3.367877394216268593e-04
7.077601285000000644e+02 3.070253620365351321e-04 3.349612683030946873e-04
7.077604410000000144e+02 2.983265264498595254e-04 3.329834947356659748e-04
7.077607535000000780e+02 2.896316809357953720e-04 3.308476733440836141e-04
7.077610660000000280e+02 2.882132276857921494e-04 3.285467976375793940e-04
7.077613784999999780e+02 2.766733722917402000e-04 3.260736016387035582e-04
7.077616910000000416e+02 3.104661209746370650e-04 3.234205641852967781e-04
7.077620034999999916e+02 3.043386452129176792e-04 3.205799164323276293e-04
7.077623160000000553e+02 2.470648254513263965e-04 3.175436531549752470e-04
7.077626285000000053e+02 2.522412880815558429e-04 3.143035485794886817e-04
7.077629410000000689e+02 2.729442536797937590e-04 3.108511775085068718e-04
7.077632535000000189e+02 2.728241773777667330e-04 3.071779426823079769e-04
7.077635659999999689e+02 3.037337401461646675e-04 3.032751093615727888e-04
7.077638785000000325e+02 2.733450268314535961e-04 2.991338483075206209e-04
7.077641909999999825e+02 2.458583079578411431e-04 2.947452884251469500e-04
7.077645035000000462e+02 2.392384252570501843e-04 2.901005804631099825e-04
7.077648159999999962e+02 2.554544572015170537e-04 2.851909733552955594e-04
7.077651285000000598e+02 2.396069441150687669e-04 2.800079048307106059e-04
7.077654410000000098e+02 2.701845752754390207e-04 2.745431081420435823e-04
7.077657535000000735e+02 2.423313004551112923e-04 2.687887367515639473e-04
7.077660660000000235e+02 2.361153130738269932e-04 2.627375089990426505e-04
7.077663784999999734e+02 1.990983622507158982e-04 2.563828746771984403e-04
7.077666910000000371e+02 2.110831823530740046e-04 2.497192055108854078e-04
7.077670034999999871e+02 1.904436434500489318e-04 2.427420113412069732e-04
7.077673160000000507e+02 2.047565694472266258e-04 2.354481835696756815e-04
7.077676285000000007e+02 2.203036311903591293e-04 2.278362671294657967e-04
7.077679410000000644e+02 2.491460177540402113e-04 2.199067615578323041e-04
7.077682535000000144e+02 1.813996841111616023e-04 2.116624511470752037e-04
7.077685660000000780e+02 1.833516636692529361e-04 2.031087629707543593e-04
7.077688785000000280e+02 1.984975092970898058e-04 1.942541504736354106e-04
7.077691909999999780e+02 1.829427466400516359e-04 1.851104985274253361e-04
7.077695035000000416e+02 1.567257358823398472e-04 1.756935440881939189e-04
7.077698159999999916e+02 1.636350112364403817e-04 1.660233042154654875e-04
7.077701285000000553e+02 1.542059360320225401e-04 1.561245006162231158e-04
7.077704410000000053e+02 1.556362360731168234e-04 1.460269671494544635e-04
7.077707535000000689e+02 1.436650835459946270e-04 1.357660235116878503e-04
7.077710660000000189e+02 1.290032656974261760e-04 1.253827955106057396e-04
7.077713784999999689e+02 1.433068530431802013e-04 1.149244592566906734e-04
7.077716910000000325e+02 9.933476569970063337e-05 1.044443844182844005e-04
7.077720034999999825e+02 1.157414989737298223e-04 9.400214995320646701e-05
7.077723160000000462e+02 1.188990293864526638e-04 8.366340528654637695e-05
7.077726284999999962e+02 9.969616292532614606e-05 7.349955115493032485e-05
7.077729410000000598e+02 9.507742982227123817e-05 6.358721718066848183e-05
7.077732535000000098e+02 8.233869840521699710e-05 5.400751878267729832e-05
7.077735660000000735e+02 6.851144757091612856e-05 4.484508353514961776e-05
7.077738785000000235e+02 5.629596123858995465e-05 3.618684748104714023e-05
7.077741909999999734e+02 4.307367795149383879e-05 2.812063400265583734e-05
7.077745035000000371e+02 5.143361499886232229e-05 2.073354194815246160e-05
7.077748159999999871e+02 6.236408694677786303e-05 1.411018419618894835e-05
7.077751285000000507e+02 4.230661733521607287e-05 8.330832012423726121e-06
7.077754410000000007e+02 2.688424779814891854e-05 3.469532986835184225e-06
7.077757535000000644e+02 2.825646705130682796e-05 -4.077206534919560877e-07
7.077760660000000144e+02 2.992784412526218536e-05 -3.244691775468181744e-06
7.077763785000000780e+02 1.537707578060207138e-05 -4.996385478079383269e-06
7.077766910000000280e+02 1.727909526869223902e-05 -5.630249672117481440e-06
7.077770034999999780e+02 1.390480834427121829e-05 -5.127027806962803360e-06
7.077773160000000416e+02 1.241437449429929328e-05 -3.481220022214255939e-06
7.077776284999999916e+02 5.203770311359870027e-06 -7.011303186351934162e-07
7.077779410000000553e+02 6.084001810948843031e-06 3.191499596686644798e-06
7.077782535000000053e+02 2.082311375860809754e-05 8.162246240160371701e-06
7.077785660000000689e+02 1.954862586827581822e-05 1.416510594509600439e-05
7.077788785000000189e+02 8.037218473221025082e-06 2.114388126275917542e-05
7.077791909999999689e+02 2.635118869633020042e-05 2.903377990101620924e-05
7.077795035000000325e+02 1.917350450955959787e-05 3.776314805625680007e-05
7.077798159999999825e+02 1.737410223682916762e-05 4.725525998009164112e-05
7.077801285000000462e+02 2.277177944311036871e-05 5.743009066222329090e-05
7.077804409999999962e+02 3.053137676443771912e-05 6.820600746394134772e-05
7.077807535000000598e+02 4.670554894240419499e-05 7.950132860263950732e-05
7.077810660000000098e+02 3.611093240085167547e-05 9.123570950633153802e-05
7.077813785000000735e+02 5.478315869161775578e-05 1.033313318794525261e-04
7.077816910000000235e+02 7.681388568594537216e-05 1.157138828566218287e-04
7.077820034999999734e+02 1.073412712547314868e-04 1.283133231298154290e-04
7.077823160000000371e+02 1.047198809277660888e-04 1.410644519310105349e-04
7.077826284999999871e+02 1.096534972277552009e-04 1.539072839262219182e-04
7.077829410000000507e+02 1.280436388025282292e-04 1.667872579171868490e-04
7.077832535000000007e+02 1.561381762606198979e-04 1.796552999107663606e-04
7.077835660000000644e+02 1.670118121007854132e-04 1.924677644903438449e-04
7.077838785000000144e+02 1.424806110543278014e-04 2.051862778675200057e-04
7.077841910000000780e+02 1.795341700618794203e-04 2.177775050032119085e-04
7.077845035000000280e+02 2.490684969752299791e-04 2.302128609013071763e-04
7.077848159999999780e+02 1.748211032567740337e-04 2.424681840667895305e-04
7.077851285000000416e+02 2.227512388544628831e-04 2.545233872753573882e-04
7.077854409999999916e+02 2.220928712704639931e-04 2.663620983741518916e-04
7.077857535000000553e+02 2.544180400578142324e-04 2.779713013626962576e-04
7.077860660000000053e+02 2.810526046389356589e-04 2.893409855967654068e-04
7.077863785000000689e+02 2.722128239042123535e-04 3.004638092013694854e-04
7.077866910000000189e+02 3.177702839527602732e-04 3.113347807910638813e-04
7.077870034999999689e+02 3.451873019164464879e-04 3.219509624173659545e-04
7.077873160000000325e+02 2.809405275177269596e-04 3.323111952531808216e-04
7.077876284999999825e+02 3.040426656261541031e-04 3.424158487308608676e-04
7.077879410000000462e+02 3.536896060944873374e-04 3.522665931161716329e-04
7.077882534999999962e+02 3.515921143663496874e-04 3.618661948275883828e-04
7.077885660000000598e+02 4.411337336939922995e-04 3.712183336245856763e-04
7.077888785000000098e+02 4.214203204198954103e-04 3.803274402937245136e-04
7.077891910000000735e+02 4.390017875798202154e-04 3.891985535221544317e-04
7.077895035000000235e+02 4.103085534980870606e-04 3.978371943409793506e-04
7.077898159999999734e+02 4.514330347511717745e-04 4.062492567072006552e-04
7.077901285000000371e+02 4.277624746023331705e-04 4.144409126272549865e-04
7.077904409999999871e+02 5.300179272588446087e-04 4.224185303938404810e-04
7.077907535000000507e+02 5.322789984604193395e-04 4.301886045756764363e-04
7.077910660000000007e+02 4.693164745856360392e-04 4.377576963877777825e-04
7.077913785000000644e+02 5.069962483266032133e-04 4.451323833295848641e-04
7.077916910000000144e+02 5.073664816751290163e-04 4.523192168981665456e-04
7.077920035000000780e+02 4.989487381366758401e-04 4.593246874623380820e-04
7.077923160000000280e+02 4.551351907438803924e-04 4.661551953066085034e-04
7.077926284999999780e+02 5.076753106327265390e-04 4.728170271138010011e-04
7.077929410000000416e+02 5.446323298646379638e-04 4.793163370960706513e-04
7.077932534999999916e+02 4.841941473361964857e-04 4.856591321567539578e-04
7.077935660000000553e+02 5.071252248399763700e-04 4.918512605348455058e-04
7.077938785000000053e+02 5.359631724479814365e-04 4.978984033713538789e-04
7.077941910000000689e+02 5.656211390273448505e-04 5.038060688275224379e-04
7.077945035000000189e+02 5.355312079504993827e-04 5.095795882964768760e-04
7.077948159999999689e+02 6.036582814177364172e-04 5.152241144397168163e-04
7.077951285000000325e+02 6.078360496499392697e-04 5.207446207007419576e-04
7.077954409999999825e+02 5.810971392550165178e-04 5.261459020643399981e-04
7.077957535000000462e+02 5.400368262587858150e-04 5.314325768607262640e-04
7.077960659999999962e+02 5.185733736126116973e-04 5.366090893756913756e-04
7.077963785000000598e+02 6.232588186576362710e-04 5.416797131647831847e-04
7.077966910000000098e+02 5.773171858185828943e-04 5.466485548704971527e-04
7.077970035000000735e+02 5.383276395646317347e-04 5.515195584837159683e-04
7.077973160000000235e+02 6.095338586925604096e-04 5.562965098890324325e-04
7.077976284999999734e+02 6.103089727088875562e-04 5.609830416642993221e-04
7.077979410000000371e+02 6.250676453747776914e-04 5.655826380170359251e-04
7.077982534999999871e+02 6.228236901795634536e-04 5.700986398153945695e-04
7.077985660000000507e+02 6.344755214798665716e-04 5.745342496787797385e-04
7.077988785000000007e+02 6.723433974359275351e-04 5.788925370446401089e-04
7.077991910000000644e+02 6.468574347860556054e-04 5.831764432275274085e-04
7.077995035000000144e+02 6.373998715323115705e-04 5.873887863903807594e-04
7.077998160000000780e+02 6.276448032058393059e-04 5.915322664558779519e-04
7.078001285000000280e+02 6.261430855413286983e-04 5.956094698897001572e-04
7.078004409999999780e+02 7.344144250704179571e-04 5.996228743890316248e-04
7.078007535000000416e+02 6.502472834067197062e-04 6.035748534272526462e-04
7.078010659999999916e+02 6.567740857026933658e-04 6.074676806624046844e-04
7.078013785000000553e+02 6.451248338999240059e-04 6.113035342175618956e-04
7.078016910000000053e+02 6.209316182066614486e-04 6.150845007938784883e-04
7.078020035000000689e+02 5.817082237195758589e-04 6.188125796581815316e-04
7.078023160000000189e+02 6.293652142322940166e-04 6.224896864598497342e-04
7.078026284999999689e+02 6.440195665579545375e-04 6.261176569202698454e-04
7.078029410000000325e+02 6.041680310023228671e-04 6.296982503621368797e-04
7.078032534999999825e+02 6.446053625998834132e-04 6.332331530948845074e-04
7.078035660000000462e+02 6.459403594152472511e-04 6.367239816717015647e-04
7.078038784999999962e+02 6.109936182061247428e-04 6.401722859892239976e-04
7.078041910000000598e+02 6.937482799059183211e-04 6.435795522734461850e-04
7.078045035000000098e+02 6.568947520782001618e-04 6.469472059152020288e-04
7.078048160000000735e+02 5.980854578418966011e-04 6.502766141995683542e-04
7.078051285000000235e+02 5.656092067954143548e-04 6.535690888938436782e-04
7.078054409999999734e+02 5.800218274069914547e-04 6.568258887365472330e-04
7.078057535000000371e+02 6.842216713511629694e-04 6.600482218013523431e-04
7.078060659999999871e+02 6.376261617264321292e-04 6.632372477528241219e-04
7.078063785000000507e+02 6.300301045811274600e-04 6.663940800097538711e-04
7.078066910000000007e+02 6.531659300555671052e-04 6.695197877913299303e-04
7.078070035000000644e+02 6.137468016121470785e-04 6.726153980863197645e-04
7.078073160000000144e+02 7.238242888719611558e-04 6.756818975126582935e-04
7.078076285000000780e+02 6.235733393406789164e-04 6.787202341078727970e-04
7.078079410000000280e+02 7.206143085282849066e-04 6.817313190182212185e-04
7.078082534999999780e+02 6.600697320706057402e-04 6.847160281249624640e-04
7.078085660000000416e+02 6.783334907680328056e-04 6.876752035836077677e-04
7.078088784999999916e+02 6.320740165954922803e-04 6.906096552909792626e-04
7.078091910000000553e+02 6.320920807838842533e-04 6.935201622939927936e-04
7.078095035000000053e+02 6.492505826605641985e-04 6.964074741166726952e-04
7.078098160000000689e+02 6.572845851845359778e-04 6.992723120415901810e-04
7.078101285000000189e+02 6.784066673952186214e-04 7.021153703148272059e-04
7.078104409999999689e+02 6.432609390054960709e-04 7.049373173099277804e-04
7.078107535000000325e+02 6.873759562147767907e-04 7.077387966273724317e-04
7.078110659999999825e+02 7.176362163070248209e-04 7.105204281428060056e-04
7.078113785000000462e+02 6.729966843022159445e-04 7.132828090165132650e-04
7.078116909999999962e+02 6.804402469505355794e-04 7.160265146411621835e-04
7.078120035000000598e+02 6.139834929235391371e-04 7.187520995614370221e-04
7.078123160000000098e+02 6.276219090990261748e-04 7.214600983355485197e-04
7.078126285000000735e+02 7.186568767881396222e-04 7.241510263726248136e-04
7.078129410000000235e+02 6.412892794297537146e-04 7.268253807161992970e-04
