7.077619015000000218e+02 3.900339880427457890e-04 3.743368950842085904e-04
7.077622139999999717e+02 4.349675279310545833e-04 3.745441418389318052e-04
7.077625264999999217e+02 3.978531928096376005e-04 3.746764743976198223e-04
7.077628389999999854e+02 3.669989815243896499e-04 3.747304842879754295e-04
7.077631514999999354e+02 3.836938843661738801e-04 3.747025879240678059e-04
7.077634639999999990e+02 3.993046644803636470e-04 3.745890174206532321e-04
7.077637764999999490e+02 3.769876365885367815e-04 3.743858110262288964e-04
7.077640890000000127e+02 3.874071627216122121e-04 3.740888031831284726e-04
7.077644014999999627e+02 3.443166554788817859e-04 3.736936142310594896e-04
7.077647140000000263e+02 3.803373278709669359e-04 3.731956397743621708e-04
7.077650264999999763e+02 3.404179067002906169e-04 3.725900397484291663e-04
7.077653389999999263e+02 3.728997421748478868e-04 3.718717272240098159e-04
7.077656514999999899e+02 3.409887113140555853e-04 3.710353570097053009e-04
7.077659639999999399e+02 3.650974012958600854e-04 3.700753141242467252e-04
7.077662765000000036e+02 3.467160460898789350e-04 3.689857022258210086e-04
7.077665889999999536e+02 3.485181149568477243e-04 3.677603321206480026e-04
7.077669015000000172e+02 3.713241155136053789e-04 3.663927104801214022e-04
7.077672139999999672e+02 3.168853288980907142e-04 3.648760289508376389e-04
7.077675265000000309e+02 3.654344607884832548e-04 3.632031538514110883e-04
7.077678389999999808e+02 3.201686201560685488e-04 3.613666167231467359e-04
7.077681514999999308e+02 3.514163316573423344e-04 3.593586060186525753e-04
7.077684639999999945e+02 3.573344653900233439e-04 3.571709603016762560e-04
7.077687764999999445e+02 3.707355259883102195e-04 3.547951633798774240e-04
7.077690890000000081e+02 3.347434534398437004e-04 3.522223418646901107e-04
7.077694014999999581e+02 3.039059136955279679e-04 3.494432657719562631e-04
7.077697140000000218e+02 3.239983969063581323e-04 3.464483528304061820e-04
7.077700264999999717e+02 3.511453473059307864e-04 3.432276773376764377e-04
7.077703389999999217e+02 3.250584321338739627e-04 3.397709844728445346e-04
7.077706514999999854e+02 3.106283712647498678e-04 3.360677111778703980e-04
7.077709639999999354e+02 2.913634389908138019e-04 3.321070148487519991e-04
7.077712764999999990e+02 3.200448201513628535e-04 3.278778112501502459e-04
7.077715889999999490e+02 2.869377123390972890e-04 3.233688233143424133e-04
7.077719015000000127e+02 2.963303918421655706e-04 3.185686426160146850e-04
7.077722139999999627e+02 2.966159422818019208e-04 3.134658056320442795e-04
7.077725265000000263e+02 2.850680668224047352e-04 3.080488870243824418e-04
7.077728389999999763e+02 2.607368929198197543e-04 3.023066125245982782e-04
7.077731514999999263e+02 2.470756997498735254e-04 2.962279941085666597e-04
7.077734639999999899e+02 2.410608949455124721e-04 2.898024904554199577e-04
7.077737764999999399e+02 2.599936282550500098e-04 2.830201957822964460e-04
7.077740890000000036e+02 2.420054351246069164e-04 2.758720602349541543e-04
7.077744014999999536e+02 2.211037531309432980e-04 2.683501451072372516e-04
7.077747140000000172e+02 2.143199000045139277e-04 2.604479159011690572e-04
7.077750264999999672e+02 2.108115391627115047e-04 2.521605761023718332e-04
7.077753390000000309e+02 2.251616586565431059e-04 2.434854438505999004e-04
7.077756514999999808e+02 1.999413355223442310e-04 2.344223730536952751e-04
7.077759639999999308e+02 1.913964200034196930e-04 2.249742191429615536e-04
7.077762764999999945e+02 1.880231934540471054e-04 2.151473482472988691e-04
7.077765889999999445e+02 1.754066302284340768e-04 2.049521863742781512e-04
7.077769015000000081e+02 1.749810563487706446e-04 1.944038025342330811e-04
7.077772139999999581e+02 1.855768842450891915e-04 1.835225166334076403e-04
7.077775265000000218e+02 1.654319433341757838e-04 1.723345189015859863e-04
7.077778389999999717e+02 1.504780091582734014e-04 1.608724834264537893e-04
7.077781514999999217e+02 1.694917868824087268e-04 1.491761532155264438e-04
7.077784639999999854e+02 1.283316375166114161e-04 1.372928692355305179e-04
7.077787764999999354e+02 1.499046273798872923e-04 1.252780105576465697e-04
7.077790889999999990e+02 1.233081909170348186e-04 1.131953079747792268e-04
7.077794014999999490e+02 1.150092021444859471e-04 1.011169898270804739e-04
7.077797140000000127e+02 8.937260655949541793e-05 8.912371637376999040e-05
7.077800264999999627e+02 9.797201617720649599e-05 7.730425953964628887e-05
7.077803390000000263e+02 8.209078978743551940e-05 6.575488792723780654e-05
7.077806514999999763e+02 8.328276254853555268e-05 5.457842441660755596e-05
7.077809639999999263e+02 6.498275493200999435e-05 4.388295485275976477e-05
7.077812764999999899e+02 7.514315868279710861e-05 3.378018245852167854e-05
7.077815889999999399e+02 7.025418565090143965e-05 2.438344248186613314e-05
7.077819015000000036e+02 4.160028071445873925e-05 1.580541484479255302e-05
7.077822139999999536e+02 3.943603708733283168e-05 8.155597606526270355e-06
7.077825265000000172e+02 3.710071068244059770e-05 1.537628345557835905e-06
7.077828389999999672e+02 3.899924430021541006e-05 -3.953437740345348274e-06
7.077831515000000309e+02 2.299979712114291440e-05 -8.233768599128106074e-06
7.077834639999999808e+02 3.020264401900282656e-05 -1.123318272397771021e-05
7.077837764999999308e+02 1.670502257581280136e-05 -1.289723343341767490e-05
7.077840889999999945e+02 1.232469274278792875e-05 -1.318883331416219937e-05
7.077844014999999445e+02 1.188582601218937677e-05 -1.208932569643317229e-05
7.077847140000000081e+02 1.012025817037620375e-05 -9.598942112259162425e-06
7.077850264999999581e+02 7.916139999584323396e-06 -5.736622512558099613e-06
7.077853390000000218e+02 6.396412974020101067e-06 -5.392147985853046996e-07
7.077856514999999717e+02 4.214037122099973177e-06 5.939891895373770664e-06
7.077859639999999217e+02 7.456149804683876928e-06 1.363261356617270325e-05
7.077862764999999854e+02 1.448462165077809438e-05 2.245838686340797117e-05
7.077865889999999354e+02 2.212842409660835847e-05 3.232662961220836593e-05
7.077869014999999990e+02 2.138535865785474402e-05 4.313931896923214562e-05
7.077872139999999490e+02 3.062299839188774422e-05 5.479356610102488473e-05
7.077875265000000127e+02 5.603296857346888756e-05 6.718408071656124163e-05
7.077878389999999627e+02 4.296374054050404906e-05 8.020543829429497727e-05
7.077881515000000263e+02 6.420988590965131030e-05 9.375408580593483723e-05
7.077884639999999763e+02 6.483100018490932847e-05 1.077300447318907720e-04
7.077887764999999263e+02 8.377735355140124372e-05 1.220382923085949989e-04
7.077890889999999899e+02 1.007734222869371813e-04 1.365898206901498477e-04
7.077894014999999399e+02 1.088125783232918173e-04 1.513023891774139510e-04
7.077897140000000036e+02 1.246592168879743774e-04 1.661009959580512184e-04
7.077900264999999536e+02 1.313673282595161584e-04 1.809181029781036290e-04
7.077903390000000172e+02 1.140904840857878401e-04 1.956936517315349081e-04
7.077906514999999672e+02 1.522155811773616668e-04 2.103749083791948504e-04
7.077909640000000309e+02 1.605096510985960497e-04 2.249161756765556317e-04
7.077912764999999808e+02 2.068524961474167614e-04 2.392784059888348580e-04
7.077915889999999308e+02 1.971743495230908287e-04 2.534287461596924505e-04
7.077919014999999945e+02 2.027886158148815344e-04 2.673400403523807506e-04
7.077922139999999445e+02 2.380121080656415157e-04 2.809903127058547591e-04
7.077925265000000081e+02 2.636215195501819724e-04 2.943622473410478693e-04
7.077928389999999581e+02 2.769200083056734757e-04 3.074426791255869314e-04
7.077931515000000218e+02 3.058136633017245753e-04 3.202221053852689230e-04
7.077934639999999717e+02 3.549949022478994087e-04 3.326942254451445641e-04
7.077937764999999217e+02 3.352749593051976046e-04 3.448555126947647665e-04
7.077940889999999854e+02 3.771091217233810871e-04 3.567048215925528939e-04
7.077944014999999354e+02 3.584175698837942150e-04 3.682430306110931733e-04
7.077947139999999990e+02 3.812147449018010487e-04 3.794727209142864936e-04
7.077950264999999490e+02 4.213640900569571440e-04 3.903978895310879042e-04
7.077953390000000127e+02 4.428856157848176265e-04 4.010236954120272512e-04
7.077956514999999627e+02 4.213027249241234145e-04 4.113562360948755663e-04
7.077959640000000263e+02 4.597566462238161789e-04 4.214023527336382253e-04
7.077962764999999763e+02 4.906591578495201906e-04 4.311694608937047301e-04
7.077965889999999263e+02 4.550302826867198293e-04 4.406654047531841176e-04
7.077969014999999899e+02 4.478144671125244337e-04 4.498983322066091805e-04
7.077972139999999399e+02 4.927721791866704294e-04 4.588765886137451361e-04
7.077975265000000036e+02 5.298860470113117560e-04 4.676086270736710374e-04
7.077978389999999536e+02 4.884262359223236986e-04 4.761029331539522245e-04
7.077981515000000172e+02 5.178648893278050159e-04 4.843679623591197816e-04
7.077984639999999672e+02 5.113953893844943666e-04 4.924120885916614737e-04
7.077987765000000309e+02 5.441905877528640167e-04 5.002435622266978568e-04
7.077990889999999808e+02 5.310046546942806273e-04 5.078704763855672799e-04
7.077994014999999308e+02 6.128800683430706778e-04 5.153007403300793616e-04
7.077997139999999945e+02 5.449041759370605196e-04 5.225420588733584171e-04
7.078000264999999445e+02 6.094081181562433381e-04 5.296019169319482163e-04
7.078003390000000081e+02 5.468245409915794501e-04 5.364875684520784742e-04
7.078006514999999581e+02 5.978745833791716596e-04 5.432060289561010426e-04
7.078009640000000218e+02 6.624355036138071876e-04 5.497640711906061481e-04
7.078012764999999717e+02 6.077260909830913427e-04 5.561682232791375887e-04
7.078015889999999217e+02 6.063472676012000157e-04 5.624247690102817309e-04
7.078019014999999854e+02 6.278188362165914530e-04 5.685397498181747394e-04
7.078022139999999354e+02 5.962278166605272439e-04 5.745189681534875999e-04
7.078025264999999990e+02 6.642830882636855273e-04 5.803679919867769368e-04
7.078028389999999490e+02 6.284693810340250680e-04 5.860921601523079449e-04
7.078031515000000127e+02 6.237849590027524840e-04 5.916965883988240839e-04
7.078034639999999627e+02 7.100681209709378081e-04 5.971861759097188502e-04
7.078037765000000263e+02 6.789487785576597129e-04 6.025656122170109210e-04
7.078040889999999763e+02 6.375328605827594673e-04 6.078393843248819156e-04
7.078044014999999263e+02 6.600097940281771146e-04 6.130117840059592232e-04
7.078047139999999899e+02 6.824361352027194863e-04 6.180869151389749121e-04
7.078050264999999399e+02 7.004364363626798496e-04 6.230687010412246964e-04
7.078053390000000036e+02 6.281891562558343609e-04 6.279608917587978798e-04
7.078056514999999536e+02 6.909767565218767659e-04 6.327670712250662178e-04
7.078059640000000172e+02 6.567223131231120659e-04 6.374906643085842669e-04
7.078062764999999672e+02 6.525488059622697699e-04 6.421349436660836853e-04
7.078065890000000309e+02 7.185096191613056559e-04 6.467030364356315215e-04
7.078069014999999808e+02 7.282648435950579095e-04 6.511979306994052996e-04
7.078072139999999308e+02 6.619149284006827123e-04 6.556224817575567179e-04
7.078075264999999945e+02 6.672410841800548035e-04 6.599794181638620350e-04
7.078078389999999445e+02 7.275184787387910376e-04 6.642713475362542475e-04
7.078081515000000081e+02 6.993751459519600630e-04 6.685007621558307833e-04
7.078084639999999581e+02 6.720294076865732883e-04 6.726700443156053257e-04
7.078087765000000218e+02 6.796747604805232924e-04 6.767814714695017829e-04
7.078090889999999717e+02 7.153061917555137827e-04 6.808372211358499747e-04
7.078094014999999217e+02 6.767888245795300895e-04 6.848393756070818078e-04
7.078097139999999854e+02 6.732121794859276037e-04 6.887899264332895477e-04
7.078100264999999354e+02 7.745433244309286695e-04 6.926907787011466790e-04
7.078103389999999990e+02 7.766168441197286981e-04 6.965437551285933240e-04
7.078106514999999490e+02 7.314170836930724857e-04 7.003505999465134500e-04
7.078109640000000127e+02 6.897969160471108946e-04 7.041129826183942144e-04
7.078112764999999627e+02 6.764265646827703152e-04 7.078325013602499013e-04
7.078115890000000263e+02 7.215010979302787300e-04 7.115106865123332512e-04
7.078119014999999763e+02 6.956756779507113943e-04 7.151490037259759010e-04
7.078122139999999263e+02 7.560459330484716042e-04 7.187488570146445370e-04
7.078125264999999899e+02 7.260691239367928797e-04 7.223115916424464097e-04
7.078128389999999399e+02 7.095208701483049149e-04 7.258384968706128220e-04
7.078131515000000036e+02 7.275203261531080481e-04 7.293308085811836018e-04
7.078134639999999536e+02 7.182214273784325639e-04 7.327897117521322418e-04
7.078137765000000172e+02 7.341131607682051686e-04 7.362163428298678335e-04
7.078140889999999672e+02 7.158823477494325902e-04 7.396117919644221465e-04
7.078144015000000309e+02 7.434828946657357635e-04 7.429771051533440654e-04
7.078147139999999808e+02 7.283679715113801877e-04 7.463132862599173223e-04
7.078150264999999308e+02 7.145261165582628745e-04 7.496212989493229902e-04
7.078153389999999945e+02 7.197209066851030556e-04 7.529020685170037660e-04
7.078156514999999445e+02 6.893775303329909791e-04 7.561564836265584127e-04
7.078159640000000081e+02 7.710124724843272267e-04 7.593853979734564979e-04
7.078162764999999581e+02 7.928932547144205891e-04 7.625896318492860404e-04
7.078165890000000218e+02 7.514752188246161257e-04 7.657699736473981859e-04
7.078169014999999717e+02 7.669272032777294315e-04 7.689271812763221652e-04
7.078172139999999217e+02 7.829791123309096015e-04 7.720619835209016494e-04
7.078175264999999854e+02 7.315642197279754837e-04 7.751750813256734268e-04
7.078178389999999354e+02 7.131802192018924218e-04 7.782671490156650631e-04
7.078181514999999990e+02 7.439567778436244078e-04 7.813388354689742958e-04
7.078184639999999490e+02 7.730690178047339590e-04 7.843907652160194994e-04
7.078187765000000127e+02 7.659521206176831331e-04 7.874235395032183442e-04
7.078190889999999627e+02 7.673579444149138725e-04 7.904377372880907766e-04
7.078194015000000263e+02 7.725697854028102480e-04 7.934339162039324555e-04
7.078197139999999763e+02 7.934543313381624968e-04 7.964126134612242334e-04
7.078200264999999263e+02 7.932786244885551771e-04 7.993743467221447498e-04
7.078203389999999899e+02 7.605982238440380568e-04 8.023196149230394768e-04
7.078206514999999399e+02 8.308050497695428690e-04 8.052488990580116855e-04
7.078209640000000036e+02 7.766940383125151351e-04 8.081626629361806334e-04
7.078212764999999536e+02 7.697900119247827900e-04 8.110613538878144171e-04
7.078215890000000172e+02 7.236647719103204415e-04 8.139454034541382084e-04
7.078219014999999672e+02 7.732445677633224389e-04 8.168152280285834611e-04
7.078222140000000309e+02 7.584839836404170654e-04 8.196712294848287157e-04
7.078225264999999808e+02 7.396282571281938322e-04 8.225137957595652066e-04
7.078228389999999308e+02 7.851672013034038770e-04 8.253433014238106911e-04
7.078231514999999945e+02 7.735879846519993185e-04 8.281601082180626433e-04
7.078234639999999445e+02 7.524944966953815836e-04 8.309645655630881235e-04
7.078237765000000081e+02 8.370891788656724440e-04 8.337570110576967165e-04
7.078240889999999581e+02 7.690817369519908778e-04 8.365377709391082781e-04
