7.047078040000000101e+02 4.350758555811995746e-04 4.008294713179924541e-04
7.047081164999999601e+02 4.146441479124776588e-04 4.006974276502215391e-04
7.047084290000000237e+02 4.326751384335449958e-04 4.005339657124605828e-04
7.047087414999999737e+02 4.052788319962174362e-04 4.003379145487297283e-04
7.047090540000000374e+02 3.936147581169323253e-04 4.001080517867297830e-04
7.047093664999999874e+02 4.663119807355795682e-04 3.998431011366520454e-04
7.047096790000000510e+02 4.424710985772015224e-04 3.995417297640722529e-04
7.047099915000000010e+02 4.355981491972550678e-04 3.992025455343007614e-04
7.047103040000000647e+02 4.218812309949599576e-04 3.988240941197525075e-04
7.047106165000000146e+02 3.730804535688715608e-04 3.984048559685376837e-04
7.047109289999999646e+02 4.415099405841599062e-04 3.979432431252429687e-04
7.047112415000000283e+02 3.496088291045028849e-04 3.974375959019866059e-04
7.047115539999999783e+02 3.948713394802229933e-04 3.968861793938652086e-04
7.047118665000000419e+02 4.268500926048413241e-04 3.962871798319872962e-04
7.047121789999999919e+02 3.968050514399177209e-04 3.956387007748268076e-04
7.047124915000000556e+02 3.871907705106333625e-04 3.949387591280039528e-04
7.047128040000000055e+02 3.815542253213008287e-04 3.941852809965968349e-04
7.047131164999999555e+02 3.701550048367220017e-04 3.933760973607237270e-04
7.047134290000000192e+02 4.009279201760974605e-04 3.925089395795480253e-04
7.047137414999999692e+02 4.247743710208754225e-04 3.915814347221438659e-04
7.047140540000000328e+02 3.563513767997794515e-04 3.905911007236975317e-04
7.047143664999999828e+02 3.930828712232656242e-04 3.895353413794658639e-04
7.047146790000000465e+02 3.721590542147578447e-04 3.884114411724934671e-04
7.047149914999999964e+02 4.177937487280405753e-04 3.872165599560868296e-04
7.047153040000000601e+02 3.889947810387266234e-04 3.859477274915935332e-04
7.047156165000000101e+02 3.482474863887622622e-04 3.846018378715168368e-04
7.047159289999999601e+02 3.241955984949557927e-04 3.831756438362604318e-04
7.047162415000000237e+02 3.790758119305487664e-04 3.816657510228897644e-04
7.047165539999999737e+02 3.309227871289152027e-04 3.800686121759247601e-04
7.047168665000000374e+02 3.347761414342891474e-04 3.783805213555359380e-04
7.047171789999999874e+02 3.571174989728929006e-04 3.765976082080028952e-04
7.047174915000000510e+02 3.810069500698539291e-04 3.747158323412733984e-04
7.047178040000000010e+02 3.446830990722667002e-04 3.727309778983952803e-04
7.047181165000000647e+02 3.891164567580399796e-04 3.706386483950761400e-04
7.047184290000000146e+02 3.572646819674278823e-04 3.684342619464859355e-04
7.047187414999999646e+02 3.733030305520318383e-04 3.661130469827274378e-04
7.047190540000000283e+02 3.662793330173570250e-04 3.636700386142877311e-04
7.047193664999999783e+02 3.041661065881572199e-04 3.611000758082244392e-04
7.047196790000000419e+02 3.649774843704216461e-04 3.583977995601940318e-04
7.047199914999999919e+02 3.331297164979838701e-04 3.555576523119736944e-04
7.047203040000000556e+02 3.731477111831067056e-04 3.525738788476778600e-04
7.047206165000000055e+02 3.349068685962476566e-04 3.494405290029410768e-04
7.047209289999999555e+02 3.472997963993236276e-04 3.461514625033040469e-04
7.047212415000000192e+02 3.285732016249431138e-04 3.427003563569076144e-04
7.047215539999999692e+02 3.220680918785567988e-04 3.390807152474162658e-04
7.047218665000000328e+02 3.629460126469612278e-04 3.352858854310219582e-04
7.047221789999999828e+02 3.231752811353390568e-04 3.313090727564068651e-04
7.047224915000000465e+02 3.252848763339204804e-04 3.271433654276904488e-04
7.047228039999999964e+02 3.087681912724946510e-04 3.227817622962609028e-04
7.047231165000000601e+02 3.038390415647672285e-04 3.182172074625806766e-04
7.047234290000000101e+02 2.955282325680829358e-04 3.134426321540509873e-04
7.047237414999999601e+02 3.180046985560480623e-04 3.084510048402429034e-04
7.047240540000000237e+02 2.642831337471715719e-04 3.032353907292434001e-04
7.047243664999999737e+02 2.971871049227163748e-04 2.977890218245687003e-04
7.047246790000000374e+02 2.534232281397572647e-04 2.921053787994537412e-04
7.047249914999999874e+02 2.519449102031065015e-04 2.861782860864228858e-04
7.047253040000000510e+02 2.898197354896089655e-04 2.800020215210732876e-04
7.047256165000000010e+02 2.632749312899878625e-04 2.735714420301842251e-04
7.047259290000000647e+02 2.499756982697326621e-04 2.668821267026028066e-04
7.047262415000000146e+02 2.474190334173204759e-04 2.599305386530103928e-04
7.047265539999999646e+02 2.217754708273967203e-04 2.527142068062500965e-04
7.047268665000000283e+02 2.539142824362106447e-04 2.452319286357025662e-04
7.047271789999999783e+02 2.079288934272858125e-04 2.374839944741297571e-04
7.047274915000000419e+02 2.260557684814724574e-04 2.294724335424547451e-04
7.047278039999999919e+02 1.820494206357928984e-04 2.212012813203807803e-04
7.047281165000000556e+02 2.022649247000491031e-04 2.126768669243174026e-04
7.047284290000000055e+02 1.953674084108075618e-04 2.039081183352501139e-04
7.047287414999999555e+02 2.046092526203404369e-04 1.949068819082259247e-04
7.047290540000000192e+02 1.808382381391806625e-04 1.856882513075137409e-04
7.047293664999999692e+02 1.682099398958911531e-04 1.762708992200737190e-04
7.047296790000000328e+02 1.715841872441189618e-04 1.666774032953003434e-04
7.047299914999999828e+02 1.547573812380595090e-04 1.569345558122469612e-04
7.047303040000000465e+02 1.562834927011200095e-04 1.470736442181639551e-04
7.047306164999999964e+02 1.232037075001126466e-04 1.371306877412158207e-04
7.047309290000000601e+02 1.470357371693824255e-04 1.271466130494715307e-04
7.047312415000000101e+02 1.232076137639960219e-04 1.171673504880357954e-04
7.047315539999999601e+02 1.203036778431396131e-04 1.072438310951607799e-04
7.047318665000000237e+02 1.391455219044272513e-04 9.743186451350026615e-05
7.047321789999999737e+02 1.117759298689571763e-04 8.779187858541201059e-05
7.047324915000000374e+02 1.021280878736189804e-04 7.838850357040752287e-05
7.047328039999999874e+02 8.209399808450660511e-05 6.928998775955148620e-05
7.047331165000000510e+02 7.181192655538650035e-05 6.056743648255927519e-05
7.047334290000000010e+02 7.788852042458805107e-05 5.229387385502270107e-05
7.047337415000000647e+02 6.097291139556554210e-05 4.454313510170812443e-05
7.047340540000000146e+02 5.401062355531971687e-05 3.738860742248582657e-05
7.047343664999999646e+02 4.445806654263129577e-05 3.090184776549740470e-05
7.047346790000000283e+02 3.038201143912544252e-05 2.515111654965087139e-05
7.047349914999999783e+02 5.726343043095796982e-05 2.019987579862444964e-05
7.047353040000000419e+02 1.894147296463456618e-05 1.610530774252135567e-05
7.047356164999999919e+02 2.300164658513810452e-05 1.291691469090945893e-05
7.047359290000000556e+02 1.924977452735858837e-05 1.067526190028069863e-05
7.047362415000000055e+02 1.511300227969373977e-05 9.410922124315923988e-06
7.047365539999999555e+02 1.788179498902103519e-05 9.143673047616287164e-06
7.047368665000000192e+02 8.614308112465163855e-06 9.881987523534123044e-06
7.047371789999999692e+02 9.978163230412507003e-06 1.162284197326663541e-05
7.047374915000000328e+02 1.192535714916306113e-05 1.435185176558339226e-05
7.047378039999999828e+02 6.819206586512530145e-06 1.804372512989754038e-05
7.047381165000000465e+02 2.246639034158001361e-05 2.266301072075728942e-05
7.047384289999999964e+02 2.605794309406251171e-05 2.816509955368670770e-05
7.047387415000000601e+02 2.372346535228192269e-05 3.449743097324764772e-05
7.047390540000000101e+02 3.322515199029440884e-05 4.160084501182031731e-05
7.047393664999999601e+02 2.949934717131644463e-05 4.941102061252422518e-05
7.047396790000000237e+02 4.789844546537625077e-05 5.785994013804052660e-05
7.047399914999999737e+02 4.406805093316600887e-05 6.687732526528579198e-05
7.047403040000000374e+02 4.715425395964762583e-05 7.639199676802980359e-05
7.047406164999999874e+02 5.509256018121659934e-05 8.633311980844306178e-05
7.047409290000000510e+02 8.721485643387819758e-05 9.663130669224641821e-05
7.047412415000000010e+02 1.021977121602944921e-04 1.072195590348882642e-04
7.047415540000000647e+02 9.371112067573756179e-05 1.180340410585860712e-04
7.047418665000000146e+02 9.935333328088401955e-05 1.290146838752421565e-04
7.047421789999999646e+02 1.107743757260427333e-04 1.401056277190342644e-04
7.047424915000000283e+02 1.403970466992827916e-04 1.512555141134949818e-04
7.047428039999999783e+02 1.269456469692063424e-04 1.624176437132780618e-04
7.047431165000000419e+02 1.777374290767293565e-04 1.735500177005273946e-04
7.047434289999999919e+02 1.870920636411933661e-04 1.846152813323864033e-04
7.047437415000000556e+02 1.989146926259586080e-04 1.955805882909150001e-04
7.047440540000000055e+02 1.851034455542212504e-04 2.064174032798808428e-04
7.047443664999999555e+02 1.802978453158145776e-04 2.171012590735510309e-04
7.047446790000000192e+02 2.354396608745388977e-04 2.276114821731898435e-04
7.047449914999999692e+02 2.316613381762067678e-04 2.379308993872276371e-04
7.047453040000000328e+02 2.632895375849126675e-04 2.480455356447657531e-04
7.047456164999999828e+02 2.508609874290611448e-04 2.579443112984446725e-04
7.047459290000000465e+02 2.552986178827555881e-04 2.676187456081138903e-04
7.047462414999999964e+02 3.272388886294380324e-04 2.770626712762099225e-04
7.047465540000000601e+02 2.777094823983726111e-04 2.862719637592453666e-04
7.047468665000000101e+02 2.841830931782524669e-04 2.952442876836084969e-04
7.047471789999999601e+02 2.945859502248772844e-04 3.039788619473969707e-04
7.047474915000000237e+02 3.512641429436601671e-04 3.124762441193208490e-04
7.047478039999999737e+02 2.997068471289494060e-04 3.207381342552255801e-04
7.047481165000000374e+02 3.127709980272940296e-04 3.287671977800908532e-04
7.047484289999999874e+02 3.873481242757921637e-04 3.365669066367448490e-04
7.047487415000000510e+02 3.712530612418719705e-04 3.441413978320169605e-04
7.047490540000000010e+02 4.058933147542239306e-04 3.514953481692041420e-04
7.047493665000000647e+02 4.112951722788308478e-04 3.586338640513592364e-04
7.047496790000000146e+02 3.590592147657887634e-04 3.655623850241493844e-04
7.047499914999999646e+02 3.671991318367987672e-04 3.722865999012940521e-04
7.047503040000000283e+02 3.599872554945353397e-04 3.788123741979379532e-04
7.047506164999999783e+02 3.932266535700645427e-04 3.851456877439091175e-04
7.047509290000000419e+02 4.482220998231118726e-04 3.912925814091100453e-04
7.047512414999999919e+02 3.942231570375863544e-04 3.972591118679234118e-04
7.047515540000000556e+02 4.407580522352919083e-04 4.030513135377553026e-04
7.047518665000000055e+02 4.475038678614358476e-04 4.086751667640199106e-04
7.047521789999999555e+02 4.333598854229646791e-04 4.141365715418766588e-04
7.047524915000000192e+02 4.299098722130959309e-04 4.194413260197238022e-04
7.047528039999999692e+02 4.273514312096754106e-04 4.245951091778797865e-04
7.047531165000000328e+02 4.534731345657208980e-04 4.296034671386424111e-04
7.047534289999999828e+02 4.347138185146106736e-04 4.344718025612644293e-04
7.047537415000000465e+02 4.176148505246486111e-04 4.392053667379672180e-04
7.047540539999999964e+02 4.997501776619272477e-04 4.438092539429710679e-04
7.047543665000000601e+02 4.884240144327168468e-04 4.482883977488358491e-04
7.047546790000000101e+02 4.832306128182968334e-04 4.526475689550113371e-04
7.047549914999999601e+02 4.833349347234153996e-04 4.568913749188121555e-04
7.047553040000000237e+02 4.836481228662831621e-04 4.610242600193018079e-04
7.047556164999999737e+02 4.591414325583940926e-04 4.650505070735577859e-04
7.047559290000000374e+02 5.176612230128164278e-04 4.689742395480815521e-04
7.047562414999999874e+02 4.906704320891601499e-04 4.727994243807282968e-04
7.047565540000000510e+02 5.118089042252534733e-04 4.765298753314132054e-04
7.047568665000000010e+02 4.786344085225155377e-04 4.801692567069716145e-04
7.047571790000000647e+02 5.034066206331561663e-04 4.837210874117059650e-04
7.047574915000000146e+02 4.597745838428222119e-04 4.871887452009765539e-04
7.047578039999999646e+02 5.054496636654097833e-04 4.905754711119108061e-04
7.047581165000000283e+02 4.937821210517711560e-04 4.938843739817479032e-04
7.047584289999999783e+02 4.682842012133407662e-04 4.971184350199568582e-04
7.047587415000000419e+02 5.171173840339173943e-04 5.002805124057681805e-04
7.047590539999999919e+02 5.262246997289018232e-04 5.033733458486413853e-04
7.047593665000000556e+02 5.117782747268185021e-04 5.063995611210466959e-04
7.047596790000000055e+02 5.151995992080061690e-04 5.093616745047319658e-04
7.047599914999999555e+02 4.746231929967192724e-04 5.122620971677787965e-04
7.047603040000000192e+02 5.595698825382832255e-04 5.151031394305012612e-04
7.047606164999999692e+02 5.311320047358151705e-04 5.178870149209038919e-04
7.047609290000000328e+02 5.301760405003314285e-04 5.206158446212808899e-04
7.047612414999999828e+02 5.498294101795995386e-04 5.232916607745500409e-04
7.047615540000000465e+02 4.616585796869894813e-04 5.259164106776256656e-04
7.047618664999999964e+02 5.604283145339805346e-04 5.284919603276103670e-04
7.047621790000000601e+02 4.987488851559362078e-04 5.310200979508670300e-04
7.047624915000000101e+02 5.363978678244106209e-04 5.335025373844078491e-04
7.047628039999999601e+02 5.147624704204681930e-04 5.359409213396305058e-04
7.047631165000000237e+02 5.346454192539120114e-04 5.383368245267732910e-04
7.047634289999999737e+02 5.228427524373679795e-04 5.406917566519462218e-04
7.047637415000000374e+02 5.719128324089720961e-04 5.430071652977996183e-04
7.047640539999999874e+02 5.118772660260282378e-04 5.452844386694133405e-04
7.047643665000000510e+02 5.707985465889136353e-04 5.475249082353269778e-04
7.047646790000000010e+02 5.153586056023549879e-04 5.497298512403512053e-04
7.047649915000000647e+02 5.998987337578734393e-04 5.519004931204480376e-04
7.047653040000000146e+02 5.770537334267968402e-04 5.540380097974376790e-04
7.047656164999999646e+02 5.100067076117283495e-04 5.561435298823610160e-04
7.047659290000000283e+02 6.143222019537756878e-04 5.582181367714615346e-04
7.047662414999999783e+02 5.293369819272361783e-04 5.602628706468811524e-04
7.047665540000000419e+02 5.613673600720588738e-04 5.622787303931968102e-04
7.047668664999999919e+02 5.686059820512272527e-04 5.642666754149235422e-04
7.047671790000000556e+02 5.725752026450216118e-04 5.662276273817466905e-04
7.047674915000000055e+02 5.463702335056219717e-04 5.681624718816423621e-04
7.047678039999999555e+02 5.195245854998977461e-04 5.700720600078905019e-04
7.047681165000000192e+02 5.569498204276350593e-04 5.719572098654087961e-04
7.047684289999999692e+02 5.375474512881669737e-04 5.738187080070957955e-04
7.047687415000000328e+02 5.443489128520977854e-04 5.756573108100200087e-04
7.047690539999999828e+02 5.143624694796116326e-04 5.774737457775541922e-04
7.047693665000000465e+02 6.003606682036126451e-04 5.792687127913939129e-04
7.047696789999999964e+02 5.545670917682910504e-04 5.810428852949075162e-04
7.047699915000000601e+02 5.511971576817134046e-04 5.827969114317050735e-04
