7.082328205000000025e+02 4.000712684447484710e-04 3.379820171406952936e-04
7.082331330000000662e+02 3.431843162171882436e-04 3.386877227845504776e-04
7.082334455000000162e+02 4.016263232312643249e-04 3.393564225128218432e-04
7.082337580000000798e+02 3.381155743107983514e-04 3.399866179889947967e-04
7.082340705000000298e+02 3.777696912125760756e-04 3.405767398148743874e-04
7.082343830000000935e+02 3.507286747170492878e-04 3.411251438093089818e-04
7.082346955000000435e+02 3.231262831593244072e-04 3.416301070840645367e-04
7.082350080000001071e+02 3.360069426945542755e-04 3.420898239146125987e-04
7.082353205000000571e+02 3.866551748944040438e-04 3.425024013903356910e-04
7.082356330000000071e+02 3.970898153701199929e-04 3.428658548408163834e-04
7.082359455000000708e+02 3.948231881221277227e-04 3.431781030248248093e-04
7.082362580000000207e+02 3.274439076414312677e-04 3.434369630755061405e-04
7.082365705000000844e+02 3.922377459982869397e-04 3.436401451942960221e-04
7.082368830000000344e+02 3.135518502473382679e-04 3.437852470835572709e-04
7.082371955000000980e+02 3.365543852483489861e-04 3.438697481141576558e-04
7.082375080000000480e+02 3.755322797524677006e-04 3.438910032202028904e-04
7.082378204999999980e+02 3.772226469893301404e-04 3.438462365186850905e-04
7.082381330000000617e+02 3.427864887398407879e-04 3.437325346508587638e-04
7.082384455000000116e+02 4.071655472326049562e-04 3.435468398466044997e-04
7.082387580000000753e+02 2.979257687856491730e-04 3.432859427140536610e-04
7.082390705000000253e+02 2.948809333325899478e-04 3.429464747628634146e-04
7.082393830000000889e+02 3.008808609133301060e-04 3.425249006702064144e-04
7.082396955000000389e+02 3.234253951502411560e-04 3.420175103091127990e-04
7.082400080000001026e+02 3.247455191329129626e-04 3.414204105581013443e-04
7.082403205000000526e+02 3.167705068623193868e-04 3.407295169275702034e-04
7.082406330000000025e+02 3.759065209694251674e-04 3.399405450368878567e-04
7.082409455000000662e+02 3.241669575317690163e-04 3.390490019973570993e-04
7.082412580000000162e+02 3.319706133334481652e-04 3.380501777627839891e-04
7.082415705000000798e+02 2.772384682263913792e-04 3.369391365214881458e-04
7.082418830000000298e+02 3.208007039556957018e-04 3.357107082340963383e-04
7.082421955000000935e+02 2.970504028933275702e-04 3.343594804218181604e-04
7.082425080000000435e+02 3.491650461550564700e-04 3.328797903583540765e-04
7.082428205000001071e+02 2.967099501765871859e-04 3.312657178192228652e-04
7.082431330000000571e+02 2.857250678198298499e-04 3.295110786048964058e-04
7.082434455000000071e+02 3.594273843950762074e-04 3.276094190593274681e-04
7.082437580000000708e+02 3.001119573197088978e-04 3.255540118791378445e-04
7.082440705000000207e+02 3.212838957626581744e-04 3.233378535401109700e-04
7.082443830000000844e+02 2.867388349470118437e-04 3.209536637202896813e-04
7.082446955000000344e+02 3.115177494081831661e-04 3.183938871924021571e-04
7.082450080000000980e+02 2.694677576781561779e-04 3.156506986869912941e-04
7.082453205000000480e+02 2.474851931500789723e-04 3.127160113637872363e-04
7.082456329999999980e+02 2.746676845013059829e-04 3.095814895655507669e-04
7.082459455000000617e+02 2.579894687235175454e-04 3.062385666849523451e-04
7.082462580000000116e+02 2.251168698487935845e-04 3.026784690579550387e-04
7.082465705000000753e+02 2.703509525016784812e-04 2.988922469171446461e-04
7.082468830000000253e+02 2.357652057717682533e-04 2.948708136204970668e-04
7.082471955000000889e+02 2.948603241662672673e-04 2.906049944444075422e-04
7.082475080000000389e+02 2.633425796873246861e-04 2.860855864674323392e-04
7.082478205000001026e+02 2.493282212210062442e-04 2.813034311372864080e-04
7.082481330000000526e+02 2.187126465529525910e-04 2.762495013670603398e-04
7.082484455000000025e+02 2.211641711915046421e-04 2.709150050560564754e-04
7.082487580000000662e+02 2.132266417043057760e-04 2.652915071574048493e-04
7.082490705000000162e+02 2.583330349021774157e-04 2.593710724649366060e-04
7.082493830000000798e+02 2.236885095600278975e-04 2.531464313484240391e-04
7.082496955000000298e+02 2.263382370754935143e-04 2.466111707460608865e-04
7.082500080000000935e+02 2.010608273650394654e-04 2.397599525221963510e-04
7.082503205000000435e+02 2.003288939062498810e-04 2.325887612449767665e-04
7.082506330000001071e+02 1.962577021677686735e-04 2.250951829512226382e-04
7.082509455000000571e+02 1.823788713601488787e-04 2.172787160996162120e-04
7.082512580000000071e+02 2.007685059779427169e-04 2.091411150052270031e-04
7.082515705000000708e+02 1.787190493165949508e-04 2.006867651769693895e-04
7.082518830000000207e+02 1.850626307012466249e-04 1.919230885560250740e-04
7.082521955000000844e+02 2.133189787054188386e-04 1.828609749547593618e-04
7.082525080000000344e+02 1.501116257548603902e-04 1.735152340310514095e-04
7.082528205000000980e+02 1.839938726650781377e-04 1.639050594746567773e-04
7.082531330000000480e+02 1.601956096686380231e-04 1.540544944135952010e-04
7.082534454999999980e+02 1.939047539073118559e-04 1.439928836194466954e-04
7.082537580000000617e+02 1.034583201368229597e-04 1.337552948122951776e-04
7.082540705000000116e+02 1.644953712832706921e-04 1.233828876849659307e-04
7.082543830000000753e+02 1.393646356456073058e-04 1.129232058320751554e-04
7.082546955000000253e+02 1.119038995657103220e-04 1.024303639136690222e-04
7.082550080000000889e+02 1.195639002175090371e-04 9.196510000404431613e-05
7.082553205000000389e+02 9.997741891127222941e-05 8.159466241103412447e-05
7.082556330000001026e+02 7.651804000689737336e-05 7.139250085180181519e-05
7.082559455000000526e+02 5.594155917098489071e-05 6.143773517884372102e-05
7.082562580000000025e+02 7.004291484064814654e-05 5.181438030400286417e-05
7.082565705000000662e+02 7.387865750314437775e-05 4.261031475763991494e-05
7.082568830000000162e+02 4.413950261172046427e-05 3.391599168154481412e-05
7.082571955000000798e+02 7.382357410376183212e-05 2.582290519521201406e-05
7.082575080000000298e+02 4.180041508280461429e-05 1.842184130233305131e-05
7.082578205000000935e+02 3.693360938995924361e-05 1.180095938726493785e-05
7.082581330000000435e+02 5.489218528263767772e-05 6.043767150028844124e-06
7.082584455000001071e+02 2.655137121462059012e-05 1.227066162756694491e-06
7.082587580000000571e+02 2.292603813716258048e-05 -2.581043912237435603e-06
7.082590705000000071e+02 2.040772564381311714e-05 -5.323009239918810370e-06
7.082593830000000708e+02 2.201900946799297603e-05 -6.953421814396729830e-06
7.082596955000000207e+02 1.193322254825154973e-05 -7.440291971516607444e-06
7.082600080000000844e+02 2.005548494515573845e-05 -6.765925130055192865e-06
7.082603205000000344e+02 1.898599277614013403e-05 -4.927355687445721776e-06
7.082606330000000980e+02 6.332123030943585186e-06 -1.936316339083418847e-06
7.082609455000000480e+02 4.913343979383758028e-06 2.181251753622777990e-06
7.082612579999999980e+02 8.023948362375594998e-06 7.386116102117776187e-06
7.082615705000000617e+02 6.674746806923745735e-06 1.362704212585094916e-05
7.082618830000000116e+02 8.981034666985227469e-06 2.084238106814630129e-05
7.082621955000000753e+02 8.643640083886303463e-06 2.896187139716905164e-05
7.082625080000000253e+02 1.990380067920846364e-05 3.790856352732621974e-05
7.082628205000000889e+02 1.342707233389739505e-05 4.760077964811059613e-05
7.082631330000000389e+02 2.122900638381129188e-05 5.795402784120266528e-05
7.082634455000001026e+02 2.811099505410443486e-05 6.888280181928888447e-05
7.082637580000000526e+02 5.296439118942274983e-05 8.030221214269469177e-05
7.082640705000000025e+02 4.461455298047325746e-05 9.212941091210069002e-05
7.082643830000000662e+02 5.536960122860198365e-05 1.042847873894760686e-04
7.082646955000000162e+02 6.290487303378111141e-05 1.166929264194397243e-04
7.082650080000000798e+02 1.056353255149535480e-04 1.292833336754383832e-04
7.082653205000000298e+02 1.046548027873991427e-04 1.419909411701676400e-04
7.082656330000000935e+02 1.188342279058516828e-04 1.547564136258106386e-04
7.082659455000000435e+02 1.012839543456976954e-04 1.675262803848440402e-04
7.082662580000001071e+02 1.604727440786552894e-04 1.802529199772865927e-04
7.082665705000000571e+02 1.349541821623222366e-04 1.928944244756614209e-04
7.082668830000000071e+02 1.634654899503053510e-04 2.054143699706209071e-04
7.082671955000000708e+02 2.164342128573860902e-04 2.177815171651300641e-04
7.082675080000000207e+02 2.013672006978958144e-04 2.299694635585018937e-04
7.082678205000000844e+02 2.537348029798072464e-04 2.419562656923332185e-04
7.082681330000000344e+02 2.605908938702005111e-04 2.537240467149102455e-04
7.082684455000000980e+02 2.195631327876269346e-04 2.652586018206058152e-04
7.082687580000000480e+02 2.677057420412752944e-04 2.765490111257840077e-04
7.082690704999999980e+02 2.572650238526856255e-04 2.875872673962405219e-04
7.082693830000000617e+02 3.188752730977547365e-04 2.983679237150469008e-04
7.082696955000000116e+02 3.465677247960908657e-04 3.088877645792882675e-04
7.082700080000000753e+02 3.052524125484215286e-04 3.191455024764710299e-04
7.082703205000000253e+02 3.418076653461226137e-04 3.291415007207491232e-04
7.082706330000000889e+02 3.891233239320300249e-04 3.388775226655604236e-04
7.082709455000000389e+02 3.233128118875370420e-04 3.483565065157747677e-04
7.082712580000001026e+02 3.874007910454472289e-04 3.575823647288286881e-04
7.082715705000000526e+02 3.508799482282639877e-04 3.665598064476106475e-04
7.082718830000000025e+02 3.777718449493679045e-04 3.752941814334539560e-04
7.082721955000000662e+02 4.281113644692500901e-04 3.837913436750684101e-04
7.082725080000000162e+02 4.098941807844286083e-04 3.920575329433012698e-04
7.082728205000000798e+02 4.687304028747895117e-04 4.000992725809339587e-04
7.082731330000000298e+02 4.565278980000022952e-04 4.079232817767699712e-04
7.082734455000000935e+02 3.970003916312353086e-04 4.155364008324414441e-04
7.082737580000000435e+02 4.338561236926358742e-04 4.229455278502225533e-04
7.082740705000001071e+02 4.224862029949720348e-04 4.301575655701819095e-04
7.082743830000000571e+02 4.506252908597467317e-04 4.371793770234624682e-04
7.082746955000000071e+02 4.807512330975182487e-04 4.440177489583503633e-04
7.082750080000000708e+02 4.949543911136873673e-04 4.506793619585131830e-04
7.082753205000000207e+02 5.293000027571611622e-04 4.571707663751485790e-04
7.082756330000000844e+02 5.333326236772959741e-04 4.634983632900089288e-04
7.082759455000000344e+02 5.447299131793798595e-04 4.696683897370574224e-04
7.082762580000000980e+02 5.465237063607557332e-04 4.756869076279592935e-04
7.082765705000000480e+02 5.257458007285238395e-04 4.815597957568451852e-04
7.082768829999999980e+02 5.062593716619284527e-04 4.872927444726810487e-04
7.082771955000000617e+02 5.791508090004817951e-04 4.928912525441194814e-04
7.082775080000000116e+02 5.431234469518106964e-04 4.983606258758659915e-04
7.082778205000000753e+02 5.610522428893123222e-04 5.037059777805054503e-04
7.082781330000000253e+02 5.071122694411562279e-04 5.089322304838049191e-04
7.082784455000000889e+02 5.066706374581346440e-04 5.140441176911956156e-04
7.082787580000000389e+02 5.831139721129943894e-04 5.190461879526705753e-04
7.082790705000001026e+02 5.734454340531497689e-04 5.239428087156520683e-04
7.082793830000000526e+02 5.989626959377605201e-04 5.287381708603614006e-04
7.082796955000000025e+02 5.965570327618105722e-04 5.334362936504626496e-04
7.082800080000000662e+02 5.750230178361366747e-04 5.380410299491347054e-04
7.082803205000000162e+02 5.904915725592556038e-04 5.425560716312189963e-04
7.082806330000000798e+02 5.979906763358345178e-04 5.469849551335766473e-04
7.082809455000000298e+02 6.824871056109870372e-04 5.513310670409401386e-04
7.082812580000000935e+02 5.599734387395228618e-04 5.555976497072836464e-04
7.082815705000000435e+02 6.196004335608969182e-04 5.597878068193894684e-04
7.082818830000001071e+02 6.317535874695893398e-04 5.639045089192814457e-04
7.082821955000000571e+02 6.084528466534261815e-04 5.679505988084966117e-04
7.082825080000000071e+02 6.156578687719482931e-04 5.719287968598795987e-04
7.082828205000000708e+02 6.182718309995168015e-04 5.758417061820898060e-04
7.082831330000000207e+02 5.586745792242897319e-04 5.796918176395598078e-04
7.082834455000000844e+02 5.782695707347886016e-04 5.834815147320784184e-04
7.082837580000000344e+02 5.472585240829349381e-04 5.872130782922245409e-04
7.082840705000000980e+02 5.986551762631313897e-04 5.908886910398099268e-04
7.082843830000000480e+02 5.960978571658572499e-04 5.945104419469782794e-04
7.082846954999999980e+02 6.304728795054180155e-04 5.980803304555606676e-04
7.082850080000000617e+02 6.716395591369324174e-04 6.016002705136735138e-04
7.082853205000000116e+02 6.080460506586563051e-04 6.050720944472760734e-04
7.082856330000000753e+02 6.138709543882304217e-04 6.084975566817652989e-04
7.082859455000000253e+02 6.821747719246456414e-04 6.118783372853490088e-04
7.082862580000000889e+02 6.446381166114847948e-04 6.152160453772870241e-04
7.082865705000000389e+02 6.227984589289903327e-04 6.185122223655090254e-04
7.082868830000001026e+02 6.246064761345024741e-04 6.217683450576820536e-04
7.082871955000000526e+02 6.343103135593422450e-04 6.249858286117759756e-04
7.082875080000000025e+02 5.728749608961688578e-04 6.281660293684149157e-04
7.082878205000000662e+02 6.783488870955405297e-04 6.313102475402734880e-04
7.082881330000000162e+02 6.554820218745817731e-04 6.344197297758528108e-04
7.082884455000000798e+02 5.591026691712140066e-04 6.374956716138622560e-04
7.082887580000000298e+02 5.882225809692561086e-04 6.405392198049028769e-04
7.082890705000000935e+02 5.715118394074165378e-04 6.435514745404673784e-04
7.082893830000000435e+02 6.753104018383171078e-04 6.465334915583178382e-04
7.082896955000001071e+02 5.827716836728484172e-04 6.494862841644324447e-04
7.082900080000000571e+02 5.754429343721073663e-04 6.524108251410608078e-04
7.082903205000000071e+02 6.333740886763582732e-04 6.553080485790356048e-04
7.082906330000000708e+02 6.168226597639581447e-04 6.581788516116121070e-04
7.082909455000000207e+02 6.361588725911199692e-04 6.610240960649915384e-04
7.082912580000000844e+02 5.719271923745999344e-04 6.638446100397180907e-04
7.082915705000000344e+02 6.243152428760704534e-04 6.666411894008487807e-04
7.082918830000000980e+02 6.898271472412885593e-04 6.694145992126299387e-04
7.082921955000000480e+02 6.115813248892809900e-04 6.721655750883626318e-04
7.082925079999999980e+02 6.319304752597655183e-04 6.748948244903952209e-04
7.082928205000000617e+02 6.543832780329005483e-04 6.776030279580865130e-04
7.082931330000000116e+02 5.685900771758515410e-04 6.802908402770911330e-04
7.082934455000000753e+02 6.638198990017149309e-04 6.829588916025512322e-04
7.082937580000000253e+02 7.110783749579441130e-04 6.856077885144686414e-04
7.082940705000000889e+02 5.986126780337191165e-04 6.882381150382092978e-04
7.082943830000000389e+02 6.533603604254409770e-04 6.908504336015815206e-04
7.082946955000001026e+02 6.431128687463968062e-04 6.934452859617402888e-04
7.082950080000000526e+02 6.516453981357648749e-04 6.960231940735569622e-04
