7.049237470000000485e+02 3.300608709316212226e-04 3.503524641712013219e-04
7.049240594999999985e+02 4.101861933696024408e-04 3.501310010250303743e-04
7.049243720000000621e+02 3.500450248761358737e-04 3.498738453322047370e-04
7.049246845000000121e+02 3.564223741585036695e-04 3.495797026537006674e-04
7.049249970000000758e+02 3.563436575958897016e-04 3.492472247293119405e-04
7.049253095000000258e+02 4.135935052922862253e-04 3.488750071228586278e-04
7.049256220000000894e+02 3.482505323776571848e-04 3.484615867738702659e-04
7.049259345000000394e+02 3.934847881508365215e-04 3.480054394587274100e-04
7.049262470000001031e+02 3.410260180306191771e-04 3.475049771565166703e-04
7.049265595000000530e+02 3.992143741955797446e-04 3.469585453246356210e-04
7.049268720000000030e+02 3.868586505719794413e-04 3.463644200799818602e-04
7.049271845000000667e+02 3.610550297719741569e-04 3.457208052917902725e-04
7.049274970000000167e+02 3.632664087948574497e-04 3.450258295875459000e-04
7.049278095000000803e+02 3.424298297653670365e-04 3.442775432732116114e-04
7.049281220000000303e+02 4.032378463196250326e-04 3.434739151793750550e-04
7.049284345000000940e+02 3.474163459865031419e-04 3.426128294324659661e-04
7.049287470000000440e+02 3.615281622884355776e-04 3.416920821687600171e-04
7.049290594999999939e+02 3.320750702088446325e-04 3.407093781933684612e-04
7.049293720000000576e+02 3.444726318238995871e-04 3.396623276054556908e-04
7.049296845000000076e+02 2.727395714625914730e-04 3.385484424038619016e-04
7.049299970000000712e+02 3.145708294260874012e-04 3.373651330889236230e-04
7.049303095000000212e+02 3.285741591781000514e-04 3.361097052945413743e-04
7.049306220000000849e+02 3.302551506081183178e-04 3.347793564664397546e-04
7.049309345000000349e+02 3.543528978039304275e-04 3.333711726341915594e-04
7.049312470000000985e+02 3.206032999849852370e-04 3.318821253020303938e-04
7.049315595000000485e+02 3.216090758208347894e-04 3.303090685203405904e-04
7.049318719999999985e+02 2.740922729397821350e-04 3.286487361760322590e-04
7.049321845000000621e+02 2.827647127492349225e-04 3.268977395774885363e-04
7.049324970000000121e+02 3.181669203586024158e-04 3.250525654019226457e-04
7.049328095000000758e+02 2.933697741593741144e-04 3.231095740815003001e-04
7.049331220000000258e+02 3.014533712884495589e-04 3.210649987407395529e-04
7.049334345000000894e+02 3.587413809370803685e-04 3.189149447742140519e-04
7.049337470000000394e+02 2.897241576901145397e-04 3.166553902128747041e-04
7.049340595000001031e+02 2.939366614266214939e-04 3.142821869983067969e-04
7.049343720000000530e+02 2.564516616978229874e-04 3.117910633526115244e-04
7.049346845000000030e+02 2.770706999243846471e-04 3.091776274027292683e-04
7.049349970000000667e+02 2.687692500001392709e-04 3.064373722880410055e-04
7.049353095000000167e+02 2.437304620636227687e-04 3.035656829778278823e-04
7.049356220000000803e+02 2.916585723221568212e-04 3.005578450501295517e-04
7.049359345000000303e+02 2.914929153611116905e-04 2.974090557513277061e-04
7.049362470000000940e+02 2.935838395580087643e-04 2.941144376307540062e-04
7.049365595000000440e+02 3.093441206717997263e-04 2.906690551478379749e-04
7.049368719999999939e+02 2.609059194037745451e-04 2.870679346164433277e-04
7.049371845000000576e+02 2.732917887974067829e-04 2.833060879546064762e-04
7.049374970000000076e+02 2.272445030324998587e-04 2.793785407084811842e-04
7.049378095000000712e+02 1.891318496712180840e-04 2.752803648551892810e-04
7.049381220000000212e+02 2.755937403408584177e-04 2.710067169792093611e-04
7.049384345000000849e+02 2.377739482619683391e-04 2.665528823743910339e-04
7.049387470000000349e+02 2.394706816945068695e-04 2.619143257491010060e-04
7.049390595000000985e+02 2.591693428168611191e-04 2.570867491410983420e-04
7.049393720000000485e+02 2.150391731416576263e-04 2.520661577677104173e-04
7.049396844999999985e+02 2.562220189428085992e-04 2.468489344372665835e-04
7.049399970000000621e+02 2.387490417355913697e-04 2.414319232298027063e-04
7.049403095000000121e+02 2.343913524338961938e-04 2.358125230616482323e-04
7.049406220000000758e+02 2.257880320617895980e-04 2.299887916798659313e-04
7.049409345000000258e+02 2.105304335007942131e-04 2.239595606069515416e-04
7.049412470000000894e+02 2.095908549310643689e-04 2.177245613022524848e-04
7.049415595000000394e+02 1.870798931696435402e-04 2.112845627479916844e-04
7.049418720000001031e+02 1.802603874736097961e-04 2.046415202808843825e-04
7.049421845000000530e+02 1.861923754515958747e-04 1.977987353166213457e-04
7.049424970000000030e+02 1.848182275961151363e-04 1.907610250771359908e-04
7.049428095000000667e+02 1.916967330135599954e-04 1.835349010863981055e-04
7.049431220000000167e+02 1.736503535690889569e-04 1.761287545546648490e-04
7.049434345000000803e+02 1.660595901452321921e-04 1.685530461102696794e-04
7.049437470000000303e+02 1.577452524714724816e-04 1.608204966889447156e-04
7.049440595000000940e+02 1.603628723665827737e-04 1.529462754154804294e-04
7.049443720000000440e+02 1.342857616728637704e-04 1.449481795947957360e-04
7.049446844999999939e+02 1.424723950880617544e-04 1.368468008256374226e-04
7.049449970000000576e+02 1.408966246062512157e-04 1.286656704760389758e-04
7.049453095000000076e+02 1.324401566499101650e-04 1.204313767756775650e-04
7.049456220000000712e+02 1.668142691643376477e-04 1.121736450001258175e-04
7.049459345000000212e+02 1.149314668922716989e-04 1.039253717335818694e-04
7.049462470000000849e+02 8.591628194053513626e-05 9.572260370476718284e-05
7.049465595000000349e+02 1.239253644673763268e-04 8.760445191754621464e-05
7.049468720000000985e+02 8.363973998526486671e-05 7.961293210273943043e-05
7.049471845000000485e+02 1.047009718336228097e-04 7.179272375185597919e-05
7.049474969999999985e+02 7.131378668823541483e-05 6.419084147025369937e-05
7.049478095000000621e+02 6.356554829967933293e-05 5.685621487998625365e-05
7.049481220000000121e+02 7.368981268857182590e-05 4.983917619454331858e-05
7.049484345000000758e+02 6.148222050575149436e-05 4.319085821101004098e-05
7.049487470000000258e+02 6.289122223040319250e-05 3.696250968186559020e-05
7.049490595000000894e+02 4.051321976802937344e-05 3.120473934662771812e-05
7.049493720000000394e+02 4.796289270279627313e-05 2.596670461179279301e-05
7.049496845000001031e+02 5.024456688819591975e-05 2.129526506666520649e-05
7.049499970000000530e+02 2.872292118890782544e-05 1.723412497098805423e-05
7.049503095000000030e+02 3.190255119257763084e-05 1.382299165310392559e-05
7.049506220000000667e+02 1.524487038346646715e-05 1.109677859252657715e-05
7.049509345000000167e+02 1.742092051310295656e-05 9.084882165180697153e-06
7.049512470000000803e+02 1.275962658652887072e-05 7.810559704303298529e-06
7.049515595000000303e+02 1.022892603454472669e-05 7.290433555585090093e-06
7.049518720000000940e+02 5.453844848627041803e-06 7.534141212737860135e-06
7.049521845000000440e+02 8.344926815606903237e-06 8.544145796907676871e-06
7.049524969999999939e+02 1.046504733518395866e-05 1.031571432127109961e-05
7.049528095000000576e+02 9.642883083675559783e-06 1.283706390733339717e-05
7.049531220000000076e+02 1.398291071958259182e-05 1.608966884778664251e-05
7.049534345000000712e+02 1.919921089844916999e-05 2.004871469128532139e-05
7.049537470000000212e+02 1.169392457387692480e-05 2.468367970673248144e-05
7.049540595000000849e+02 2.470708110951486572e-05 2.995901969215697519e-05
7.049543720000000349e+02 1.308536418965727863e-05 3.583492909235960256e-05
7.049546845000000985e+02 3.243932066073557991e-05 4.226815019489511816e-05
7.049549970000000485e+02 3.401612577240711811e-05 4.921280233724929483e-05
7.049553094999999985e+02 4.708676764276562682e-05 5.662120486503930598e-05
7.049556220000000621e+02 2.632926059374326479e-05 6.444467028662954010e-05
7.049559345000000121e+02 4.427900767464360910e-05 7.263424780293084040e-05
7.049562470000000758e+02 8.126266563636022177e-05 8.114140156693094039e-05
7.049565595000000258e+02 5.900264451847110679e-05 8.991861226915828114e-05
7.049568720000000894e+02 7.407258063089455216e-05 9.891989506466632479e-05
7.049571845000000394e+02 8.935848668055938564e-05 1.081012305994045894e-04
7.049574970000001031e+02 9.358790807969527082e-05 1.174209095439310676e-04
7.049578095000000530e+02 1.191041595514366548e-04 1.268397937020053880e-04
7.049581220000000030e+02 1.139915703807018984e-04 1.363214992075535345e-04
7.049584345000000667e+02 1.251340700360625596e-04 1.458325087532814012e-04
7.049587470000000167e+02 1.513511370129280026e-04 1.553422209486032899e-04
7.049590595000000803e+02 1.463257256830758789e-04 1.648229454318638615e-04
7.049593720000000303e+02 1.427380410909579215e-04 1.742498523361575634e-04
7.049596845000000940e+02 1.669423957602080813e-04 1.836008846558944557e-04
7.049599970000000440e+02 2.050706692591812365e-04 1.928566413426222774e-04
7.049603094999999939e+02 2.087119562347277270e-04 2.020002384968151558e-04
7.049606220000000576e+02 2.081797341212068722e-04 2.110171550448188373e-04
7.049609345000000076e+02 2.547998632773257072e-04 2.198950685747581033e-04
7.049612470000000712e+02 2.380437649468377086e-04 2.286236861614285212e-04
7.049615595000000212e+02 2.440623836086683990e-04 2.371945740863117794e-04
7.049618720000000849e+02 2.378198044035231557e-04 2.456009897825706893e-04
7.049621845000000349e+02 2.425809212756412222e-04 2.538377184452703735e-04
7.049624970000000985e+02 2.724497503689583952e-04 2.619009163375590234e-04
7.049628095000000485e+02 2.648904011048482218e-04 2.697879620955552526e-04
7.049631219999999985e+02 2.737959018545122565e-04 2.774973170741451274e-04
7.049634345000000621e+02 2.638279325121315930e-04 2.850283952318235017e-04
7.049637470000000121e+02 2.761592053606641800e-04 2.923814428503932156e-04
7.049640595000000758e+02 2.900395146594354225e-04 2.995574281342538439e-04
7.049643720000000258e+02 3.374059798433991664e-04 3.065579404491849979e-04
7.049646845000000894e+02 3.584259490602910740e-04 3.133850989656678096e-04
7.049649970000000394e+02 2.809956871838740697e-04 3.200414702001486947e-04
7.049653095000001031e+02 3.319807661019460445e-04 3.265299940402521198e-04
7.049656220000000530e+02 3.405679140751489671e-04 3.328539176333728043e-04
7.049659345000000030e+02 3.406174500338958184e-04 3.390167366489412631e-04
7.049662470000000667e+02 3.970166135369051813e-04 3.450221432823431344e-04
7.049665595000000167e+02 3.806590108179174056e-04 3.508739804597904772e-04
7.049668720000000803e+02 4.079126632373454358e-04 3.565762017147274909e-04
7.049671845000000303e+02 4.126992869827929311e-04 3.621328361553745757e-04
7.049674970000000940e+02 3.443607691552121671e-04 3.675479580903905758e-04
7.049678095000000440e+02 4.041479067681274812e-04 3.728256607783641229e-04
7.049681219999999939e+02 3.870359977646871527e-04 3.779700339287845202e-04
7.049684345000000576e+02 4.131741969655695445e-04 3.829851445023382838e-04
7.049687470000000076e+02 3.896715602616590774e-04 3.878750204623847525e-04
7.049690595000000712e+02 3.790721626928914858e-04 3.926436371576618920e-04
7.049693720000000212e+02 4.484700909464888049e-04 3.972949059851741110e-04
7.049696845000000849e+02 3.712110086396566786e-04 4.018326651111792645e-04
7.049699970000000349e+02 4.768658628769263056e-04 4.062606719449589061e-04
7.049703095000000985e+02 4.123088670860793254e-04 4.105825971952186716e-04
7.049706220000000485e+02 3.944490809193813884e-04 4.148020202554197140e-04
7.049709344999999985e+02 4.216728991569329891e-04 4.189224257888783968e-04
7.049712470000000621e+02 4.781510462821124841e-04 4.229472013141034230e-04
7.049715595000000121e+02 4.565532222761846588e-04 4.268796356653691004e-04
7.049718720000000758e+02 4.281322990151746133e-04 4.307229182168725184e-04
7.049721845000000258e+02 4.787707765166652031e-04 4.344801387237064052e-04
7.049724970000000894e+02 4.772723951853936799e-04 4.381542877263221582e-04
7.049728095000000394e+02 4.197987425687939788e-04 4.417482573879400083e-04
7.049731220000001031e+02 4.360754978801305846e-04 4.452648427334676565e-04
7.049734345000000530e+02 4.652547265744291088e-04 4.487067431813453449e-04
7.049737470000000030e+02 4.511411689468785235e-04 4.520765643515740309e-04
7.049740595000000667e+02 4.694561019489135981e-04 4.553768200675107096e-04
7.049743720000000167e+02 5.360296150289598762e-04 4.586099345215473451e-04
7.049746845000000803e+02 4.952802002870486256e-04 4.617782445785254919e-04
7.049749970000000303e+02 4.849931573255726234e-04 4.648840021549684675e-04
7.049753095000000940e+02 5.190495763143814683e-04 4.679293766827303754e-04
7.049756220000000440e+02 4.594037827583600749e-04 4.709164575963671997e-04
7.049759344999999939e+02 5.298304390685659162e-04 4.738472568590735667e-04
7.049762470000000576e+02 5.275722845447857606e-04 4.767237114819085136e-04
7.049765595000000076e+02 4.798804211140371618e-04 4.795476860334079599e-04
7.049768720000000712e+02 5.323432819704935126e-04 4.823209751373944468e-04
7.049771845000000212e+02 4.703849177907012003e-04 4.850453059230718433e-04
7.049774970000000849e+02 4.854183542474607314e-04 4.877223404508962651e-04
7.049778095000000349e+02 5.254319376191820884e-04 4.903536780751720876e-04
7.049781220000000985e+02 5.784014921160016837e-04 4.929408577696948795e-04
7.049784345000000485e+02 5.416235863548092989e-04 4.954853603810177153e-04
7.049787469999999985e+02 5.847401865575598077e-04 4.979886108358391478e-04
7.049790595000000621e+02 4.693191979781446174e-04 5.004519802763177571e-04
7.049793720000000121e+02 4.968503996928763048e-04 5.028767881314537367e-04
7.049796845000000758e+02 5.002486864503237875e-04 5.052643041321059529e-04
7.049799970000000258e+02 4.795804240218252599e-04 5.076157502469975545e-04
7.049803095000000894e+02 5.019432236770469654e-04 5.099323025669798759e-04
7.049806220000000394e+02 4.868426281010189752e-04 5.122150931100873496e-04
7.049809345000001031e+02 4.864661912732826544e-04 5.144652115754237134e-04
7.049812470000000530e+02 4.987087804274806116e-04 5.166837070198177862e-04
7.049815595000000030e+02 4.690816644592715030e-04 5.188715894841691191e-04
7.049818720000000667e+02 5.171779942906175711e-04 5.210298315501183698e-04
7.049821845000000167e+02 4.805121814170437104e-04 5.231593698369436593e-04
7.049824970000000803e+02 4.814715925071445563e-04 5.252611064478038706e-04
7.049828095000000303e+02 5.092017440531296886e-04 5.273359103475119781e-04
7.049831220000000940e+02 4.947637726827163731e-04 5.293846186975048346e-04
7.049834345000000440e+02 5.242857243508246409e-04 5.314080381252603595e-04
7.049837469999999939e+02 5.304272705050023856e-04 5.334069459533434835e-04
7.049840595000000576e+02 4.928205931538652594e-04 5.353820913710381681e-04
7.049843720000000076e+02 5.280201333193077721e-04 5.373341965579935030e-04
7.049846845000000712e+02 4.834218395002694768e-04 5.392639577685864492e-04
7.049849970000000212e+02 5.740260481620739885e-04 5.411720463609037517e-04
7.049853095000000849e+02 4.935575941713898690e-04 5.430591097940253584e-04
7.049856220000000349e+02 4.957220473338249918e-04 5.449257725727936399e-04
7.049859345000000985e+02 4.241794832782988414e-04 5.467726371639135925e-04
