7.080429410000000416e+02 4.031082913345751745e-04 3.550442482101174419e-04
7.080432534999999916e+02 3.358668603399850576e-04 3.556144251700076270e-04
7.080435660000000553e+02 4.077247250143853211e-04 3.561431650639461897e-04
7.080438785000000053e+02 4.686712606431767862e-04 3.566287973342172611e-04
7.080441910000000689e+02 3.974029426413673485e-04 3.570695730591376383e-04
7.080445035000000189e+02 4.265342038728047120e-04 3.574636609426015145e-04
7.080448160000000826e+02 3.934772494168208967e-04 3.578091431032172668e-04
7.080451285000000325e+02 3.694284631399367622e-04 3.581040106502466746e-04
7.080454410000000962e+02 3.264083229799085340e-04 3.583461590435135487e-04
7.080457535000000462e+02 3.404236442351862651e-04 3.585333832262937071e-04
7.080460659999999962e+02 3.824256523398669510e-04 3.586633725281535663e-04
7.080463785000000598e+02 3.863536140715692884e-04 3.587337053295704343e-04
7.080466910000000098e+02 3.350278711912131396e-04 3.587418434851207655e-04
7.080470035000000735e+02 3.709664516127600181e-04 3.586851265016558019e-04
7.080473160000000235e+02 3.374645023249985389e-04 3.585607654695372121e-04
7.080476285000000871e+02 3.728556591678649926e-04 3.583658367472701339e-04
7.080479410000000371e+02 2.916313406216154269e-04 3.580972754030541322e-04
7.080482534999999871e+02 3.439053321719634732e-04 3.577518684177828992e-04
7.080485660000000507e+02 3.560803533399783624e-04 3.573262476603451809e-04
7.080488785000000007e+02 3.453077989699527444e-04 3.568168826491622354e-04
7.080491910000000644e+02 3.538304182118800221e-04 3.562200731169343562e-04
7.080495035000000144e+02 3.365896879823407871e-04 3.555319414085206047e-04
7.080498160000000780e+02 3.485212597866115675e-04 3.547484247390570214e-04
7.080501285000000280e+02 3.405749595261648582e-04 3.538652673611081072e-04
7.080504410000000917e+02 3.447315253202678392e-04 3.528780126850105314e-04
7.080507535000000416e+02 3.330286610615294340e-04 3.517819954259839487e-04
7.080510659999999916e+02 2.886258621262034708e-04 3.505723338468572808e-04
7.080513785000000553e+02 3.193209784784799884e-04 3.492439222001130438e-04
7.080516910000000053e+02 3.358853247191895936e-04 3.477914234815054689e-04
7.080520035000000689e+02 2.881776894524074126e-04 3.462092626267432608e-04
7.080523160000000189e+02 3.425361809989168650e-04 3.444916203275705528e-04
7.080526285000000826e+02 3.258629153274403669e-04 3.426324276442454229e-04
7.080529410000000325e+02 3.396509580758841330e-04 3.406253616611244414e-04
7.080532535000000962e+02 3.176708176002779934e-04 3.384638424332616063e-04
7.080535660000000462e+02 3.116809322998291857e-04 3.361410315590896303e-04
7.080538784999999962e+02 3.133605763749378438e-04 3.336498327217301565e-04
7.080541910000000598e+02 3.209291553867018405e-04 3.309828946412174009e-04
7.080545035000000098e+02 3.189567738397820350e-04 3.281326169209971113e-04
7.080548160000000735e+02 2.982826931562514465e-04 3.250911593413422125e-04
7.080551285000000235e+02 3.040348649320826716e-04 3.218504552717461279e-04
7.080554410000000871e+02 2.935410662845584903e-04 3.184022299082040386e-04
7.080557535000000371e+02 2.593732686923969164e-04 3.147380242100246720e-04
7.080560659999999871e+02 2.667525064424272575e-04 3.108492254487410338e-04
7.080563785000000507e+02 2.736470758938751324e-04 3.067271054662389519e-04
7.080566910000000007e+02 2.917100660861888053e-04 3.023628678241289404e-04
7.080570035000000644e+02 2.936460941159930484e-04 2.977477051507383178e-04
7.080573160000000144e+02 2.678381330973913501e-04 2.928728681816489244e-04
7.080576285000000780e+02 2.609933953980257356e-04 2.877297480330973469e-04
7.080579410000000280e+02 2.468763196079101102e-04 2.823099734758925715e-04
7.080582535000000917e+02 2.670373229609906583e-04 2.766055249771912474e-04
7.080585660000000416e+02 2.687454297063405812e-04 2.706088674801900929e-04
7.080588784999999916e+02 2.384561511472550125e-04 2.643131038200156424e-04
7.080591910000000553e+02 2.347780613948708436e-04 2.577121507813881366e-04
7.080595035000000053e+02 2.038870067638704235e-04 2.508009396601546697e-04
7.080598160000000689e+02 2.111139044407869358e-04 2.435756430119244930e-04
7.080601285000000189e+02 2.040451964408528172e-04 2.360339290678750636e-04
7.080604410000000826e+02 2.245146202136431780e-04 2.281752447130172958e-04
7.080607535000000325e+02 2.440795415479011599e-04 2.200011274538273009e-04
7.080610660000000962e+02 1.967214332070935860e-04 2.115155457767778130e-04
7.080613785000000462e+02 1.666386702733900537e-04 2.027252663663686402e-04
7.080616909999999962e+02 1.724261176323716902e-04 1.936402450635739219e-04
7.080620035000000598e+02 1.378886243572739897e-04 1.842740368893077752e-04
7.080623160000000098e+02 1.640506081628424903e-04 1.746442182977211305e-04
7.080626285000000735e+02 1.856446843417522657e-04 1.647728124311226890e-04
7.080629410000000235e+02 1.680604621009079811e-04 1.546867055917923396e-04
7.080632535000000871e+02 1.498675170898637187e-04 1.444180400437783504e-04
7.080635660000000371e+02 1.360828037463055298e-04 1.340045654633671972e-04
7.080638784999999871e+02 8.471392210542081497e-05 1.234899281696876568e-04
7.080641910000000507e+02 1.321017305494968745e-04 1.129238748016303621e-04
7.080645035000000007e+02 1.271114811527017841e-04 1.023623448871789897e-04
7.080648160000000644e+02 9.263565785324562947e-05 9.186742558175497000e-05
7.080651285000000144e+02 9.237152087279800513e-05 8.150714212834994621e-05
7.080654410000000780e+02 1.166424133984006884e-04 7.135505921658085457e-05
7.080657535000000280e+02 1.004963744859222201e-04 6.148967255127077208e-05
7.080660660000000917e+02 8.213579714198094911e-05 5.199357591370613738e-05
7.080663785000000416e+02 7.208102671126022788e-05 4.295239788341684506e-05
7.080666909999999916e+02 4.933891292466172356e-05 3.445351313530814680e-05
7.080670035000000553e+02 5.893629860122757199e-05 2.658454635189808475e-05
7.080673160000000053e+02 5.886551037466174923e-05 1.943170085297192789e-05
7.080676285000000689e+02 3.320194197511257240e-05 1.307795853256488702e-05
7.080679410000000189e+02 3.368445237348093756e-05 7.601211303598447608e-06
7.080682535000000826e+02 3.172338013649827576e-05 3.072395294879859377e-06
7.080685660000000325e+02 2.973188936946326495e-05 -4.462933098543968340e-07
7.080688785000000962e+02 2.343534991210103886e-05 -2.903019419842771757e-06
7.080691910000000462e+02 1.374991205588145177e-05 -4.257688740733667050e-06
7.080695034999999962e+02 2.051350554478137262e-05 -4.483016681195254596e-06
7.080698160000000598e+02 1.234119637532913390e-05 -3.565231583867707415e-06
7.080701285000000098e+02 1.379803431691861765e-05 -1.504376535021668432e-06
7.080704410000000735e+02 5.298711318025454566e-06 1.685803961499699983e-06
7.080707535000000235e+02 6.284275826176810817e-06 5.978383016655977490e-06
7.080710660000000871e+02 1.131937361204325288e-05 1.133414458947911095e-05
7.080713785000000371e+02 1.835796696038751401e-05 1.770280014379958336e-05
7.080716909999999871e+02 1.775447869496226671e-05 2.502446325743013761e-05
7.080720035000000507e+02 1.608928488070997248e-05 3.323130725819069302e-05
7.080723160000000007e+02 2.394968149398115818e-05 4.224932740870539379e-05
7.080726285000000644e+02 3.416914862574523318e-05 5.200013108225550016e-05
7.080729410000000144e+02 4.856549452881018863e-05 6.240268587107123104e-05
7.080732535000000780e+02 3.723614084558787200e-05 7.337496596536594257e-05
7.080735660000000280e+02 6.222349770316652545e-05 8.483544943913668779e-05
7.080738785000000917e+02 4.797561850192513225e-05 9.670443282140122492e-05
7.080741910000000416e+02 6.977129572412554630e-05 1.089051424301635309e-04
7.080745034999999916e+02 7.455004587074769379e-05 1.213646344569727027e-04
7.080748160000000553e+02 1.011408679009216329e-04 1.340144860747359979e-04
7.080751285000000053e+02 9.234949104919251185e-05 1.467912884034691678e-04
7.080754410000000689e+02 1.260099969584326169e-04 1.596369583757005777e-04
7.080757535000000189e+02 1.516108605136447631e-04 1.724988904482092954e-04
7.080760660000000826e+02 1.578286580229074781e-04 1.853299715331612396e-04
7.080763785000000325e+02 1.403587922000129867e-04 1.980884828046575185e-04
7.080766910000000962e+02 1.753187578607394870e-04 2.107379116661031628e-04
7.080770035000000462e+02 1.795802517922061834e-04 2.232466952941076588e-04
7.080773159999999962e+02 1.918243144541440914e-04 2.355879153048552577e-04
7.080776285000000598e+02 2.022973514858186317e-04 2.477389603413722398e-04
7.080779410000000098e+02 2.074553356164340564e-04 2.596811709423761357e-04
7.080782535000000735e+02 2.496691493255336525e-04 2.713994784947189125e-04
7.080785660000000235e+02 3.119990638309692432e-04 2.828820475246817063e-04
7.080788785000000871e+02 3.018654279280939584e-04 2.941199286617771644e-04
7.080791910000000371e+02 3.104883081177637109e-04 3.051067274402270084e-04
7.080795034999999871e+02 3.493152634824414843e-04 3.158382927508933857e-04
7.080798160000000507e+02 3.587136821100947860e-04 3.263124271779702860e-04
7.080801285000000007e+02 3.330053309503375972e-04 3.365286205120549879e-04
7.080804410000000644e+02 2.964240859543598337e-04 3.464878068641435646e-04
7.080807535000000144e+02 3.407390548049688364e-04 3.561921450171146031e-04
7.080810660000000780e+02 3.801051426853910026e-04 3.656448213726419777e-04
7.080813785000000280e+02 3.753623974438056923e-04 3.748498742762749266e-04
7.080816910000000917e+02 3.868936915277370074e-04 3.838120385044050992e-04
7.080820035000000416e+02 4.393966905797155290e-04 3.925366083385673703e-04
7.080823159999999916e+02 4.425118966383946410e-04 4.010293178038787658e-04
7.080826285000000553e+02 4.711939607788791034e-04 4.092962364532815619e-04
7.080829410000000053e+02 4.470198710668357375e-04 4.173436792295821167e-04
7.080832535000000689e+02 5.262825102718294429e-04 4.251781289918329628e-04
7.080835660000000189e+02 4.452544045022320735e-04 4.328061702714263966e-04
7.080838785000000826e+02 4.638557240445086985e-04 4.402344330800949659e-04
7.080841910000000325e+02 5.546542017452475888e-04 4.474695455089025163e-04
7.080845035000000962e+02 5.087706183605990220e-04 4.545180941380784641e-04
7.080848160000000462e+02 4.380338506931612578e-04 4.613865912015222980e-04
7.080851284999999962e+02 5.366965509625827666e-04 4.680814477141853527e-04
7.080854410000000598e+02 5.041325581462183887e-04 4.746089517143435165e-04
7.080857535000000098e+02 5.160185866308007177e-04 4.809752509504052810e-04
7.080860660000000735e+02 5.650309760539507734e-04 4.871863394155260337e-04
7.080863785000000235e+02 4.753264802039697777e-04 4.932480471248941066e-04
7.080866910000000871e+02 4.822351554319943357e-04 4.991660327260501661e-04
7.080870035000000371e+02 5.193222861966831187e-04 5.049457784477789186e-04
7.080873159999999871e+02 5.594511739959711488e-04 5.105925870871844564e-04
7.080876285000000507e+02 6.038892873052820274e-04 5.161115806586934153e-04
7.080879410000000007e+02 5.019643389363066810e-04 5.215077004484152453e-04
7.080882535000000644e+02 5.827653987555711599e-04 5.267857082508031578e-04
7.080885660000000144e+02 6.194299806876596686e-04 5.319501885292820306e-04
7.080888785000000780e+02 6.270027494689886993e-04 5.370055513816959563e-04
7.080891910000000280e+02 6.636196730579757303e-04 5.419560360946843293e-04
7.080895035000000917e+02 5.634326396480299594e-04 5.468057152150497622e-04
7.080898160000000416e+02 6.563570729368010124e-04 5.515584989665872932e-04
7.080901284999999916e+02 5.307305016488310725e-04 5.562181399726822415e-04
7.080904410000000553e+02 5.339233029005586431e-04 5.607882381589702992e-04
7.080907535000000053e+02 5.771460819433423635e-04 5.652722457863689235e-04
7.080910660000000689e+02 5.933174056817057829e-04 5.696734725731147876e-04
7.080913785000000189e+02 5.537509220036003011e-04 5.739950908171828712e-04
7.080916910000000826e+02 6.272426846596179228e-04 5.782401405301670861e-04
7.080920035000000325e+02 6.520759216208761935e-04 5.824115344990067047e-04
7.080923160000000962e+02 6.836441446645567712e-04 5.865120632995923181e-04
7.080926285000000462e+02 6.098629809206114168e-04 5.905444001916776778e-04
7.080929409999999962e+02 6.222065980671413147e-04 5.945111059255315166e-04
7.080932535000000598e+02 5.846203903244453961e-04 5.984146334096202393e-04
7.080935660000000098e+02 5.776148410333287577e-04 6.022573322450478026e-04
7.080938785000000735e+02 6.828726890773921011e-04 6.060414531332601693e-04
7.080941910000000235e+02 6.636479491182769837e-04 6.097691521170524841e-04
7.080945035000000871e+02 6.612077399086646384e-04 6.134424946952038134e-04
7.080948160000000371e+02 6.064725130106873602e-04 6.170634597652845978e-04
7.080951284999999871e+02 6.785506308906976347e-04 6.206339434366873803e-04
7.080954410000000507e+02 6.476413161880024451e-04 6.241557626811240289e-04
7.080957535000000007e+02 5.664860640786574704e-04 6.276306588362839294e-04
7.080960660000000644e+02 6.722942811041919368e-04 6.310603009775795757e-04
7.080963785000000144e+02 6.445369161625699858e-04 6.344462891293818846e-04
7.080966910000000780e+02 6.089650927474586336e-04 6.377901573584487038e-04
7.080970035000000280e+02 6.250781700710174305e-04 6.410933767135050315e-04
7.080973160000000917e+02 6.685951289848237082e-04 6.443573580545433957e-04
7.080976285000000416e+02 7.178225117771446558e-04 6.475834547372166013e-04
7.080979409999999916e+02 6.233163931220414913e-04 6.507729651940512934e-04
7.080982535000000553e+02 6.966114089270524596e-04 6.539271353870272207e-04
7.080985660000000053e+02 6.865954663563998087e-04 6.570471611482184802e-04
7.080988785000000689e+02 6.093158519666427722e-04 6.601341904241103372e-04
7.080991910000000189e+02 6.112889650202229987e-04 6.631893253995448838e-04
7.080995035000000826e+02 5.597651991209397259e-04 6.662136245407919389e-04
7.080998160000000325e+02 6.411545028564027927e-04 6.692081045260534150e-04
7.081001285000000962e+02 6.511576322202238453e-04 6.721737421031322851e-04
7.081004410000000462e+02 6.028510797349149108e-04 6.751114758430791811e-04
7.081007534999999962e+02 6.161595686424261361e-04 6.780222078275443664e-04
7.081010660000000598e+02 6.962369670265299579e-04 6.809068052464621774e-04
7.081013785000000098e+02 6.474753871838719900e-04 6.837661019207492237e-04
7.081016910000000735e+02 6.319369929539126038e-04 6.866008997637776910e-04
7.081020035000000235e+02 6.546341029231174781e-04 6.894119701589245669e-04
7.081023160000000871e+02 6.499643230187631586e-04 6.922000552886565941e-04
7.081026285000000371e+02 6.432098125986945511e-04 6.949658693852425869e-04
7.081029409999999871e+02 6.387918799779121427e-04 6.977100999378036241e-04
7.081032535000000507e+02 6.551877322551204717e-04 7.004334088330363070e-04
7.081035660000000007e+02 6.676850185636641708e-04 7.031364334426635273e-04
7.081038785000000644e+02 6.962018103588314948e-04 7.058197876699164866e-04
7.081041910000000144e+02 6.305655983196554624e-04 7.084840629328742999e-04
7.081045035000000780e+02 6.665024324946441795e-04 7.111298291174875715e-04
7.081048160000000280e+02 6.711996678849180883e-04 7.137576354712755122e-04
7.081051285000000917e+02 6.842020796667283664e-04 7.163680114708608241e-04
