7.082895919999999705e+02 2.982310283866025690e-04 3.199500475300755221e-04
7.082899044999999205e+02 3.390874725655322391e-04 3.207007382652084498e-04
7.082902169999999842e+02 3.755992169460725498e-04 3.214153455185091201e-04
7.082905294999999342e+02 3.403173850503012424e-04 3.220923848914549761e-04
7.082908419999999978e+02 3.221732090233360001e-04 3.227303004439895876e-04
7.082911544999999478e+02 3.461484605077213726e-04 3.233274608804533653e-04
7.082914670000000115e+02 3.436071133401334536e-04 3.238821555314098000e-04
7.082917794999999614e+02 3.499311495322271438e-04 3.243925901142256669e-04
7.082920920000000251e+02 3.823414292493920708e-04 3.248568822695511939e-04
7.082924044999999751e+02 3.229938843980864919e-04 3.252730568575089363e-04
7.082927169999999251e+02 3.239921477759283189e-04 3.256390410097900366e-04
7.082930294999999887e+02 3.124406994001359341e-04 3.259526589238332609e-04
7.082933419999999387e+02 3.698754777142048149e-04 3.262116263923918653e-04
7.082936545000000024e+02 3.375009867137901192e-04 3.264135450610104934e-04
7.082939669999999523e+02 3.483705301048159735e-04 3.265558964036803622e-04
7.082942795000000160e+02 3.446701657212014559e-04 3.266360354135222611e-04
7.082945919999999660e+02 3.168586261041886169e-04 3.266511840017913022e-04
7.082949044999999160e+02 3.315965658890097792e-04 3.265984241045328976e-04
7.082952169999999796e+02 2.991556180531275075e-04 3.264746904959849798e-04
7.082955294999999296e+02 3.430663891196508329e-04 3.262767633130356270e-04
7.082958419999999933e+02 3.527960776916485262e-04 3.260012602969655391e-04
7.082961544999999433e+02 3.243210891013282855e-04 3.256446287661405410e-04
7.082964670000000069e+02 3.069578190537158640e-04 3.252031373351352717e-04
7.082967794999999569e+02 3.137569910488917108e-04 3.246728674083227111e-04
7.082970920000000206e+02 3.130780006986019293e-04 3.240497044768740533e-04
7.082974044999999705e+02 3.146629775181389202e-04 3.233293292674355494e-04
7.082977169999999205e+02 3.116155615908326520e-04 3.225072087915228968e-04
7.082980294999999842e+02 2.697623170606299175e-04 3.215785873696726921e-04
7.082983419999999342e+02 3.038662485146893712e-04 3.205384777145558334e-04
7.082986544999999978e+02 2.874235119042842365e-04 3.193816521738025759e-04
7.082989669999999478e+02 3.326695136586429731e-04 3.181026342696678319e-04
7.082992795000000115e+02 3.404871892171777280e-04 3.166956906783905410e-04
7.082995919999999614e+02 2.888225611410690430e-04 3.151548238487951719e-04
7.082999045000000251e+02 2.600538599713935741e-04 3.134737654675517427e-04
7.083002169999999751e+02 2.601716543657528946e-04 3.116459710519971010e-04
7.083005294999999251e+02 2.624363702958259635e-04 3.096646159663558515e-04
7.083008419999999887e+02 2.803534674128102836e-04 3.075225932447644170e-04
7.083011544999999387e+02 2.998510754107752935e-04 3.052125136494749139e-04
7.083014670000000024e+02 2.775390195309189695e-04 3.027267084612444916e-04
7.083017794999999523e+02 2.453434045937859091e-04 3.000572356116438058e-04
7.083020920000000160e+02 2.822238710315511513e-04 2.971958898138067737e-04
7.083024044999999660e+02 2.577159212570326774e-04 2.941342175085389439e-04
7.083027169999999160e+02 2.591545331186287165e-04 2.908635375007197514e-04
7.083030294999999796e+02 2.602450074643394081e-04 2.873749683447461480e-04
7.083033419999999296e+02 2.467949781064198551e-04 2.836594636454954936e-04
7.083036544999999933e+02 2.929463981935103746e-04 2.797078565873921873e-04
7.083039669999999433e+02 2.401627200275786660e-04 2.755109152136326050e-04
7.083042795000000069e+02 2.389221138358483003e-04 2.710594100706860475e-04
7.083045919999999569e+02 2.641132295244424857e-04 2.663441960926154085e-04
7.083049045000000206e+02 2.721944584907142156e-04 2.613563106723251826e-04
7.083052169999999705e+02 1.797870035415253273e-04 2.560870901234385002e-04
7.083055294999999205e+02 2.659504345612566487e-04 2.505283067642513411e-04
7.083058419999999842e+02 1.882434633143092474e-04 2.446723290463207671e-04
7.083061544999999342e+02 2.071868018015478904e-04 2.385123071287529272e-04
7.083064669999999978e+02 1.876072109761499427e-04 2.320423862478669544e-04
7.083067794999999478e+02 2.364087019828037988e-04 2.252579501584344910e-04
7.083070920000000115e+02 1.701223628979744019e-04 2.181558965007327953e-04
7.083074044999999614e+02 1.741225398611344994e-04 2.107349456115040220e-04
7.083077170000000251e+02 1.977864603463332170e-04 2.029959834312353216e-04
7.083080294999999751e+02 1.440014074549704178e-04 1.949424383315773927e-04
7.083083419999999251e+02 1.811967565093884765e-04 1.865806902010118688e-04
7.083086544999999887e+02 1.987429950210326251e-04 1.779205085814847915e-04
7.083089669999999387e+02 1.600586541339374510e-04 1.689755144408686485e-04
7.083092795000000024e+02 1.668036862939586832e-04 1.597636576021448790e-04
7.083095919999999523e+02 1.581315401729333956e-04 1.503076989710071005e-04
7.083099045000000160e+02 1.340334535128362078e-04 1.406356831286346444e-04
7.083102169999999660e+02 1.456996609794281483e-04 1.307813833631587164e-04
7.083105294999999160e+02 1.163429618396478370e-04 1.207846971475112020e-04
7.083108419999999796e+02 1.007979993781553217e-04 1.106919664951124861e-04
7.083111544999999296e+02 1.099541635172249319e-04 1.005561941404912985e-04
7.083114669999999933e+02 1.156345338798766387e-04 9.043712393822841554e-05
7.083117794999999433e+02 9.986872408821842093e-05 8.040115275317965768e-05
7.083120920000000069e+02 7.860313242299281128e-05 7.052104149124794881e-05
7.083124044999999569e+02 8.371331986540430812e-05 6.087539610060319312e-05
7.083127170000000206e+02 7.074311626402448694e-05 5.154789492466884825e-05
7.083130294999999705e+02 6.759048742675575854e-05 4.262624795296453137e-05
7.083133419999999205e+02 5.786639162925631181e-05 3.420088544187312646e-05
7.083136544999999842e+02 4.064022591299720267e-05 2.636338865720172652e-05
7.083139669999999342e+02 5.393915437063876919e-05 1.920469269116162317e-05
7.083142794999999978e+02 4.821500119226723052e-05 1.281310975265714679e-05
7.083145919999999478e+02 4.328954667454864528e-05 7.272239418058834977e-06
7.083149045000000115e+02 3.400433404209293167e-05 2.658847918726697763e-06
7.083152169999999614e+02 3.952648554492916059e-05 -9.591897513801717314e-07
7.083155295000000251e+02 2.868365095839941383e-05 -3.524785641412289915e-06
7.083158419999999751e+02 1.194863640607834670e-05 -4.993274796066490138e-06
7.083161544999999251e+02 2.145119006204985749e-05 -5.333703135412601083e-06
7.083164669999999887e+02 1.552509729754184068e-05 -4.529695977450713994e-06
7.083167794999999387e+02 9.920403523569435786e-06 -2.579859319805330113e-06
7.083170920000000024e+02 7.388221600594932489e-06 5.023063684661768211e-07
7.083174044999999523e+02 9.195073318542036124e-06 4.688970684137251821e-06
7.083177170000000160e+02 1.084036016793066605e-05 9.938978754364629741e-06
7.083180294999999660e+02 3.528317831199954990e-06 1.619923563651953861e-05
7.083183419999999160e+02 1.406694398529602927e-05 2.340638907249348755e-05
7.083186544999999796e+02 1.513966320785177561e-05 3.148871844938851714e-05
7.083189669999999296e+02 1.254805892733027759e-05 4.036813400604564376e-05
7.083192794999999933e+02 1.051355237608012726e-05 4.996219366589821256e-05
7.083195919999999433e+02 4.401745364119009180e-05 6.018605410575088147e-05
7.083199045000000069e+02 3.104296649841225956e-05 7.095428661646611447e-05
7.083202169999999569e+02 3.391176092337641986e-05 8.218250448297300835e-05
7.083205295000000206e+02 7.807081972413773313e-05 9.378876608493053599e-05
7.083208419999999705e+02 6.595434323055305496e-05 1.056947342745862510e-04
7.083211544999999205e+02 7.655334468360264764e-05 1.178265876433388492e-04
7.083214669999999842e+02 1.081709801013625526e-04 1.301156913327226601e-04
7.083217794999999342e+02 9.047663732882221008e-05 1.424990445803054901e-04
7.083220919999999978e+02 1.257078091409252361e-04 1.549195286875754065e-04
7.083224044999999478e+02 1.316367256565929454e-04 1.673259827522261564e-04
7.083227170000000115e+02 1.235725257107485764e-04 1.796731362826128658e-04
7.083230294999999614e+02 1.474074550124360205e-04 1.919214272244881348e-04
7.083233420000000251e+02 2.181521698890992022e-04 2.040367325634361777e-04
7.083236544999999751e+02 1.659487965357769705e-04 2.159900358190506035e-04
7.083239669999999251e+02 1.830708412866637806e-04 2.277570529478663145e-04
7.083242794999999887e+02 1.708333718262047634e-04 2.393178346333104214e-04
7.083245919999999387e+02 2.363806875981107564e-04 2.506563598338630984e-04
7.083249045000000024e+02 2.985405857653018486e-04 2.617601323820590783e-04
7.083252169999999523e+02 2.572893303278441890e-04 2.726197895045271704e-04
7.083255295000000160e+02 3.016771200163313239e-04 2.832287289365511542e-04
7.083258419999999660e+02 2.933461862812659590e-04 2.935827589887719737e-04
7.083261544999999160e+02 2.771468106495109844e-04 3.036797744772328921e-04
7.083264669999999796e+02 3.171321377806904742e-04 3.135194598445297551e-04
7.083267794999999296e+02 3.701618338503575591e-04 3.231030198766070738e-04
7.083270919999999933e+02 4.016852940959982467e-04 3.324329376105825628e-04
7.083274044999999433e+02 3.451835433479998852e-04 3.415127583257864213e-04
7.083277170000000069e+02 3.773224519405997206e-04 3.503468983049890114e-04
7.083280294999999569e+02 3.736763265299782727e-04 3.589404765810593140e-04
7.083283420000000206e+02 3.510309095349393397e-04 3.672991679576790365e-04
7.083286544999999705e+02 3.699318640012238027e-04 3.754290753305964019e-04
7.083289669999999205e+02 4.367701468143631916e-04 3.833366195476367350e-04
7.083292794999999842e+02 4.450661013284661093e-04 3.910284449292304731e-04
7.083295919999999342e+02 3.798436848359112213e-04 3.985113387714856836e-04
7.083299044999999978e+02 4.975156833352463752e-04 4.057921632580955532e-04
7.083302169999999478e+02 4.663823509133295303e-04 4.128777982350113722e-04
7.083305295000000115e+02 4.433305560757396803e-04 4.197750935816280679e-04
7.083308419999999614e+02 4.624439906161415155e-04 4.264908298700993607e-04
7.083311545000000251e+02 4.350807412604379204e-04 4.330316862950310671e-04
7.083314669999999751e+02 4.377109700685144033e-04 4.394042148101484657e-04
7.083317794999999251e+02 5.287026455351626856e-04 4.456148196746823422e-04
7.083320919999999887e+02 4.676851098356147977e-04 4.516697415770631321e-04
7.083324044999999387e+02 4.947917704324168242e-04 4.575750456821676797e-04
7.083327170000000024e+02 4.607431466069414881e-04 4.633366130277604008e-04
7.083330294999999523e+02 5.031074280420647169e-04 4.689601346967897828e-04
7.083333420000000160e+02 4.932959709837777965e-04 4.744511083804555177e-04
7.083336544999999660e+02 6.004439990814558958e-04 4.798148368735779884e-04
7.083339669999999160e+02 5.277947374215581113e-04 4.850564282278557759e-04
7.083342794999999796e+02 4.923592502826178120e-04 4.901807972211547591e-04
7.083345919999999296e+02 6.208102658291259242e-04 4.951926679140947847e-04
7.083349044999999933e+02 5.334735624233762291e-04 5.000965770977384159e-04
7.083352169999999433e+02 5.486780977538368523e-04 5.048968784042589565e-04
7.083355295000000069e+02 5.164001172907214899e-04 5.095977469821556891e-04
7.083358419999999569e+02 5.926906825234961543e-04 5.142031845478087530e-04
7.083361545000000206e+02 5.587209160166393485e-04 5.187170247587958444e-04
7.083364669999999705e+02 5.787374718412122187e-04 5.231429387614602638e-04
7.083367794999999205e+02 5.636625773222995973e-04 5.274844408873699542e-04
7.083370919999999842e+02 5.941746753686151386e-04 5.317448943927325202e-04
7.083374044999999342e+02 5.645367752809591451e-04 5.359275172049285775e-04
7.083377169999999978e+02 5.186495019171027563e-04 5.400353876474997279e-04
7.083380294999999478e+02 5.919900354784855216e-04 5.440714500701664949e-04
7.083383420000000115e+02 5.883503629151718350e-04 5.480385204027887194e-04
7.083386544999999614e+02 5.899602753738325111e-04 5.519392915631667193e-04
7.083389670000000251e+02 6.142299572695467157e-04 5.557763387484691755e-04
7.083392794999999751e+02 6.820156931080092544e-04 5.595521245510797891e-04
7.083395919999999251e+02 5.730621023107336119e-04 5.632690039335157620e-04
7.083399044999999887e+02 5.876548511832827741e-04 5.669292290206463933e-04
7.083402169999999387e+02 5.803812411963262972e-04 5.705349537197200969e-04
7.083405295000000024e+02 5.235497444099714882e-04 5.740882381790357895e-04
7.083408419999999523e+02 5.967762952181635341e-04 5.775910530520609199e-04
7.083411545000000160e+02 5.254812382270367902e-04 5.810452836087224215e-04
7.083414669999999660e+02 5.820582062791865383e-04 5.844527336547122387e-04
7.083417794999999160e+02 5.541143702740415448e-04 5.878151293015033106e-04
7.083420919999999796e+02 5.774800860064543528e-04 5.911341225591648521e-04
7.083424044999999296e+02 5.680968579191628251e-04 5.944112947693122422e-04
7.083427169999999933e+02 6.135594793226672354e-04 5.976481598946147954e-04
7.083430294999999433e+02 5.998954118329714001e-04 6.008461676399951337e-04
7.083433420000000069e+02 5.779131973460673250e-04 6.040067064476895486e-04
7.083436544999999569e+02 6.647963111225880291e-04 6.071311063338410497e-04
7.083439670000000206e+02 5.900653658776619037e-04 6.102206416092976690e-04
7.083442794999999705e+02 6.048893230163370415e-04 6.132765334532408377e-04
7.083445919999999205e+02 6.101435149935620665e-04 6.162999523803238582e-04
7.083449044999999842e+02 7.025876530868770727e-04 6.192920205783222689e-04
7.083452169999999342e+02 6.497833536396608722e-04 6.222538141330477817e-04
7.083455294999999978e+02 6.123918620263304156e-04 6.251863651562118143e-04
7.083458419999999478e+02 5.707316031655208875e-04 6.280906637941740178e-04
7.083461545000000115e+02 6.082055464029147845e-04 6.309676601557495830e-04
7.083464669999999614e+02 5.898130513306168530e-04 6.338182661295674617e-04
7.083467795000000251e+02 5.964676910051368384e-04 6.366433571292722231e-04
7.083470919999999751e+02 6.318065853190477348e-04 6.394437737373728477e-04
7.083474044999999251e+02 6.407744654633105693e-04 6.422203232840569551e-04
7.083477169999999887e+02 6.840565286770584549e-04 6.449737813390761954e-04
7.083480294999999387e+02 6.260691971135261703e-04 6.477048931309877097e-04
7.083483420000000024e+02 5.861317710287871924e-04 6.504143749071761424e-04
7.083486544999999523e+02 6.247772695750736065e-04 6.531029152132137227e-04
7.083489670000000160e+02 5.868273333968603012e-04 6.557711761256360822e-04
7.083492794999999660e+02 5.996971143891080503e-04 6.584197944097243491e-04
7.083495919999999160e+02 5.499152172542846537e-04 6.610493826356390271e-04
7.083499044999999796e+02 6.390079218947504556e-04 6.636605302313536682e-04
7.083502169999999296e+02 6.379475374502630415e-04 6.662538044849772301e-04
7.083505294999999933e+02 6.751075524440048074e-04 6.688297515083629343e-04
7.083508419999999433e+02 5.526793302656663083e-04 6.713888971408135458e-04
7.083511545000000069e+02 6.533211143212185089e-04 6.739317478244271752e-04
7.083514669999999569e+02 6.512169534865135199e-04 6.764587914232958292e-04
7.083517795000000206e+02 6.214878423336728588e-04 6.789704980184358297e-04
