7.169539479999999685e+02 2.310506389548923920e-04 2.286888189464069754e-04
7.169542604999999185e+02 2.565353045043359268e-04 2.285911326024610420e-04
7.169545729999999821e+02 2.497298332457599003e-04 2.284843133353818816e-04
7.169548854999999321e+02 2.314522547040032152e-04 2.283680131976816962e-04
7.169551979999999958e+02 2.126590963754400429e-04 2.282418680706503405e-04
7.169555104999999458e+02 2.398080587611856333e-04 2.281054967886418660e-04
7.169558230000000094e+02 2.605450843188243226e-04 2.279585002093659002e-04
7.169561354999999594e+02 2.216890266346772497e-04 2.278004602281489470e-04
7.169564480000000231e+02 2.266065756796075998e-04 2.276309387308317973e-04
7.169567604999999730e+02 2.185138141324143024e-04 2.274494764830242981e-04
7.169570729999999230e+02 2.497611073310003526e-04 2.272555919496830018e-04
7.169573854999999867e+02 2.134882090816999918e-04 2.270487800419340794e-04
7.169576979999999367e+02 2.300612679685388974e-04 2.268285107857914479e-04
7.169580105000000003e+02 2.484098477777976701e-04 2.265942279067396697e-04
7.169583229999999503e+02 2.296736077264628303e-04 2.263453473266520606e-04
7.169586355000000140e+02 2.173956264492851612e-04 2.260812555646910926e-04
7.169589479999999639e+02 1.978061166712471498e-04 2.258013080387097490e-04
7.169592604999999139e+02 2.072242938424217963e-04 2.255048272577654515e-04
7.169595729999999776e+02 2.359155418079788061e-04 2.251911009010571418e-04
7.169598854999999276e+02 2.165312551308744120e-04 2.248593797750697868e-04
7.169601979999999912e+02 2.553630109715728132e-04 2.245088756398099005e-04
7.169605104999999412e+02 2.549491247307195964e-04 2.241387588988469500e-04
7.169608230000000049e+02 2.228425030483331920e-04 2.237481561407084218e-04
7.169611354999999548e+02 2.309043866840242750e-04 2.233361475266071729e-04
7.169614480000000185e+02 2.241247407819971563e-04 2.229017640106555076e-04
7.169617604999999685e+02 2.225261034901970878e-04 2.224439843871948432e-04
7.169620729999999185e+02 2.300088389422407073e-04 2.219617321503174353e-04
7.169623854999999821e+02 2.177807024251214780e-04 2.214538721587651663e-04
7.169626979999999321e+02 1.906728795138945142e-04 2.209192070939577359e-04
7.169630104999999958e+02 2.165508041956513475e-04 2.203564736980101544e-04
7.169633229999999458e+02 2.105933436034842284e-04 2.197643387853867938e-04
7.169636355000000094e+02 2.062182438492814348e-04 2.191413950110449591e-04
7.169639479999999594e+02 2.193129102038498895e-04 2.184861563908088809e-04
7.169642605000000231e+02 2.099708427537605188e-04 2.177970535567191337e-04
7.169645729999999730e+02 2.165445477638996605e-04 2.170724287450379649e-04
7.169648854999999230e+02 1.999602400068105986e-04 2.163105305010808567e-04
7.169651979999999867e+02 2.207014382979094816e-04 2.155095081000064992e-04
7.169655104999999367e+02 2.085925214727571040e-04 2.146674056765700376e-04
7.169658230000000003e+02 2.297452965060224834e-04 2.137821560585103059e-04
7.169661354999999503e+02 2.047321270808588069e-04 2.128515743125998494e-04
7.169664480000000140e+02 2.183272147956730137e-04 2.118733509998086003e-04
7.169667604999999639e+02 1.992893968007684944e-04 2.108450451616419006e-04
7.169670729999999139e+02 1.834854439966220161e-04 2.097640770460779114e-04
7.169673854999999776e+02 1.961367227204099332e-04 2.086277206094362647e-04
7.169676979999999276e+02 1.803537808647656020e-04 2.074330958297606351e-04
7.169680104999999912e+02 1.741554860148297290e-04 2.061771608791607569e-04
7.169683229999999412e+02 2.085504508018115979e-04 2.048567042342216700e-04
7.169686355000000049e+02 1.759051728056731359e-04 2.034683367991601188e-04
7.169689479999999548e+02 2.122291232003373869e-04 2.020084841686366553e-04
7.169692605000000185e+02 1.982492656806785262e-04 2.004733791559915187e-04
7.169695729999999685e+02 1.998738942508532061e-04 1.988590547789784331e-04
7.169698854999999185e+02 1.906802511795251879e-04 1.971613379039613271e-04
7.169701979999999821e+02 2.162181355470212075e-04 1.953758438288204224e-04
7.169705104999999321e+02 2.059637200031590155e-04 1.934979721251029849e-04
7.169708229999999958e+02 1.833131726106340090e-04 1.915229041267305283e-04
7.169711354999999458e+02 1.856493278148808694e-04 1.894456025580129794e-04
7.169714480000000094e+02 1.686407180377783629e-04 1.872608138507126177e-04
7.169717604999999594e+02 1.914812935753792760e-04 1.849630738549228666e-04
7.169720730000000231e+02 2.056058347712457336e-04 1.825467177290828824e-04
7.169723854999999730e+02 1.744240278320584444e-04 1.800058949907510882e-04
7.169726979999999230e+02 1.668866318873320784e-04 1.773345908250535067e-04
7.169730104999999867e+02 1.367510764773573846e-04 1.745266549820854302e-04
7.169733229999999367e+02 1.842414936559707834e-04 1.715758397736850353e-04
7.169736355000000003e+02 1.840405869903021560e-04 1.684758489033773776e-04
7.169739479999999503e+02 1.610497792592943764e-04 1.652203991442317930e-04
7.169742605000000140e+02 1.727496897830012074e-04 1.618032970724829012e-04
7.169745729999999639e+02 1.517835305712437121e-04 1.582185333879143575e-04
7.169748854999999139e+02 1.363841699947599144e-04 1.544603975188915917e-04
7.169751979999999776e+02 1.541088209123992240e-04 1.505236154817205299e-04
7.169755104999999276e+02 1.463670905077488140e-04 1.464035140655615768e-04
7.169758229999999912e+02 1.572461418443577572e-04 1.420962144509270713e-04
7.169761354999999412e+02 1.525514303629481967e-04 1.375988583146551961e-04
7.169764480000000049e+02 1.241704571547378919e-04 1.329098690706700947e-04
7.169767604999999548e+02 1.224572853477136889e-04 1.280292503852037444e-04
7.169770730000000185e+02 1.217107899242224128e-04 1.229589230183848660e-04
7.169773854999999685e+02 1.176038156907904711e-04 1.177030996901326081e-04
7.169776979999999185e+02 1.178381883249810089e-04 1.122686955158924682e-04
7.169780104999999821e+02 1.197442890540911255e-04 1.066657689313058174e-04
7.169783229999999321e+02 8.489465667645315465e-05 1.009079844727341020e-04
7.169786354999999958e+02 8.912828741073635535e-05 9.501308448180195894e-05
7.169789479999999458e+02 9.392807367895734364e-05 8.900335181232783388e-05
7.169792605000000094e+02 8.823553070651365873e-05 8.290603980880956441e-05
7.169795729999999594e+02 7.299510611936056075e-05 7.675373992863476313e-05
7.169798855000000231e+02 5.776855403509594482e-05 7.058465135164583776e-05
7.169801979999999730e+02 6.378272559040089383e-05 6.444271200338130639e-05
7.169805104999999230e+02 6.515246558589874858e-05 5.837754696343799556e-05
7.169808229999999867e+02 5.338219303079621327e-05 5.244418987017251688e-05
7.169811354999999367e+02 6.682408902207989177e-05 4.670253636535944285e-05
7.169814480000000003e+02 4.511034543352163747e-05 4.121649721337276899e-05
7.169817604999999503e+02 3.569834081639021526e-05 3.605283322703456926e-05
7.169820730000000140e+02 3.356788249236747053e-05 3.127967443090797476e-05
7.169823854999999639e+02 3.003238601880521463e-05 2.696475170326266617e-05
7.169826979999999139e+02 2.934427384861200205e-05 2.317339816470444388e-05
7.169830104999999776e+02 1.661616457029048514e-05 1.996640738253599467e-05
7.169833229999999276e+02 2.150989195993102202e-05 1.739786181847908871e-05
7.169836354999999912e+02 1.556459377922599560e-05 1.551306388655314072e-05
7.169839479999999412e+02 1.021212482388939557e-05 1.434670952715306620e-05
7.169842605000000049e+02 1.307651308266114722e-05 1.392143748851613514e-05
7.169845729999999548e+02 1.616188068627082082e-05 1.424686589112419362e-05
7.169848855000000185e+02 1.475611983612197318e-05 1.531919247545058651e-05
7.169851979999999685e+02 2.330532682651014506e-05 1.712139018701907197e-05
7.169855104999999185e+02 2.174534899752838567e-05 1.962398095969731027e-05
7.169858229999999821e+02 2.257042309055764376e-05 2.278632407585556600e-05
7.169861354999999321e+02 2.008997539983061083e-05 2.655831722321000298e-05
7.169864479999999958e+02 3.589970828208357390e-05 3.088238271580110111e-05
7.169867604999999458e+02 4.127418073669410274e-05 3.569560037167547302e-05
7.169870730000000094e+02 2.645889343847209653e-05 4.093185220802706575e-05
7.169873854999999594e+02 3.404300561438999454e-05 4.652385984400594091e-05
7.169876980000000231e+02 4.666685440776552958e-05 5.240502000606098008e-05
7.169880104999999730e+02 4.632582293056238616e-05 5.851097221133051847e-05
7.169883229999999230e+02 6.314121166173246346e-05 6.478086207773382408e-05
7.169886354999999867e+02 7.926534898221800920e-05 7.115829014815998636e-05
7.169889479999999367e+02 7.602970683900124322e-05 7.759195795760910814e-05
7.169892605000000003e+02 8.662773578014001756e-05 8.403603907029091370e-05
7.169895729999999503e+02 9.047129531531105913e-05 9.045031288175689672e-05
7.169898855000000140e+02 7.755129635852803986e-05 9.680010402373951392e-05
7.169901979999999639e+02 1.094280274307608656e-04 1.030560707266354830e-04
7.169905104999999139e+02 1.175695611377714200e-04 1.091938831929006187e-04
7.169908229999999776e+02 1.105646195219651349e-04 1.151938284398284628e-04
7.169911354999999276e+02 1.080444576840460284e-04 1.210403726165344902e-04
7.169914479999999912e+02 1.260911565330862395e-04 1.267217059291067776e-04
7.169917604999999412e+02 1.214802933653876422e-04 1.322292895618724018e-04
7.169920730000000049e+02 1.542610932310464918e-04 1.375574189619367422e-04
7.169923854999999548e+02 1.371721689193910012e-04 1.427028132933746258e-04
7.169926980000000185e+02 1.390722511131103803e-04 1.476642373419566497e-04
7.169930104999999685e+02 1.518707314742191890e-04 1.524421591254658981e-04
7.169933229999999185e+02 1.587699784583720616e-04 1.570384443740442855e-04
7.169936354999999821e+02 1.630806155943049596e-04 1.614560873261413612e-04
7.169939479999999321e+02 1.652094566536503151e-04 1.656989762328070070e-04
7.169942604999999958e+02 1.424673169877523071e-04 1.697716912359973805e-04
7.169945729999999458e+02 1.641310347895898604e-04 1.736793318187585748e-04
7.169948855000000094e+02 2.037671393577816239e-04 1.774273709277395265e-04
7.169951979999999594e+02 1.896635645617292243e-04 1.810215327551500139e-04
7.169955105000000231e+02 2.106697162118762357e-04 1.844676913564315839e-04
7.169958229999999730e+02 1.830735512293951781e-04 1.877717873609486719e-04
7.169961354999999230e+02 1.846206059590674872e-04 1.909397603314050371e-04
7.169964479999999867e+02 1.987267359554404506e-04 1.939774944898372774e-04
7.169967604999999367e+02 2.166960102156698358e-04 1.968907758146326906e-04
7.169970730000000003e+02 2.143945205349554383e-04 1.996852587440268111e-04
7.169973854999999503e+02 2.223436086705999335e-04 2.023664409072783185e-04
7.169976980000000140e+02 2.239690091022899902e-04 2.049396445699211845e-04
7.169980104999999639e+02 2.418191225517746874e-04 2.074100036009349202e-04
7.169983229999999139e+02 2.209556533826967167e-04 2.097824549999379731e-04
7.169986354999999776e+02 1.924138429768489989e-04 2.120617341160731760e-04
7.169989479999999276e+02 2.013715690009835579e-04 2.142523728544543777e-04
7.169992604999999912e+02 2.072182291920401909e-04 2.163587002761484203e-04
7.169995729999999412e+02 2.127451138665988994e-04 2.183848450676992639e-04
7.169998855000000049e+02 2.150743356371342908e-04 2.203347394848067305e-04
7.170001979999999548e+02 2.350063583526387204e-04 2.222121243972033193e-04
7.170005105000000185e+02 2.543472048785053652e-04 2.240205551708521745e-04
7.170008229999999685e+02 2.356376905103774405e-04 2.257634081287913962e-04
7.170011354999999185e+02 2.376240349446542399e-04 2.274438874194552459e-04
7.170014479999999821e+02 2.521007081801772626e-04 2.290650321196609923e-04
7.170017604999999321e+02 2.728065836758341222e-04 2.306297234540632209e-04
7.170020729999999958e+02 2.248363835023406562e-04 2.321406920365637794e-04
7.170023854999999458e+02 2.359553921308737111e-04 2.336005250406416461e-04
7.170026980000000094e+02 2.333880106245338681e-04 2.350116732550895670e-04
7.170030104999999594e+02 2.263822450605281465e-04 2.363764579609001876e-04
7.170033230000000231e+02 2.504438002217628098e-04 2.376970776115576271e-04
7.170036354999999730e+02 2.274172434851524721e-04 2.389756142752276025e-04
7.170039479999999230e+02 2.509484228189313125e-04 2.402140398371483516e-04
7.170042604999999867e+02 2.255392337964873479e-04 2.414142219391411540e-04
7.170045729999999367e+02 2.424350697452204418e-04 2.425779296557389788e-04
7.170048855000000003e+02 2.426291992596895427e-04 2.437068389093283714e-04
7.170051979999999503e+02 2.473124330887619760e-04 2.448025376152179332e-04
7.170055105000000140e+02 2.391655307262572174e-04 2.458665305738048554e-04
7.170058229999999639e+02 2.712951524597024796e-04 2.469002441026645523e-04
7.170061354999999139e+02 2.396724566627479454e-04 2.479050304283748592e-04
7.170064479999999776e+02 2.177900577236867384e-04 2.488821718366303944e-04
7.170067604999999276e+02 2.170164448237365715e-04 2.498328845939245483e-04
7.170070729999999912e+02 2.480707383433287255e-04 2.507583226536932194e-04
7.170073854999999412e+02 2.429417449404078526e-04 2.516595811480468918e-04
7.170076980000000049e+02 2.442518164749758075e-04 2.525376996857247756e-04
7.170080104999999548e+02 2.449820630403470108e-04 2.533936654553740507e-04
7.170083230000000185e+02 2.471751990046730692e-04 2.542284161544079235e-04
7.170086354999999685e+02 2.624615869440156003e-04 2.550428427427387955e-04
7.170089479999999185e+02 2.239680664273702312e-04 2.558377920403284754e-04
7.170092604999999821e+02 2.499225977120591788e-04 2.566140691697696365e-04
7.170095729999999321e+02 2.569508381523935027e-04 2.573724398557030368e-04
7.170098854999999958e+02 2.514750090491825463e-04 2.581136325919498788e-04
7.170101979999999458e+02 2.628634470990169419e-04 2.588383406772642894e-04
7.170105105000000094e+02 2.579538854496180879e-04 2.595472241357190996e-04
7.170108229999999594e+02 2.309719139775874151e-04 2.602409115201849768e-04
7.170111355000000231e+02 2.237316015576667875e-04 2.609200016140725254e-04
7.170114479999999730e+02 2.591240981183657623e-04 2.615850650294389160e-04
7.170117604999999230e+02 2.692069907150771661e-04 2.622366457153164497e-04
7.170120729999999867e+02 2.570967538575974465e-04 2.628752623756578548e-04
7.170123854999999367e+02 2.555191640311293413e-04 2.635014098048353267e-04
7.170126980000000003e+02 2.898449272721597574e-04 2.641155601479178920e-04
7.170130104999999503e+02 2.753130254088134114e-04 2.647181640847263246e-04
7.170133230000000140e+02 2.565846348054583300e-04 2.653096519491557163e-04
7.170136354999999639e+02 2.745243847912233557e-04 2.658904347807841467e-04
7.170139479999999139e+02 2.615431212748983670e-04 2.664609053194948196e-04
7.170142604999999776e+02 2.674392499491460825e-04 2.670214389413378027e-04
7.170145729999999276e+02 2.911912748558877218e-04 2.675723945413226732e-04
7.170148854999999912e+02 2.786065383101858509e-04 2.681141153683195676e-04
7.170151979999999412e+02 2.776857713993186169e-04 2.686469298100608032e-04
7.170155105000000049e+02 2.677938553407038661e-04 2.691711521372880259e-04
7.170158229999999548e+02 2.587094599026692576e-04 2.696870832033929685e-04
7.170161355000000185e+02 3.023226307725517003e-04 2.701950111082537863e-04
