7.080251789999999801e+02 4.189786394496322142e-04 3.536479465097969828e-04
7.080254914999999301e+02 3.968911343819652099e-04 3.543092931241939429e-04
7.080258039999999937e+02 3.344534770316154532e-04 3.549286921440428862e-04
7.080261164999999437e+02 3.803488968450028014e-04 3.555044283446078066e-04
7.080264290000000074e+02 4.310043269645865587e-04 3.560347047736058760e-04
7.080267414999999573e+02 3.993314878831120593e-04 3.565176384888180117e-04
7.080270540000000210e+02 3.784070964734745379e-04 3.569512560771469461e-04
7.080273664999999710e+02 3.654525044553872900e-04 3.573334889400242532e-04
7.080276790000000346e+02 3.387735471665982755e-04 3.576621683420340165e-04
7.080279914999999846e+02 4.260943006855213121e-04 3.579350202093608039e-04
7.080283039999999346e+02 3.740458916428232019e-04 3.581496596745864839e-04
7.080286164999999983e+02 3.163070367099138553e-04 3.583035853574145866e-04
7.080289289999999482e+02 3.656869430012767239e-04 3.583941733769430626e-04
7.080292415000000119e+02 3.843305378675158273e-04 3.584186710907066560e-04
7.080295539999999619e+02 3.565957260887292046e-04 3.583741905563298381e-04
7.080298665000000256e+02 3.348861661379464501e-04 3.582577017156161783e-04
7.080301789999999755e+02 3.873213550106102514e-04 3.580660253022911158e-04
7.080304914999999255e+02 3.435553307666859048e-04 3.577958254775900362e-04
7.080308039999999892e+02 3.728038711600853688e-04 3.574436022027546625e-04
7.080311164999999392e+02 3.477716697594582631e-04 3.570056833618454376e-04
7.080314290000000028e+02 2.991083386860913487e-04 3.564782166515892718e-04
7.080317414999999528e+02 3.294773989399197309e-04 3.558571612674413004e-04
7.080320540000000165e+02 3.776375719583221786e-04 3.551382794142181223e-04
7.080323664999999664e+02 3.635098722412960417e-04 3.543171276904214851e-04
7.080326790000000301e+02 3.409333097365072453e-04 3.533890483931730010e-04
7.080329914999999801e+02 3.338291715854690370e-04 3.523491608196265609e-04
7.080333039999999301e+02 3.302996604242526557e-04 3.511923526387538720e-04
7.080336164999999937e+02 2.960984609099467750e-04 3.499132714425905546e-04
7.080339289999999437e+02 3.041623073502617430e-04 3.485063165973236615e-04
7.080342415000000074e+02 3.820806067190291033e-04 3.469656315360871205e-04
7.080345539999999573e+02 3.038060511043442786e-04 3.452850966824182275e-04
7.080348665000000210e+02 3.013919819171986206e-04 3.434583231982986265e-04
7.080351789999999710e+02 3.515907058744295859e-04 3.414786478234453182e-04
7.080354915000000346e+02 2.942188652289212322e-04 3.393391290793814317e-04
7.080358039999999846e+02 3.034071098785858346e-04 3.370325452037845927e-04
7.080361164999999346e+02 3.339988921599150191e-04 3.345513941953582563e-04
7.080364289999999983e+02 2.643308197043675459e-04 3.318878964563332134e-04
7.080367414999999482e+02 3.059726506765070905e-04 3.290340005700615432e-04
7.080370540000000119e+02 2.681279828281726905e-04 3.259813928305167405e-04
7.080373664999999619e+02 2.946591301736376694e-04 3.227215112717288811e-04
7.080376790000000256e+02 3.435549421179146445e-04 3.192455649922854434e-04
7.080379914999999755e+02 2.453650519430836162e-04 3.155445597539239437e-04
7.080383039999999255e+02 2.832784784531729486e-04 3.116093308874821996e-04
7.080386164999999892e+02 2.845047392602154199e-04 3.074305847427184681e-04
7.080389289999999392e+02 3.182836886350022543e-04 3.029989500229763721e-04
7.080392415000000028e+02 2.774199450223201039e-04 2.983050404906702354e-04
7.080395539999999528e+02 2.439937869323859196e-04 2.933395307415961168e-04
7.080398665000000165e+02 2.618284655367898641e-04 2.880932468096118184e-04
7.080401789999999664e+02 2.534088850675610127e-04 2.825572736135682295e-04
7.080404915000000301e+02 1.939868132432612485e-04 2.767230812736705598e-04
7.080408039999999801e+02 2.270085495523810381e-04 2.705826725422585434e-04
7.080411164999999301e+02 2.583208148315773540e-04 2.641287535251203686e-04
7.080414289999999937e+02 1.954651796620487470e-04 2.573549299737339828e-04
7.080417414999999437e+02 2.426519000897634426e-04 2.502559312634988330e-04
7.080420540000000074e+02 2.291968053433157768e-04 2.428278639532389308e-04
7.080423664999999573e+02 1.966440584444204692e-04 2.350684965539735912e-04
7.080426790000000210e+02 2.181863206123624927e-04 2.269775764470444005e-04
7.080429914999999710e+02 1.999527877030479023e-04 2.185571792883664896e-04
7.080433040000000346e+02 1.914945496845906305e-04 2.098120900182781265e-04
7.080436164999999846e+02 1.785821324946129294e-04 2.007502134271504652e-04
7.080439289999999346e+02 1.809164682576799323e-04 1.913830103320298759e-04
7.080442414999999983e+02 1.957292432267567243e-04 1.817259535036719732e-04
7.080445539999999482e+02 1.583060991608952459e-04 1.717989948946176690e-04
7.080448665000000119e+02 1.768579040913321446e-04 1.616270328470390699e-04
7.080451789999999619e+02 1.466917609309702610e-04 1.512403648922589817e-04
7.080454915000000256e+02 1.405742567966652306e-04 1.406751081246370013e-04
7.080458039999999755e+02 1.333916871250731323e-04 1.299735658591417672e-04
7.080461164999999255e+02 1.232957610916211139e-04 1.191845156941900581e-04
7.080464289999999892e+02 1.233079575821583330e-04 1.083633914118568164e-04
7.080467414999999392e+02 1.082775689464122608e-04 9.757232893974896782e-05
7.080470540000000028e+02 9.139083125567357883e-05 8.688004578149133154e-05
7.080473664999999528e+02 1.117565516223985214e-04 7.636152437455782319e-05
7.080476790000000165e+02 9.689746216434969560e-05 6.609747271542493750e-05
7.080479914999999664e+02 9.846578111790836498e-05 5.617354151430832142e-05
7.080483040000000301e+02 6.567690902521024763e-05 4.667928539745437209e-05
7.080486164999999801e+02 6.075732020067534252e-05 3.770686726317082550e-05
7.080489289999999301e+02 5.542374937797215918e-05 2.934951858468597941e-05
7.080492414999999937e+02 5.742558633580746173e-05 2.169978450634767788e-05
7.080495539999999437e+02 8.410355097155838009e-05 1.484759922780658945e-05
7.080498665000000074e+02 3.213447224824958048e-05 8.878253539637036011e-06
7.080501789999999573e+02 3.546502849809430604e-05 3.870330792431625037e-06
7.080504915000000210e+02 2.841217862999637241e-05 -1.063019160550274897e-07
7.080508039999999710e+02 1.823820853870351463e-05 -2.992354986484898740e-06
7.080511165000000346e+02 2.167280243897403113e-05 -4.740738736704857725e-06
7.080514289999999846e+02 1.621612500767524051e-05 -5.317863550871173030e-06
7.080517414999999346e+02 1.156128453855220469e-05 -4.704549104745991925e-06
7.080520539999999983e+02 1.351384111150344912e-05 -2.896494496538082413e-06
7.080523664999999482e+02 1.139663113396632275e-05 9.571415268648525185e-08
7.080526790000000119e+02 1.008477531734317595e-05 4.247055453213300304e-06
7.080529914999999619e+02 7.485387174393849781e-06 9.518954484846497941e-06
7.080533040000000256e+02 1.842104768160680674e-05 1.586054190752006181e-05
7.080536164999999755e+02 1.008590031516125374e-05 2.321021927394114346e-05
7.080539289999999255e+02 1.836431197097672014e-05 3.149744717024217347e-05
7.080542414999999892e+02 7.999895818233595724e-06 4.064466714801344123e-05
7.080545539999999392e+02 2.718945072909802690e-05 5.056926950808352379e-05
7.080548665000000028e+02 5.021963408218170044e-05 6.118552581780073636e-05
7.080551789999999528e+02 2.919997695752228232e-05 7.240641617932092944e-05
7.080554915000000165e+02 4.717550753517674270e-05 8.414529566578403950e-05
7.080558039999999664e+02 5.614661828838050993e-05 9.631735967187341331e-05
7.080561165000000301e+02 7.003046798178513810e-05 1.088408836913147933e-04
7.080564289999999801e+02 6.439199554762955080e-05 1.216382270891024357e-04
7.080567414999999301e+02 1.019276431636075925e-04 1.346366030324384813e-04
7.080570539999999937e+02 8.645262526434506576e-05 1.477686263644352525e-04
7.080573664999999437e+02 1.325174185798825253e-04 1.609726586207116828e-04
7.080576790000000074e+02 1.493779037540322939e-04 1.741929741444699932e-04
7.080579914999999573e+02 1.271641609349343828e-04 1.873797735943903112e-04
7.080583040000000210e+02 1.754359311665862375e-04 2.004890720481893116e-04
7.080586164999999710e+02 1.491770746171196781e-04 2.134824877887227441e-04
7.080589290000000346e+02 1.908469249134327845e-04 2.263269563067091153e-04
7.080592414999999846e+02 2.138423605190824456e-04 2.389943912144656306e-04
7.080595539999999346e+02 2.537528848715162760e-04 2.514613111677250199e-04
7.080598664999999983e+02 2.362172519181183561e-04 2.637084486196924235e-04
7.080601789999999482e+02 2.492501560231117079e-04 2.757203534616661008e-04
7.080604915000000119e+02 2.870656334680490970e-04 2.874850018627318955e-04
7.080608039999999619e+02 2.888244613197736392e-04 2.989934180110840277e-04
7.080611165000000256e+02 2.660810300770860472e-04 3.102393145655535866e-04
7.080614289999999755e+02 2.570844687069778864e-04 3.212187555436466489e-04
7.080617414999999255e+02 3.309282900489840442e-04 3.319298441472469624e-04
7.080620539999999892e+02 3.523750390682792513e-04 3.423724365954040568e-04
7.080623664999999392e+02 3.718907073690588274e-04 3.525478822459573178e-04
7.080626790000000028e+02 4.371547279558512340e-04 3.624587895727716036e-04
7.080629914999999528e+02 3.510037766527006613e-04 3.721088169217329059e-04
7.080633040000000165e+02 3.424196367980527679e-04 3.815024868203990773e-04
7.080636164999999664e+02 4.085003435109807370e-04 3.906450221584830676e-04
7.080639290000000301e+02 4.164231780616505147e-04 3.995422026573592278e-04
7.080642414999999801e+02 4.793249511268596655e-04 4.082002397759873697e-04
7.080645539999999301e+02 4.984983445645624258e-04 4.166256684227831637e-04
7.080648664999999937e+02 4.399514151691735113e-04 4.248252537084600423e-04
7.080651789999999437e+02 4.775239499770904698e-04 4.328059111724752266e-04
7.080654915000000074e+02 5.457680764498127040e-04 4.405746390085231792e-04
7.080658039999999573e+02 4.725386277218343047e-04 4.481384608241643615e-04
7.080661165000000210e+02 5.427189192543014533e-04 4.555043777480987733e-04
7.080664289999999710e+02 6.041079524674614499e-04 4.626793286342011438e-04
7.080667415000000346e+02 5.303712198821418670e-04 4.696701574031855318e-04
7.080670539999999846e+02 5.478024488302743900e-04 4.764835864969421426e-04
7.080673664999999346e+02 5.187738359780842169e-04 4.831261956892916572e-04
7.080676789999999983e+02 5.146014948214075371e-04 4.896044054453363046e-04
7.080679914999999482e+02 5.034001956127328106e-04 4.959244642000466916e-04
7.080683040000000119e+02 5.939953730235797381e-04 5.020924390006948354e-04
7.080686164999999619e+02 5.696190125659970124e-04 5.081142089491903551e-04
7.080689290000000256e+02 5.544029313592524792e-04 5.139954610734994225e-04
7.080692414999999755e+02 6.099785001167973199e-04 5.197416881715985872e-04
7.080695539999999255e+02 5.872664667032061626e-04 5.253581883623263541e-04
7.080698664999999892e+02 5.994261303620005083e-04 5.308500660000380371e-04
7.080701789999999392e+02 5.597328166082354188e-04 5.362222337266865950e-04
7.080704915000000028e+02 5.351858761489050337e-04 5.414794154661044289e-04
7.080708039999999528e+02 5.748235702362334719e-04 5.466261501278902972e-04
7.080711165000000165e+02 5.979101463066575440e-04 5.516667959247014991e-04
7.080714289999999664e+02 5.660291547928207167e-04 5.566055351083458187e-04
7.080717415000000301e+02 6.186912936637490147e-04 5.614463790715373478e-04
7.080720539999999801e+02 5.866590034363605797e-04 5.661931736610739023e-04
7.080723664999999301e+02 5.878113103629714750e-04 5.708496046779778371e-04
7.080726789999999937e+02 5.746412739810167775e-04 5.754192034527653510e-04
7.080729914999999437e+02 5.974822995769738876e-04 5.799053524584117658e-04
7.080733040000000074e+02 5.979062376990471224e-04 5.843112909306586973e-04
7.080736164999999573e+02 5.748494970429447780e-04 5.886401204168146238e-04
7.080739290000000210e+02 6.743703585656218380e-04 5.928948102728655734e-04
7.080742414999999710e+02 5.982565630169805028e-04 5.970782030329572186e-04
7.080745540000000346e+02 5.678800725647498810e-04 6.011930196822284781e-04
7.080748664999999846e+02 6.636387367377782377e-04 6.052418647683881518e-04
7.080751789999999346e+02 6.330894035683785675e-04 6.092272313879776259e-04
7.080754914999999983e+02 6.725630277987698418e-04 6.131515060012540652e-04
7.080758039999999482e+02 6.189345667937300264e-04 6.170169730856476121e-04
7.080761165000000119e+02 7.152910859665509956e-04 6.208258196381014017e-04
7.080764289999999619e+02 6.530406584411775801e-04 6.245801394893955253e-04
7.080767415000000256e+02 6.029673384420583841e-04 6.282819374739118242e-04
7.080770539999999755e+02 5.595733262611764453e-04 6.319331334116288536e-04
7.080773664999999255e+02 6.266400647444725098e-04 6.355355659469122788e-04
7.080776789999999892e+02 7.036842180394326397e-04 6.390909962130526248e-04
7.080779914999999392e+02 6.777706893905297535e-04 6.426011113400387741e-04
7.080783040000000028e+02 6.192819986482264597e-04 6.460675278221326328e-04
7.080786164999999528e+02 6.824818078700557646e-04 6.494917947176401989e-04
7.080789290000000165e+02 6.442469908614190761e-04 6.528753967251278191e-04
7.080792414999999664e+02 6.120231244527819066e-04 6.562197571006135252e-04
7.080795540000000301e+02 6.755826008051643919e-04 6.595262404606194208e-04
7.080798664999999801e+02 5.949359527619624190e-04 6.627961554367483264e-04
7.080801789999999301e+02 7.137578625659313095e-04 6.660307572246405936e-04
7.080804914999999937e+02 6.691568670683157617e-04 6.692312500020387682e-04
7.080808039999999437e+02 6.456825873413015327e-04 6.723987892333006160e-04
7.080811165000000074e+02 5.981232278246400051e-04 6.755344838765735618e-04
7.080814289999999573e+02 6.916517241306181481e-04 6.786393984695224387e-04
7.080817415000000210e+02 7.046561184995713857e-04 6.817145551339578308e-04
7.080820539999999710e+02 7.162873267790916551e-04 6.847609354673759490e-04
7.080823665000000346e+02 6.054246298081997560e-04 6.877794823619418551e-04
7.080826789999999846e+02 6.920416330811689871e-04 6.907711017193391865e-04
7.080829914999999346e+02 6.385258211559107682e-04 6.937366640999522490e-04
7.080833039999999983e+02 6.438962371777181420e-04 6.966770062826716870e-04
7.080836164999999482e+02 6.481307009877630785e-04 6.995929327502992730e-04
7.080839290000000119e+02 7.342618777019739758e-04 7.024852171146177141e-04
7.080842414999999619e+02 6.878214222013277453e-04 7.053546034579871900e-04
7.080845540000000256e+02 6.038586648298342827e-04 7.082018076276248159e-04
7.080848664999999755e+02 6.982589144311026653e-04 7.110275184520396894e-04
7.080851789999999255e+02 6.289485941165004045e-04 7.138323989150208810e-04
7.080854914999999892e+02 7.146166649837994199e-04 7.166170872640066896e-04
7.080858039999999392e+02 6.715430548062860600e-04 7.193821980661150141e-04
7.080861165000000028e+02 6.641457292895546274e-04 7.221283232243755909e-04
7.080864289999999528e+02 6.729988114461939392e-04 7.248560329314328223e-04
7.080867415000000165e+02 7.070551694260776045e-04 7.275658765942396916e-04
7.080870539999999664e+02 7.224167731289350344e-04 7.302583837000010394e-04
7.080873665000000301e+02 6.313846691418797345e-04 7.329340646572528317e-04
