7.074250359999999773e+02 4.072487419636045165e-04 3.691170517922249378e-04
7.074253484999999273e+02 4.206999250499155927e-04 3.696060039491951086e-04
7.074256609999999910e+02 4.110011127586089591e-04 3.700486098815958464e-04
7.074259734999999409e+02 3.572222980193942945e-04 3.704430331494532654e-04
7.074262860000000046e+02 3.769599612143990984e-04 3.707873535138227336e-04
7.074265984999999546e+02 3.991339228130244836e-04 3.710795628472044611e-04
7.074269110000000182e+02 4.239211358097690389e-04 3.713175608588821465e-04
7.074272234999999682e+02 3.791638098998615465e-04 3.714991506266627965e-04
7.074275360000000319e+02 3.621276220018241894e-04 3.716220339345775877e-04
7.074278484999999819e+02 4.370652659075704213e-04 3.716838064108820660e-04
7.074281609999999318e+02 3.955673206748552026e-04 3.716819524666820302e-04
7.074284734999999955e+02 4.334195491200336153e-04 3.716138400333136556e-04
7.074287859999999455e+02 3.472296655000575737e-04 3.714767151008358382e-04
7.074290985000000092e+02 3.648812978276761549e-04 3.712676960602165127e-04
7.074294109999999591e+02 3.917296614136926984e-04 3.709837678561840406e-04
7.074297235000000228e+02 3.624976910099781150e-04 3.706217759579963312e-04
7.074300359999999728e+02 3.594113656879517268e-04 3.701784201630642043e-04
7.074303484999999228e+02 3.686431233183979066e-04 3.696502482470065149e-04
7.074306609999999864e+02 3.198506871434934136e-04 3.690336494846241247e-04
7.074309734999999364e+02 3.917108713016330857e-04 3.683248480688133689e-04
7.074312860000000001e+02 3.358543477609429945e-04 3.675198964588619662e-04
7.074315984999999500e+02 3.819456420300746833e-04 3.666146687068374318e-04
7.074319110000000137e+02 3.499836688034813461e-04 3.656048538058399443e-04
7.074322234999999637e+02 3.172075573123402797e-04 3.644859491323654255e-04
7.074325360000000273e+02 3.050732988320826664e-04 3.632532540476968467e-04
7.074328484999999773e+02 3.498803145639101347e-04 3.619018637602684188e-04
7.074331609999999273e+02 3.735719324182559462e-04 3.604266635435263394e-04
7.074334734999999910e+02 3.218184624785588410e-04 3.588223234462365515e-04
7.074337859999999409e+02 3.788773155248408042e-04 3.570832936406354713e-04
7.074340985000000046e+02 3.683253686207275512e-04 3.552038005757215001e-04
7.074344109999999546e+02 3.653795312854786503e-04 3.531778441544884814e-04
7.074347235000000182e+02 3.550194329153525839e-04 3.509991961517054519e-04
7.074350359999999682e+02 3.191570481277726350e-04 3.486614001680845426e-04
7.074353485000000319e+02 2.958017632088590630e-04 3.461577734133895246e-04
7.074356609999999819e+02 2.837772663135292570e-04 3.434814107076457628e-04
7.074359734999999318e+02 2.779472000217144832e-04 3.406251910911610686e-04
7.074362859999999955e+02 3.137146968012119843e-04 3.375817875411649778e-04
7.074365984999999455e+02 2.820763217296184521e-04 3.343436803291572885e-04
7.074369110000000092e+02 2.902318456572137496e-04 3.309031746197529152e-04
7.074372234999999591e+02 2.549149029653103443e-04 3.272524230318304755e-04
7.074375360000000228e+02 3.081469613477734958e-04 3.233834539016759062e-04
7.074378484999999728e+02 3.228494903969348099e-04 3.192882061550716207e-04
7.074381609999999228e+02 3.178187200898638614e-04 3.149585717092106283e-04
7.074384734999999864e+02 2.849638121504237918e-04 3.103864464982822552e-04
7.074387859999999364e+02 2.767893812524038289e-04 3.055637912700441311e-04
7.074390985000000001e+02 2.668768607767827892e-04 3.004827033910125638e-04
7.074394109999999500e+02 2.420615002784506497e-04 2.951355010507463296e-04
7.074397235000000137e+02 2.635620722722775266e-04 2.895148212369733293e-04
7.074400359999999637e+02 2.255685005114883943e-04 2.836137330278001856e-04
7.074403485000000273e+02 2.278107880720568604e-04 2.774258676586466798e-04
7.074406609999999773e+02 2.692436168167545844e-04 2.709455669438424336e-04
7.074409734999999273e+02 2.406071315944477906e-04 2.641680514438413834e-04
7.074412859999999910e+02 2.536756693008289788e-04 2.570896097649798327e-04
7.074415984999999409e+02 2.417670475861884258e-04 2.497078100939244499e-04
7.074419110000000046e+02 2.017450381355488371e-04 2.420217347431908824e-04
7.074422234999999546e+02 2.321195543565955719e-04 2.340322381321577761e-04
7.074425360000000182e+02 1.897267326644268824e-04 2.257422278773165390e-04
7.074428484999999682e+02 1.855179110768976605e-04 2.171569680590207819e-04
7.074431610000000319e+02 1.789140053492850222e-04 2.082844025676834122e-04
7.074434734999999819e+02 1.902639300744668287e-04 1.991354954179439972e-04
7.074437859999999318e+02 1.850276486379021134e-04 1.897245832878494457e-04
7.074440984999999955e+02 1.820347834757740841e-04 1.800697340402230683e-04
7.074444109999999455e+02 1.693653955345395716e-04 1.701931029769880631e-04
7.074447235000000092e+02 1.863120010696184346e-04 1.601212764850580951e-04
7.074450359999999591e+02 1.197899007747127827e-04 1.498855906504015462e-04
7.074453485000000228e+02 1.401835704138935240e-04 1.395224099792519872e-04
7.074456609999999728e+02 1.536810112682195876e-04 1.290733494620833512e-04
7.074459734999999228e+02 9.114506375861322564e-05 1.185854211310338578e-04
7.074462859999999864e+02 1.588454509691370484e-04 1.081110851081374926e-04
7.074465984999999364e+02 1.227925785838803363e-04 9.770818438520307648e-05
7.074469110000000001e+02 1.222454415709062973e-04 8.743974295014183824e-05
7.074472234999999500e+02 1.245907902260991271e-04 7.737360864706182022e-05
7.074475360000000137e+02 9.961710319784445374e-05 6.758192508338459919e-05
7.074478484999999637e+02 5.519376159281025860e-05 5.814042193680770673e-05
7.074481610000000273e+02 8.099313351226000615e-05 4.912751931252388386e-05
7.074484734999999773e+02 6.666839530534506388e-05 4.062325020915803986e-05
7.074487859999999273e+02 6.886304880446175486e-05 3.270801449242432255e-05
7.074490984999999910e+02 5.784514418444400589e-05 2.546118844585019468e-05
7.074494109999999409e+02 4.668815450730572374e-05 1.895962458329034981e-05
7.074497235000000046e+02 6.699025632787707649e-05 1.327608659628343577e-05
7.074500359999999546e+02 2.814275486664969005e-05 8.477673066033436283e-06
7.074503485000000182e+02 3.476404110848261989e-05 4.624289672964565273e-06
7.074506609999999682e+02 3.123174987088099238e-05 1.767232730787409801e-06
7.074509735000000319e+02 3.754930062072089864e-05 -5.205419362294157598e-08
7.074512859999999819e+02 1.338581700252411378e-05 -8.029938563979419326e-07
7.074515984999999318e+02 1.137648071079519957e-05 -4.666117062061396706e-07
7.074519109999999955e+02 7.074310660945149321e-06 9.640396055953256639e-07
7.074522234999999455e+02 4.134738726668301864e-06 3.483786729200012466e-06
7.074525360000000092e+02 9.517489150191325010e-06 7.075575425752179413e-06
7.074528484999999591e+02 8.573595494432245488e-06 1.171102897895235394e-05
7.074531610000000228e+02 4.525064480210789225e-06 1.735129490593258396e-05
7.074534734999999728e+02 6.474133534799269050e-06 2.394813646223827695e-05
7.074537859999999228e+02 1.668817172929208575e-05 3.144521582778364523e-05
7.074540984999999864e+02 2.789220327923749797e-05 3.977951002419194697e-05
7.074544109999999364e+02 3.468502757595089923e-05 4.888279900544378203e-05
7.074547235000000001e+02 4.106568155571514549e-05 5.868316752851084636e-05
7.074550359999999500e+02 4.736613877112334293e-05 6.910646765144473494e-05
7.074553485000000137e+02 3.905181886560592030e-05 8.007769667868747641e-05
7.074556609999999637e+02 4.644471505982053001e-05 9.152225448502385619e-05
7.074559735000000273e+02 8.034101537109547791e-05 1.033670543721349020e-04
7.074562859999999773e+02 6.447617269091187426e-05 1.155414712293219856e-04
7.074565984999999273e+02 6.721585400106162584e-05 1.279781201362306079e-04
7.074569109999999910e+02 1.304303318975807177e-04 1.406134662206528130e-04
7.074572234999999409e+02 1.020304196167688194e-04 1.533882731710802818e-04
7.074575360000000046e+02 1.306268843053591153e-04 1.662479026859796036e-04
7.074578484999999546e+02 1.431928017927273119e-04 1.791424803234122022e-04
7.074581610000000182e+02 1.430258439869801234e-04 1.920269454282587732e-04
7.074584734999999682e+02 1.814033128459223020e-04 2.048610032833185794e-04
7.074587860000000319e+02 1.969963256832048878e-04 2.176089977303543297e-04
7.074590984999999819e+02 2.130455011560078644e-04 2.302397212829140948e-04
7.074594109999999318e+02 1.935565729370857695e-04 2.427261786168750002e-04
7.074597234999999955e+02 2.388873588602289592e-04 2.550453173225940046e-04
7.074600359999999455e+02 2.414671336207868636e-04 2.671777380758753265e-04
7.074603485000000092e+02 2.318538278336628030e-04 2.791073944667022051e-04
7.074606609999999591e+02 2.644130292108484931e-04 2.908212907263047647e-04
7.074609735000000228e+02 3.118376950015218580e-04 3.023091841305734816e-04
7.074612859999999728e+02 3.492912734706253770e-04 3.135632970459924511e-04
7.074615984999999228e+02 3.239564098682293897e-04 3.245780425114330216e-04
7.074619109999999864e+02 3.413054966508119199e-04 3.353497658642314938e-04
7.074622234999999364e+02 3.651918456526236719e-04 3.458765041130664559e-04
7.074625360000000001e+02 3.628188944778125598e-04 3.561577639749618639e-04
7.074628484999999500e+02 3.978236604191079666e-04 3.661943187419704508e-04
7.074631610000000137e+02 3.382279699117310889e-04 3.759880238798277000e-04
7.074634734999999637e+02 4.109617636209087995e-04 3.855416506649047008e-04
7.074637860000000273e+02 4.080218392397210684e-04 3.948587371453685557e-04
7.074640984999999773e+02 4.775792113145174819e-04 4.039434553075748778e-04
7.074644109999999273e+02 4.928918781395813086e-04 4.128004934437713084e-04
7.074647234999999910e+02 4.309728273183509859e-04 4.214349524686637717e-04
7.074650359999999409e+02 4.249442428027012464e-04 4.298522550411918775e-04
7.074653485000000046e+02 4.590469232665773491e-04 4.380580663584849091e-04
7.074656609999999546e+02 5.048309465066349536e-04 4.460582254220258171e-04
7.074659735000000182e+02 4.569237382571241369e-04 4.538586858029478683e-04
7.074662859999999682e+02 4.895693394312953823e-04 4.614654648082540476e-04
7.074665985000000319e+02 4.839045529399241068e-04 4.688846002095207349e-04
7.074669109999999819e+02 4.182494651917519134e-04 4.761221135851601504e-04
7.074672234999999318e+02 5.631434663786477222e-04 4.831839795779452199e-04
7.074675359999999955e+02 4.823303512095194730e-04 4.900761002867961083e-04
7.074678484999999455e+02 5.460172719116758878e-04 4.968042841781787058e-04
7.074681610000000092e+02 6.610852373688169345e-04 5.033742289626666521e-04
7.074684734999999591e+02 6.023669910296077824e-04 5.097915078581246933e-04
7.074687860000000228e+02 5.492883854132610830e-04 5.160615588547736061e-04
7.074690984999999728e+02 5.532259495236852270e-04 5.221896764969538845e-04
7.074694109999999228e+02 5.267978527113638312e-04 5.281810058927689832e-04
7.074697234999999864e+02 5.911293865395111447e-04 5.340405385750138538e-04
7.074700359999999364e+02 6.133893089545221135e-04 5.397731099573732953e-04
7.074703485000000001e+02 5.281877322250959350e-04 5.453833981604981488e-04
7.074706609999999500e+02 6.510305646223720020e-04 5.508759239409309659e-04
7.074709735000000137e+02 6.169707641124818351e-04 5.562550516003931947e-04
7.074712859999999637e+02 6.063646854343019517e-04 5.615249906475097566e-04
7.074715985000000273e+02 5.976322500152900057e-04 5.666897981350229110e-04
7.074719109999999773e+02 5.955960288853566660e-04 5.717533814879961806e-04
7.074722234999999273e+02 6.385832188317646339e-04 5.767195017775925180e-04
7.074725359999999910e+02 6.207746212118117439e-04 5.815917773025384247e-04
7.074728484999999409e+02 6.390117168845642825e-04 5.863736874206628780e-04
7.074731610000000046e+02 6.044670973416083233e-04 5.910685765813847824e-04
7.074734734999999546e+02 6.070056091916334242e-04 5.956796584593306802e-04
7.074737860000000182e+02 6.297024977773884235e-04 6.002100201954578291e-04
7.074740984999999682e+02 6.533104120571774868e-04 6.046626266510123906e-04
7.074744110000000319e+02 6.164144705458926392e-04 6.090403246945526403e-04
7.074747234999999819e+02 6.141714103647473357e-04 6.133458474414154931e-04
7.074750359999999318e+02 6.391018364337009393e-04 6.175818184729710064e-04
7.074753484999999955e+02 6.285603574837603799e-04 6.217507559765798539e-04
7.074756609999999455e+02 6.454704235426410482e-04 6.258550768076287562e-04
7.074759735000000092e+02 6.811927169244705879e-04 6.298971004760939470e-04
7.074762859999999591e+02 5.776308185189246063e-04 6.338790530106823851e-04
7.074765985000000228e+02 6.371175769219330565e-04 6.378030707395972772e-04
7.074769109999999728e+02 6.791892006966493683e-04 6.416712039355871840e-04
7.074772234999999228e+02 6.371097216473131566e-04 6.454854203666474197e-04
7.074775359999999864e+02 7.162308812196777324e-04 6.492476087140568479e-04
7.074778484999999364e+02 6.584129293394050571e-04 6.529595818714217532e-04
7.074781610000000001e+02 7.086053298305056364e-04 6.566230801377775494e-04
7.074784734999999500e+02 6.302958418812518952e-04 6.602397742715170915e-04
7.074787860000000137e+02 6.962539801394001734e-04 6.638112684482660487e-04
7.074790984999999637e+02 6.619040579276894978e-04 6.673391030818956416e-04
7.074794110000000273e+02 6.560208475091680938e-04 6.708247575530658369e-04
7.074797234999999773e+02 6.810561813200311258e-04 6.742696528063304951e-04
7.074800359999999273e+02 6.585556235853865740e-04 6.776751538585436144e-04
7.074803484999999910e+02 6.747704428227061218e-04 6.810425721896797274e-04
7.074806609999999409e+02 7.133286857415991906e-04 6.843731680323467733e-04
7.074809735000000046e+02 6.122681364076293462e-04 6.876681525752133175e-04
7.074812859999999546e+02 6.988334534742345582e-04 6.909286900533489302e-04
7.074815985000000182e+02 6.791929378883368841e-04 6.941558997664213195e-04
7.074819109999999682e+02 7.006207429776512962e-04 6.973508579897917453e-04
7.074822235000000319e+02 6.985412129876832684e-04 7.005145998198729785e-04
7.074825359999999819e+02 7.244675625614308305e-04 7.036481209195174233e-04
7.074828484999999318e+02 6.633507187971761278e-04 7.067523792028098306e-04
7.074831609999999955e+02 6.882588815026215168e-04 7.098282964335198963e-04
7.074834734999999455e+02 6.335761068849036582e-04 7.128767597521346684e-04
7.074837860000000092e+02 6.940824120235842502e-04 7.158986231454630414e-04
7.074840984999999591e+02 7.276736315888000014e-04 7.188947088339756519e-04
7.074844110000000228e+02 7.342468889040999888e-04 7.218658086141162321e-04
7.074847234999999728e+02 7.408355680961881649e-04 7.248126851231649322e-04
7.074850359999999228e+02 6.307007673504616985e-04 7.277360730631660720e-04
7.074853484999999864e+02 6.528550585890905388e-04 7.306366803593184736e-04
7.074856609999999364e+02 5.521752037495211794e-04 7.335151892663267998e-04
7.074859735000000001e+02 6.832489758871159238e-04 7.363722574354415653e-04
7.074862859999999500e+02 7.592537105219560392e-04 7.392085189182297711e-04
7.074865985000000137e+02 6.726669009673089377e-04 7.420245851417042781e-04
7.074869109999999637e+02 6.675281679690077581e-04 7.448210458236413254e-04
7.074872235000000273e+02 7.208652749899304617e-04 7.475984698631192582e-04
