7.161726019999999835e+02 3.937419436555247300e-04 3.206976641724400777e-04
7.161729144999999335e+02 3.251112744824914756e-04 3.209822842449434844e-04
7.161732269999999971e+02 3.638207493378174326e-04 3.212533869231142848e-04
7.161735394999999471e+02 3.300771183185207975e-04 3.215104317315172931e-04
7.161738520000000108e+02 3.476476964881530405e-04 3.217528518227964545e-04
7.161741644999999608e+02 3.184252070901964467e-04 3.219800524719487462e-04
7.161744770000000244e+02 3.061587372949375104e-04 3.221914094750061405e-04
7.161747894999999744e+02 3.146153562951715032e-04 3.223862674424658780e-04
7.161751020000000381e+02 3.189551209220367048e-04 3.225639379827566731e-04
7.161754144999999880e+02 3.007064698964478466e-04 3.227236977653903552e-04
7.161757269999999380e+02 2.940653535087582745e-04 3.228647864575324164e-04
7.161760395000000017e+02 3.571951958751863349e-04 3.229864045231575797e-04
7.161763519999999517e+02 2.799113921299566359e-04 3.230877108758296694e-04
7.161766645000000153e+02 3.294944030207244863e-04 3.231678203748820314e-04
7.161769769999999653e+02 3.423262968733069723e-04 3.232258011527641478e-04
7.161772895000000290e+02 3.427977304236679923e-04 3.232606717625913185e-04
7.161776019999999789e+02 3.287730127919478171e-04 3.232713981320342058e-04
7.161779144999999289e+02 3.394502840482927376e-04 3.232568903103676485e-04
7.161782269999999926e+02 3.045329846404462083e-04 3.232159989933809261e-04
7.161785394999999426e+02 3.167553401844653942e-04 3.231475118106504757e-04
7.161788520000000062e+02 2.740265821438990263e-04 3.230501493578603000e-04
7.161791644999999562e+02 3.353677135158962585e-04 3.229225609566590627e-04
7.161794770000000199e+02 3.075263150934279353e-04 3.227633201220067019e-04
7.161797894999999698e+02 3.342399128557346430e-04 3.225709197177189179e-04
7.161801020000000335e+02 3.421918290831639292e-04 3.223437667770342281e-04
7.161804144999999835e+02 3.280234686867116063e-04 3.220801769671420372e-04
7.161807269999999335e+02 3.305804323755581232e-04 3.217783686713482729e-04
7.161810394999999971e+02 3.213036187549791079e-04 3.214364566653050482e-04
7.161813519999999471e+02 2.931483768409216600e-04 3.210524453602254798e-04
7.161816645000000108e+02 3.342065638885569198e-04 3.206242215837981700e-04
7.161819769999999608e+02 2.930271108581065063e-04 3.201495468735284910e-04
7.161822895000000244e+02 3.366958119342951619e-04 3.196260492486892118e-04
7.161826019999999744e+02 3.638225166993112403e-04 3.190512144359717380e-04
7.161829145000000381e+02 2.919001744958639867e-04 3.184223765132291857e-04
7.161832269999999880e+02 2.984894423836483035e-04 3.177367079476976926e-04
7.161835394999999380e+02 2.683498717095602498e-04 3.169912089934662789e-04
7.161838520000000017e+02 3.243580213599300604e-04 3.161826964264930016e-04
7.161841644999999517e+02 3.113362762521612852e-04 3.153077915910621441e-04
7.161844770000000153e+02 2.901216798666038333e-04 3.143629077338083093e-04
7.161847894999999653e+02 3.435457294027432335e-04 3.133442366182413990e-04
7.161851020000000290e+02 2.992763939994712991e-04 3.122477344024607001e-04
7.161854144999999789e+02 3.471726190399078513e-04 3.110691067936989648e-04
7.161857269999999289e+02 2.741648367347740509e-04 3.098037934838151000e-04
7.161860394999999926e+02 2.795840541489921869e-04 3.084469519073687735e-04
7.161863519999999426e+02 2.703610706512467299e-04 3.069934403723759142e-04
7.161866645000000062e+02 3.178257228551453024e-04 3.054378006379760931e-04
7.161869769999999562e+02 3.169336423805611076e-04 3.037742400653029051e-04
7.161872895000000199e+02 3.036268207638593121e-04 3.019966134798469600e-04
7.161876019999999698e+02 2.917648909332887534e-04 3.000984049696785042e-04
7.161879145000000335e+02 3.078459764545002689e-04 2.980727098694917762e-04
7.161882269999999835e+02 2.713660008881970580e-04 2.959122172980097271e-04
7.161885394999999335e+02 2.366140323861773258e-04 2.936091936685771746e-04
7.161888519999999971e+02 2.984598802019262616e-04 2.911554677461792727e-04
7.161891644999999471e+02 2.998340735395709877e-04 2.885424179387609408e-04
7.161894770000000108e+02 2.483537184376117960e-04 2.857609626728901085e-04
7.161897894999999608e+02 3.200959596606475018e-04 2.828015549363224854e-04
7.161901020000000244e+02 2.689334896588721057e-04 2.796541822536486991e-04
7.161904144999999744e+02 2.694331288995645995e-04 2.763083737032802465e-04
7.161907270000000381e+02 2.498248921979693117e-04 2.727532158456118737e-04
7.161910394999999880e+02 3.025078882051629925e-04 2.689773798862329273e-04
7.161913519999999380e+02 2.518291702473762187e-04 2.649691627653804823e-04
7.161916645000000017e+02 2.448737042589956827e-04 2.607165454371403071e-04
7.161919769999999517e+02 2.513155291126533786e-04 2.562072721268358172e-04
7.161922895000000153e+02 2.487379976278403237e-04 2.514289549748234412e-04
7.161926019999999653e+02 2.602632554422119231e-04 2.463692092099652414e-04
7.161929145000000290e+02 1.962639949748530110e-04 2.410158246142805004e-04
7.161932269999999789e+02 2.208744024828581038e-04 2.353569798596265848e-04
7.161935394999999289e+02 2.288144404560093202e-04 2.293815068527993873e-04
7.161938519999999926e+02 2.257695860707473385e-04 2.230792128842026129e-04
7.161941644999999426e+02 2.230236076865100355e-04 2.164412686573831748e-04
7.161944770000000062e+02 2.212038143050000603e-04 2.094606702722540310e-04
7.161947894999999562e+02 1.561756930365161295e-04 2.021327828117393895e-04
7.161951020000000199e+02 2.081997814298556409e-04 1.944559718073483867e-04
7.161954144999999698e+02 1.502990015799291726e-04 1.864323267799593948e-04
7.161957270000000335e+02 1.657580947820121078e-04 1.780684773455215391e-04
7.161960394999999835e+02 1.376414562670646362e-04 1.693764973713095289e-04
7.161963519999999335e+02 1.561810032926096213e-04 1.603748853403607223e-04
7.161966644999999971e+02 1.421639325719018638e-04 1.510895998512437664e-04
7.161969769999999471e+02 1.485548303872567192e-04 1.415551172957494708e-04
7.161972895000000108e+02 1.439371764708336204e-04 1.318154646738859011e-04
7.161976019999999608e+02 1.315200775757382741e-04 1.219251647334008932e-04
7.161979145000000244e+02 1.184633775582641336e-04 1.119500137053793443e-04
7.161982269999999744e+02 1.111433503220549373e-04 1.019675962305920602e-04
7.161985395000000381e+02 9.276828805578769528e-05 9.206742916722492206e-05
7.161988519999999880e+02 1.044437369833664265e-04 8.235061985172852106e-05
7.161991644999999380e+02 1.051568620629661174e-04 7.292892773924667608e-05
7.161994770000000017e+02 7.301233413275492351e-05 6.392313569895988581e-05
7.161997894999999517e+02 7.419952566814708508e-05 5.546067074421080501e-05
7.162001020000000153e+02 6.708765594442750771e-05 4.767246535616823918e-05
7.162004144999999653e+02 4.780872678926994840e-05 4.068911831628266394e-05
7.162007270000000290e+02 3.775501318441802829e-05 3.463649272974211066e-05
7.162010394999999789e+02 3.575163205545134316e-05 2.963097056854170012e-05
7.162013519999999289e+02 3.945697463517460542e-05 2.577465499024371117e-05
7.162016644999999926e+02 1.997482293818831294e-05 2.315086127170992662e-05
7.162019769999999426e+02 1.814593585264117029e-05 2.182025187017119151e-05
7.162022895000000062e+02 2.870856780406724973e-05 2.181794351643016804e-05
7.162026019999999562e+02 2.125700220200596913e-05 2.315184333877567748e-05
7.162029145000000199e+02 2.163553277553249466e-05 2.580236396132222965e-05
7.162032269999999698e+02 3.233030049572379396e-05 2.972353885050198921e-05
7.162035395000000335e+02 2.476284903990828615e-05 3.484542783663151547e-05
7.162038519999999835e+02 3.858090249962193739e-05 4.107758813407789050e-05
7.162041644999999335e+02 4.564446076449709842e-05 4.831330433521076947e-05
7.162044769999999971e+02 3.110731572913672221e-05 5.643423057504241906e-05
7.162047894999999471e+02 5.968207125092534832e-05 6.531510075078192444e-05
7.162051020000000108e+02 6.854087666335603529e-05 7.482820209509769178e-05
7.162054144999999608e+02 8.626288821533848676e-05 8.484737241862204643e-05
7.162057270000000244e+02 7.900078023248071105e-05 9.525135944472864721e-05
7.162060394999999744e+02 1.107572379436687934e-04 1.059264590081552171e-04
7.162063520000000381e+02 8.842950431462431188e-05 1.167684188535305582e-04
7.162066644999999880e+02 1.142479802096271898e-04 1.276836496060520187e-04
7.162069769999999380e+02 1.539464330526640879e-04 1.385898228236612272e-04
7.162072895000000017e+02 1.301774693791645887e-04 1.494159574942355284e-04
7.162076019999999517e+02 1.738404402820711663e-04 1.601021041522993809e-04
7.162079145000000153e+02 1.297648614199360467e-04 1.705987328170562457e-04
7.162082269999999653e+02 1.749483812275661094e-04 1.808659206955427789e-04
7.162085395000000290e+02 1.854470093180705546e-04 1.908724216742351866e-04
7.162088519999999789e+02 1.596857401551855815e-04 2.005946837233963515e-04
7.162091644999999289e+02 2.101338568410723124e-04 2.100158651908597932e-04
7.162094769999999926e+02 2.146520050196853687e-04 2.191248867776979150e-04
7.162097894999999426e+02 2.379823239937772816e-04 2.279155441561174934e-04
7.162101020000000062e+02 2.136820346435808963e-04 2.363856964355939621e-04
7.162104144999999562e+02 1.913414739972312591e-04 2.445365379856157505e-04
7.162107270000000199e+02 2.897957446618063112e-04 2.523719556600887565e-04
7.162110394999999698e+02 2.611262476751733189e-04 2.598979692804933607e-04
7.162113520000000335e+02 2.679364180915340811e-04 2.671222507794039787e-04
7.162116644999999835e+02 2.745299916936475297e-04 2.740537156169865806e-04
7.162119769999999335e+02 3.383971761116347080e-04 2.807021794419677649e-04
7.162122894999999971e+02 2.903581640518571147e-04 2.870780725638770177e-04
7.162126019999999471e+02 3.037988172955673584e-04 2.931922050376276176e-04
7.162129145000000108e+02 3.548796955311254260e-04 2.990555755436063740e-04
7.162132269999999608e+02 3.229838985420062565e-04 3.046792177094218620e-04
7.162135395000000244e+02 3.589990594695625578e-04 3.100740782592086020e-04
7.162138519999999744e+02 3.520736507142803668e-04 3.152509218764085359e-04
7.162141645000000381e+02 3.228255665995973184e-04 3.202202584242346147e-04
7.162144769999999880e+02 2.891487843206553285e-04 3.249922886289267703e-04
7.162147894999999380e+02 3.895225876445669068e-04 3.295768649942476059e-04
7.162151020000000017e+02 3.404127600193985505e-04 3.339834650983421541e-04
7.162154144999999517e+02 3.212555101601272502e-04 3.382211749230204989e-04
7.162157270000000153e+02 3.913710495610261855e-04 3.422986802388551476e-04
7.162160394999999653e+02 3.563293802096696391e-04 3.462242643444038534e-04
7.162163520000000290e+02 3.761228868681957996e-04 3.500058108265053508e-04
7.162166644999999789e+02 3.925783473888865178e-04 3.536508101538968804e-04
7.162169769999999289e+02 3.625421979783478941e-04 3.571663692122671661e-04
7.162172894999999926e+02 3.744663262506938892e-04 3.605592229807642120e-04
7.162176019999999426e+02 4.075775670032320765e-04 3.638357477442130260e-04
7.162179145000000062e+02 3.637591311492296715e-04 3.670019753516841213e-04
7.162182269999999562e+02 3.544580210217572382e-04 3.700636080906195358e-04
7.162185395000000199e+02 3.471168060350290473e-04 3.730260338953102672e-04
7.162188519999999698e+02 3.777810662831254662e-04 3.758943416028528192e-04
7.162191645000000335e+02 3.804415370962679855e-04 3.786733360982224932e-04
7.162194769999999835e+02 3.689576658129975614e-04 3.813675531655579790e-04
7.162197894999999335e+02 4.160913659353726048e-04 3.839812739669738718e-04
7.162201019999999971e+02 4.262658456942779520e-04 3.865185390419838209e-04
7.162204144999999471e+02 3.229586465840365633e-04 3.889831617815575236e-04
7.162207270000000108e+02 3.826296014196716041e-04 3.913787413479051080e-04
7.162210394999999608e+02 3.660775104420659195e-04 3.937086749953997355e-04
7.162213520000000244e+02 3.837738633233903833e-04 3.959761698105509608e-04
7.162216644999999744e+02 4.485567602943091379e-04 3.981842538427764915e-04
7.162219770000000381e+02 4.153370924486982172e-04 4.003357866601037381e-04
7.162222894999999880e+02 4.323711951410239159e-04 4.024334693158855797e-04
7.162226019999999380e+02 3.925569859450418232e-04 4.044798537681393714e-04
7.162229145000000017e+02 4.287589280816855083e-04 4.064773517511420802e-04
7.162232269999999517e+02 4.774627075605633662e-04 4.084282431291590717e-04
7.162235395000000153e+02 3.737692622323119068e-04 4.103346837619723810e-04
7.162238519999999653e+02 4.461571251236147884e-04 4.121987128879078983e-04
7.162241645000000290e+02 3.846843725293298041e-04 4.140222600701269477e-04
7.162244769999999789e+02 4.226338406199361313e-04 4.158071517076703232e-04
7.162247894999999289e+02 4.334100299884059227e-04 4.175551171556675552e-04
7.162251019999999926e+02 4.145445691525879951e-04 4.192677944606103312e-04
7.162254144999999426e+02 4.349485475571674103e-04 4.209467357396782790e-04
7.162257270000000062e+02 4.310194840374139791e-04 4.225934122311933243e-04
7.162260394999999562e+02 4.400722153651636477e-04 4.242092190211227344e-04
7.162263520000000199e+02 4.794326369053106230e-04 4.257954794838662111e-04
7.162266644999999698e+02 4.311987728430789085e-04 4.273534494365148050e-04
7.162269770000000335e+02 3.939668610176564126e-04 4.288843210428064162e-04
7.162272894999999835e+02 3.763878927410997405e-04 4.303892264647441357e-04
7.162276019999999335e+02 3.833027140804276252e-04 4.318692412950001294e-04
7.162279144999999971e+02 4.368448873448568066e-04 4.333253877706059109e-04
7.162282269999999471e+02 3.888004359835841054e-04 4.347586377874470827e-04
7.162285395000000108e+02 4.678708209715720331e-04 4.361699157335097231e-04
7.162288519999999608e+02 4.492166757964549326e-04 4.375601011398545532e-04
7.162291645000000244e+02 4.109514485323888591e-04 4.389300311767665454e-04
7.162294769999999744e+02 5.309921027286880653e-04 4.402805029892254448e-04
7.162297895000000381e+02 4.606488961521995650e-04 4.416122758977829993e-04
7.162301019999999880e+02 4.587895464133649953e-04 4.429260734581436554e-04
7.162304144999999380e+02 4.275799709087986511e-04 4.442225854033492530e-04
7.162307270000000017e+02 3.728147128833166806e-04 4.455024694644088806e-04
7.162310394999999517e+02 4.508824652654312140e-04 4.467663530819126366e-04
7.162313520000000153e+02 4.532458718269172064e-04 4.480148350201614113e-04
7.162316644999999653e+02 3.862060842365506183e-04 4.492484868788403237e-04
7.162319770000000290e+02 4.418710745866522688e-04 4.504678545225966396e-04
7.162322894999999789e+02 4.434354710175908150e-04 4.516734594196974181e-04
7.162326019999999289e+02 4.257012872453996757e-04 4.528657999090340250e-04
7.162329144999999926e+02 4.860944828353721192e-04 4.540453523892658597e-04
7.162332269999999426e+02 4.359886666307069081e-04 4.552125724393044320e-04
7.162335395000000062e+02 4.656144600303258356e-04 4.563678958786371201e-04
7.162338519999999562e+02 4.018972647374306718e-04 4.575117397608841324e-04
7.162341645000000199e+02 4.378346729553623433e-04 4.586445033175129611e-04
7.162344769999999698e+02 4.353647907727310837e-04 4.597665688417754029e-04
7.162347895000000335e+02 4.796386277274109627e-04 4.608783025294747393e-04
