7.071529779999999619e+02 4.154808768264057258e-04 3.835685288740070726e-04
7.071532904999999118e+02 4.202831068270149271e-04 3.839877271342076307e-04
7.071536029999999755e+02 4.251759527426614239e-04 3.843614266554158058e-04
7.071539154999999255e+02 4.403684499101397521e-04 3.846878291847751342e-04
7.071542279999999892e+02 3.872656890000660663e-04 3.849650542873710645e-04
7.071545404999999391e+02 3.994939084340451158e-04 3.851911353011892034e-04
7.071548530000000028e+02 3.854908519477716041e-04 3.853640151034033560e-04
7.071551654999999528e+02 4.361594513278470395e-04 3.854815416793007160e-04
7.071554780000000164e+02 4.340407922540794093e-04 3.855414634915221676e-04
7.071557904999999664e+02 4.218815525908623724e-04 3.855414246434225173e-04
7.071561029999999164e+02 4.091023238629255734e-04 3.854789598346502620e-04
7.071564154999999801e+02 4.162884928929328583e-04 3.853514891059161185e-04
7.071567279999999300e+02 4.021602959350176329e-04 3.851563123730537982e-04
7.071570404999999937e+02 4.037147057231465380e-04 3.848906037504287031e-04
7.071573529999999437e+02 3.992858221393725138e-04 3.845514056685198382e-04
7.071576655000000073e+02 4.045338284629328022e-04 3.841356227891966455e-04
7.071579779999999573e+02 3.496766407811877585e-04 3.836400157307542978e-04
7.071582904999999073e+02 3.576853340733029312e-04 3.830611946116075067e-04
7.071586029999999710e+02 3.450117537270427958e-04 3.823956124329949973e-04
7.071589154999999209e+02 3.675967305702534178e-04 3.816395583222099400e-04
7.071592279999999846e+02 4.500421053861067408e-04 3.807891506615961844e-04
7.071595404999999346e+02 3.488477013210741339e-04 3.798403301455799777e-04
7.071598529999999982e+02 3.545670286838783201e-04 3.787888528011664011e-04
7.071601654999999482e+02 3.799765793855092101e-04 3.776302830358123992e-04
7.071604780000000119e+02 3.403479229767565053e-04 3.763599867670581393e-04
7.071607904999999619e+02 3.378445538736378310e-04 3.749731247250152172e-04
7.071611029999999118e+02 3.887721738375709765e-04 3.734646460090237821e-04
7.071614154999999755e+02 3.557159371372918587e-04 3.718292820214376231e-04
7.071617279999999255e+02 3.362261147206497170e-04 3.700615409077029935e-04
7.071620404999999892e+02 3.587939430463166473e-04 3.681557026519820643e-04
7.071623529999999391e+02 2.977113531503033624e-04 3.661058150274078466e-04
7.071626655000000028e+02 3.313354735681718578e-04 3.639056905951021880e-04
7.071629779999999528e+02 3.085727277678107635e-04 3.615489050236685847e-04
7.071632905000000164e+02 3.050036608828157920e-04 3.590287969946125103e-04
7.071636029999999664e+02 2.886905007520359492e-04 3.563384700538440360e-04
7.071639154999999164e+02 3.104525568280953125e-04 3.534707967680802130e-04
7.071642279999999801e+02 3.580900063903992049e-04 3.504184256501109880e-04
7.071645404999999300e+02 2.654806337347523511e-04 3.471737913508076280e-04
7.071648529999999937e+02 3.299339933844761051e-04 3.437291286807515217e-04
7.071651654999999437e+02 2.772333208381097622e-04 3.400764911432376534e-04
7.071654780000000073e+02 3.196267092542886472e-04 3.362077746787240978e-04
7.071657904999999573e+02 2.861178996714328505e-04 3.321147474888547745e-04
7.071661029999999073e+02 3.184806607408704375e-04 3.277890868241923011e-04
7.071664154999999710e+02 2.923081734528726371e-04 3.232224237969154920e-04
7.071667279999999209e+02 2.849482097934894756e-04 3.184063973398101161e-04
7.071670404999999846e+02 2.714510010011164805e-04 3.133327185330752576e-04
7.071673529999999346e+02 3.003408261875982759e-04 3.079932466870388013e-04
7.071676654999999982e+02 2.552910990124398951e-04 3.023800785689814957e-04
7.071679779999999482e+02 2.641423510748115082e-04 2.964856523612394417e-04
7.071682905000000119e+02 2.035763734726262419e-04 2.903028678809838623e-04
7.071686029999999619e+02 2.889468109786596010e-04 2.838252247540989318e-04
7.071689154999999118e+02 2.214912301355031674e-04 2.770469800960505724e-04
7.071692279999999755e+02 2.236035200216473053e-04 2.699633273083232028e-04
7.071695404999999255e+02 2.090461419455354349e-04 2.625705973856176461e-04
7.071698529999999892e+02 2.860221878820816714e-04 2.548664838864310553e-04
7.071701654999999391e+02 2.410222459937505675e-04 2.468502924630639221e-04
7.071704780000000028e+02 2.487636211127960051e-04 2.385232152024632779e-04
7.071707904999999528e+02 2.655196363634906333e-04 2.298886295383420887e-04
7.071711030000000164e+02 2.140097713998393000e-04 2.209524204503797613e-04
7.071714154999999664e+02 2.182056042417832790e-04 2.117233237721018266e-04
7.071717279999999164e+02 1.691813201028757570e-04 2.022132869068465032e-04
7.071720404999999801e+02 1.956043438046875928e-04 1.924378418422186031e-04
7.071723529999999300e+02 2.322757682545384579e-04 1.824164834013742914e-04
7.071726654999999937e+02 1.352609296156671349e-04 1.721730435790945360e-04
7.071729779999999437e+02 1.643627881217150618e-04 1.617360506597698068e-04
7.071732905000000073e+02 1.470393510191742709e-04 1.511390592078491854e-04
7.071736029999999573e+02 1.970083385721726934e-04 1.404209348378766657e-04
7.071739154999999073e+02 1.391140977000838866e-04 1.296260751602956122e-04
7.071742279999999710e+02 1.109944931663698849e-04 1.188045465759364575e-04
7.071745404999999209e+02 1.316828424604351438e-04 1.080121151022498565e-04
7.071748529999999846e+02 9.514477068691236860e-05 9.731014890985498884e-05
7.071751654999999346e+02 1.001273590367707852e-04 8.676537103162418015e-05
7.071754779999999982e+02 9.068141214450212845e-05 7.644944256760460638e-05
7.071757904999999482e+02 8.041473909044320441e-05 6.643836071712702911e-05
7.071761030000000119e+02 9.492111994128938474e-05 5.681166133475255397e-05
7.071764154999999619e+02 7.621501128718901241e-05 4.765142344661396309e-05
7.071767279999999118e+02 6.621364240877649504e-05 3.904108218464574765e-05
7.071770404999999755e+02 6.661096085804132656e-05 3.106406746730425113e-05
7.071773529999999255e+02 4.034341446107613270e-05 2.380229714553238569e-05
7.071776654999999892e+02 4.944141626299312637e-05 1.733456494303320836e-05
7.071779779999999391e+02 5.522361553051965082e-05 1.173487433145371006e-05
7.071782905000000028e+02 4.010849399041811346e-05 7.070778135809489179e-06
7.071786029999999528e+02 3.657975727543536914e-05 3.401789683405829722e-06
7.071789155000000164e+02 2.611843128854192457e-05 7.779332170001041866e-07
7.071792279999999664e+02 1.711065198735386319e-05 -7.615009548626632488e-07
7.071795404999999164e+02 2.068712775520416172e-05 -1.188938177295781214e-06
7.071798529999999801e+02 1.005344867362557112e-05 -4.891909193989088961e-07
7.071801654999999300e+02 1.481542658738784331e-05 1.340212086627798908e-06
7.071804779999999937e+02 1.186612217583030771e-05 4.289053658040118415e-06
7.071807904999999437e+02 4.838906825444858356e-06 8.334808939770849682e-06
7.071811030000000073e+02 1.401829923647967929e-05 1.344335707229525793e-05
7.071814154999999573e+02 1.026736071525732274e-05 1.956998542307610760e-05
7.071817279999999073e+02 8.934977012876112483e-06 2.666063510910638432e-05
7.071820404999999710e+02 1.101736371202453795e-05 3.465332746407397943e-05
7.071823529999999209e+02 2.109307726382489819e-05 4.347970661411352980e-05
7.071826654999999846e+02 3.126977515434762602e-05 5.306663322512971038e-05
7.071829779999999346e+02 4.402081401504785409e-05 6.333776820386916278e-05
7.071832904999999982e+02 4.136944802778189665e-05 7.421509235826294435e-05
7.071836029999999482e+02 7.801181632768238111e-05 8.562031712970389599e-05
7.071839155000000119e+02 4.887576453269699311e-05 9.747615233556123878e-05
7.071842279999999619e+02 6.271304096346601168e-05 1.097074075489085055e-04
7.071845404999999118e+02 6.873007581114845685e-05 1.222419144643985029e-04
7.071848529999999755e+02 1.214890561120824167e-04 1.350112667578493291e-04
7.071851654999999255e+02 9.601049525979522153e-05 1.479513820009788975e-04
7.071854779999999892e+02 1.223669767077323789e-04 1.610028964222115402e-04
7.071857904999999391e+02 1.414576308710511435e-04 1.741114076370157363e-04
7.071861030000000028e+02 1.351239367577742830e-04 1.872275836112939640e-04
7.071864154999999528e+02 1.462633078728109231e-04 2.003071572706972164e-04
7.071867280000000164e+02 2.176114744671546800e-04 2.133108267315935596e-04
7.071870404999999664e+02 2.378963636819597107e-04 2.262040801594793465e-04
7.071873529999999164e+02 1.823947508880302505e-04 2.389569632251846117e-04
7.071876654999999801e+02 2.194863305689076342e-04 2.515438050900078038e-04
7.071879779999999300e+02 2.456461855194990405e-04 2.639429170036314233e-04
7.071882904999999937e+02 2.491938938089106577e-04 2.761362754969250914e-04
7.071886029999999437e+02 2.638203929720538826e-04 2.881091999330079637e-04
7.071889155000000073e+02 3.142936554278528819e-04 2.998500324934632124e-04
7.071892279999999573e+02 3.030329612126172675e-04 3.113498266324232549e-04
7.071895404999999073e+02 3.143288222334429021e-04 3.226020487518234457e-04
7.071898529999999710e+02 3.868706047927382300e-04 3.336022962687600762e-04
7.071901654999999209e+02 3.159722888471958122e-04 3.443480342749770796e-04
7.071904779999999846e+02 3.185765036565522761e-04 3.548383520596845803e-04
7.071907904999999346e+02 4.011355555697009218e-04 3.650737398933202697e-04
7.071911029999999982e+02 4.201735882088696093e-04 3.750558861146917203e-04
7.071914154999999482e+02 4.057380144358285062e-04 3.847874938870508724e-04
7.071917280000000119e+02 4.562098696177128640e-04 3.942721169146422289e-04
7.071920404999999619e+02 4.202280298081822649e-04 4.035140129585951881e-04
7.071923529999999118e+02 3.929256298755297414e-04 4.125180140794836286e-04
7.071926654999999755e+02 4.333737159564914391e-04 4.212894122610644633e-04
7.071929779999999255e+02 4.398157206266318023e-04 4.298338591681605692e-04
7.071932904999999892e+02 4.479921552060910105e-04 4.381572787955997786e-04
7.071936029999999391e+02 4.564022568403284228e-04 4.462657916949334578e-04
7.071939155000000028e+02 4.904719134702339436e-04 4.541656496969889430e-04
7.071942279999999528e+02 4.289382732529863377e-04 4.618631799246634582e-04
7.071945405000000164e+02 5.502633145665566678e-04 4.693647371587131951e-04
7.071948529999999664e+02 5.675873755198908299e-04 4.766766635133248375e-04
7.071951654999999164e+02 4.785207431453788584e-04 4.838052546385897485e-04
7.071954779999999801e+02 5.551034090787365302e-04 4.907567315901080083e-04
7.071957904999999300e+02 5.362160277612268607e-04 4.975372176810568181e-04
7.071961029999999937e+02 5.015943636842549753e-04 5.041527196993424468e-04
7.071964154999999437e+02 5.106634547833777994e-04 5.106091128546247099e-04
7.071967280000000073e+02 5.263069522189671272e-04 5.169121290213232614e-04
7.071970404999999573e+02 5.826879146934544696e-04 5.230673477480854254e-04
7.071973529999999073e+02 6.108495767605507830e-04 5.290801897069441874e-04
7.071976654999999710e+02 5.641080133520990627e-04 5.349559121717102801e-04
7.071979779999999209e+02 5.086882589491978921e-04 5.406996062406212427e-04
7.071982904999999846e+02 5.752347030832889513e-04 5.463161955526315205e-04
7.071986029999999346e+02 5.775433610436250332e-04 5.518104362084369019e-04
7.071989154999999982e+02 6.800938702547538886e-04 5.571869177551650376e-04
7.071992279999999482e+02 5.813012882031850549e-04 5.624500649907181399e-04
7.071995405000000119e+02 6.353840833133177386e-04 5.676041404971793021e-04
7.071998529999999619e+02 5.820120065560855597e-04 5.726532477072104367e-04
7.072001654999999118e+02 6.302936348585467868e-04 5.776013344481300670e-04
7.072004779999999755e+02 6.680511035235215875e-04 5.824521968175858967e-04
7.072007904999999255e+02 6.452204008847419120e-04 5.872094833262673499e-04
7.072011029999999892e+02 6.484082991671589850e-04 5.918766992526335209e-04
7.072014154999999391e+02 6.757477597476479114e-04 5.964572111052631517e-04
7.072017280000000028e+02 6.662809395530368229e-04 6.009542511949688033e-04
7.072020404999999528e+02 6.432424982901603595e-04 6.053709222191033150e-04
7.072023530000000164e+02 7.302416277149493184e-04 6.097102018753273968e-04
7.072026654999999664e+02 7.096663491107731321e-04 6.139749474225166198e-04
7.072029779999999164e+02 7.075388760907896099e-04 6.181679002141115663e-04
7.072032904999999801e+02 6.047419741031130613e-04 6.222916901438932825e-04
7.072036029999999300e+02 6.221654749959816110e-04 6.263488400044851193e-04
7.072039154999999937e+02 6.656024374043329698e-04 6.303417697601531623e-04
7.072042279999999437e+02 6.932389806686615032e-04 6.342728006869119157e-04
7.072045405000000073e+02 7.014284735355119432e-04 6.381441594181510918e-04
7.072048529999999573e+02 6.196513364571665239e-04 6.419579818438726640e-04
7.072051654999999073e+02 5.893236744974604839e-04 6.457163169043140518e-04
7.072054779999999710e+02 6.788012358646133577e-04 6.494211302401897961e-04
7.072057904999999209e+02 5.996355080081538277e-04 6.530743077131963021e-04
7.072061029999999846e+02 7.017991109801095632e-04 6.566776588098320339e-04
7.072064154999999346e+02 6.694722352413842639e-04 6.602329198960974095e-04
7.072067279999999982e+02 6.880889241138683299e-04 6.637417573658365225e-04
7.072070404999999482e+02 6.441140722136758957e-04 6.672057706429379521e-04
7.072073530000000119e+02 6.917126855839819807e-04 6.706264950814286654e-04
7.072076654999999619e+02 6.764927568950536863e-04 6.740054047255788789e-04
7.072079779999999118e+02 6.591265211376559283e-04 6.773439149724083414e-04
7.072082904999999755e+02 6.671189326963672611e-04 6.806433851086647743e-04
7.072086029999999255e+02 7.124290733083490749e-04 6.839051207386903728e-04
7.072089154999999892e+02 6.473119402023949122e-04 6.871303761185096988e-04
7.072092279999999391e+02 6.677642719077614419e-04 6.903203563701187625e-04
7.072095405000000028e+02 6.647537778501712335e-04 6.934762196164900860e-04
7.072098529999999528e+02 6.899788281936339524e-04 6.965990790034863730e-04
7.072101655000000164e+02 6.655388151249307929e-04 6.996900046495529773e-04
7.072104779999999664e+02 7.248749455529156140e-04 7.027500254901042007e-04
7.072107904999999164e+02 6.859978553469426189e-04 7.057801310554718491e-04
7.072111029999999801e+02 6.597750410467243193e-04 7.087812731576137318e-04
7.072114154999999300e+02 7.057174115336828021e-04 7.117543675005311892e-04
7.072117279999999937e+02 7.098910212618006260e-04 7.147002952283670061e-04
7.072120404999999437e+02 6.413682485042093056e-04 7.176199043872927719e-04
7.072123530000000073e+02 6.394691858777171211e-04 7.205140113378036412e-04
7.072126654999999573e+02 6.716815957445440100e-04 7.233834020861234799e-04
7.072129779999999073e+02 7.079365238278206851e-04 7.262288335705802773e-04
7.072132904999999710e+02 6.643121164378568795e-04 7.290510348792591860e-04
7.072136029999999209e+02 6.750131407142798785e-04 7.318507084123469396e-04
7.072139154999999846e+02 6.389242070932093587e-04 7.346285310017963265e-04
7.072142279999999346e+02 7.050205218506826708e-04 7.373851549652353206e-04
7.072145404999999982e+02 7.051449971244425812e-04 7.401212091280312414e-04
7.072148529999999482e+02 6.658559077185912918e-04 7.428372997834188900e-04
7.072151655000000119e+02 6.219591064627353824e-04 7.455340116249366440e-04
