7.081607599999999820e+02 3.446727314123674353e-04 3.512722780589796166e-04
7.081610724999999320e+02 3.559822260851384793e-04 3.520062922508129365e-04
7.081613849999999957e+02 4.062787507574710990e-04 3.526973600914652326e-04
7.081616974999999456e+02 3.912342486583368834e-04 3.533437050987683751e-04
7.081620100000000093e+02 3.417108338882716458e-04 3.539434651567658166e-04
7.081623224999999593e+02 3.598982189842304773e-04 3.544946879950435425e-04
7.081626350000000230e+02 3.775298925478174847e-04 3.549953264332591520e-04
7.081629474999999729e+02 3.662439969481016923e-04 3.554432333740891966e-04
7.081632600000000366e+02 3.502734166008102850e-04 3.558361565413899305e-04
7.081635724999999866e+02 4.015714154332956551e-04 3.561717329485447549e-04
7.081638849999999366e+02 4.401433483634954302e-04 3.564474830934466726e-04
7.081641975000000002e+02 3.959225615052667027e-04 3.566608048683279279e-04
7.081645099999999502e+02 3.679986580875612475e-04 3.568089671796173361e-04
7.081648225000000139e+02 3.602505152934820393e-04 3.568891032726616264e-04
7.081651349999999638e+02 3.677752565638379729e-04 3.568982037561800299e-04
7.081654475000000275e+02 3.428497384667332352e-04 3.568331093266754561e-04
7.081657599999999775e+02 3.883068212286387407e-04 3.566905031933618173e-04
7.081660724999999275e+02 3.227956910439858302e-04 3.564669032087042786e-04
7.081663849999999911e+02 3.474692218975597782e-04 3.561586537138427427e-04
7.081666974999999411e+02 3.179147161068660043e-04 3.557619171136790649e-04
7.081670100000000048e+02 3.384853641308263172e-04 3.552726652002433680e-04
7.081673224999999547e+02 3.299979968809673737e-04 3.546866702556160898e-04
7.081676350000000184e+02 3.636430219928166131e-04 3.539994959665847198e-04
7.081679474999999684e+02 3.529394129592189344e-04 3.532064882041363574e-04
7.081682600000000321e+02 3.360492294780537408e-04 3.523027657208206015e-04
7.081685724999999820e+02 3.681266682074532150e-04 3.512832108487315180e-04
7.081688849999999320e+02 2.843199463194555224e-04 3.501424602814019781e-04
7.081691974999999957e+02 3.160834249263539124e-04 3.488748960597224552e-04
7.081695099999999456e+02 3.406933575043858894e-04 3.474746368962428446e-04
7.081698225000000093e+02 3.293246807517218998e-04 3.459355299966360565e-04
7.081701349999999593e+02 3.454562517668741746e-04 3.442511435876998436e-04
7.081704475000000230e+02 2.645275366155436366e-04 3.424147603705959462e-04
7.081707599999999729e+02 3.362617695081339961e-04 3.404193721955843651e-04
7.081710725000000366e+02 3.521941716121469745e-04 3.382576762670454662e-04
7.081713849999999866e+02 3.647462375353452283e-04 3.359220732862887673e-04
7.081716974999999366e+02 3.536578752007832707e-04 3.334046679616809025e-04
7.081720100000000002e+02 2.933387086695834404e-04 3.306972724314587078e-04
7.081723224999999502e+02 2.623806733374762080e-04 3.277914132045909516e-04
7.081726350000000139e+02 2.980868338428935825e-04 3.246783423152450627e-04
7.081729474999999638e+02 2.890725304540695852e-04 3.213490535306546430e-04
7.081732600000000275e+02 2.620586143584208161e-04 3.177943045118666637e-04
7.081735724999999775e+02 2.558799113245229331e-04 3.140046460269277514e-04
7.081738849999999275e+02 2.323337433847986913e-04 3.099704593847979581e-04
7.081741974999999911e+02 2.642638287198920133e-04 3.056820034797598745e-04
7.081745099999999411e+02 2.658793890262562028e-04 3.011294729569334605e-04
7.081748225000000048e+02 2.372380426521483818e-04 2.963030691712200066e-04
7.081751349999999547e+02 2.435488132693574095e-04 2.911930858415145897e-04
7.081754475000000184e+02 2.278488151244195182e-04 2.857900113766899137e-04
7.081757599999999684e+02 2.450222958526186213e-04 2.800846501127415237e-04
7.081760725000000321e+02 2.549012223574885190e-04 2.740682647160258252e-04
7.081763849999999820e+02 2.797449198462841134e-04 2.677327422234756778e-04
7.081766974999999320e+02 2.088940426577115604e-04 2.610707861004253334e-04
7.081770099999999957e+02 2.208193636525067360e-04 2.540761367703583832e-04
7.081773224999999456e+02 2.544228651127978299e-04 2.467438228480169429e-04
7.081776350000000093e+02 2.060334621537277195e-04 2.390704450047388685e-04
7.081779474999999593e+02 2.200820535821229758e-04 2.310544940149256610e-04
7.081782600000000230e+02 2.088390095350126693e-04 2.226967036843583792e-04
7.081785724999999729e+02 1.989377963871201459e-04 2.140004385613287433e-04
7.081788850000000366e+02 1.972899938876990981e-04 2.049721148545013592e-04
7.081791974999999866e+02 1.913444913824895513e-04 1.956216515083672100e-04
7.081795099999999366e+02 1.662170751462306530e-04 1.859629461197674031e-04
7.081798225000000002e+02 1.603331144488494568e-04 1.760143680501152048e-04
7.081801349999999502e+02 1.635937073673503672e-04 1.657992580361443207e-04
7.081804475000000139e+02 1.409485691242718048e-04 1.553464202499592621e-04
7.081807599999999638e+02 1.562057461655920140e-04 1.446905892274753227e-04
7.081810725000000275e+02 1.149859617322781364e-04 1.338728500375465042e-04
7.081813849999999775e+02 1.292998587037989951e-04 1.229409865018157139e-04
7.081816974999999275e+02 1.321805002855067589e-04 1.119497285754370095e-04
7.081820099999999911e+02 1.198192734810649823e-04 1.009608674814781122e-04
7.081823224999999411e+02 1.150102595949088405e-04 9.004320550639992055e-05
7.081826350000000048e+02 1.222916969441112942e-04 7.927230751240923643e-05
7.081829474999999547e+02 9.812955212773591439e-05 6.873002373784362800e-05
7.081832600000000184e+02 7.975664997674790694e-05 5.850375831321923028e-05
7.081835724999999684e+02 7.101058533209948028e-05 4.868546629920932707e-05
7.081838850000000321e+02 6.506573178397213810e-05 3.937037312323934783e-05
7.081841974999999820e+02 4.918534405940116550e-05 3.065542485609634574e-05
7.081845099999999320e+02 5.122605892886103181e-05 2.263749431101928853e-05
7.081848224999999957e+02 5.887852409049638459e-05 1.541138637430980343e-05
7.081851349999999456e+02 4.289744472462672593e-05 9.067704139645753672e-06
7.081854475000000093e+02 3.608850990173678437e-05 3.690654079274595009e-06
7.081857599999999593e+02 2.411875189307784750e-05 -6.441183128431777210e-07
7.081860725000000230e+02 4.186867256526839064e-05 -3.871563290864021831e-06
7.081863849999999729e+02 2.511599663687900827e-05 -5.939031746392309217e-06
7.081866975000000366e+02 1.682057081230434989e-05 -6.807756602852889522e-06
7.081870099999999866e+02 1.909172455513665682e-05 -6.453931245506354494e-06
7.081873224999999366e+02 1.377526109686187505e-05 -4.869326633358529203e-06
7.081876350000000002e+02 1.098954897487608064e-05 -2.061414885131647521e-06
7.081879474999999502e+02 9.897051166947534002e-06 1.947003871386329944e-06
7.081882600000000139e+02 7.431857046007814074e-06 7.118645590633144752e-06
7.081885724999999638e+02 1.072102458140509059e-05 1.340300506979818022e-05
7.081888850000000275e+02 1.074890265603928794e-05 2.073796371087443296e-05
7.081891974999999775e+02 2.544831734296876128e-05 2.905165363961813256e-05
7.081895099999999275e+02 2.561610598034980463e-05 3.826448222391661897e-05
7.081898224999999911e+02 1.311223908244716108e-05 4.829122084915064221e-05
7.081901349999999411e+02 3.049991722264274130e-05 5.904306840696070275e-05
7.081904475000000048e+02 3.390051193373942934e-05 7.042961169817551007e-05
7.081907599999999547e+02 3.978648007888739839e-05 8.236062003015631793e-05
7.081910725000000184e+02 6.288484809095441417e-05 9.474762846462375903e-05
7.081913849999999684e+02 6.200208933808144113e-05 1.075052809998322030e-04
7.081916975000000321e+02 9.763894543380116902e-05 1.205524211256149374e-04
7.081920099999999820e+02 7.519066604473988581e-05 1.338129306559493578e-04
7.081923224999999320e+02 8.259593948453606963e-05 1.472163290896957963e-04
7.081926349999999957e+02 1.235490413528243011e-04 1.606981536661836716e-04
7.081929474999999456e+02 1.149757635053784167e-04 1.742001458259809894e-04
7.081932600000000093e+02 1.433209793368627751e-04 1.876702726689037832e-04
7.081935724999999593e+02 1.754724356640432017e-04 2.010626126150327384e-04
7.081938850000000230e+02 1.671876077646043874e-04 2.143371339080442578e-04
7.081941974999999729e+02 1.899564654508087772e-04 2.274593922805153952e-04
7.081945100000000366e+02 2.079710887117645424e-04 2.404001716466091327e-04
7.081948224999999866e+02 2.154696363636464363e-04 2.531350882083708729e-04
7.081951349999999366e+02 2.865867657575271277e-04 2.656441753699297255e-04
7.081954475000000002e+02 2.963813538403041372e-04 2.779114633750230201e-04
7.081957599999999502e+02 2.713259719651837888e-04 2.899245647627582585e-04
7.081960725000000139e+02 2.603613481307737437e-04 3.016742740517998475e-04
7.081963849999999638e+02 2.594350332134814701e-04 3.131541875855457335e-04
7.081966975000000275e+02 2.872912651045451526e-04 3.243603477542265023e-04
7.081970099999999775e+02 3.539523887158125648e-04 3.352909139270223555e-04
7.081973224999999275e+02 3.632178689035890423e-04 3.459458614060006293e-04
7.081976349999999911e+02 3.318585509646912761e-04 3.563267084799386867e-04
7.081979474999999411e+02 4.014085395763197848e-04 3.664362710509234456e-04
7.081982600000000048e+02 3.328389514062117483e-04 3.762784437553646122e-04
7.081985724999999547e+02 4.048834648203748234e-04 3.858580060014265060e-04
7.081988850000000184e+02 4.268219004855085589e-04 3.951804513173672343e-04
7.081991974999999684e+02 4.940779351343487467e-04 4.042518380511241050e-04
7.081995100000000321e+02 4.563563239076294975e-04 4.130786596445284987e-04
7.081998224999999820e+02 4.288613704316223329e-04 4.216677325036689676e-04
7.082001349999999320e+02 5.055902682328281906e-04 4.300260997605461432e-04
7.082004474999999957e+02 4.149620430057512519e-04 4.381609491291575307e-04
7.082007599999999456e+02 4.345391702238715734e-04 4.460795432868428639e-04
7.082010725000000093e+02 5.121445702096865098e-04 4.537891613273407161e-04
7.082013849999999593e+02 4.845915267362148489e-04 4.612970498585369479e-04
7.082016975000000230e+02 4.967312513681250300e-04 4.686103826058373670e-04
7.082020099999999729e+02 5.998107765959918240e-04 4.757362273257609037e-04
7.082023225000000366e+02 5.543795210278188975e-04 4.826815191282500398e-04
7.082026349999999866e+02 5.050377805707105625e-04 4.894530392427386611e-04
7.082029474999999366e+02 5.702057080359373411e-04 4.960573985299023816e-04
7.082032600000000002e+02 5.197131068240931802e-04 5.025010249885514084e-04
7.082035724999999502e+02 6.031618377012510929e-04 5.087901546822012509e-04
7.082038850000000139e+02 6.173745142250866265e-04 5.149308255806624591e-04
7.082041974999999638e+02 5.412694785285314001e-04 5.209288738002240552e-04
7.082045100000000275e+02 6.074423390163215556e-04 5.267899319147858464e-04
7.082048224999999775e+02 5.784074052863899182e-04 5.325194289215122011e-04
7.082051349999999275e+02 5.794020819680337263e-04 5.381225916312828463e-04
7.082054474999999911e+02 6.094048682397044383e-04 5.436044471737787407e-04
7.082057599999999411e+02 5.684176357368361018e-04 5.489698264201737848e-04
7.082060725000000048e+02 5.534401455355086527e-04 5.542233681546202429e-04
7.082063849999999547e+02 6.026736643803696971e-04 5.593695237856051569e-04
7.082066975000000184e+02 6.951012670779467247e-04 5.644125625219317344e-04
7.082070099999999684e+02 6.496716189374998791e-04 5.693565768374479535e-04
7.082073225000000321e+02 6.536874383890630249e-04 5.742054881879357642e-04
7.082076349999999820e+02 6.064005274411812200e-04 5.789630528405352713e-04
7.082079474999999320e+02 6.276941591785133992e-04 5.836328678042243664e-04
7.082082599999999957e+02 6.214396718686561938e-04 5.882183767608529287e-04
7.082085724999999456e+02 6.432075512285591323e-04 5.927228759693114720e-04
7.082088850000000093e+02 5.800279419965954138e-04 5.971495201213608550e-04
7.082091974999999593e+02 6.330869190960983174e-04 6.015013280778196310e-04
7.082095100000000230e+02 6.631537883764859320e-04 6.057811885118860118e-04
7.082098224999999729e+02 6.340905024823191224e-04 6.099918653893150527e-04
7.082101350000000366e+02 6.085186899188543093e-04 6.141360033218515183e-04
7.082104474999999866e+02 6.601601352246997323e-04 6.182161327335073363e-04
7.082107599999999366e+02 6.833680626092734044e-04 6.222346748798451973e-04
7.082110725000000002e+02 6.921058033359801364e-04 6.261939466773444119e-04
7.082113849999999502e+02 6.584919685710126543e-04 6.300961653558501260e-04
7.082116975000000139e+02 6.275955901821417618e-04 6.339434529471133948e-04
7.082120099999999638e+02 6.896785826372665504e-04 6.377378405744113824e-04
7.082123225000000275e+02 6.602926338295679728e-04 6.414812725890333290e-04
7.082126349999999775e+02 6.730310620786925969e-04 6.451756105116240045e-04
7.082129474999999275e+02 6.362584213357668460e-04 6.488226368248240644e-04
7.082132599999999911e+02 6.406252857630286100e-04 6.524240585870021928e-04
7.082135724999999411e+02 6.455600341591002369e-04 6.559815108857589699e-04
7.082138850000000048e+02 7.105515618272685401e-04 6.594965601488328921e-04
7.082141974999999547e+02 6.963176705130423409e-04 6.629707072851406422e-04
7.082145100000000184e+02 6.683102310328132992e-04 6.664053907013804418e-04
7.082148224999999684e+02 6.488485981012652839e-04 6.698019891587014872e-04
7.082151350000000321e+02 6.678210785707682472e-04 6.731618245153715881e-04
7.082154474999999820e+02 6.625416068663237930e-04 6.764861643208877487e-04
7.082157599999999320e+02 6.963249686518330163e-04 6.797762243052932977e-04
7.082160724999999957e+02 7.160018202550160003e-04 6.830331707382114289e-04
7.082163849999999456e+02 6.605427171691867407e-04 6.862581226753366060e-04
7.082166975000000093e+02 6.960207168429998837e-04 6.894521541089777611e-04
7.082170099999999593e+02 6.611012173615657969e-04 6.926162959981664721e-04
7.082173225000000230e+02 6.491318559033734063e-04 6.957515382194287556e-04
7.082176349999999729e+02 6.645687847722631623e-04 6.988588314056315247e-04
7.082179475000000366e+02 6.343121719331147124e-04 7.019390887141830834e-04
7.082182599999999866e+02 6.708338207615325427e-04 7.049931874923483655e-04
7.082185724999999366e+02 6.555897986703870285e-04 7.080219708788539588e-04
7.082188850000000002e+02 6.616253559240841461e-04 7.110262493175236766e-04
7.082191974999999502e+02 6.730280559322837555e-04 7.140068019981402015e-04
7.082195100000000139e+02 6.518722945120931618e-04 7.169643782388198782e-04
7.082198224999999638e+02 7.455746193148633230e-04 7.198996987861625875e-04
7.082201350000000275e+02 6.393482275036554323e-04 7.228134570700324229e-04
7.082204474999999775e+02 6.460198689205432204e-04 7.257063203816522048e-04
7.082207599999999275e+02 6.768537734178511856e-04 7.285789310111168496e-04
7.082210724999999911e+02 6.261190646108549286e-04 7.314319073205143452e-04
7.082213849999999411e+02 6.676185489003644280e-04 7.342658447661294489e-04
7.082216975000000048e+02 7.060720127191004837e-04 7.370813168824807580e-04
7.082220099999999547e+02 7.099217987657211772e-04 7.398788762047972143e-04
7.082223225000000184e+02 6.247855164763701239e-04 7.426590551641792199e-04
7.082226349999999684e+02 7.780465680256760941e-04 7.454223669248569595e-04
7.082229475000000321e+02 6.528206383189778892e-04 7.481693061981959476e-04
