7.148305410000000393e+02 3.716527348264707614e-04 3.259953918126069750e-04
7.148308534999999893e+02 3.558373235415957653e-04 3.265789022656665885e-04
7.148311660000000529e+02 3.344245854165408139e-04 3.271477040635413177e-04
7.148314785000000029e+02 3.371798508309358216e-04 3.277011873217029205e-04
7.148317910000000666e+02 3.451399943636226952e-04 3.282387112964802226e-04
7.148321035000000165e+02 3.394085005334260947e-04 3.287596025543840748e-04
7.148324160000000802e+02 3.416405974643336920e-04 3.292631530217488586e-04
7.148327285000000302e+02 3.016117168846381555e-04 3.297486178993666974e-04
7.148330410000000938e+02 3.164816392472791554e-04 3.302152134383914408e-04
7.148333535000000438e+02 3.243169724507813075e-04 3.306621145611048107e-04
7.148336659999999938e+02 3.953836004763549650e-04 3.310884523206633991e-04
7.148339785000000575e+02 3.406760527890893321e-04 3.314933111831890587e-04
7.148342910000000074e+02 3.489677528913189995e-04 3.318757261208572112e-04
7.148346035000000711e+02 3.162692528451965389e-04 3.322346795030027382e-04
7.148349160000000211e+02 2.946544595844460086e-04 3.325690977663291106e-04
7.148352285000000848e+02 3.314116218782624159e-04 3.328778478519304053e-04
7.148355410000000347e+02 3.095664685456342544e-04 3.331597333871148445e-04
7.148358534999999847e+02 3.802520520158294464e-04 3.334134905966158096e-04
7.148361660000000484e+02 3.146508059750265508e-04 3.336377839195511438e-04
7.148364784999999983e+02 3.794013553621920602e-04 3.338312013112898317e-04
7.148367910000000620e+02 3.827322880932040178e-04 3.339922492069202602e-04
7.148371035000000120e+02 3.281381548512644149e-04 3.341193471188720209e-04
7.148374160000000757e+02 3.578528878800554770e-04 3.342108218433883604e-04
7.148377285000000256e+02 3.102899776738290982e-04 3.342649012446369944e-04
7.148380410000000893e+02 3.525207953613812952e-04 3.342797075865816558e-04
7.148383535000000393e+02 3.375079246795403679e-04 3.342532503781637447e-04
7.148386659999999893e+02 3.883897511764522015e-04 3.341834186969409913e-04
7.148389785000000529e+02 3.381313575282678748e-04 3.340679729531758290e-04
7.148392910000000029e+02 3.420184723039374733e-04 3.339045360551032944e-04
7.148396035000000666e+02 3.359203724100166388e-04 3.336905839328112690e-04
7.148399160000000165e+02 3.115393343316787155e-04 3.334234353784319921e-04
7.148402285000000802e+02 3.629250107018618132e-04 3.331002411553720581e-04
7.148405410000000302e+02 3.241733866551053684e-04 3.327179723323611172e-04
7.148408535000000938e+02 3.200947221970823985e-04 3.322734077914965426e-04
7.148411660000000438e+02 2.870745748845216156e-04 3.317631208660462854e-04
7.148414784999999938e+02 2.970024533980440305e-04 3.311834650561861371e-04
7.148417910000000575e+02 2.985524623922810911e-04 3.305305587802719936e-04
7.148421035000000074e+02 3.438958366022222719e-04 3.298002691175276808e-04
7.148424160000000711e+02 3.069097241298926709e-04 3.289881945007058534e-04
7.148427285000000211e+02 2.865388570518845129e-04 3.280896463336882801e-04
7.148430410000000848e+02 3.430909121191158019e-04 3.270996295040541559e-04
7.148433535000000347e+02 2.671678531142954193e-04 3.260128217920016174e-04
7.148436659999999847e+02 3.045654598482768838e-04 3.248235521754857451e-04
7.148439785000000484e+02 3.143926799606480975e-04 3.235257780736216626e-04
7.148442909999999983e+02 3.129061745372134062e-04 3.221130615900567418e-04
7.148446035000000620e+02 3.425697380313216366e-04 3.205785448544931399e-04
7.148449160000000120e+02 3.341809607716827004e-04 3.189149246289254571e-04
7.148452285000000757e+02 2.464821228984449093e-04 3.171144263798483798e-04
7.148455410000000256e+02 2.956508248789686279e-04 3.151687781312002097e-04
7.148458535000000893e+02 3.064190586184729176e-04 3.130691844744671356e-04
7.148461660000000393e+02 2.721945519487419364e-04 3.108063012756380147e-04
7.148464784999999893e+02 2.679569243861223016e-04 3.083702117272768008e-04
7.148467910000000529e+02 2.629231485272515633e-04 3.057504046197357522e-04
7.148471035000000029e+02 2.998829719240808894e-04 3.029357559082248479e-04
7.148474160000000666e+02 2.943363669269225165e-04 2.999145149229192741e-04
7.148477285000000165e+02 2.436461380089315987e-04 2.966742969381635912e-04
7.148480410000000802e+02 2.816193978101468997e-04 2.932020841589209371e-04
7.148483535000000302e+02 2.800039660948135459e-04 2.894842377257949499e-04
7.148486660000000938e+02 2.831433666216434403e-04 2.855065238293428447e-04
7.148489785000000438e+02 2.638131326101119680e-04 2.812541577617559034e-04
7.148492909999999938e+02 2.797931152822282310e-04 2.767118704151172210e-04
7.148496035000000575e+02 2.571017554873405238e-04 2.718640026842227149e-04
7.148499160000000074e+02 2.390571798847191656e-04 2.666946341662606202e-04
7.148502285000000711e+02 2.532092347237684246e-04 2.611877536197299531e-04
7.148505410000000211e+02 2.324332060166918131e-04 2.553274798636545259e-04
7.148508535000000848e+02 2.445086623685265069e-04 2.490983428748986725e-04
7.148511660000000347e+02 1.879653317708427664e-04 2.424856361032247203e-04
7.148514784999999847e+02 2.242762097501611201e-04 2.354758518789504555e-04
7.148517910000000484e+02 2.029894894218913241e-04 2.280572125793861300e-04
7.148521034999999983e+02 1.949576263758391061e-04 2.202203102808647517e-04
7.148524160000000620e+02 2.390558048258839509e-04 2.119588669091477043e-04
7.148527285000000120e+02 1.996011714504714843e-04 2.032706250772232958e-04
7.148530410000000757e+02 2.203484735710783873e-04 1.941583760183928481e-04
7.148533535000000256e+02 1.806649783101124218e-04 1.846311253315335778e-04
7.148536660000000893e+02 1.467578498326694235e-04 1.747053883210114567e-04
7.148539785000000393e+02 1.460221462914608438e-04 1.644065947288192767e-04
7.148542909999999893e+02 1.780257847672456575e-04 1.537705663239934920e-04
7.148546035000000529e+02 1.532368423632206344e-04 1.428450107740045509e-04
7.148549160000000029e+02 1.465104305031793340e-04 1.316909510741964839e-04
7.148552285000000666e+02 1.549232275239522684e-04 1.203839830901034125e-04
7.148555410000000165e+02 1.350474144943729436e-04 1.090152267054002468e-04
7.148558535000000802e+02 1.206527435111339906e-04 9.769181165767623360e-05
7.148561660000000302e+02 9.975685512216379152e-05 8.653672316333338758e-05
7.148564785000000938e+02 8.156562276524404625e-05 7.568782999959429089e-05
7.148567910000000438e+02 5.046708458487935317e-05 6.529593650534576985e-05
7.148571034999999938e+02 7.476661184772345542e-05 5.552174486475416508e-05
7.148574160000000575e+02 7.507626719507654077e-05 4.653168949426465350e-05
7.148577285000000074e+02 5.709791257843102775e-05 3.849270944121826576e-05
7.148580410000000711e+02 5.044696429272170642e-05 3.156615057457640329e-05
7.148583535000000211e+02 3.596096860777321343e-05 2.590112242673404543e-05
7.148586660000000848e+02 3.346030996020718106e-05 2.162775380750967295e-05
7.148589785000000347e+02 4.363121095815369253e-05 1.885087365526337563e-05
7.148592909999999847e+02 2.571610606771628180e-05 1.764466674613549148e-05
7.148596035000000484e+02 1.774948465895774788e-05 1.804880481115419015e-05
7.148599159999999983e+02 1.829166668374814279e-05 2.006643125405199420e-05
7.148602285000000620e+02 1.824495551098096960e-05 2.366419678923870537e-05
7.148605410000000120e+02 1.760561903126165329e-05 2.877433124061417742e-05
7.148608535000000757e+02 2.266599487275403079e-05 3.529852824081705480e-05
7.148611660000000256e+02 1.262170807374764354e-05 4.311324811565759587e-05
7.148614785000000893e+02 3.376758599990667062e-05 5.207593496336554347e-05
7.148617910000000393e+02 4.559451141102013086e-05 6.203160752820488391e-05
7.148621034999999893e+02 4.465392635606485542e-05 7.281931681603238807e-05
7.148624160000000529e+02 9.008933773456000204e-05 8.427805044385096853e-05
7.148627285000000029e+02 4.830073917439343484e-05 9.625178306428576111e-05
7.148630410000000666e+02 7.636632306743198519e-05 1.085935007721329303e-04
7.148633535000000165e+02 1.153996011957655584e-04 1.211681461085901816e-04
7.148636660000000802e+02 1.221048041486414966e-04 1.338545270554686686e-04
7.148639785000000302e+02 1.654411285370918899e-04 1.465463014700292544e-04
7.148642910000000938e+02 1.522297182676451044e-04 1.591521887023274694e-04
7.148646035000000438e+02 1.525080432301293668e-04 1.715955753048776567e-04
7.148649159999999938e+02 1.475549942929445452e-04 1.838136787439518139e-04
7.148652285000000575e+02 1.742575961858993500e-04 1.957564169504235696e-04
7.148655410000000074e+02 2.395391031996818576e-04 2.073851089735390216e-04
7.148658535000000711e+02 2.169643419909486268e-04 2.186711067648287020e-04
7.148661660000000211e+02 2.185839463449908192e-04 2.295944333672938847e-04
7.148664785000000848e+02 2.313783937204894449e-04 2.401424809599047347e-04
7.148667910000000347e+02 2.752434596697394403e-04 2.503088033765521079e-04
7.148671034999999847e+02 2.484109089525804817e-04 2.600920231557227983e-04
7.148674160000000484e+02 2.537706668407488570e-04 2.694948617025261250e-04
7.148677284999999983e+02 3.191954247889980671e-04 2.785232931637804995e-04
7.148680410000000620e+02 3.212085141131965321e-04 2.871858170806431852e-04
7.148683535000000120e+02 3.558625557201510240e-04 2.954928412956010103e-04
7.148686660000000757e+02 2.776471471242313157e-04 3.034561648541253759e-04
7.148689785000000256e+02 3.069565130185848006e-04 3.110885496440428453e-04
7.148692910000000893e+02 2.998828070534988047e-04 3.184033696980934623e-04
7.148696035000000393e+02 4.009902181589210441e-04 3.254143273895023880e-04
7.148699159999999893e+02 3.212992284408925465e-04 3.321352267301887727e-04
7.148702285000000529e+02 3.615087052908814384e-04 3.385797947859356177e-04
7.148705410000000029e+02 2.781819924992528798e-04 3.447615433374643908e-04
7.148708535000000666e+02 3.523120358262276427e-04 3.506936639135314763e-04
7.148711660000000165e+02 3.944618229980188860e-04 3.563889501961084449e-04
7.148714785000000802e+02 4.244173197824573627e-04 3.618597427975337876e-04
7.148717910000000302e+02 3.624467401374865017e-04 3.671178920544507359e-04
7.148721035000000938e+02 3.515629453364986219e-04 3.721747353098254704e-04
7.148724160000000438e+02 4.672569762848703158e-04 3.770410856248748092e-04
7.148727284999999938e+02 3.914429051092169426e-04 3.817272295027667253e-04
7.148730410000000575e+02 4.441583809692938706e-04 3.862429315391180526e-04
7.148733535000000074e+02 3.722030440859372532e-04 3.905974443535932148e-04
7.148736660000000711e+02 4.369928505925397958e-04 3.947995224639174925e-04
7.148739785000000211e+02 4.256149471455154408e-04 3.988574389693709098e-04
7.148742910000000848e+02 4.126140900763050341e-04 4.027790042161251980e-04
7.148746035000000347e+02 4.341364357459342950e-04 4.065715856974807434e-04
7.148749159999999847e+02 4.537612854852337684e-04 4.102421286839479445e-04
7.148752285000000484e+02 4.626478754258328487e-04 4.137971771158257856e-04
7.148755409999999983e+02 3.969367135447565069e-04 4.172428944408323949e-04
7.148758535000000620e+02 4.418589757717770149e-04 4.205850841552779737e-04
7.148761660000000120e+02 4.456834227680842074e-04 4.238292098279891553e-04
7.148764785000000757e+02 4.547570707959891576e-04 4.269804145081600361e-04
7.148767910000000256e+02 4.523587391201431087e-04 4.300435393817624149e-04
7.148771035000000893e+02 4.152003627270114136e-04 4.330231416506281211e-04
7.148774160000000393e+02 4.756623179531946030e-04 4.359235115595258667e-04
7.148777284999999893e+02 4.685682970285779932e-04 4.387486885881031846e-04
7.148780410000000529e+02 4.510522117963796057e-04 4.415024767777853045e-04
7.148783535000000029e+02 4.304417357156239423e-04 4.441884592147353939e-04
7.148786660000000666e+02 4.455111191934969751e-04 4.468100116966587914e-04
7.148789785000000165e+02 4.124125289319525121e-04 4.493703155837753009e-04
7.148792910000000802e+02 4.892776255879454717e-04 4.518723698937100893e-04
7.148796035000000302e+02 4.814023846603712872e-04 4.543190026423584577e-04
7.148799160000000938e+02 4.743318739392804093e-04 4.567128814950541021e-04
7.148802285000000438e+02 4.364282728694327137e-04 4.590565237343563975e-04
7.148805409999999938e+02 4.428418700698598799e-04 4.613523056078592199e-04
7.148808535000000575e+02 4.513713440633223737e-04 4.636024710693476165e-04
7.148811660000000074e+02 4.353608673447628306e-04 4.658091399571786845e-04
7.148814785000000711e+02 4.994003197648516374e-04 4.679743156513680694e-04
7.148817910000000211e+02 4.639418883561925852e-04 4.700998922217049648e-04
7.148821035000000848e+02 4.766631141907162902e-04 4.721876611228866308e-04
7.148824160000000347e+02 4.897694642070198620e-04 4.742393174411411874e-04
7.148827284999999847e+02 4.659517082289241674e-04 4.762564657445591187e-04
7.148830410000000484e+02 5.034380667281728328e-04 4.782406255445758301e-04
7.148833534999999983e+02 4.506967047749388172e-04 4.801932364016738594e-04
7.148836660000000620e+02 5.128203875884486266e-04 4.821156627058879700e-04
7.148839785000000120e+02 4.904880133843778859e-04 4.840091981364981824e-04
7.148842910000000757e+02 4.631008606044674991e-04 4.858750698437469756e-04
7.148846035000000256e+02 4.656039263640133108e-04 4.877144423496929397e-04
7.148849160000000893e+02 4.878838462079300529e-04 4.895284212084936816e-04
7.148852285000000393e+02 5.494942267632725282e-04 4.913180564214160700e-04
7.148855409999999893e+02 4.749174746406343520e-04 4.930843456432478259e-04
7.148858535000000529e+02 4.980311758645136148e-04 4.948282371782686696e-04
7.148861660000000029e+02 5.049603428624940826e-04 4.965506327863950138e-04
7.148864785000000666e+02 5.294675302569334593e-04 4.982523903184893615e-04
7.148867910000000165e+02 4.873796423064614058e-04 4.999343261770774821e-04
7.148871035000000802e+02 4.778974802470070606e-04 5.015972176330130670e-04
7.148874160000000302e+02 5.356822354625072379e-04 5.032418049886328015e-04
7.148877285000000938e+02 5.374814742069494505e-04 5.048687936166259800e-04
7.148880410000000438e+02 4.569529014169039548e-04 5.064788558642160715e-04
7.148883534999999938e+02 5.625146602564232807e-04 5.080726328495677093e-04
7.148886660000000575e+02 5.197677089989428609e-04 5.096507361432613126e-04
7.148889785000000074e+02 4.595513704933127243e-04 5.112137493481155133e-04
7.148892910000000711e+02 4.264402189974860966e-04 5.127622295896569048e-04
7.148896035000000211e+02 4.506566863943392781e-04 5.142967089092195451e-04
7.148899160000000848e+02 4.735902425380137315e-04 5.158176955830899449e-04
7.148902285000000347e+02 4.803458964159630748e-04 5.173256753550646353e-04
7.148905409999999847e+02 4.802106703276635600e-04 5.188211126047723339e-04
7.148908535000000484e+02 5.192690796362218163e-04 5.203044514425185377e-04
7.148911659999999983e+02 5.018307385449287568e-04 5.217761167406534395e-04
7.148914785000000620e+02 5.148313566069461118e-04 5.232365151108042201e-04
7.148917910000000120e+02 4.991161425531352811e-04 5.246860358173273051e-04
7.148921035000000757e+02 5.704719119459455371e-04 5.261250516470887409e-04
7.148924160000000256e+02 5.455834756503053678e-04 5.275539197218432220e-04
7.148927285000000893e+02 5.012652700330540558e-04 5.289729822731488364e-04
