7.037656317614699901e+02 1.246772143447911541e+00 1.257672693553424148e+00
7.037657275028915365e+02 1.290147188639571674e+00 1.257247684657937459e+00
7.037658232443130828e+02 1.253260261372630691e+00 1.256818519434201420e+00
7.037659189857347428e+02 1.231688946594165612e+00 1.256385155752956173e+00
7.037660147271562892e+02 1.245696572301679073e+00 1.255947551045524246e+00
7.037661104685778355e+02 1.243904281557090208e+00 1.255505662297390801e+00
7.037662062099993818e+02 1.241713622199224654e+00 1.255059446046964844e+00
7.037663019514209282e+02 1.266812941034155093e+00 1.254608858381820902e+00
7.037663976928425882e+02 1.241063229924536104e+00 1.254153854934959345e+00
7.037664934342641345e+02 1.246226115192545780e+00 1.253694390883829168e+00
7.037665891756856809e+02 1.259010286121275302e+00 1.253230420943997503e+00
7.037666849171072272e+02 1.258510378164378940e+00 1.252761899368281862e+00
7.037667806585287735e+02 1.249001441875586371e+00 1.252288779943253605e+00
7.037668763999504336e+02 1.253421615443986337e+00 1.251811015985777598e+00
7.037669721413719799e+02 1.251574062313731472e+00 1.251328560342477081e+00
7.037670678827935262e+02 1.271985138347891287e+00 1.250841365383594583e+00
7.037671636242150726e+02 1.256077092054276312e+00 1.250349383002613335e+00
7.037672593656366189e+02 1.257373132131071047e+00 1.249852564613135764e+00
7.037673551070582789e+02 1.246067916999038072e+00 1.249350861145831049e+00
7.037674508484798253e+02 1.251747068452714107e+00 1.248844223048466873e+00
7.037675465899013716e+02 1.235656472056189115e+00 1.248332600280095406e+00
7.037676423313229179e+02 1.221326325423672587e+00 1.247815942311300663e+00
7.037677380727444643e+02 1.248347062042408417e+00 1.247294198121600139e+00
7.037678338141661243e+02 1.242387431842414847e+00 1.246767316196943476e+00
7.037679295555876706e+02 1.249522621425179114e+00 1.246235244530481179e+00
7.037680252970092170e+02 1.214337827735291864e+00 1.245697930617219340e+00
7.037681210384307633e+02 1.248560261901777046e+00 1.245155321455073683e+00
7.037682167798523096e+02 1.244519944035320735e+00 1.244607363542967970e+00
7.037683125212738560e+02 1.232857150943140301e+00 1.244054002879722454e+00
7.037684082626955160e+02 1.235990999468634222e+00 1.243495184962453814e+00
7.037685040041170623e+02 1.236621161072903652e+00 1.242930854788490302e+00
7.037685997455386087e+02 1.256769489562612918e+00 1.242360956850840026e+00
7.037686954869601550e+02 1.256344335475979124e+00 1.241785435140494220e+00
7.037687912283817013e+02 1.250611014642129426e+00 1.241204233145642100e+00
7.037688869698033614e+02 1.250194170321909715e+00 1.240617293851067782e+00
7.037689827112249077e+02 1.250333580048425874e+00 1.240024559741284893e+00
7.037690784526464540e+02 1.233160014720182218e+00 1.239425972796939668e+00
7.037691741940680004e+02 1.261336386349575456e+00 1.238821474498441155e+00
7.037692699354895467e+02 1.243334830372639477e+00 1.238211005826389322e+00
7.037693656769112067e+02 1.220736081961025565e+00 1.237594507262244514e+00
7.037694614183327531e+02 1.248508758851388567e+00 1.236971918792970637e+00
7.037695571597542994e+02 1.220675410675989836e+00 1.236343179908660828e+00
7.037696529011758457e+02 1.238125198871335320e+00 1.235708229607801911e+00
7.037697486425973921e+02 1.237173578798636431e+00 1.235067006399233280e+00
7.037698443840190521e+02 1.208921898653439575e+00 1.234419448304415301e+00
7.037699401254405984e+02 1.224764405373945930e+00 1.233765492863926116e+00
7.037700358668621448e+02 1.220737749470838018e+00 1.233105077136648520e+00
7.037701316082836911e+02 1.239261372683172935e+00 1.232438137707044579e+00
7.037702273497052374e+02 1.219895260386839819e+00 1.231764610689016548e+00
7.037703230911268975e+02 1.211149546498948126e+00 1.231084431730160134e+00
7.037704188325484438e+02 1.215890045837990208e+00 1.230397536020529703e+00
7.037705145739699901e+02 1.256262815859739534e+00 1.229703858293790919e+00
7.037706103153915365e+02 1.242151375895446330e+00 1.229003332836939633e+00
7.037707060568130828e+02 1.227432186507347200e+00 1.228295893496514024e+00
7.037708017982347428e+02 1.213001655741477114e+00 1.227581473685291469e+00
7.037708975396562892e+02 1.211943568848677710e+00 1.226860006393800440e+00
7.037709932810778355e+02 1.227347231312022391e+00 1.226131424193924291e+00
7.037710890224993818e+02 1.224290161976957503e+00 1.225395659251580893e+00
7.037711847639209282e+02 1.264881817594827540e+00 1.224652643335804925e+00
7.037712805053425882e+02 1.215641327459394017e+00 1.223902307828429681e+00
7.037713762467641345e+02 1.204746505365461795e+00 1.223144583738916769e+00
7.037714719881856809e+02 1.227705785573445008e+00 1.222379401710971036e+00
7.037715677296072272e+02 1.214476771219125117e+00 1.221606692038787134e+00
7.037716634710287735e+02 1.212632201328319503e+00 1.220826384679615906e+00
7.037717592124504336e+02 1.236586126341881808e+00 1.220038409267059532e+00
7.037718549538719799e+02 1.215119170023760464e+00 1.219242695129883369e+00
7.037719506952935262e+02 1.230789149834932816e+00 1.218439171302301283e+00
7.037720464367150726e+02 1.208225143041525396e+00 1.217627766544492340e+00
7.037721421781366189e+02 1.238358314179933028e+00 1.216808409359361631e+00
7.037722379195582789e+02 1.235618748635939346e+00 1.215981028010187925e+00
7.037723336609798253e+02 1.227502778501394998e+00 1.215145550544175501e+00
7.037724294024013716e+02 1.205246342967146722e+00 1.214301904807186583e+00
7.037725251438229179e+02 1.206382166019624114e+00 1.213450018469331537e+00
7.037726208852444643e+02 1.212858774911689030e+00 1.212589819046751671e+00
7.037727166266661243e+02 1.235580138514645654e+00 1.211721233924462737e+00
7.037728123680876706e+02 1.229735688813223149e+00 1.210844190385531816e+00
7.037729081095092170e+02 1.231826413877491255e+00 1.209958615631133050e+00
7.037730038509307633e+02 1.224237678862991618e+00 1.209064436812148147e+00
7.037730995923523096e+02 1.208698007811425112e+00 1.208161581056909295e+00
7.037731953337738560e+02 1.206845856199719291e+00 1.207249975501294426e+00
7.037732910751955160e+02 1.230030212104993970e+00 1.206329547319095363e+00
7.037733868166170623e+02 1.211180467185946519e+00 1.205400223759282019e+00
7.037734825580386087e+02 1.217641499634883662e+00 1.204461932173787719e+00
7.037735782994601550e+02 1.187802330359403635e+00 1.203514600057722372e+00
7.037736740408817013e+02 1.203092934266457803e+00 1.202558155085692526e+00
7.037737697823033614e+02 1.194778248725206993e+00 1.201592525149663970e+00
7.037738655237249077e+02 1.209175490163686195e+00 1.200617638404226861e+00
7.037739612651464540e+02 1.220401901662315325e+00 1.199633423302094215e+00
7.037740570065680004e+02 1.199180638802215038e+00 1.198639808642811611e+00
7.037741527479895467e+02 1.220932005844731716e+00 1.197636723617565568e+00
7.037742484894112067e+02 1.182723678083832164e+00 1.196624097855784052e+00
7.037743442308327531e+02 1.203200840785255687e+00 1.195601861479699490e+00
7.037744399722542994e+02 1.199072615210959203e+00 1.194569945148841406e+00
7.037745357136758457e+02 1.205459025504980852e+00 1.193528280118582696e+00
7.037746314550973921e+02 1.199728811508214532e+00 1.192476798294782370e+00
7.037747271965190521e+02 1.179424701674819387e+00 1.191415432290505949e+00
7.037748229379405984e+02 1.207795711424943130e+00 1.190344115491279942e+00
7.037749186793621448e+02 1.202551543411191970e+00 1.189262782109996586e+00
7.037750144207836911e+02 1.208337527256979627e+00 1.188171367256742883e+00
7.037751101622052374e+02 1.191582360214079150e+00 1.187069807004738076e+00
7.037752059036268975e+02 1.201225158559137585e+00 1.185958038458652997e+00
7.037753016450484438e+02 1.201135262146327154e+00 1.184835999832063669e+00
7.037753973864699901e+02 1.183772839240789354e+00 1.183703630514272076e+00
7.037754931278915365e+02 1.185089547319073011e+00 1.182560871152956938e+00
7.037755888693130828e+02 1.200293392626275102e+00 1.181407663732951141e+00
7.037756846107347428e+02 1.204416597795359367e+00 1.180243951657708124e+00
7.037757803521562892e+02 1.161740002798057780e+00 1.179069679840535123e+00
7.037758760935778355e+02 1.168832271411554213e+00 1.177884794784889388e+00
7.037759718349993818e+02 1.177513744584512523e+00 1.176689244681436097e+00
7.037760675764209282e+02 1.168003139214418784e+00 1.175482979501244030e+00
7.037761633178425882e+02 1.184013136673650601e+00 1.174265951091983284e+00
7.037762590592641345e+02 1.173368639093568033e+00 1.173038113284516903e+00
7.037763548006856809e+02 1.188912025577222309e+00 1.171799421988234613e+00
7.037764505421072272e+02 1.185000231544776961e+00 1.170549835304090180e+00
7.037765462835287735e+02 1.161172153726019785e+00 1.169289313633754546e+00
7.037766420249504336e+02 1.188275770668746123e+00 1.168017819792076750e+00
7.037767377663719799e+02 1.171760854715416134e+00 1.166735319130548953e+00
7.037768335077935262e+02 1.182803069246312511e+00 1.165441779649144083e+00
7.037769292492150726e+02 1.154791199627031029e+00 1.164137172126791464e+00
7.037770249906366189e+02 1.144753016775381660e+00 1.162821470247899169e+00
7.037771207320582789e+02 1.164055313248407497e+00 1.161494650732445733e+00
7.037772164734798253e+02 1.141382562181437299e+00 1.160156693477639500e+00
7.037773122149013716e+02 1.171624302659609151e+00 1.158807581687534283e+00
7.037774079563229179e+02 1.166229405886947346e+00 1.157447302022137192e+00
7.037775036977444643e+02 1.165187705145547925e+00 1.156075844742450842e+00
7.037775994391661243e+02 1.155979728116054872e+00 1.154693203859248340e+00
7.037776951805876706e+02 1.145385154318590670e+00 1.153299377293915295e+00
7.037777909220092170e+02 1.171164957397218931e+00 1.151894367026719879e+00
7.037778866634307633e+02 1.164782742700131157e+00 1.150478179265353784e+00
7.037779824048523096e+02 1.147426757697602051e+00 1.149050824609159083e+00
7.037780781462738560e+02 1.169083735277874014e+00 1.147612318218871330e+00
7.037781738876955160e+02 1.147909881839268786e+00 1.146162679988497413e+00
7.037782696291170623e+02 1.147984335249639276e+00 1.144701934729678960e+00
7.037783653705386087e+02 1.131722567858847617e+00 1.143230112342659588e+00
7.037784611119601550e+02 1.143701720360247753e+00 1.141747248008259996e+00
7.037785568533817013e+02 1.144653312398805189e+00 1.140253382375021607e+00
7.037786525948033614e+02 1.140431465278166190e+00 1.138748561749995281e+00
7.037787483362249077e+02 1.134481784322736608e+00 1.137232838302131954e+00
7.037788440776464540e+02 1.144954428495326804e+00 1.135706270251381600e+00
7.037789398190680004e+02 1.145319598371179692e+00 1.134168922079153763e+00
7.037790355604895467e+02 1.144640049674532145e+00 1.132620864733272503e+00
7.037791313019112067e+02 1.115725845189839971e+00 1.131062175836162975e+00
7.037792270433327531e+02 1.146262245474480190e+00 1.129492939905500037e+00
7.037793227847542994e+02 1.107347894335349192e+00 1.127913248559391013e+00
7.037794185261758457e+02 1.130457210873933471e+00 1.126323200742959996e+00
7.037795142675973921e+02 1.113082882564798926e+00 1.124722902948446901e+00
7.037796100090190521e+02 1.096351270631402475e+00 1.123112469437797412e+00
7.037797057504405984e+02 1.119177258215613646e+00 1.121492022477203809e+00
7.037798014918621448e+02 1.111607044706571124e+00 1.119861692554672938e+00
7.037798972332836911e+02 1.117101336660130562e+00 1.118221618618632229e+00
7.037799929747052374e+02 1.110749587508435665e+00 1.116571948308669571e+00
7.037800887161268975e+02 1.108232219374742256e+00 1.114912838187621213e+00
7.037801844575484438e+02 1.114685184102201188e+00 1.113244453984637783e+00
7.037802801989699901e+02 1.108945407954062601e+00 1.111566970819358069e+00
7.037803759403915365e+02 1.108910485124579237e+00 1.109880573446247576e+00
7.037804716818130828e+02 1.105613020153621617e+00 1.108185456489231058e+00
7.037805674232347428e+02 1.094750947231865945e+00 1.106481824676008419e+00
7.037806631646562892e+02 1.104028190030517775e+00 1.104769893081853915e+00
7.037807589060778355e+02 1.093141987051953423e+00 1.103049887352097302e+00
7.037808546474993818e+02 1.112060108210213727e+00 1.101322043943305573e+00
7.037809503889209282e+02 1.092655594489067239e+00 1.099586610352366600e+00
7.037810461303425882e+02 1.103850829561479507e+00 1.097843845343026370e+00
7.037811418717641345e+02 1.113528307368630621e+00 1.096094019179767676e+00
7.037812376131856809e+02 1.107953396224049536e+00 1.094337413837418005e+00
7.037813333546072272e+02 1.082871141180256958e+00 1.092574323227301525e+00
7.037814290960287735e+02 1.097874691286700344e+00 1.090805053408313574e+00
7.037815248374504336e+02 1.100438092002547164e+00 1.089029922792573934e+00
7.037816205788719799e+02 1.083027094594568585e+00 1.087249262355603374e+00
7.037817163202935262e+02 1.081975699751186903e+00 1.085463415818709532e+00
7.037818120617150726e+02 1.057539037051947073e+00 1.083672739845030319e+00
7.037819078031366189e+02 1.093604307548844412e+00 1.081877604216903377e+00
7.037820035445582789e+02 1.081341463145391257e+00 1.080078392004302890e+00
7.037820992859798253e+02 1.073840370715252623e+00 1.078275499734284937e+00
7.037821950274013716e+02 1.084299320065017058e+00 1.076469337528580539e+00
7.037822907688229179e+02 1.065775735008701375e+00 1.074660329251238888e+00
7.037823865102444643e+02 1.076525383220745091e+00 1.072848912633442175e+00
7.037824822516661243e+02 1.064322688411390549e+00 1.071035539385274626e+00
7.037825779930876706e+02 1.066991472549642106e+00 1.069220675304359824e+00
7.037826737345092170e+02 1.063932385925111967e+00 1.067404800348148886e+00
7.037827694759307633e+02 1.068148690947557489e+00 1.065588408712016655e+00
7.037828652173523096e+02 1.060332930882248004e+00 1.063772008879942499e+00
7.037829609587738560e+02 1.051613500709305260e+00 1.061956123659747231e+00
7.037830567001955160e+02 1.066259481816127064e+00 1.060141290197635033e+00
7.037831524416170623e+02 1.052227266531534866e+00 1.058328059984014580e+00
7.037832481830386087e+02 1.049350021718429726e+00 1.056516998817318864e+00
7.037833439244601550e+02 1.046236917193426263e+00 1.054708686767973802e+00
7.037834396658817013e+02 1.037558934726891868e+00 1.052903718109232889e+00
7.037835354073033614e+02 1.045122666516180132e+00 1.051102701224733149e+00
7.037836311487249077e+02 1.048137655908875310e+00 1.049306258502502143e+00
7.037837268901464540e+02 1.035014854783135929e+00 1.047515026182439302e+00
7.037838226315680004e+02 1.047203250056397694e+00 1.045729654199141434e+00
7.037839183729895467e+02 1.026370464271727734e+00 1.043950805987107877e+00
7.037840141144112067e+02 1.028647306807080053e+00 1.042179158258224936e+00
7.037841098558327531e+02 1.046787528185286975e+00 1.040415400761181441e+00
7.037842055972542994e+02 1.014489955038186730e+00 1.038660235990502612e+00
7.037843013386758457e+02 1.007725571677245080e+00 1.036914378886554688e+00
7.037843970800973921e+02 1.015329707069111631e+00 1.035178556494252833e+00
7.037844928215190521e+02 1.015131049906913718e+00 1.033453507590446963e+00
7.037845885629405984e+02 1.015727108508044596e+00 1.031739982289571866e+00
7.037846843043621448e+02 1.027904832521833844e+00 1.030038741596357443e+00
7.037847800457836911e+02 1.008713582636048489e+00 1.028350556946141525e+00
7.037848757872052374e+02 1.014461308931775996e+00 1.026676209701664622e+00
7.037849715286268975e+02 1.017328031109970610e+00 1.025016490616417864e+00
7.037850672700484438e+02 1.016997151465532934e+00 1.023372199274096284e+00
7.037851630114699901e+02 1.022657709039263896e+00 1.021744143474531352e+00
7.037852587528915365e+02 1.026945278670693851e+00 1.020133138605525458e+00
7.037853544943130828e+02 1.006523464748294794e+00 1.018540006971074163e+00
7.037854502357347428e+02 1.011478899033900758e+00 1.016965577086191397e+00
7.037855459771562892e+02 1.013634012052045730e+00 1.015410682947845977e+00
7.037856417185778355e+02 9.894097537029251654e-01 1.013876163254456175e+00
7.037857374599993818e+02 1.000248785976258326e+00 1.012362860611890847e+00
7.037858332014209282e+02 1.003202309023131233e+00 1.010871620698553741e+00
7.037859289428425882e+02 9.975904257948758902e-01 1.009403291399892266e+00
7.037860246842641345e+02 9.886350001178223490e-01 1.007958721921784262e+00
7.037861204256856809e+02 9.911067166585305621e-01 1.006538761857787234e+00
7.037862161671072272e+02 9.919077195412745462e-01 1.005144260246323862e+00
7.037863119085287735e+02 9.952268929038032841e-01 1.003776064592910133e+00
7.037864076499504336e+02 1.009076111742504667e+00 1.002435019867834898e+00
7.037865033913719799e+02 9.706139505423535541e-01 1.001121967488628473e+00
7.037865991327935262e+02 9.777748029824969711e-01 9.998377442652437441e-01
7.037866948742150726e+02 9.858247689755482712e-01 9.985831813416764513e-01
7.037867906156366189e+02 9.527103309450215551e-01 9.973591031120402350e-01
7.037868863570582789e+02 9.645542763898452554e-01 9.961663261214512843e-01
7.037869820984798253e+02 9.899657373823355089e-01 9.950056579607728935e-01
7.037870778399013716e+02 9.768291074816876085e-01 9.938778961364311826e-01
7.037871735813229179e+02 9.754267399061166133e-01 9.927838269461013443e-01
7.037872693227444643e+02 9.905609845182465900e-01 9.917242243415005376e-01
7.037873650641661243e+02 9.702904813730823808e-01 9.906998487883357241e-01
7.037874608055876706e+02 9.850145068762344858e-01 9.897114461319519441e-01
7.037875565470092170e+02 9.853421065489851305e-01 9.887597464533749436e-01
7.037876522884307633e+02 9.733094563224115037e-01 9.878454629429955780e-01
7.037877480298523096e+02 9.788552559736215519e-01 9.869692907765128531e-01
7.037878437712738560e+02 9.833919046847763301e-01 9.861319060035400597e-01
7.037879395126955160e+02 9.744428929057014077e-01 9.853339644497693950e-01
7.037880352541170623e+02 9.808659753469441966e-01 9.845761006413719096e-01
7.037881309955386087e+02 9.823092104990345241e-01 9.838589267406274708e-01
7.037882267369601550e+02 9.749163192623391261e-01 9.831830315148352151e-01
7.037883224783817013e+02 9.666598554612981786e-01 9.825489793272500494e-01
7.037884182198033614e+02 9.989484690849975701e-01 9.819573091581966784e-01
7.037885139612249077e+02 9.880262751231118079e-01 9.814085336625163469e-01
7.037886097026464540e+02 9.749089627791038826e-01 9.809031382558804912e-01
7.037887054440680004e+02 9.691139136868899273e-01 9.804415802469073071e-01
7.037888011854895467e+02 9.749482092149842627e-01 9.800242880072106422e-01
7.037888969269112067e+02 9.719561490069527077e-01 9.796516601859759366e-01
7.037889926683327531e+02 9.677072375936565107e-01 9.793240649734704650e-01
7.037890884097542994e+02 9.847227222267413982e-01 9.790418394094378973e-01
7.037891841511758457e+02 9.972584309024519200e-01 9.788052887475502395e-01
7.037892798925973921e+02 9.908969495227437640e-01 9.786146858713101748e-01
7.037893756340190521e+02 9.771138147476480240e-01 9.784702707660293264e-01
7.037894713754405984e+02 9.877441548600690568e-01 9.783722500491642826e-01
7.037895671168621448e+02 9.847110465874309160e-01 9.783207965582194632e-01
7.037896628582836911e+02 9.797189736615307121e-01 9.783160490011102439e-01
7.037897585997052374e+02 9.634709641486901566e-01 9.783581116675231781e-01
7.037898543411268975e+02 9.767280110348847133e-01 9.784470542036002305e-01
7.037899500825484438e+02 9.704472852518494230e-01 9.785829114498317827e-01
7.037900458239699901e+02 9.843323348570971465e-01 9.787656833444986493e-01
7.037901415653915365e+02 9.999427650815961854e-01 9.789953348909457009e-01
7.037902373068130828e+02 9.904592666824447722e-01 9.792717961902972501e-01
7.037903330482347428e+02 9.831027532784542000e-01 9.795949625394491100e-01
7.037904287896562892e+02 9.787360433295891893e-01 9.799646945917203089e-01
7.037905245310778355e+02 9.837374654118455908e-01 9.803808185855475976e-01
7.037906202724993818e+02 9.830229967506475264e-01 9.808431266328260234e-01
7.037907160139209282e+02 9.988366888231983154e-01 9.813513770715648343e-01
7.037908117553425882e+02 9.945763909942824110e-01 9.819052948801911818e-01
7.037909074967641345e+02 9.895087219483452712e-01 9.825045721484455541e-01
7.037910032381856809e+02 1.016442559964020109e+00 9.831488686133008637e-01
7.037910989796072272e+02 9.892718902817110305e-01 9.838378122449971119e-01
7.037911947210287735e+02 9.990622265767601373e-01 9.845709998909907279e-01
7.037912904624504336e+02 1.008125680617719011e+00 9.853479979728200222e-01
7.037913862038719799e+02 9.947657493098552850e-01 9.861683432286092454e-01
7.037914819452935262e+02 9.970668618792134508e-01 9.870315435127738901e-01
7.037915776867150726e+02 9.897495418958652813e-01 9.879370786319158215e-01
7.037916734281366189e+02 9.950528445531063859e-01 9.888844012279506268e-01
7.037917691695582789e+02 9.847524791443205139e-01 9.898729377014503505e-01
7.037918649109798253e+02 9.992873257174773594e-01 9.909020891660826891e-01
7.037919606524013716e+02 9.840942962310001985e-01 9.919712324489159405e-01
7.037920563938229179e+02 1.011730296410741747e+00 9.930797211100909072e-01
7.037921521352444643e+02 9.970603999203631052e-01 9.942268864962684471e-01
7.037922478766661243e+02 9.907300031158030595e-01 9.954120388192191360e-01
7.037923436180876706e+02 1.024857795343340428e+00 9.966344682490378970e-01
7.037924393595092170e+02 1.002941053785230130e+00 9.978934460400554762e-01
7.037925351009307633e+02 1.008738207310742929e+00 9.991882256581545718e-01
7.037926308423523096e+02 1.025450493793040874e+00 1.000518043927362211e+00
7.037927265837738560e+02 9.970489745695568784e-01 1.001882122184273083e+00
7.037928223251955160e+02 1.010250206354733837e+00 1.003279667440304390e+00
7.037929180666170623e+02 1.038862463668554392e+00 1.004709873538757181e+00
7.037930138080386087e+02 1.036689780809908257e+00 1.006171922328737978e+00
7.037931095494601550e+02 1.028834120024442855e+00 1.007664984819887977e+00
7.037932052908817013e+02 1.016192630103244232e+00 1.009188222339949537e+00
7.037933010323033614e+02 9.968366234536217840e-01 1.010740787684471842e+00
7.037933967737249077e+02 1.027492192452094111e+00 1.012321826246585621e+00
7.037934925151464540e+02 1.031353989576496266e+00 1.013930477152132026e+00
7.037935882565680004e+02 1.042926510687361752e+00 1.015565874360918164e+00
7.037936839979895467e+02 1.020958587166655329e+00 1.017227147759440786e+00
7.037937797394112067e+02 1.016168833354604617e+00 1.018913424234005660e+00
7.037938754808327531e+02 1.034090806353661129e+00 1.020623828712028613e+00
7.037939712222542994e+02 1.023121580114675577e+00 1.022357485199791416e+00
7.037940669636758457e+02 1.036657944008806620e+00 1.024113517774903670e+00
7.037941627050973921e+02 1.025773947996921898e+00 1.025891051561877543e+00
7.037942584465190521e+02 1.061896916033882254e+00 1.027689213679582991e+00
7.037943541879405984e+02 1.049584028713490991e+00 1.029507134148427205e+00
7.037944499293621448e+02 1.047847392843356706e+00 1.031343946788208177e+00
7.037945456707836911e+02 1.044045338478717388e+00 1.033198790062920702e+00
7.037946414122052374e+02 1.032323571832857834e+00 1.035070807903615497e+00
7.037947371536268975e+02 1.048187046793719324e+00 1.036959150498064197e+00
7.037948328950484438e+02 1.052592428534053104e+00 1.038862975035233172e+00
7.037949286364699901e+02 1.048277487247704753e+00 1.040781446437789581e+00
7.037950243778915365e+02 1.068840789741560382e+00 1.042713738037406745e+00
7.037951201193130828e+02 1.052040049397075849e+00 1.044659032226223250e+00
7.037952158607347428e+02 1.062117675991516519e+00 1.046616521073239436e+00
7.037953116021562892e+02 1.054229871589007717e+00 1.048585406893883354e+00
7.037954073435778355e+02 1.065066037638724872e+00 1.050564902807730849e+00
7.037955030849993818e+02 1.080484948900523268e+00 1.052554233238067738e+00
7.037955988264209282e+02 1.065091908384514952e+00 1.054552634388399524e+00
7.037956945678425882e+02 1.082814365374531906e+00 1.056559354684730501e+00
7.037957903092641345e+02 1.077740390500456558e+00 1.058573655172055261e+00
7.037958860506856809e+02 1.080042189424534893e+00 1.060594809901350244e+00
7.037959817921072272e+02 1.096161149729208306e+00 1.062622106259978327e+00
7.037960775335287735e+02 1.086986330056251893e+00 1.064654845281882922e+00
7.037961732749504336e+02 1.092947146632001099e+00 1.066692341926425591e+00
7.037962690163719799e+02 1.073527416939508150e+00 1.068733925314460986e+00
7.037963647577935262e+02 1.086211772300541778e+00 1.070778938958779181e+00
7.037964604992150726e+02 1.078472011789489038e+00 1.072826740941362322e+00
7.037965562406366189e+02 1.093995103032930905e+00 1.074876704074615663e+00
7.037966519820582789e+02 1.079750222991640030e+00 1.076928216035429875e+00
7.037967477234798253e+02 1.107668939219850213e+00 1.078980679460804781e+00
7.037968434649013716e+02 1.107780403110871781e+00 1.081033512042546718e+00
7.037969392063229179e+02 1.097992070059294667e+00 1.083086146573297048e+00
7.037970349477444643e+02 1.108996404931991364e+00 1.085138030981426471e+00
7.037971306891661243e+02 1.101028618431364459e+00 1.087188628343610963e+00
7.037972264305876706e+02 1.102173697594474699e+00 1.089237416863937158e+00
7.037973221720092170e+02 1.099804998646114251e+00 1.091283889857056932e+00
7.037974179134307633e+02 1.088052203258872419e+00 1.093327555687704677e+00
7.037975136548523096e+02 1.118231541679150620e+00 1.095367937704104788e+00
7.037976093962738560e+02 1.092095264876689287e+00 1.097404574151653600e+00
7.037977051376955160e+02 1.114762843543208870e+00 1.099437018072704442e+00
7.037978008791170623e+02 1.114359369210949691e+00 1.101464837178955936e+00
7.037978966205386087e+02 1.114485964389077433e+00 1.103487613733587169e+00
7.037979923619601550e+02 1.118021726459465626e+00 1.105504944395808931e+00
7.037980881033817013e+02 1.100812328161303588e+00 1.107516440064963748e+00
7.037981838448033614e+02 1.107219943074067015e+00 1.109521725712958595e+00
7.037982795862249077e+02 1.136260341819592901e+00 1.111520440194045722e+00
7.037983753276464540e+02 1.115991160011417627e+00 1.113512236068509687e+00
7.037984710690680004e+02 1.115516344978004337e+00 1.115496779393457150e+00
7.037985668104895467e+02 1.125752852987867314e+00 1.117473749517244652e+00
7.037986625519112067e+02 1.112028483096678233e+00 1.119442838866358203e+00
7.037987582933327531e+02 1.104178832305876545e+00 1.121403752713864055e+00
7.037988540347542994e+02 1.107285912273728190e+00 1.123356208965193836e+00
7.037989497761758457e+02 1.117712569132742972e+00 1.125299937915202664e+00
7.037990455175973921e+02 1.117909104829192257e+00 1.127234682012251854e+00
7.037991412590190521e+02 1.125049964195126151e+00 1.129160195618194029e+00
7.037992370004405984e+02 1.122092596127667541e+00 1.131076244753506543e+00
7.037993327418621448e+02 1.131068683249156548e+00 1.132982606862430686e+00
7.037994284832836911e+02 1.095710590570063703e+00 1.134879070552935465e+00
7.037995242247052374e+02 1.124279705308995903e+00 1.136765435346354547e+00
7.037996199661268975e+02 1.131340794471276112e+00 1.138641511425681374e+00
7.037997157075484438e+02 1.123092371695364466e+00 1.140507119371937605e+00
7.037998114489699901e+02 1.138407769075161280e+00 1.142362089922447810e+00
7.037999071903915365e+02 1.124314313934808629e+00 1.144206263706887050e+00
7.038000029318130828e+02 1.140529609103650976e+00 1.146039490994938959e+00
7.038000986732347428e+02 1.135809240010737131e+00 1.147861631444704988e+00
7.038001944146562892e+02 1.131008454367497418e+00 1.149672553841484035e+00
7.038002901560778355e+02 1.125562898334351081e+00 1.151472135859674895e+00
7.038003858974993818e+02 1.145696967682328538e+00 1.153260263804820385e+00
7.038004816389209282e+02 1.146696072078254192e+00 1.155036832368567135e+00
7.038005773803425882e+02 1.133860027326740960e+00 1.156801744385879349e+00
7.038006731217641345e+02 1.134281213184878512e+00 1.158554910584362885e+00
7.038007688631856809e+02 1.142017113314511834e+00 1.160296249357324561e+00
7.038008646046072272e+02 1.131119170767636017e+00 1.162025686518854073e+00
7.038009603460287735e+02 1.144899076373752767e+00 1.163743155072572977e+00
7.038010560874504336e+02 1.152891877791545561e+00 1.165448594983641950e+00
7.038011518288719799e+02 1.150306323189684843e+00 1.167141952944149130e+00
7.038012475702935262e+02 1.149563397615318783e+00 1.168823182162355589e+00
7.038013433117150726e+02 1.172748500157014595e+00 1.170492242135414473e+00
7.038014390531366189e+02 1.163868136964734568e+00 1.172149098436081838e+00
7.038015347945582789e+02 1.168484767300536520e+00 1.173793722503272630e+00
7.038016305359798253e+02 1.151640900417209901e+00 1.175426091426887254e+00
7.038017262774013716e+02 1.186305739413883842e+00 1.177046187756234819e+00
7.038018220188229179e+02 1.162323239073579373e+00 1.178653999293039378e+00
7.038019177602444643e+02 1.162640446635596181e+00 1.180249518898415673e+00
7.038020135016661243e+02 1.167610700680887792e+00 1.181832744303969118e+00
7.038021092430876706e+02 1.160449070765282142e+00 1.183403677917751473e+00
7.038022049845092170e+02 1.174342132395303162e+00 1.184962326653254960e+00
7.038023007259307633e+02 1.169977760810665846e+00 1.186508701743854033e+00
7.038023964673523096e+02 1.183274071823259277e+00 1.188042818570926196e+00
7.038024922087738560e+02 1.173621099501896081e+00 1.189564696494337825e+00
7.038025879501955160e+02 1.192643666943363323e+00 1.191074358688955392e+00
7.038026836916170623e+02 1.184398334704356737e+00 1.192571831976429353e+00
7.038027794330386087e+02 1.180662165146758591e+00 1.194057146679086134e+00
7.038028751744601550e+02 1.200917780204190377e+00 1.195530336460035592e+00
7.038029709158817013e+02 1.157392823872466225e+00 1.196991438176388867e+00
7.038030666573033614e+02 1.182685026553747631e+00 1.198440491736471714e+00
7.038031623987249077e+02 1.202047868477470471e+00 1.199877539952498129e+00
7.038032581401464540e+02 1.193376038770755265e+00 1.201302628414420592e+00
7.038033538815680004e+02 1.181564350652131612e+00 1.202715805350502487e+00
7.038034496229895467e+02 1.164118000234867889e+00 1.204117121500395182e+00
7.038035453644112067e+02 1.195328318088804354e+00 1.205506629991957013e+00
7.038036411058327531e+02 1.177270435606469823e+00 1.206884386213608940e+00
7.038037368472542994e+02 1.184238410227459903e+00 1.208250447706882058e+00
7.038038325886758457e+02 1.207536750810961124e+00 1.209604874046084078e+00
7.038039283300973921e+02 1.204063342336118003e+00 1.210947726729818985e+00
7.038040240715190521e+02 1.185148801173515842e+00 1.212279069075925975e+00
7.038041198129405984e+02 1.201382213859124803e+00 1.213598966111974375e+00
7.038042155543621448e+02 1.185755759826571110e+00 1.214907484484925249e+00
7.038043112957836911e+02 1.201047575733508843e+00 1.216204692358269668e+00
7.038044070372052374e+02 1.191467130929500851e+00 1.217490659320321633e+00
7.038045027786268975e+02 1.173245869488668047e+00 1.218765456295590521e+00
7.038045985200484438e+02 1.198523463219404395e+00 1.220029155451694658e+00
7.038046942614699901e+02 1.222487308227952152e+00 1.221281830124412160e+00
7.038047900028915365e+02 1.202683932493858077e+00 1.222523554730531092e+00
7.038048857443130828e+02 1.223614275013831465e+00 1.223754404691163256e+00
7.038049814857347428e+02 1.191446719168205881e+00 1.224974456357782682e+00
7.038050772271562892e+02 1.228727136551617027e+00 1.226183786933777053e+00
7.038051729685778355e+02 1.231695439296301320e+00 1.227382474413138080e+00
7.038052687099993818e+02 1.226449503336841662e+00 1.228570597507243845e+00
7.038053644514209282e+02 1.233005711609232558e+00 1.229748235581439531e+00
7.038054601928425882e+02 1.226893991190898037e+00 1.230915468593993811e+00
7.038055559342641345e+02 1.216165326005462788e+00 1.232072377030541510e+00
7.038056516756856809e+02 1.210518644154733092e+00 1.233219041854699549e+00
7.038057474171072272e+02 1.221771165180634666e+00 1.234355544447072406e+00
7.038058431585287735e+02 1.233981415181975461e+00 1.235481966553400479e+00
7.038059388999504336e+02 1.228681056121947668e+00 1.236598390234773248e+00
7.038060346413719799e+02 1.206473860874874626e+00 1.237704897813302729e+00
7.038061303827935262e+02 1.238157081821649852e+00 1.238801571833050730e+00
7.038062261242150726e+02 1.246512543065631640e+00 1.239888495009638714e+00
7.038063218656366189e+02 1.228049575048004494e+00 1.240965750188397942e+00
7.038064176070582789e+02 1.228162191977577811e+00 1.242033420304278213e+00
7.038065133484798253e+02 1.224708673820395166e+00 1.243091588337216891e+00
7.038066090899013716e+02 1.235902069465216524e+00 1.244140337281895103e+00
7.038067048313229179e+02 1.223183298558989884e+00 1.245179750106467864e+00
7.038068005727444643e+02 1.231561611738293927e+00 1.246209909719269593e+00
7.038068963141661243e+02 1.219162940464226130e+00 1.247230898937013777e+00
7.038069920555876706e+02 1.257045060050087315e+00 1.248242800448455814e+00
7.038070877970092170e+02 1.252675317179108960e+00 1.249245696791631888e+00
7.038071835384307633e+02 1.221354478355162865e+00 1.250239670320380858e+00
7.038072792798523096e+02 1.238234639411818661e+00 1.251224803178302647e+00
7.038073750212738560e+02 1.226785685741952125e+00 1.252201177272826316e+00
7.038074707626955160e+02 1.257965438376774880e+00 1.253168874251692211e+00
7.038075665041170623e+02 1.249475076501249671e+00 1.254127975474939927e+00
7.038076622455386087e+02 1.252397748126046650e+00 1.255078561999561471e+00
7.038077579869601550e+02 1.258054258779387702e+00 1.256020714553805595e+00
7.038078537283817013e+02 1.246641108510147200e+00 1.256954513518344196e+00
7.038079494698033614e+02 1.247461681505359188e+00 1.257880038908453235e+00
7.038080452112249077e+02 1.263276481099765647e+00 1.258797370351737888e+00
7.038081409526464540e+02 1.255812602310691251e+00 1.259706587077832562e+00
7.038082366940680004e+02 1.259861881635484959e+00 1.260607767898058729e+00
7.038083324354895467e+02 1.255581933829658325e+00 1.261500991191511156e+00
7.038084281769112067e+02 1.254213209978587651e+00 1.262386334891977713e+00
7.038085239183327531e+02 1.246867776646222836e+00 1.263263876470468672e+00
7.038086196597542994e+02 1.267801721516889746e+00 1.264133692929074515e+00
7.038087154011758457e+02 1.255108619021205740e+00 1.264995860785090409e+00
7.038088111425973921e+02 1.284680986735973418e+00 1.265850456061173634e+00
7.038089068840190521e+02 1.281827066188439002e+00 1.266697554276180915e+00
7.038090026254405984e+02 1.262259787973742053e+00 1.267537230431688533e+00
7.038090983668621448e+02 1.282943270856968798e+00 1.268369559009242975e+00
7.038091941082836911e+02 1.294743635312335384e+00 1.269194613958192663e+00
7.038092898497052374e+02 1.291032690534793081e+00 1.270012468689184049e+00
7.038093855911268975e+02 1.272992561099314690e+00 1.270823196068209038e+00
7.038094813325484438e+02 1.275484669499937773e+00 1.271626868406423139e+00
7.038095770739699901e+02 1.271665424863817728e+00 1.272423557460135246e+00
7.038096728153915365e+02 1.271950963551093716e+00 1.273213334421691156e+00
7.038097685568130828e+02 1.285489549347141214e+00 1.273996269915690149e+00
7.038098642982347428e+02 1.293944407523419438e+00 1.274772433995637444e+00
7.038099600396562892e+02 1.272574815957219663e+00 1.275541896136468845e+00
7.038100557810778355e+02 1.278978925450312554e+00 1.276304725236727000e+00
7.038101515224993818e+02 1.303467427355106567e+00 1.277060989611939812e+00
7.038102472639209282e+02 1.288721047491311111e+00 1.277810756993030594e+00
7.038103430053425882e+02 1.271359456381080388e+00 1.278554094525069962e+00
7.038104387467641345e+02 1.295325245113009061e+00 1.279291068761998273e+00
7.038105344881856809e+02 1.289361628891713796e+00 1.280021745670525624e+00
7.038106302296072272e+02 1.292964374101342573e+00 1.280746190625539294e+00
7.038107259710287735e+02 1.300847928145171251e+00 1.281464468410258295e+00
7.038108217124504336e+02 1.279743633007844217e+00 1.282176643216656586e+00
7.038109174538719799e+02 1.306948835899884864e+00 1.282882778641964761e+00
7.038110131952935262e+02 1.267289848011612374e+00 1.283582937693900972e+00
7.038111089367150726e+02 1.284314161726170411e+00 1.284277182787709970e+00
7.038112046781366189e+02 1.283418630870204469e+00 1.284965575747697430e+00
7.038113004195582789e+02 1.286822410253162463e+00 1.285648177808960790e+00
7.038113961609798253e+02 1.284333029043507324e+00 1.286325049615315796e+00
7.038114919024013716e+02 1.306109259104802689e+00 1.286996251225537513e+00
7.038115876438229179e+02 1.283902406039058475e+00 1.287661842111699873e+00
7.038116833852444643e+02 1.289671868929455290e+00 1.288321881161775595e+00
7.038117791266661243e+02 1.297646674902391384e+00 1.288976426682385101e+00
7.038118748680876706e+02 1.313306116832178683e+00 1.289625536397846384e+00
7.038119706095092170e+02 1.304353118284064195e+00 1.290269267457159863e+00
7.038120663509307633e+02 1.295178969608283825e+00 1.290907676433373341e+00
7.038121620923523096e+02 1.283524258391341322e+00 1.291540819326994827e+00
7.038122578337738560e+02 1.306797518333663755e+00 1.292168751568764096e+00
7.038123535751955160e+02 1.311738939326011710e+00 1.292791528023299996e+00
7.038124493166170623e+02 1.268532993275885756e+00 1.293409202989179274e+00
7.038125450580386087e+02 1.322635371860840126e+00 1.294021830206527168e+00
7.038126407994601550e+02 1.309553520385540626e+00 1.294629462857319613e+00
7.038127365408817013e+02 1.293375573524063293e+00 1.295232153569491063e+00
7.038128322823033614e+02 1.295302474450231944e+00 1.295829954421108710e+00
7.038129280237249077e+02 1.312001570085413515e+00 1.296422916941099457e+00
7.038130237651464540e+02 1.320655955465398490e+00 1.297011092117148712e+00
7.038131195065680004e+02 1.320584716926843427e+00 1.297594530396579904e+00
7.038132152479895467e+02 1.304952686336913414e+00 1.298173281690864433e+00
7.038133109894112067e+02 1.323397815563825519e+00 1.298747395380164482e+00
7.038134067308327531e+02 1.318919066788727390e+00 1.299316920314538271e+00
7.038135024722542994e+02 1.347380806947802379e+00 1.299881904822021816e+00
7.038135982136758457e+02 1.301159168313176684e+00 1.300442396709931447e+00
7.038136939550973921e+02 1.320738355947726372e+00 1.300998443269638427e+00
7.038137896965190521e+02 1.304233367582634084e+00 1.301550091281356458e+00
7.038138854379405984e+02 1.319241606409953249e+00 1.302097387015699770e+00
7.038139811793621448e+02 1.312986405730486972e+00 1.302640376241821274e+00
7.038140769207836911e+02 1.306636594908580751e+00 1.303179104229032381e+00
7.038141726622052374e+02 1.333241420789750498e+00 1.303713615751731947e+00
7.038142684036268975e+02 1.315838050869330367e+00 1.304243955094328111e+00
7.038143641450484438e+02 1.314047713401415685e+00 1.304770166053046632e+00
7.038144598864699901e+02 1.330647609246954355e+00 1.305292291944043281e+00
