7.037680917614700320e+02 1.249848798693571350e+00 1.272679199378494719e+00
7.037681875028915783e+02 1.260224406367581595e+00 1.272330019453562722e+00
7.037682832443131247e+02 1.257519914241244985e+00 1.271976736453916512e+00
7.037683789857347847e+02 1.239791124443394787e+00 1.271619307067825222e+00
7.037684747271563310e+02 1.275363541247899635e+00 1.271257687505380263e+00
7.037685704685778774e+02 1.237673259532482195e+00 1.270891833491688772e+00
7.037686662099994237e+02 1.262166035200249947e+00 1.270521700264323650e+00
7.037687619514209700e+02 1.284455658316892679e+00 1.270147242568687496e+00
7.037688576928426301e+02 1.266740231869205591e+00 1.269768414653370314e+00
7.037689534342641764e+02 1.290188435341707907e+00 1.269385170267795404e+00
7.037690491756857227e+02 1.262886044904479421e+00 1.268997462655398145e+00
7.037691449171072691e+02 1.280892870206995049e+00 1.268605244551336497e+00
7.037692406585288154e+02 1.246992652658487133e+00 1.268208468178000148e+00
7.037693363999504754e+02 1.256719512650058768e+00 1.267807085240537646e+00
7.037694321413720218e+02 1.271845647694801906e+00 1.267401046924824248e+00
7.037695278827935681e+02 1.270904322510739481e+00 1.266990303890715097e+00
7.037696236242151144e+02 1.266231133805307163e+00 1.266574806270118980e+00
7.037697193656366608e+02 1.266108991335441747e+00 1.266154503662764608e+00
7.037698151070583208e+02 1.249848619790205673e+00 1.265729345132001749e+00
7.037699108484798671e+02 1.255235305453443972e+00 1.265299279203214722e+00
7.037700065899014135e+02 1.283770092673392815e+00 1.264864253857262089e+00
7.037701023313229598e+02 1.251697944871042134e+00 1.264424216529046907e+00
7.037701980727445061e+02 1.241228551110564959e+00 1.263979114103668033e+00
7.037702938141661662e+02 1.260817726975330677e+00 1.263528892912634483e+00
7.037703895555877125e+02 1.260763744384200802e+00 1.263073498732871780e+00
7.037704852970092588e+02 1.265920823938081918e+00 1.262612876780487614e+00
7.037705810384308052e+02 1.250556906671897561e+00 1.262146971710003562e+00
7.037706767798523515e+02 1.251867956391143233e+00 1.261675727611050624e+00
7.037707725212738978e+02 1.259623339423170618e+00 1.261199088005731328e+00
7.037708682626955579e+02 1.252454069499551181e+00 1.260716995845557298e+00
7.037709640041171042e+02 1.266459291914608487e+00 1.260229393511408835e+00
7.037710597455386505e+02 1.262498552036711574e+00 1.259736222807927852e+00
7.037711554869601969e+02 1.274755096300445922e+00 1.259237424963803198e+00
7.037712512283817432e+02 1.257859234017536743e+00 1.258732940629382568e+00
7.037713469698034032e+02 1.259396230699295405e+00 1.258222709874437628e+00
7.037714427112249496e+02 1.274326308929893292e+00 1.257706672189173425e+00
7.037715384526464959e+02 1.259610126484977055e+00 1.257184766479381821e+00
7.037716341940680422e+02 1.266130343301197225e+00 1.256656931067873462e+00
7.037717299354895886e+02 1.274985867863491107e+00 1.256123103693128851e+00
7.037718256769112486e+02 1.229157424377296470e+00 1.255583221508148828e+00
7.037719214183327949e+02 1.231303559266484493e+00 1.255037221082789145e+00
7.037720171597543413e+02 1.240601975808350410e+00 1.254485038399947294e+00
7.037721129011758876e+02 1.259144879988644661e+00 1.253926608858440872e+00
7.037722086425974339e+02 1.249971592200584070e+00 1.253361867272990704e+00
7.037723043840190940e+02 1.243743918750099153e+00 1.252790747874479083e+00
7.037724001254406403e+02 1.280190312938518593e+00 1.252213184313937466e+00
7.037724958668621866e+02 1.240563680766673116e+00 1.251629109660093109e+00
7.037725916082837330e+02 1.247929821455646238e+00 1.251038456404050647e+00
7.037726873497052793e+02 1.263933150208577771e+00 1.250441156460975423e+00
7.037727830911269393e+02 1.265171320551629730e+00 1.249837141172126076e+00
7.037728788325484857e+02 1.252119130986065976e+00 1.249226341310896382e+00
7.037729745739700320e+02 1.265423308301845795e+00 1.248608687082116475e+00
7.037730703153915783e+02 1.231767317107507864e+00 1.247984108128963321e+00
7.037731660568131247e+02 1.254992821123209090e+00 1.247352533536774777e+00
7.037732617982347847e+02 1.253137305946047997e+00 1.246713891837303967e+00
7.037733575396563310e+02 1.237370530773713284e+00 1.246068111017292868e+00
7.037734532810778774e+02 1.216190280690269798e+00 1.245415118519990427e+00
7.037735490224994237e+02 1.256367883518690887e+00 1.244754841254804179e+00
7.037736447639209700e+02 1.246475716000808420e+00 1.244087205603754853e+00
7.037737405053426301e+02 1.246432831125153351e+00 1.243412137428484998e+00
7.037738362467641764e+02 1.247949190163906596e+00 1.242729562081924088e+00
7.037739319881857227e+02 1.247947483054770101e+00 1.242039404412580428e+00
7.037740277296072691e+02 1.253780358844614140e+00 1.241341588777530092e+00
7.037741234710288154e+02 1.258777217419366989e+00 1.240636039052119610e+00
7.037742192124504754e+02 1.243740431289292792e+00 1.239922678640357212e+00
7.037743149538720218e+02 1.243599365425970493e+00 1.239201430490320943e+00
7.037744106952935681e+02 1.255502927352079912e+00 1.238472217101889150e+00
7.037745064367151144e+02 1.264744824417768587e+00 1.237734960543761753e+00
7.037746021781366608e+02 1.208305724127459069e+00 1.236989582467125759e+00
7.037746979195583208e+02 1.234754978457152541e+00 1.236236004120160104e+00
7.037747936609798671e+02 1.232690287300766352e+00 1.235474146367958159e+00
7.037748894024014135e+02 1.247212020537030508e+00 1.234703929704464631e+00
7.037749851438229598e+02 1.256951501328639198e+00 1.233925274274344064e+00
7.037750808852445061e+02 1.215396804114851514e+00 1.233138099891440520e+00
7.037751766266661662e+02 1.264538544836069534e+00 1.232342326058247783e+00
7.037752723680877125e+02 1.241010203284327318e+00 1.231537871991239985e+00
7.037753681095092588e+02 1.233896105325285264e+00 1.230724656637902870e+00
7.037754638509308052e+02 1.231594898182936326e+00 1.229902598704401440e+00
7.037755595923523515e+02 1.222894285781078505e+00 1.229071616679782597e+00
7.037756553337738978e+02 1.233415792858059135e+00 1.228231628862405778e+00
7.037757510751955579e+02 1.263832756711736893e+00 1.227382553386688002e+00
7.037758468166171042e+02 1.250644673693444453e+00 1.226524308256289109e+00
7.037759425580386505e+02 1.221512731018036702e+00 1.225656811368628807e+00
7.037760382994601969e+02 1.237989792704081049e+00 1.224779980550945835e+00
7.037761340408817432e+02 1.219796057724359173e+00 1.223893733592861022e+00
7.037762297823034032e+02 1.234456245239469618e+00 1.222997988280446924e+00
7.037763255237249496e+02 1.230229170828928353e+00 1.222092662437260335e+00
7.037764212651464959e+02 1.225272809624615933e+00 1.221177673956407306e+00
7.037765170065680422e+02 1.234172226356293756e+00 1.220252940844969602e+00
7.037766127479895886e+02 1.221519313476160828e+00 1.219318381264920648e+00
7.037767084894112486e+02 1.235142861921442403e+00 1.218373913575819145e+00
7.037768042308327949e+02 1.222895531380927325e+00 1.217419456385034904e+00
7.037768999722543413e+02 1.248431800105085143e+00 1.216454928588712736e+00
7.037769957136758876e+02 1.205193305923319524e+00 1.215480249425965109e+00
7.037770914550974339e+02 1.238181290396902501e+00 1.214495338529559376e+00
7.037771871965190940e+02 1.209201065293906252e+00 1.213500115978688232e+00
7.037772829379406403e+02 1.214351995687285468e+00 1.212494502359872106e+00
7.037773786793621866e+02 1.210650707400130033e+00 1.211478418818313862e+00
7.037774744207837330e+02 1.204924679602212390e+00 1.210451787123401068e+00
7.037775701622052793e+02 1.226438244557566559e+00 1.209414529730725052e+00
7.037776659036269393e+02 1.204283118906641414e+00 1.208366569846501593e+00
7.037777616450484857e+02 1.199992743458639932e+00 1.207307831500776141e+00
7.037778573864700320e+02 1.205265010858614261e+00 1.206238239610786023e+00
7.037779531278915783e+02 1.178296280744440594e+00 1.205157720059435222e+00
7.037780488693131247e+02 1.208403837524775870e+00 1.204066199770315926e+00
7.037781446107347847e+02 1.188501249732265119e+00 1.202963606785477646e+00
7.037782403521563310e+02 1.207071132966096361e+00 1.201849870352651228e+00
7.037783360935778774e+02 1.201294252784394168e+00 1.200724921002333856e+00
7.037784318349994237e+02 1.227302256327456931e+00 1.199588690640986721e+00
7.037785275764209700e+02 1.215408600588728572e+00 1.198441112640810768e+00
7.037786233178426301e+02 1.183453875815489997e+00 1.197282121932618404e+00
7.037787190592641764e+02 1.188729301468469446e+00 1.196111655108858196e+00
7.037788148006857227e+02 1.182871506471928180e+00 1.194929650516173947e+00
7.037789105421072691e+02 1.186354764727404199e+00 1.193736048365106495e+00
7.037790062835288154e+02 1.192094207474127865e+00 1.192530790836386467e+00
7.037791020249504754e+02 1.210266522904895226e+00 1.191313822190670724e+00
7.037791977663720218e+02 1.199988048563164877e+00 1.190085088889112130e+00
7.037792935077935681e+02 1.182910184686134514e+00 1.188844539703125758e+00
7.037793892492151144e+02 1.197543161710077575e+00 1.187592125842307000e+00
7.037794849906366608e+02 1.185231410587979983e+00 1.186327801078927990e+00
7.037795807320583208e+02 1.169525672272976324e+00 1.185051521876190339e+00
7.037796764734798671e+02 1.173762716945440321e+00 1.183763247527975349e+00
7.037797722149014135e+02 1.182993875811118034e+00 1.182462940287375419e+00
7.037798679563229598e+02 1.179473991379562881e+00 1.181150565514371031e+00
7.037799636977445061e+02 1.178318435329953617e+00 1.179826091820002310e+00
7.037800594391661662e+02 1.177974763100767319e+00 1.178489491214552043e+00
7.037801551805877125e+02 1.188802369842556494e+00 1.177140739267816372e+00
7.037802509220092588e+02 1.161693610394156417e+00 1.175779815257666838e+00
7.037803466634308052e+02 1.185513350556626877e+00 1.174406702338665287e+00
7.037804424048523515e+02 1.159559884112225880e+00 1.173021387706994600e+00
7.037805381462738978e+02 1.168488530320074048e+00 1.171623862771210556e+00
7.037806338876955579e+02 1.162916763764903161e+00 1.170214123325576061e+00
7.037807296291171042e+02 1.176405781672248185e+00 1.168792169736046160e+00
7.037808253705386505e+02 1.179074574633192096e+00 1.167358007113765694e+00
7.037809211119601969e+02 1.181677581414170231e+00 1.165911645509543737e+00
7.037810168533817432e+02 1.150392302404086520e+00 1.164453100104217764e+00
7.037811125948034032e+02 1.156817128521751892e+00 1.162982391403140525e+00
7.037812083362249496e+02 1.151597944446473232e+00 1.161499545443593018e+00
7.037813040776464959e+02 1.141467504973162184e+00 1.160004593988849475e+00
7.037813998190680422e+02 1.166802392034113067e+00 1.158497574743758252e+00
7.037814955604895886e+02 1.161296901551483352e+00 1.156978531565618029e+00
7.037815913019112486e+02 1.166062809205116402e+00 1.155447514678886289e+00
7.037816870433327949e+02 1.164379068101339731e+00 1.153904580902824994e+00
7.037817827847543413e+02 1.150147928182496226e+00 1.152349793864676730e+00
7.037818785261758876e+02 1.173947744274757676e+00 1.150783224234598112e+00
7.037819742675974339e+02 1.138499068732457209e+00 1.149204949954991895e+00
7.037820700090190940e+02 1.144963456230841503e+00 1.147615056473059392e+00
7.037821657504406403e+02 1.139518214950503650e+00 1.146013636985957929e+00
7.037822614918621866e+02 1.145582265404294420e+00 1.144400792670013711e+00
7.037823572332837330e+02 1.159174353017168979e+00 1.142776632931553626e+00
7.037824529747052793e+02 1.156554082678380890e+00 1.141141275650842335e+00
7.037825487161269393e+02 1.130279452620237546e+00 1.139494847428224045e+00
7.037826444575484857e+02 1.151182438547605935e+00 1.137837483842075725e+00
7.037827401989700320e+02 1.134106164039525133e+00 1.136169329688936802e+00
7.037828359403915783e+02 1.147147011720409671e+00 1.134490539244601415e+00
7.037829316818131247e+02 1.153892581962006281e+00 1.132801276516559597e+00
7.037830274232347847e+02 1.148900023212890531e+00 1.131101715497108584e+00
7.037831231646563310e+02 1.154231152903509194e+00 1.129392040426946187e+00
7.037832189060778774e+02 1.130854075698679129e+00 1.127672446038540555e+00
7.037833146474994237e+02 1.117996698710140624e+00 1.125943137819215289e+00
7.037834103889209700e+02 1.123525866340961521e+00 1.124204332263254003e+00
7.037835061303426301e+02 1.132452424619097231e+00 1.122456257122549594e+00
7.037836018717641764e+02 1.150928284423215819e+00 1.120699151665756954e+00
7.037836976131857227e+02 1.130879571821163054e+00 1.118933266914252433e+00
7.037837933546072691e+02 1.118887500795612056e+00 1.117158865895855557e+00
7.037838890960288154e+02 1.103866222421439280e+00 1.115376223884612328e+00
7.037839848374504754e+02 1.112130841417164673e+00 1.113585628636330593e+00
7.037840805788720218e+02 1.105547964868902389e+00 1.111787380629920774e+00
7.037841763202935681e+02 1.105510925602050998e+00 1.109981793281959339e+00
7.037842720617151144e+02 1.111763609077882631e+00 1.108169193176289813e+00
7.037843678031366608e+02 1.082079330559864383e+00 1.106349920276073817e+00
7.037844635445583208e+02 1.109334962804459090e+00 1.104524328128086319e+00
7.037845592859798671e+02 1.092833949141987393e+00 1.102692784069383425e+00
7.037846550274014135e+02 1.078020917125272815e+00 1.100855669402992953e+00
7.037847507688229598e+02 1.101836158154513745e+00 1.099013379585144223e+00
7.037848465102445061e+02 1.058625721021918764e+00 1.097166324390678849e+00
7.037849422516661662e+02 1.117869936512612572e+00 1.095314928066551285e+00
7.037850379930877125e+02 1.088925146581176451e+00 1.093459629483545470e+00
7.037851337345092588e+02 1.092685553031042645e+00 1.091600882252287130e+00
7.037852294759308052e+02 1.091052652074604445e+00 1.089739154846580238e+00
7.037853252173523515e+02 1.082114758016509581e+00 1.087874930700134302e+00
7.037854209587738978e+02 1.076611553889339046e+00 1.086008708288878521e+00
7.037855167001955579e+02 1.069728029221390653e+00 1.084141001193466014e+00
7.037856124416171042e+02 1.076882510291951034e+00 1.082272338154263602e+00
7.037857081830386505e+02 1.079069454459098187e+00 1.080403263084547705e+00
7.037858039244601969e+02 1.066255876548425130e+00 1.078534335085252760e+00
7.037858996658817432e+02 1.074465880468345791e+00 1.076666128426980951e+00
7.037859954073034032e+02 1.055882920261181024e+00 1.074799232509353608e+00
7.037860911487249496e+02 1.066494585878188461e+00 1.072934251807771133e+00
7.037861868901464959e+02 1.070465506633528019e+00 1.071071805773330388e+00
7.037862826315680422e+02 1.063156133238442935e+00 1.069212528729256650e+00
7.037863783729895886e+02 1.084797190715409254e+00 1.067357069729615082e+00
7.037864741144112486e+02 1.067154476616736236e+00 1.065506092390475779e+00
7.037865698558327949e+02 1.062704241978589259e+00 1.063660274703561726e+00
7.037866655972543413e+02 1.069962915867287645e+00 1.061820308798541834e+00
7.037867613386758876e+02 1.045867851149101080e+00 1.059986900697087009e+00
7.037868570800974339e+02 1.060339183780306671e+00 1.058160770024884512e+00
7.037869528215190940e+02 1.046495369573318124e+00 1.056342649691915492e+00
7.037870485629406403e+02 1.036645979691429131e+00 1.054533285551010335e+00
7.037871443043621866e+02 1.068547125166551703e+00 1.052733436001686895e+00
7.037872400457837330e+02 1.045392064953571065e+00 1.050943871581868860e+00
7.037873357872052793e+02 1.035238869249960780e+00 1.049165374514570592e+00
7.037874315286269393e+02 1.037850624574736091e+00 1.047398738219999625e+00
7.037875272700484857e+02 1.039689439528814541e+00 1.045644766803121906e+00
7.037876230114700320e+02 1.031881356283704143e+00 1.043904274485002670e+00
7.037877187528915783e+02 1.050878580224135828e+00 1.042178085019715539e+00
7.037878144943131247e+02 1.031755409876989438e+00 1.040467031065250181e+00
7.037879102357347847e+02 1.013909540145202737e+00 1.038771953519074698e+00
7.037880059771563310e+02 1.034952476950977474e+00 1.037093700828437326e+00
7.037881017185778774e+02 1.032174267778547483e+00 1.035433128245526246e+00
7.037881974599994237e+02 1.025790376401241044e+00 1.033791097068142317e+00
7.037882932014209700e+02 1.030344577183428756e+00 1.032168473836141853e+00
7.037883889428426301e+02 1.010704501213129936e+00 1.030566129494526750e+00
7.037884846842641764e+02 9.989212809361317502e-01 1.028984938533292981e+00
7.037885804256857227e+02 1.016310247481800655e+00 1.027425778076461738e+00
7.037886761671072691e+02 1.047638806919235499e+00 1.025889526959397280e+00
7.037887719085288154e+02 1.014957392861310703e+00 1.024377064766989420e+00
7.037888676499504754e+02 1.012564580204623255e+00 1.022889270843735376e+00
7.037889633913720218e+02 1.014622614822761504e+00 1.021427023285808033e+00
7.037890591327935681e+02 1.004815139809944968e+00 1.019991197890295354e+00
7.037891548742151144e+02 1.024934330326192633e+00 1.018582667098679506e+00
7.037892506156366608e+02 1.005624466281840546e+00 1.017202298909865688e+00
7.037893463570583208e+02 1.015837946164652728e+00 1.015850955773853093e+00
7.037894420984798671e+02 1.022150341554515673e+00 1.014529493475966326e+00
7.037895378399014135e+02 9.949275868435104586e-01 1.013238759989943061e+00
7.037896335813229598e+02 1.011525303620511185e+00 1.011979594334374344e+00
7.037897293227445061e+02 1.007255116991050414e+00 1.010752825410853761e+00
7.037898250641661662e+02 1.003086575215598630e+00 1.009559270834762490e+00
7.037899208055877125e+02 1.006859813178774488e+00 1.008399735768224170e+00
7.037900165470092588e+02 9.992056119983920848e-01 1.007275011736891823e+00
7.037901122884308052e+02 9.988444481283562659e-01 1.006185875461825807e+00
7.037902080298523515e+02 9.893485606368038754e-01 1.005133087688084181e+00
7.037903037712738978e+02 9.937769609716868846e-01 1.004117392021665278e+00
7.037903995126955579e+02 9.952050010619849507e-01 1.003139513775324732e+00
7.037904952541171042e+02 1.007649099880410848e+00 1.002200158833287835e+00
7.037905909955386505e+02 9.816320394831449248e-01 1.001300012520728755e+00
7.037906867369601969e+02 9.954162937910345788e-01 1.000439738504426357e+00
7.037907824783817432e+02 9.982225185262341149e-01 9.996199777102536821e-01
7.037908782198034032e+02 1.001739306549381814e+00 9.988413472668428161e-01
7.037909739612249496e+02 9.749714972157794701e-01 9.981044394828337829e-01
7.037910697026464959e+02 9.859284844057493169e-01 9.974098208470735250e-01
7.037911654440680422e+02 9.944380223723262580e-01 9.967580310733148430e-01
7.037912611854895886e+02 9.819751939554521858e-01 9.961495821784026594e-01
7.037913569269112486e+02 9.776144922236151835e-01 9.955849576018488412e-01
7.037914526683327949e+02 1.004362928997309501e+00 9.950646113725665209e-01
7.037915484097543413e+02 9.855958224442389337e-01 9.945889673155188238e-01
7.037916441511758876e+02 9.961837679536188483e-01 9.941584183142556652e-01
7.037917398925974339e+02 9.922881254900081105e-01 9.937733256215639521e-01
7.037918356340190940e+02 9.709999338405759239e-01 9.934340182242569206e-01
7.037919313754406403e+02 9.915182019596564533e-01 9.931407922658039844e-01
7.037920271168621866e+02 9.997582395580627557e-01 9.928939105228283823e-01
7.037921228582837330e+02 9.752417375259017085e-01 9.926936019452650140e-01
7.037922185997052793e+02 9.912561377461294176e-01 9.925400612555437263e-01
7.037923143411269393e+02 9.889776728535324413e-01 9.924334486105598208e-01
7.037924100825484857e+02 9.983426386788920581e-01 9.923738893277858075e-01
7.037925058239700320e+02 9.888437884373283415e-01 9.923614736746679821e-01
7.037926015653915783e+02 9.788949137977052128e-01 9.923962567245312449e-01
7.037926973068131247e+02 1.008149218519829526e+00 9.924782582774152040e-01
7.037927930482347847e+02 9.817168632159120056e-01 9.926074628471290850e-01
7.037928887896563310e+02 9.956708612731669517e-01 9.927838197133413978e-01
7.037929845310778774e+02 9.871452022286657524e-01 9.930072430409194739e-01
7.037930802724994237e+02 9.983202331376241911e-01 9.932776120629994709e-01
7.037931760139209700e+02 9.894957035392395461e-01 9.935947713292679895e-01
7.037932717553426301e+02 1.003526884644686534e+00 9.939585310182065259e-01
7.037933674967641764e+02 1.006136797524704196e+00 9.943686673096024942e-01
7.037934632381857227e+02 9.905937605252201905e-01 9.948249228226250240e-01
7.037935589796072691e+02 1.032679412190491863e+00 9.953270071092880089e-01
7.037936547210288154e+02 1.002102150038259198e+00 9.958745972079235953e-01
7.037937504624504754e+02 1.028529339572550994e+00 9.964673382530073731e-01
7.037938462038720218e+02 9.971229622781572210e-01 9.971048441353246305e-01
7.037939419452935681e+02 1.000466988145148006e+00 9.977866982209260271e-01
7.037940376867151144e+02 1.000861906215625208e+00 9.985124541123997499e-01
7.037941334281366608e+02 9.924286050578968732e-01 9.992816364603462898e-01
7.037942291695583208e+02 1.010867093540294803e+00 1.000093741819273685e+00
7.037943249109798671e+02 1.010959621581315693e+00 1.000948239539927398e+00
7.037944206524014135e+02 9.822929387438562587e-01 1.001844572709784220e+00
7.037945163938229598e+02 1.008889105223286897e+00 1.002782159119461003e+00
7.037946121352445061e+02 1.009834861829280062e+00 1.003760392266368262e+00
7.037947078766661662e+02 1.026543960026407021e+00 1.004778642388070686e+00
7.037948036180877125e+02 1.011083268713961036e+00 1.005836257515835719e+00
7.037948993595092588e+02 1.012391398797510611e+00 1.006932564563483234e+00
7.037949951009308052e+02 1.011412107916230818e+00 1.008066870424201289e+00
7.037950908423523515e+02 1.017074908245544806e+00 1.009238463090198490e+00
7.037951865837738978e+02 1.010288207307261876e+00 1.010446612784897447e+00
7.037952823251955579e+02 1.019215292850628396e+00 1.011690573107250524e+00
7.037953780666171042e+02 1.021017704900641698e+00 1.012969582176163952e+00
7.037954738080386505e+02 1.014075780548338690e+00 1.014282863794286893e+00
7.037955695494601969e+02 1.019429301355469386e+00 1.015629628598671896e+00
7.037956652908817432e+02 1.028332443041882316e+00 1.017009075217488068e+00
7.037957610323034032e+02 1.038729610763564848e+00 1.018420391422912630e+00
7.037958567737249496e+02 1.040686150073356853e+00 1.019862755268839516e+00
7.037959525151464959e+02 1.031481681320383981e+00 1.021335336236037783e+00
7.037960482565680422e+02 9.932277179713392412e-01 1.022837296348757086e+00
7.037961439979895886e+02 1.035859723449502834e+00 1.024367791285458962e+00
7.037962397394112486e+02 1.037357761591309435e+00 1.025925971473311771e+00
7.037963354808327949e+02 1.023032687504870974e+00 1.027510983154811930e+00
7.037964312222543413e+02 1.037997425781709060e+00 1.029121969452382324e+00
7.037965269636758876e+02 1.040019213038762436e+00 1.030758071392072095e+00
7.037966227050974339e+02 1.034792351500326335e+00 1.032418428912310615e+00
7.037967184465190940e+02 1.039531140156549016e+00 1.034102181847102120e+00
7.037968141879406403e+02 1.041212896357753381e+00 1.035808470871990794e+00
7.037969099293621866e+02 1.023863683866460317e+00 1.037536438441544639e+00
7.037970056707837330e+02 1.043425868277652491e+00 1.039285229677190392e+00
7.037971014122052793e+02 1.046493530076979317e+00 1.041053993234280384e+00
7.037971971536269393e+02 1.061259274577201817e+00 1.042841882137675924e+00
7.037972928950484857e+02 1.035409511270627414e+00 1.044648054574278007e+00
7.037973886364700320e+02 1.056863839352609746e+00 1.046471674673754126e+00
7.037974843778915783e+02 1.050605206342388076e+00 1.048311913234479364e+00
7.037975801193131247e+02 1.047404584878097067e+00 1.050167948426085518e+00
7.037976758607347847e+02 1.060694016115037330e+00 1.052038966457858660e+00
7.037977716021563310e+02 1.055914562765817966e+00 1.053924162201577364e+00
7.037978673435778774e+02 1.070731920240403534e+00 1.055822739802086296e+00
7.037979630849994237e+02 1.044733356225076681e+00 1.057733913231212242e+00
7.037980588264209700e+02 1.073009561542038526e+00 1.059656906818446487e+00
7.037981545678426301e+02 1.063695242442906697e+00 1.061590955747622855e+00
7.037982503092641764e+02 1.061867604533025977e+00 1.063535306508324840e+00
7.037983460506857227e+02 1.070599501605371984e+00 1.065489217336892835e+00
7.037984417921072691e+02 1.079987670463046667e+00 1.067451958601572715e+00
7.037985375335288154e+02 1.069211057233334206e+00 1.069422813166769570e+00
7.037986332749504754e+02 1.073789732047999212e+00 1.071401076725606583e+00
7.037987290163720218e+02 1.053557703341553520e+00 1.073386058089634831e+00
7.037988247577935681e+02 1.077783417468157312e+00 1.075377079471672603e+00
7.037989204992151144e+02 1.068411628540188563e+00 1.077373476715553613e+00
7.037990162406366608e+02 1.084145435559055404e+00 1.079374599508805987e+00
7.037991119820583208e+02 1.092161437615513320e+00 1.081379811567417581e+00
7.037992077234798671e+02 1.089794782432423670e+00 1.083388490781608260e+00
7.037993034649014135e+02 1.087735442925495732e+00 1.085400029359246732e+00
7.037993992063229598e+02 1.095381493772654036e+00 1.087413833920211292e+00
7.037994949477445061e+02 1.106621262429024366e+00 1.089429325578347152e+00
7.037995906891661662e+02 1.094409545137236872e+00 1.091445940000098869e+00
7.037996864305877125e+02 1.101998774822571026e+00 1.093463127428791148e+00
7.037997821720092588e+02 1.103593932099772745e+00 1.095480352711462935e+00
7.037998779134308052e+02 1.104829279004060583e+00 1.097497095281330548e+00
7.037999736548523515e+02 1.097935719396971654e+00 1.099512849132782355e+00
7.038000693962738978e+02 1.123789224828094513e+00 1.101527122775510570e+00
7.038001651376955579e+02 1.115175921014250227e+00 1.103539439173525150e+00
7.038002608791171042e+02 1.129973345892550052e+00 1.105549335655681142e+00
7.038003566205386505e+02 1.148196819049423167e+00 1.107556363834500512e+00
7.038004523619601969e+02 1.129408374084603039e+00 1.109560089486425483e+00
7.038005481033817432e+02 1.125813390556517080e+00 1.111560092430273095e+00
7.038006438448034032e+02 1.138977007564120125e+00 1.113555966392812513e+00
7.038007395862249496e+02 1.108430820767407177e+00 1.115547318850520941e+00
7.038008353276464959e+02 1.129050400921259412e+00 1.117533770883920363e+00
7.038009310690680422e+02 1.146748325718817130e+00 1.119514956997920363e+00
7.038010268104895886e+02 1.127964142114955548e+00 1.121490524944550593e+00
7.038011225519112486e+02 1.143633681526658563e+00 1.123460135536964444e+00
7.038012182933327949e+02 1.127152673415139583e+00 1.125423462443843947e+00
7.038013140347543413e+02 1.144784891220902434e+00 1.127380191999994619e+00
7.038014097761758876e+02 1.145112558985451612e+00 1.129330022987070636e+00
7.038015055175974339e+02 1.155217184352682613e+00 1.131272666420211515e+00
7.038016012590190940e+02 1.154955635057234531e+00 1.133207845329496699e+00
7.038016970004406403e+02 1.157433793838862579e+00 1.135135294525416283e+00
7.038017927418621866e+02 1.172300397592637156e+00 1.137054760383414909e+00
7.038018884832837330e+02 1.153688997266658411e+00 1.138966000602117168e+00
7.038019842247052793e+02 1.133271751889012302e+00 1.140868783970283573e+00
7.038020799661269393e+02 1.162898102111229237e+00 1.142762890131455933e+00
7.038021757075484857e+02 1.139342502667459067e+00 1.144648109335615116e+00
7.038022714489700320e+02 1.174232019580751407e+00 1.146524242212038525e+00
7.038023671903915783e+02 1.177386764264415575e+00 1.148391099518817793e+00
7.038024629318131247e+02 1.161215407342375494e+00 1.150248501903219811e+00
7.038025586732347847e+02 1.157611087767608904e+00 1.152096279661963152e+00
7.038026544146563310e+02 1.141397439073468467e+00 1.153934272490896085e+00
7.038027501560778774e+02 1.152889681285115264e+00 1.155762329257307153e+00
7.038028458974994237e+02 1.174336445830139075e+00 1.157580307751314264e+00
7.038029416389209700e+02 1.152667643328296965e+00 1.159388074449580364e+00
7.038030373803426301e+02 1.159663776727728690e+00 1.161185504280579650e+00
7.038031331217641764e+02 1.161890749260690026e+00 1.162972480381097462e+00
7.038032288631857227e+02 1.152745597412090817e+00 1.164748893876193625e+00
7.038033246046072691e+02 1.171765616134889942e+00 1.166514643640166549e+00
7.038034203460288154e+02 1.191622100093405745e+00 1.168269636070775164e+00
7.038035160874504754e+02 1.179653597811927579e+00 1.170013784866135609e+00
7.038036118288720218e+02 1.173004688437567555e+00 1.171747010794216504e+00
7.038037075702935681e+02 1.173443706225593575e+00 1.173469241486115200e+00
7.038038033117151144e+02 1.173687714295689188e+00 1.175180411211837805e+00
7.038038990531366608e+02 1.183353537661332888e+00 1.176880460669809558e+00
7.038039947945583208e+02 1.187493797794729522e+00 1.178569336779776711e+00
7.038040905359798671e+02 1.171580546205678752e+00 1.180246992469267786e+00
7.038041862774014135e+02 1.191010321413249251e+00 1.181913386483755213e+00
7.038042820188229598e+02 1.151309041480560014e+00 1.183568483180478248e+00
7.038043777602445061e+02 1.171533288080953250e+00 1.185212252336111716e+00
7.038044735016661662e+02 1.188638038417845877e+00 1.186844668958204840e+00
7.038045692430877125e+02 1.174347305613992587e+00 1.188465713090839149e+00
7.038046649845092588e+02 1.177586655716729158e+00 1.190075369643590175e+00
7.038047607259308052e+02 1.173940529282788248e+00 1.191673628205040636e+00
7.038048564673523515e+02 1.169119256651823369e+00 1.193260482869979988e+00
7.038049522087738978e+02 1.168511581232716701e+00 1.194835932068637030e+00
7.038050479501955579e+02 1.194229832671847236e+00 1.196399978401744058e+00
7.038051436916171042e+02 1.199946865272530916e+00 1.197952628470317693e+00
7.038052394330386505e+02 1.190935454144897765e+00 1.199493892727955702e+00
7.038053351744601969e+02 1.180593925043626369e+00 1.201023785318505732e+00
7.038054309158817432e+02 1.177258161295285710e+00 1.202542323926963252e+00
7.038055266573034032e+02 1.184140099431340243e+00 1.204049529634187321e+00
7.038056223987249496e+02 1.194894465765724556e+00 1.205545426766557959e+00
7.038057181401464959e+02 1.196865431185017536e+00 1.207030042767348155e+00
7.038058138815680422e+02 1.187019242744733472e+00 1.208503408053973605e+00
7.038059096229895886e+02 1.184050614733853424e+00 1.209965555887962951e+00
7.038060053644112486e+02 1.196014981611540851e+00 1.211416522248548233e+00
7.038061011058327949e+02 1.212962269762789536e+00 1.212856345701309513e+00
7.038061968472543413e+02 1.188451663935668146e+00 1.214285067287637299e+00
7.038062925886758876e+02 1.192619353617478062e+00 1.215702730400497256e+00
7.038063883300974339e+02 1.197286733769308720e+00 1.217109380672316554e+00
7.038064840715190940e+02 1.199758598659154130e+00 1.218505065866222203e+00
7.038065798129406403e+02 1.179229007340816704e+00 1.219889835762382857e+00
7.038066755543621866e+02 1.191119000237109482e+00 1.221263742064220059e+00
7.038067712957837330e+02 1.203658532232246170e+00 1.222626838291277496e+00
7.038068670372052793e+02 1.193124558929661516e+00 1.223979179683584162e+00
7.038069627786269393e+02 1.207432598044213767e+00 1.225320823109054436e+00
7.038070585200484857e+02 1.217829029859153200e+00 1.226651826966002945e+00
7.038071542614700320e+02 1.218606755998517643e+00 1.227972251104560097e+00
7.038072500028915783e+02 1.184680036241540169e+00 1.229282156735075127e+00
7.038073457443131247e+02 1.209957989174719861e+00 1.230581606347358026e+00
7.038074414857347847e+02 1.214245266239337484e+00 1.231870663632642193e+00
7.038075372271563310e+02 1.227312735014118861e+00 1.233149393400639227e+00
7.038076329685778774e+02 1.184994564644489046e+00 1.234417861514552017e+00
7.038077287099994237e+02 1.226106195205958871e+00 1.235676134813364024e+00
7.038078244514209700e+02 1.244579157075223153e+00 1.236924281044339269e+00
7.038079201928426301e+02 1.230561315947188206e+00 1.238162368797911972e+00
7.038080159342641764e+02 1.221837608343375070e+00 1.239390467437657017e+00
7.038081116756857227e+02 1.221325162583094093e+00 1.240608647047285240e+00
7.038082074171072691e+02 1.226822915182234297e+00 1.241816978365213098e+00
7.038083031585288154e+02 1.215931718747279344e+00 1.243015532728715122e+00
7.038083988999504754e+02 1.217337648892140800e+00 1.244204382020171806e+00
7.038084946413720218e+02 1.217221261695346168e+00 1.245383598608367670e+00
7.038085903827935681e+02 1.243893171436665668e+00 1.246553255305940855e+00
7.038086861242151144e+02 1.239902371668399228e+00 1.247713425314684876e+00
7.038087818656366608e+02 1.233272591889779335e+00 1.248864182179851623e+00
7.038088776070583208e+02 1.232283587396622915e+00 1.250005599746256246e+00
7.038089733484798671e+02 1.238889608916001084e+00 1.251137752109436230e+00
7.038090690899014135e+02 1.242078162407466158e+00 1.252260713582113993e+00
7.038091648313229598e+02 1.229801092243217875e+00 1.253374558648802317e+00
7.038092605727445061e+02 1.233070002645936025e+00 1.254479361928858117e+00
7.038093563141661662e+02 1.276695645307071025e+00 1.255575198141076987e+00
7.038094520555877125e+02 1.268077941618576787e+00 1.256662142063351473e+00
7.038095477970092588e+02 1.245907497651363993e+00 1.257740268506839287e+00
7.038096435384308052e+02 1.243114620113428659e+00 1.258809652278567004e+00
7.038097392798523515e+02 1.233718499001338564e+00 1.259870368151966513e+00
7.038098350212738978e+02 1.248201620660655653e+00 1.260922490837473875e+00
7.038099307626955579e+02 1.244578515711553202e+00 1.261966094955684348e+00
7.038100265041171042e+02 1.246284415610727336e+00 1.263001255005605117e+00
7.038101222455386505e+02 1.262890989247318796e+00 1.264028045346527795e+00
7.038102179869601969e+02 1.256559987116604660e+00 1.265046540168695888e+00
7.038103137283817432e+02 1.265536841799693724e+00 1.266056813471335696e+00
7.038104094698034032e+02 1.272966494572558283e+00 1.267058939041748600e+00
7.038105052112249496e+02 1.271364852093131326e+00 1.268052990429544780e+00
7.038106009526464959e+02 1.279278660581716798e+00 1.269039040933809037e+00
7.038106966940680422e+02 1.277244923505861163e+00 1.270017163579361119e+00
7.038107924354895886e+02 1.248535431147350883e+00 1.270987431099954712e+00
7.038108881769112486e+02 1.252118205830659470e+00 1.271949915922352181e+00
7.038109839183327949e+02 1.276394053296826536e+00 1.272904690145603812e+00
7.038110796597543413e+02 1.254714438094031159e+00 1.273851825532617887e+00
7.038111754011758876e+02 1.292583063672272603e+00 1.274791393491132352e+00
7.038112711425974339e+02 1.259774809621418967e+00 1.275723465061220363e+00
7.038113668840190940e+02 1.283583723888354955e+00 1.276648110903529254e+00
7.038114626254406403e+02 1.268010539933146719e+00 1.277565401282785951e+00
7.038115583668621866e+02 1.265652962892820144e+00 1.278475406063002140e+00
7.038116541082837330e+02 1.294622763402618615e+00 1.279378194692383675e+00
7.038117498497052793e+02 1.292022922233002413e+00 1.280273836194415038e+00
7.038118455911269393e+02 1.268831548151724942e+00 1.281162399159537113e+00
7.038119413325484857e+02 1.271003409433882902e+00 1.282043951732181775e+00
7.038120370739700320e+02 1.285336399810777852e+00 1.282918561608946462e+00
7.038121328153915783e+02 1.289577038666802178e+00 1.283786296026779405e+00
7.038122285568131247e+02 1.275592020930643056e+00 1.284647221757009516e+00
7.038123242982347847e+02 1.306976250485215374e+00 1.285501405099851002e+00
7.038124200396563310e+02 1.263595714686865046e+00 1.286348911874361622e+00
7.038125157810778774e+02 1.289134874667312802e+00 1.287189807419019782e+00
7.038126115224994237e+02 1.295223842968195260e+00 1.288024156582622481e+00
7.038127072639209700e+02 1.305478795813324044e+00 1.288852023720716167e+00
7.038128030053426301e+02 1.287754310694566806e+00 1.289673472692408396e+00
7.038128987467641764e+02 1.285949030475221022e+00 1.290488566852733276e+00
7.038129944881857227e+02 1.294605164732077984e+00 1.291297369055153021e+00
7.038130902296072691e+02 1.289107088919179356e+00 1.292099941644683003e+00
7.038131859710288154e+02 1.296114414925739755e+00 1.292896346456267054e+00
7.038132817124504754e+02 1.289616969612550346e+00 1.293686644813454967e+00
7.038133774538720218e+02 1.298497917097567900e+00 1.294470897522734809e+00
7.038134731952935681e+02 1.300822119928236154e+00 1.295249164877558368e+00
7.038135689367151144e+02 1.298030885722286643e+00 1.296021506653282307e+00
7.038136646781366608e+02 1.303724240040158744e+00 1.296787982107101111e+00
7.038137604195583208e+02 1.290356889723538902e+00 1.297548649978220281e+00
7.038138561609798671e+02 1.325758555577937425e+00 1.298303568483784254e+00
7.038139519024014135e+02 1.327390542215272973e+00 1.299052795324087795e+00
7.038140476438229598e+02 1.305609534503316072e+00 1.299796387678988197e+00
7.038141433852445061e+02 1.324247238200806587e+00 1.300534402209075679e+00
7.038142391266661662e+02 1.281241310615677920e+00 1.301266895057022310e+00
7.038143348680877125e+02 1.321259424711126007e+00 1.301993921844803781e+00
7.038144306095092588e+02 1.319679810195342196e+00 1.302715537679809410e+00
7.038145263509308052e+02 1.328836577133201580e+00 1.303431797152438953e+00
7.038146220923523515e+02 1.346014089073606090e+00 1.304142754338237786e+00
7.038147178337738978e+02 1.304048335962163740e+00 1.304848462799331088e+00
7.038148135751955579e+02 1.322361773955729847e+00 1.305548975586849014e+00
7.038149093166171042e+02 1.303076072189816248e+00 1.306244345239356175e+00
7.038150050580386505e+02 1.330075407192197412e+00 1.306934623789739458e+00
7.038151007994601969e+02 1.329123958257461435e+00 1.307619862763911067e+00
7.038151965408817432e+02 1.324235893829477151e+00 1.308300113183809232e+00
7.038152922823034032e+02 1.312657332968020230e+00 1.308975425570487516e+00
7.038153880237249496e+02 1.299995112669108499e+00 1.309645849943322338e+00
7.038154837651464959e+02 1.305437871417104878e+00 1.310311435827339333e+00
7.038155795065680422e+02 1.320596303544232519e+00 1.310972232252625158e+00
7.038156752479895886e+02 1.340242010676513607e+00 1.311628287757849787e+00
7.038157709894112486e+02 1.327016562757502793e+00 1.312279650393849861e+00
7.038158667308327949e+02 1.313006029808999831e+00 1.312926367723438403e+00
7.038159624722543413e+02 1.331772208704723681e+00 1.313568486829024717e+00
7.038160582136758876e+02 1.339901703419001500e+00 1.314206054312568428e+00
7.038161539550974339e+02 1.326965810479113106e+00 1.314839116299483024e+00
7.038162496965190940e+02 1.330760031008006328e+00 1.315467718442569600e+00
7.038163454379406403e+02 1.316381679890746614e+00 1.316091905922287975e+00
7.038164411793621866e+02 1.299815468541529961e+00 1.316711723454546679e+00
7.038165369207837330e+02 1.347469346631242182e+00 1.317327215291071107e+00
7.038166326622052793e+02 1.327712291204794726e+00 1.317938425223563970e+00
7.038167284036269393e+02 1.351205615143961092e+00 1.318545396587878837e+00
7.038168241450484857e+02 1.332505557262624984e+00 1.319148172264636765e+00
7.038169198864700320e+02 1.328947647883859107e+00 1.319746794687083780e+00
