7.037707917614700364e+02 1.214152330154360193e+00 1.220896894228780116e+00
7.037708875028915827e+02 1.194013582223603542e+00 1.220482793341175487e+00
7.037709832443131290e+02 1.211842115289173183e+00 1.220064662296037161e+00
7.037710789857347891e+02 1.231980479230419645e+00 1.219642460256229688e+00
7.037711747271563354e+02 1.200031325593393872e+00 1.219216145959324260e+00
7.037712704685778817e+02 1.222314763839014162e+00 1.218785677711382354e+00
7.037713662099994281e+02 1.199394546554876095e+00 1.218351013385790882e+00
7.037714619514209744e+02 1.203664937336329510e+00 1.217912110419641980e+00
7.037715576928426344e+02 1.225649706418776574e+00 1.217468925810131219e+00
7.037716534342641808e+02 1.200531686958595801e+00 1.217021416113646115e+00
7.037717491756857271e+02 1.198171876956531934e+00 1.216569537439644355e+00
7.037718449171072734e+02 1.205515636890158282e+00 1.216113245449849778e+00
7.037719406585288198e+02 1.199325554382493664e+00 1.215652495354887508e+00
7.037720363999504798e+02 1.205734512237815581e+00 1.215187241910961058e+00
7.037721321413720261e+02 1.222590112755566505e+00 1.214717439419368494e+00
7.037722278827935725e+02 1.201496294568562107e+00 1.214243041720573402e+00
7.037723236242151188e+02 1.160593449811198719e+00 1.213764002193875369e+00
7.037724193656366651e+02 1.225994171949511991e+00 1.213280273754416605e+00
7.037725151070583252e+02 1.227320803451825482e+00 1.212791808850252728e+00
7.037726108484798715e+02 1.216819092519964451e+00 1.212298559462430037e+00
7.037727065899014178e+02 1.205327619511231685e+00 1.211800477099366891e+00
7.037728023313229642e+02 1.209805928243367745e+00 1.211297512797140818e+00
7.037728980727445105e+02 1.218263938239816158e+00 1.210789617117005834e+00
7.037729938141661705e+02 1.199114583189399452e+00 1.210276740142999463e+00
7.037730895555877169e+02 1.194559967803072276e+00 1.209758831482739216e+00
7.037731852970092632e+02 1.215937482986259921e+00 1.209235840262263828e+00
7.037732810384308095e+02 1.217286107980722898e+00 1.208707715127106619e+00
7.037733767798523559e+02 1.190714371803470284e+00 1.208174404240489386e+00
7.037734725212739022e+02 1.188966117563953651e+00 1.207635855282288340e+00
7.037735682626955622e+02 1.217979970659038180e+00 1.207092015447522648e+00
7.037736640041171086e+02 1.206995821972541849e+00 1.206542831448265130e+00
7.037737597455386549e+02 1.206998882043064603e+00 1.205988249509278631e+00
7.037738554869602012e+02 1.204517482831450659e+00 1.205428215370305756e+00
7.037739512283817476e+02 1.195962434652505513e+00 1.204862674285349877e+00
7.037740469698034076e+02 1.185732301507300912e+00 1.204291571022137575e+00
7.037741427112249539e+02 1.165256862980297958e+00 1.203714849865213932e+00
7.037742384526465003e+02 1.171667788361894003e+00 1.203132454612492630e+00
7.037743341940680466e+02 1.188495777774462470e+00 1.202544328578833088e+00
7.037744299354895929e+02 1.207162752974224817e+00 1.201950414596503647e+00
7.037745256769112530e+02 1.204378592828215355e+00 1.201350655015882785e+00
7.037746214183327993e+02 1.203677619997171044e+00 1.200744991710022358e+00
7.037747171597543456e+02 1.182570312845365068e+00 1.200133366072382080e+00
7.037748129011758920e+02 1.186198731623270719e+00 1.199515719022002269e+00
7.037749086425974383e+02 1.203645928160571588e+00 1.198891991005452295e+00
7.037750043840190983e+02 1.182692406814011665e+00 1.198262121999085883e+00
7.037751001254406447e+02 1.203507897092805923e+00 1.197626051515404244e+00
7.037751958668621910e+02 1.196391884076715595e+00 1.196983718602314228e+00
7.037752916082837373e+02 1.202352960013068905e+00 1.196335061850245962e+00
7.037753873497052837e+02 1.186128753136932445e+00 1.195680019395954918e+00
7.037754830911269437e+02 1.193892959494260886e+00 1.195018528926704127e+00
7.037755788325484900e+02 1.200870389845703379e+00 1.194350527688828434e+00
7.037756745739700364e+02 1.199460923694875669e+00 1.193675952488903347e+00
7.037757703153915827e+02 1.183938557740879638e+00 1.192994739703236773e+00
7.037758660568131290e+02 1.194248097046005430e+00 1.192306825283952154e+00
7.037759617982347891e+02 1.168139087087765704e+00 1.191612144765542114e+00
7.037760575396563354e+02 1.192282643103585338e+00 1.190910633276103026e+00
7.037761532810778817e+02 1.204089701052064365e+00 1.190202225540876846e+00
7.037762490224994281e+02 1.211914108991321459e+00 1.189486855894619666e+00
7.037763447639209744e+02 1.208894416627174451e+00 1.188764458290467507e+00
7.037764405053426344e+02 1.207470098749284126e+00 1.188034966309387874e+00
7.037765362467641808e+02 1.196100612542962294e+00 1.187298313174629527e+00
7.037766319881857271e+02 1.181675129297510285e+00 1.186554431758187089e+00
7.037767277296072734e+02 1.211639271326219847e+00 1.185803254596627498e+00
7.037768234710288198e+02 1.189424265747892173e+00 1.185044713903334879e+00
7.037769192124504798e+02 1.204953741035527548e+00 1.184278741581463956e+00
7.037770149538720261e+02 1.190866083699176903e+00 1.183505269242249858e+00
7.037771106952935725e+02 1.168270899714087152e+00 1.182724228215032980e+00
7.037772064367151188e+02 1.193892075854112500e+00 1.181935549567220578e+00
7.037773021781366651e+02 1.185396603822447048e+00 1.181139164120597496e+00
7.037773979195583252e+02 1.167697919718572619e+00 1.180335002468496430e+00
7.037774936609798715e+02 1.198247746208233488e+00 1.179522994998701835e+00
7.037775894024014178e+02 1.180362275680585382e+00 1.178703071907776678e+00
7.037776851438229642e+02 1.174610424934326325e+00 1.177875163225945876e+00
7.037777808852445105e+02 1.177192514628707443e+00 1.177039198838264467e+00
7.037778766266661705e+02 1.196334741717580474e+00 1.176195108506820741e+00
7.037779723680877169e+02 1.160463957861072704e+00 1.175342821899087342e+00
7.037780681095092632e+02 1.170731806227774063e+00 1.174482268607401680e+00
7.037781638509308095e+02 1.170348016759784837e+00 1.173613378179663380e+00
7.037782595923523559e+02 1.193487433108707307e+00 1.172736080146274951e+00
7.037783553337739022e+02 1.173521267290507542e+00 1.171850304049365965e+00
7.037784510751955622e+02 1.192341455090632607e+00 1.170955979472272590e+00
7.037785468166171086e+02 1.172979446614146770e+00 1.170053036075714648e+00
7.037786425580386549e+02 1.165841600280848711e+00 1.169141403624754272e+00
7.037787382994602012e+02 1.179056220281990086e+00 1.168221012027823136e+00
7.037788340408817476e+02 1.181175189792668778e+00 1.167291791371961152e+00
7.037789297823034076e+02 1.149193688530048663e+00 1.166353671959542204e+00
7.037790255237249539e+02 1.181121217375856736e+00 1.165406584352190134e+00
7.037791212651465003e+02 1.164969852882712154e+00 1.164450459405190319e+00
7.037792170065680466e+02 1.150251371844219550e+00 1.163485228314731446e+00
7.037793127479895929e+02 1.164824636745750430e+00 1.162510822661346310e+00
7.037794084894112530e+02 1.190654476362648317e+00 1.161527174455087685e+00
7.037795042308327993e+02 1.199074098841119040e+00 1.160534216188417567e+00
7.037795999722543456e+02 1.161838474259288656e+00 1.159531880879317356e+00
7.037796957136758920e+02 1.168105886077033695e+00 1.158520102128028251e+00
7.037797914550974383e+02 1.162929081449425972e+00 1.157498814169989565e+00
7.037798871965190983e+02 1.191237157822289783e+00 1.156467951930786109e+00
7.037799829379406447e+02 1.133494636432759606e+00 1.155427451089365842e+00
7.037800786793621910e+02 1.164708875364862006e+00 1.154377248131196465e+00
7.037801744207837373e+02 1.155947963870474826e+00 1.153317280415899981e+00
7.037802701622052837e+02 1.163437524444357551e+00 1.152247486241092522e+00
7.037803659036269437e+02 1.159463988355781350e+00 1.151167804908522108e+00
7.037804616450484900e+02 1.134591728132417376e+00 1.150078176799060881e+00
7.037805573864700364e+02 1.169185919716318578e+00 1.148978543437352728e+00
7.037806531278915827e+02 1.163407180663234008e+00 1.147868847571819506e+00
7.037807488693131290e+02 1.172327109950394464e+00 1.146749033250879402e+00
7.037808446107347891e+02 1.171164935308715016e+00 1.145619045901766553e+00
7.037809403521563354e+02 1.141712288641344664e+00 1.144478832418807546e+00
7.037810360935778817e+02 1.142436636762068636e+00 1.143328341241054869e+00
7.037811318349994281e+02 1.150475369486206212e+00 1.142167522446182026e+00
7.037812275764209744e+02 1.141276094726062285e+00 1.140996327840597457e+00
7.037813233178426344e+02 1.144068752321968585e+00 1.139814711052453022e+00
7.037814190592641808e+02 1.156577668964302807e+00 1.138622627634718221e+00
7.037815148006857271e+02 1.108210532167216877e+00 1.137420035157296283e+00
7.037816105421072734e+02 1.136941341468269862e+00 1.136206893316304312e+00
7.037817062835288198e+02 1.142075373360303736e+00 1.134983164039555348e+00
7.037818020249504798e+02 1.142339884805136707e+00 1.133748811595216122e+00
7.037818977663720261e+02 1.146304452680555030e+00 1.132503802711123830e+00
7.037819935077935725e+02 1.142863556733983765e+00 1.131248106682782417e+00
7.037820892492151188e+02 1.125226561327152153e+00 1.129981695499416627e+00
7.037821849906366651e+02 1.123694403106377582e+00 1.128704543966160934e+00
7.037822807320583252e+02 1.131915298301395145e+00 1.127416629829670391e+00
7.037823764734798715e+02 1.128083238689746581e+00 1.126117933914932090e+00
7.037824722149014178e+02 1.128753029043061851e+00 1.124808440250343766e+00
7.037825679563229642e+02 1.125050713163712857e+00 1.123488136211677979e+00
7.037826636977445105e+02 1.128981296278801727e+00 1.122157012662057696e+00
7.037827594391661705e+02 1.127741566729752343e+00 1.120815064095515234e+00
7.037828551805877169e+02 1.130849860303284160e+00 1.119462288792223648e+00
7.037829509220092632e+02 1.149590225908137642e+00 1.118098688961479237e+00
7.037830466634308095e+02 1.118407516464317464e+00 1.116724270904315697e+00
7.037831424048523559e+02 1.126525790753700296e+00 1.115339045171889421e+00
7.037832381462739022e+02 1.100266324474680646e+00 1.113943026729162122e+00
7.037833338876955622e+02 1.111335353839742357e+00 1.112536235120618500e+00
7.037834296291171086e+02 1.104250316304393964e+00 1.111118694648043581e+00
7.037835253705386549e+02 1.134293494181798145e+00 1.109690434535254511e+00
7.037836211119602012e+02 1.109974178455305216e+00 1.108251489113162735e+00
7.037837168533817476e+02 1.105629249076115039e+00 1.106801898000102646e+00
7.037838125948034076e+02 1.103580770487757157e+00 1.105341706285635883e+00
7.037839083362249539e+02 1.113793346583868749e+00 1.103870964726537007e+00
7.037840040776465003e+02 1.092010748621172311e+00 1.102389729928849649e+00
7.037840998190680466e+02 1.107039437401144522e+00 1.100898064550620337e+00
7.037841955604895929e+02 1.105681613218120640e+00 1.099396037499228651e+00
7.037842913019112530e+02 1.098170242506908867e+00 1.097883724131797578e+00
7.037843870433327993e+02 1.100002447178947129e+00 1.096361206467638905e+00
7.037844827847543456e+02 1.109098914592748342e+00 1.094828573385627779e+00
7.037845785261758920e+02 1.096996655730800629e+00 1.093285920842293368e+00
7.037846742675974383e+02 1.076783826761356311e+00 1.091733352083547048e+00
7.037847700090190983e+02 1.107261441441279581e+00 1.090170977858774259e+00
7.037848657504406447e+02 1.092085098029836221e+00 1.088598916646460912e+00
7.037849614918621910e+02 1.108371821648878264e+00 1.087017294863291239e+00
7.037850572332837373e+02 1.089831963395754721e+00 1.085426247093599805e+00
7.037851529747052837e+02 1.077608751392115538e+00 1.083825916311133675e+00
7.037852487161269437e+02 1.089951511872371936e+00 1.082216454102058911e+00
7.037853444575484900e+02 1.089200125157627319e+00 1.080598020898570155e+00
7.037854401989700364e+02 1.085373950738085069e+00 1.078970786194109577e+00
7.037855359403915827e+02 1.081156624062652005e+00 1.077334928778095113e+00
7.037856316818131290e+02 1.074280916501531458e+00 1.075690636961179170e+00
7.037857274232347891e+02 1.081422690757205762e+00 1.074038108800156710e+00
7.037858231646563354e+02 1.077874687986829061e+00 1.072377552332012041e+00
7.037859189060778817e+02 1.072911957313219755e+00 1.070709185787250828e+00
7.037860146474994281e+02 1.094732119572100260e+00 1.069033237821323423e+00
7.037861103889209744e+02 1.062753394055901524e+00 1.067349947734276494e+00
7.037862061303426344e+02 1.073131198183357782e+00 1.065659565687894883e+00
7.037863018717641808e+02 1.067056018516066018e+00 1.063962352929933575e+00
7.037863976131857271e+02 1.051009696517185565e+00 1.062258581994781625e+00
7.037864933546072734e+02 1.054933103607054168e+00 1.060548536920145279e+00
7.037865890960288198e+02 1.068405394777520945e+00 1.058832513449093682e+00
7.037866848374504798e+02 1.055740632033994375e+00 1.057110819226828147e+00
7.037867805788720261e+02 1.042917336637388059e+00 1.055383774001838804e+00
7.037868763202935725e+02 1.041104288661728328e+00 1.053651709800097480e+00
7.037869720617151188e+02 1.049599107215065885e+00 1.051914971112511310e+00
7.037870678031366651e+02 1.050727164795158375e+00 1.050173915064277264e+00
7.037871635445583252e+02 1.061037159290187271e+00 1.048428911575591593e+00
7.037872592859798715e+02 1.052181859649564899e+00 1.046680343523371137e+00
7.037873550274014178e+02 1.040064192371983998e+00 1.044928606872120636e+00
7.037874507688229642e+02 1.034965498813918527e+00 1.043174110814596434e+00
7.037875465102445105e+02 1.046539647531782968e+00 1.041417277890388071e+00
7.037876422516661705e+02 1.024310628748974050e+00 1.039658544091918158e+00
7.037877379930877169e+02 1.041681088483279893e+00 1.037898358967483281e+00
7.037878337345092632e+02 1.025340356942285203e+00 1.036137185689136153e+00
7.037879294759308095e+02 1.035975275714701160e+00 1.034375501126303831e+00
7.037880252173523559e+02 1.026942010903267644e+00 1.032613795892933117e+00
7.037881209587739022e+02 1.041228460017425972e+00 1.030852574379787390e+00
7.037882167001955622e+02 1.038375134427986346e+00 1.029092354766818707e+00
7.037883124416171086e+02 1.035269986125264330e+00 1.027333669027235885e+00
7.037884081830386549e+02 1.012446000137015467e+00 1.025577062891009694e+00
7.037885039244602012e+02 1.050653824620446875e+00 1.023823095808710448e+00
7.037885996658817476e+02 1.025497129515926087e+00 1.022072340883410480e+00
7.037886954073034076e+02 1.030538723513274135e+00 1.020325384780224054e+00
7.037887911487249539e+02 1.015379608127483291e+00 1.018582827622946496e+00
7.037888868901465003e+02 9.960074180734552751e-01 1.016845282845806997e+00
7.037889826315680466e+02 9.998257906122234306e-01 1.015113377040977261e+00
7.037890783729895929e+02 1.004906694626403807e+00 1.013387749769872670e+00
7.037891741144112530e+02 1.011685766632359318e+00 1.011669053347859393e+00
7.037892698558327993e+02 1.006400350303215285e+00 1.009957952611753695e+00
7.037893655972543456e+02 9.900850713391954327e-01 1.008255124638776312e+00
7.037894613386758920e+02 1.006702441863085884e+00 1.006561258457102426e+00
7.037895570800974383e+02 9.979624388382145606e-01 1.004877054716705409e+00
7.037896528215190983e+02 9.990019590946942474e-01 1.003203225330202120e+00
7.037897485629406447e+02 9.933077909449093967e-01 1.001540493092996975e+00
7.037898443043621910e+02 9.738871485330439226e-01 9.998895912524813356e-01
7.037899400457837373e+02 9.914868661057316679e-01 9.982512630656202868e-01
7.037900357872052837e+02 1.000206618470220521e+00 9.966262613147532923e-01
7.037901315286269437e+02 9.789125448008000330e-01 9.950153477913890043e-01
7.037902272700484900e+02 9.896816769814094084e-01 9.934192927572736975e-01
7.037903230114700364e+02 9.741655692367405805e-01 9.918388743539883201e-01
7.037904187528915827e+02 9.901870512505603905e-01 9.902748779993419959e-01
7.037905144943131290e+02 9.612880370358566351e-01 9.887280957419253280e-01
7.037906102357347891e+02 9.892764005588422505e-01 9.871993255837369086e-01
7.037907059771563354e+02 9.684431867606143607e-01 9.856893707801201998e-01
7.037908017185778817e+02 9.820712700914832061e-01 9.841990390902561892e-01
7.037908974599994281e+02 9.802182043780442999e-01 9.827291420150566781e-01
7.037909932014209744e+02 9.892057089451067320e-01 9.812804939958289507e-01
7.037910889428426344e+02 9.721133314370471457e-01 9.798539115837382463e-01
7.037911846842641808e+02 9.729114115086163750e-01 9.784502125892536872e-01
7.037912804256857271e+02 9.563822472681118292e-01 9.770702151872538987e-01
7.037913761671072734e+02 9.708503475542519245e-01 9.757147370128287367e-01
7.037914719085288198e+02 9.879798758897215816e-01 9.743845942235732638e-01
7.037915676499504798e+02 9.537314022061849084e-01 9.730806005384675661e-01
7.037916633913720261e+02 9.672888757894962941e-01 9.718035662623952797e-01
7.037917591327935725e+02 9.784507771939620069e-01 9.705542972748140151e-01
7.037918548742151188e+02 9.535776144746809235e-01 9.693335940153308128e-01
7.037919506156366651e+02 9.392956917418862073e-01 9.681422504447905197e-01
7.037920463570583252e+02 9.637289527122929744e-01 9.669810529918912989e-01
7.037921420984798715e+02 9.604489252201745542e-01 9.658507794941115776e-01
7.037922378399014178e+02 9.668153183862663314e-01 9.647521981146073289e-01
7.037923335813229642e+02 9.738833756684032172e-01 9.636860662650197362e-01
7.037924293227445105e+02 9.725588779284910501e-01 9.626531295158762269e-01
7.037925250641661705e+02 9.645667446360651764e-01 9.616541205043162011e-01
7.037926208055877169e+02 9.412567580438070403e-01 9.606897578474163923e-01
7.037927165470092632e+02 9.477351041220277716e-01 9.597607450461308476e-01
7.037928122884308095e+02 9.484241470777132754e-01 9.588677694063565404e-01
7.037929080298523559e+02 9.683002824179428591e-01 9.580115009620556732e-01
7.037930037712739022e+02 9.475774424872961399e-01 9.571925914105170463e-01
7.037930995126955622e+02 9.410085929025282514e-01 9.564116730605641825e-01
7.037931952541171086e+02 9.548380578969399846e-01 9.556693578021160373e-01
7.037932909955386549e+02 9.588892372065758174e-01 9.549662360862597454e-01
7.037933867369602012e+02 9.531384384891953276e-01 9.543028759373289871e-01
7.037934824783817476e+02 9.459804910979590087e-01 9.536798219859022874e-01
7.037935782198034076e+02 9.465777735229816692e-01 9.530975945306121577e-01
7.037936739612249539e+02 9.252662938898995604e-01 9.525566886347379691e-01
7.037937697026465003e+02 9.384180204699943406e-01 9.520575732501433963e-01
7.037938654440680466e+02 9.428864496033967368e-01 9.516006903851342846e-01
7.037939611854895929e+02 9.319966903136304159e-01 9.511864543084072032e-01
7.037940569269112530e+02 9.320379631649843288e-01 9.508152507954925614e-01
7.037941526683327993e+02 9.596682879588951387e-01 9.504874364219793037e-01
7.037942484097543456e+02 9.369927867888863116e-01 9.502033378993819390e-01
7.037943441511758920e+02 9.825791381485564635e-01 9.499632514646807468e-01
7.037944398925974383e+02 9.577485842337879474e-01 9.497674423188614545e-01
7.037945356340190983e+02 9.269257309591591998e-01 9.496161441189606700e-01
7.037946313754406447e+02 9.474995248449393781e-01 9.495095585258772619e-01
7.037947271168621910e+02 9.373887547752856042e-01 9.494478548069585910e-01
7.037948228582837373e+02 9.551907320117966060e-01 9.494311694983461614e-01
7.037949185997052837e+02 9.543005691155939108e-01 9.494596061254615416e-01
7.037950143411269437e+02 9.351739474552899223e-01 9.495332349839259445e-01
7.037951100825484900e+02 9.546170832137331752e-01 9.496520929808843769e-01
7.037952058239700364e+02 9.578155610966675448e-01 9.498161835387718410e-01
7.037953015653915827e+02 9.419831074499600554e-01 9.500254765601525708e-01
7.037953973068131290e+02 9.483249430601654595e-01 9.502799084549851116e-01
7.037954930482347891e+02 9.455837512592117911e-01 9.505793822302278651e-01
7.037955887896563354e+02 9.463088051852619476e-01 9.509237676393513805e-01
7.037956845310778817e+02 9.501956378768350309e-01 9.513129013967482894e-01
7.037957802724994281e+02 9.510938657684342434e-01 9.517465874492500033e-01
7.037958760139209744e+02 9.367796991169339282e-01 9.522245973090590621e-01
7.037959717553426344e+02 9.413907512019272783e-01 9.527466704456246660e-01
7.037960674967641808e+02 9.577566247099008612e-01 9.533125147316794390e-01
7.037961632381857271e+02 9.447148442255105527e-01 9.539218069513875076e-01
7.037962589796072734e+02 9.547601937160291596e-01 9.545741933565488058e-01
7.037963547210288198e+02 9.480456892773445610e-01 9.552692902781921847e-01
7.037964504624504798e+02 9.534282268438523111e-01 9.560066847888517572e-01
7.037965462038720261e+02 9.587293775044241073e-01 9.567859354086148960e-01
7.037966419452935725e+02 9.606853741177391326e-01 9.576065728659174381e-01
7.037967376867151188e+02 9.542799248452056293e-01 9.584681008931483781e-01
7.037968334281366651e+02 9.404932652980149133e-01 9.593699970675430011e-01
7.037969291695583252e+02 9.706428246004625837e-01 9.603117136907073359e-01
7.037970249109798715e+02 9.608755814754896818e-01 9.612926786980919847e-01
7.037971206524014178e+02 9.604089718189173785e-01 9.623122966124979527e-01
7.037972163938229642e+02 9.640007420031350138e-01 9.633699495163698945e-01
7.037973121352445105e+02 9.738343536846847392e-01 9.644649980566127878e-01
7.037974078766661705e+02 9.566353126244989680e-01 9.655967824737162752e-01
7.037975036180877169e+02 9.678170399281065261e-01 9.667646236451481467e-01
7.037975993595092632e+02 9.578186573272020610e-01 9.679678241602861499e-01
7.037976951009308095e+02 9.679015682318243829e-01 9.692056693970158010e-01
7.037977908423523559e+02 9.859669532678860815e-01 9.704774286170654296e-01
7.037978865837739022e+02 9.725542821584772790e-01 9.717823560691521978e-01
7.037979823251955622e+02 9.645112472178978269e-01 9.731196920999569677e-01
7.037980780666171086e+02 9.809432107975336601e-01 9.744886642604584370e-01
7.037981738080386549e+02 9.934797454102969327e-01 9.758884884287507555e-01
7.037982695494602012e+02 9.936167122710952704e-01 9.773183699148464409e-01
7.037983652908817476e+02 9.734163783966341965e-01 9.787775045685451758e-01
7.037984610323034076e+02 9.819036887060547114e-01 9.802650798801386678e-01
7.037985567737249539e+02 9.866679916532251626e-01 9.817802760623960401e-01
7.037986525151465003e+02 9.957198424949560422e-01 9.833222671380449365e-01
7.037987482565680466e+02 9.891733892264265027e-01 9.848902219951739534e-01
7.037988439979895929e+02 9.948659889916523502e-01 9.864833054348329799e-01
7.037989397394112530e+02 9.790617465283936172e-01 9.881006792002213768e-01
7.037990354808327993e+02 9.890334829324834987e-01 9.897415029757435923e-01
7.037991312222543456e+02 1.013175418010379136e+00 9.914049353830473033e-01
7.037992269636758920e+02 9.933804188381215594e-01 9.930901349339980033e-01
7.037993227050974383e+02 1.004196181057070758e+00 9.947962609678231427e-01
7.037994184465190983e+02 9.850286983649970685e-01 9.965224745616515500e-01
7.037995141879406447e+02 9.837441182396889916e-01 9.982679394027637043e-01
7.037996099293621910e+02 9.913712849952956985e-01 1.000031822652253766e+00
7.037997056707837373e+02 1.013669657746147701e+00 1.001813295758125166e+00
7.037998014122052837e+02 1.016663746783563527e+00 1.003611535247656228e+00
7.037998971536269437e+02 9.998714120044797093e-01 1.005425723488227563e+00
7.037999928950484900e+02 1.020362812090560345e+00 1.007255049405078262e+00
7.038000886364700364e+02 1.024230301132522003e+00 1.009098709187880027e+00
7.038001843778915827e+02 1.018098531480314373e+00 1.010955906942666127e+00
7.038002801193131290e+02 1.028725159917999399e+00 1.012825855321144664e+00
7.038003758607347891e+02 1.018926585591173994e+00 1.014707776116596127e+00
7.038004716021563354e+02 1.025239705818457248e+00 1.016600900815026520e+00
7.038005673435778817e+02 1.024531941708029414e+00 1.018504471135196932e+00
7.038006630849994281e+02 1.025347545531705817e+00 1.020417739512976985e+00
7.038007588264209744e+02 1.046334755221774548e+00 1.022339969563759832e+00
7.038008545678426344e+02 1.032534865220869680e+00 1.024270436512174864e+00
7.038009503092641808e+02 1.022221934094558637e+00 1.026208427577958160e+00
7.038010460506857271e+02 1.017324305749596425e+00 1.028153242352864094e+00
7.038011417921072734e+02 1.028515367894401900e+00 1.030104193123315248e+00
7.038012375335288198e+02 1.042218528731790217e+00 1.032060605173753975e+00
7.038013332749504798e+02 1.065366751630775877e+00 1.034021817059955328e+00
7.038014290163720261e+02 1.033822801265445568e+00 1.035987180841316802e+00
7.038015247577935725e+02 1.028776925981338408e+00 1.037956062307822558e+00
7.038016204992151188e+02 1.047414064247738530e+00 1.039927841155913857e+00
7.038017162406366651e+02 1.052227474887692971e+00 1.041901911149007764e+00
7.038018119820583252e+02 1.047136294125172506e+00 1.043877680251916074e+00
7.038019077234798715e+02 1.046764008333035401e+00 1.045854570728304900e+00
7.038020034649014178e+02 1.052365761477050743e+00 1.047832019237297851e+00
7.038020992063229642e+02 1.052700176348549732e+00 1.049809476883230674e+00
7.038021949477445105e+02 1.068806106720561422e+00 1.051786409254688248e+00
7.038022906891661705e+02 1.051467038352312589e+00 1.053762296442045443e+00
7.038023864305877169e+02 1.075317043309725662e+00 1.055736633022743121e+00
7.038024821720092632e+02 1.071462068122921218e+00 1.057708928050445030e+00
7.038025779134308095e+02 1.072581375100334355e+00 1.059678705002111698e+00
7.038026736548523559e+02 1.037909578341677408e+00 1.061645501719139961e+00
7.038027693962739022e+02 1.068288803286340016e+00 1.063608870329436851e+00
7.038028651376955622e+02 1.073841523750703741e+00 1.065568377156037805e+00
7.038029608791171086e+02 1.080855764632598692e+00 1.067523602599238508e+00
7.038030566205386549e+02 1.090856698999391527e+00 1.069474141028050163e+00
7.038031523619602012e+02 1.054539470518317312e+00 1.071419600635328706e+00
7.038032481033817476e+02 1.077245404326666156e+00 1.073359603292375786e+00
7.038033438448034076e+02 1.081293043642232554e+00 1.075293784392189700e+00
7.038034395862249539e+02 1.069313857383610289e+00 1.077221792670767009e+00
7.038035353276465003e+02 1.100169055614705460e+00 1.079143290041703951e+00
7.038036310690680466e+02 1.059505896711353978e+00 1.081057951398951777e+00
7.038037268104895929e+02 1.086655830308874249e+00 1.082965464422969593e+00
7.038038225519112530e+02 1.081632045816437238e+00 1.084865529379463567e+00
7.038039182933327993e+02 1.085484548949471106e+00 1.086757858900224694e+00
7.038040140347543456e+02 1.101742803471259080e+00 1.088642177780564158e+00
7.038041097761758920e+02 1.088896774333237838e+00 1.090518222748900090e+00
7.038042055175974383e+02 1.105641335108427104e+00 1.092385742242988123e+00
7.038043012590190983e+02 1.098392153268090921e+00 1.094244496182065207e+00
7.038043970004406447e+02 1.090976187372425077e+00 1.096094255724524569e+00
7.038044927418621910e+02 1.101172129980786396e+00 1.097934803044765095e+00
7.038045884832837373e+02 1.110828747023867580e+00 1.099765931085604942e+00
7.038046842247052837e+02 1.104760288336941176e+00 1.101587443319896886e+00
7.038047799661269437e+02 1.108878054476726494e+00 1.103399153510713271e+00
7.038048757075484900e+02 1.116812477280363591e+00 1.105200885459879601e+00
7.038049714489700364e+02 1.110182402849780203e+00 1.106992472777527992e+00
7.038050671903915827e+02 1.130809603051069256e+00 1.108773758630056561e+00
7.038051629318131290e+02 1.125723844520523764e+00 1.110544595499165288e+00
7.038052586732347891e+02 1.135901059356323017e+00 1.112304844941492066e+00
7.038053544146563354e+02 1.154287645586252298e+00 1.114054377338816293e+00
7.038054501560778817e+02 1.131377553497389332e+00 1.115793071670473147e+00
7.038055458974994281e+02 1.109139831949376154e+00 1.117520815266459522e+00
7.038056416389209744e+02 1.121051287568867183e+00 1.119237503572899417e+00
7.038057373803426344e+02 1.143410095004714577e+00 1.120943039919560125e+00
7.038058331217641808e+02 1.146009354260568491e+00 1.122637335279633053e+00
7.038059288631857271e+02 1.128331117663998961e+00 1.124320308052335404e+00
7.038060246046072734e+02 1.127863230369777980e+00 1.125991883828020512e+00
7.038061203460288198e+02 1.131571602231101314e+00 1.127651995166396803e+00
7.038062160874504798e+02 1.125541644710483791e+00 1.129300581377781665e+00
7.038063118288720261e+02 1.130793533672006745e+00 1.130937588297852514e+00
7.038064075702935725e+02 1.152203764907357986e+00 1.132562968085364163e+00
7.038065033117151188e+02 1.123088364481709345e+00 1.134176679003785049e+00
7.038065990531366651e+02 1.143414372473608331e+00 1.135778685216370487e+00
7.038066947945583252e+02 1.154520431077213249e+00 1.137368956584852819e+00
7.038067905359798715e+02 1.125085377093960393e+00 1.138947468462511603e+00
7.038068862774014178e+02 1.132366858593744530e+00 1.140514201509960968e+00
7.038069820188229642e+02 1.148209074672986496e+00 1.142069141495958062e+00
7.038070777602445105e+02 1.134762248384523886e+00 1.143612279111630103e+00
7.038071735016661705e+02 1.145090358679823117e+00 1.145143609788614070e+00
7.038072692430877169e+02 1.147580334794253920e+00 1.146663133512143329e+00
7.038073649845092632e+02 1.142823721695187755e+00 1.148170854656349826e+00
7.038074607259308095e+02 1.148673371271169641e+00 1.149666781805413152e+00
7.038075564673523559e+02 1.158031725699131931e+00 1.151150927587879291e+00
7.038076522087739022e+02 1.171368640667723504e+00 1.152623308513199163e+00
7.038077479501955622e+02 1.178515994721509808e+00 1.154083944814034757e+00
7.038078436916171086e+02 1.151645726244170831e+00 1.155532860283932983e+00
7.038079394330386549e+02 1.169237846891645560e+00 1.156970082136330236e+00
7.038080351744602012e+02 1.160838040349636779e+00 1.158395640850166552e+00
7.038081309158817476e+02 1.160904347545324233e+00 1.159809570028132564e+00
7.038082266573034076e+02 1.152362689911988980e+00 1.161211906258733828e+00
7.038083223987249539e+02 1.181843406045295586e+00 1.162602688973909393e+00
7.038084181401465003e+02 1.200638472488318786e+00 1.163981960327106213e+00
7.038085138815680466e+02 1.181284776262176095e+00 1.165349765058453446e+00
7.038086096229895929e+02 1.177178530851044735e+00 1.166706150372001316e+00
7.038087053644112530e+02 1.163667906461619772e+00 1.168051165816542891e+00
7.038088011058327993e+02 1.181221626919327417e+00 1.169384863162075350e+00
7.038088968472543456e+02 1.176988256472405237e+00 1.170707296295772082e+00
7.038089925886758920e+02 1.187192073698336792e+00 1.172018521105457678e+00
7.038090883300974383e+02 1.139222913672423454e+00 1.173318595374517104e+00
7.038091840715190983e+02 1.184950960165897849e+00 1.174607578680089803e+00
7.038092798129406447e+02 1.176862011414705700e+00 1.175885532286935042e+00
7.038093755543621910e+02 1.173146196954790721e+00 1.177152519059823321e+00
7.038094712957837373e+02 1.183132494556457637e+00 1.178408603363778839e+00
7.038095670372052837e+02 1.168907413530972939e+00 1.179653850975101115e+00
7.038096627786269437e+02 1.192334406075274966e+00 1.180888328995342462e+00
7.038097585200484900e+02 1.159685413262673270e+00 1.182112105760950937e+00
7.038098542614700364e+02 1.179257125115040106e+00 1.183325250770454362e+00
7.038099500028915827e+02 1.180649801635841101e+00 1.184527834599814478e+00
7.038100457443131290e+02 1.157091743248665816e+00 1.185719928827892788e+00
7.038101414857347891e+02 1.181368181253007910e+00 1.186901605964546302e+00
7.038102372271563354e+02 1.171400576276693695e+00 1.188072939374355652e+00
7.038103329685778817e+02 1.160879155956134001e+00 1.189234003216944613e+00
7.038104287099994281e+02 1.178772273423194239e+00 1.190384872375753300e+00
7.038105244514209744e+02 1.183329404093663051e+00 1.191525622396286233e+00
7.038106201928426344e+02 1.175880403133158003e+00 1.192656329426656781e+00
7.038107159342641808e+02 1.172634089398537194e+00 1.193777070153748232e+00
7.038108116756857271e+02 1.179962410896127523e+00 1.194887921755029225e+00
7.038109074171072734e+02 1.192199276186336698e+00 1.195988961839119069e+00
7.038110031585288198e+02 1.164694715282782456e+00 1.197080268395201319e+00
7.038110988999504798e+02 1.163305767111515232e+00 1.198161919744431980e+00
7.038111946413720261e+02 1.188336610492221279e+00 1.199233994486941457e+00
7.038112903827935725e+02 1.178574881236880811e+00 1.200296571463615125e+00
7.038113861242151188e+02 1.184764171902952690e+00 1.201349729706898239e+00
7.038114818656366651e+02 1.198272047367954007e+00 1.202393548399877332e+00
7.038115776070583252e+02 1.193259938445423440e+00 1.203428106837061362e+00
7.038116733484798715e+02 1.184412267426397714e+00 1.204453484380758610e+00
7.038117690899014178e+02 1.164963673946496803e+00 1.205469760431393533e+00
7.038118648313229642e+02 1.187024831889472498e+00 1.206477014387143054e+00
7.038119605727445105e+02 1.213463393618565478e+00 1.207475325611291561e+00
7.038120563141661705e+02 1.189371975494396994e+00 1.208464773401039638e+00
7.038121520555877169e+02 1.188094486659362348e+00 1.209445436951912090e+00
7.038122477970092632e+02 1.172976537527335106e+00 1.210417395335327662e+00
7.038123435384308095e+02 1.181948714396636735e+00 1.211380727465775076e+00
7.038124392798523559e+02 1.187636639030860586e+00 1.212335512075207511e+00
7.038125350212739022e+02 1.203256675853368485e+00 1.213281827687534120e+00
7.038126307626955622e+02 1.211924249672753140e+00 1.214219752595461888e+00
7.038127265041171086e+02 1.206907978689883532e+00 1.215149364832974310e+00
7.038128222455386549e+02 1.198469108330704636e+00 1.216070742160096918e+00
7.038129179869602012e+02 1.220354519615077571e+00 1.216983962037625933e+00
7.038130137283817476e+02 1.184425927600776474e+00 1.217889101608518709e+00
7.038131094698034076e+02 1.208382830342664249e+00 1.218786237680262063e+00
7.038132052112249539e+02 1.192940642281777874e+00 1.219675446702931154e+00
7.038133009526465003e+02 1.201771075918890874e+00 1.220556804758855751e+00
7.038133966940680466e+02 1.185346575484473197e+00 1.221430387542555174e+00
7.038134924354895929e+02 1.206800141731067422e+00 1.222296270346908464e+00
7.038135881769112530e+02 1.206644435563942963e+00 1.223154528050138579e+00
7.038136839183327993e+02 1.210924066566202661e+00 1.224005235098540201e+00
7.038137796597543456e+02 1.245382002004193245e+00 1.224848465500194550e+00
7.038138754011758920e+02 1.228826736070262937e+00 1.225684292809253950e+00
7.038139711425974383e+02 1.233086155371597048e+00 1.226512790116078611e+00
7.038140668840190983e+02 1.239618821867696008e+00 1.227334030038031543e+00
7.038141626254406447e+02 1.228578541760976472e+00 1.228148084706101040e+00
7.038142583668621910e+02 1.233431766175865807e+00 1.228955025761923725e+00
7.038143541082837373e+02 1.234549424273420515e+00 1.229754924345680456e+00
7.038144498497052837e+02 1.206666157446996790e+00 1.230547851089492495e+00
7.038145455911269437e+02 1.219297402714764278e+00 1.231333876111350589e+00
7.038146413325484900e+02 1.238417902770767354e+00 1.232113069004955541e+00
7.038147370739700364e+02 1.238498869446720274e+00 1.232885498839416227e+00
7.038148328153915827e+02 1.228054101172204593e+00 1.233651234150129561e+00
7.038149285568131290e+02 1.217456053047329068e+00 1.234410342934831872e+00
7.038150242982347891e+02 1.226997214260198144e+00 1.235162892650081057e+00
7.038151200396563354e+02 1.261785508689770907e+00 1.235908950203736811e+00
7.038152157810778817e+02 1.226031459072533192e+00 1.236648581956803827e+00
7.038153115224994281e+02 1.217430249813336696e+00 1.237381853716754909e+00
7.038154072639209744e+02 1.254464480664713388e+00 1.238108830735727528e+00
7.038155030053426344e+02 1.227608002481142657e+00 1.238829577709063212e+00
7.038155987467641808e+02 1.247465991771018246e+00 1.239544158769944726e+00
7.038156944881857271e+02 1.215141762496741995e+00 1.240252637492930354e+00
7.038157902296072734e+02 1.218056848279827520e+00 1.240955076889262321e+00
7.038158859710288198e+02 1.246852576345624186e+00 1.241651539406783744e+00
7.038159817124504798e+02 1.232539341394729870e+00 1.242342086930115386e+00
7.038160774538720261e+02 1.248053528179243754e+00 1.243026780777039209e+00
7.038161731952935725e+02 1.229702400354010683e+00 1.243705681703346277e+00
7.038162689367151188e+02 1.264876213472606592e+00 1.244378849899749895e+00
7.038163646781366651e+02 1.246026017247211071e+00 1.245046344993154586e+00
7.038164604195583252e+02 1.281053761485458020e+00 1.245708226048130696e+00
7.038165561609798715e+02 1.244501700366017927e+00 1.246364551564693501e+00
7.038166519024014178e+02 1.232934204152337010e+00 1.247015379484152753e+00
7.038167476438229642e+02 1.234572308454160217e+00 1.247660767187307451e+00
7.038168433852445105e+02 1.258227942704130298e+00 1.248300771496769324e+00
7.038169391266661705e+02 1.259555653451018387e+00 1.248935448679440618e+00
7.038170348680877169e+02 1.265445295120463998e+00 1.249564854445405215e+00
7.038171306095092632e+02 1.246168019895001366e+00 1.250189043954517354e+00
7.038172263509308095e+02 1.258473302885707357e+00 1.250808071815609157e+00
7.038173220923523559e+02 1.242851997904177663e+00 1.251421992089623236e+00
7.038174178337739022e+02 1.255405355959197333e+00 1.252030858292128457e+00
7.038175135751955622e+02 1.288202757869188586e+00 1.252634723396687466e+00
7.038176093166171086e+02 1.260944956339740131e+00 1.253233639834769653e+00
7.038177050580386549e+02 1.238754221173609338e+00 1.253827659502950054e+00
7.038178007994602012e+02 1.279382428666329563e+00 1.254416833763041472e+00
7.038178965408817476e+02 1.281552766046574643e+00 1.255001213445927188e+00
7.038179922823034076e+02 1.264080002930620727e+00 1.255580848855455178e+00
7.038180880237249539e+02 1.248253551501743219e+00 1.256155789768992115e+00
7.038181837651465003e+02 1.272716670883388357e+00 1.256726085444943131e+00
7.038182795065680466e+02 1.282070800725353399e+00 1.257291784623459030e+00
7.038183752479895929e+02 1.267753641263946740e+00 1.257852935530669569e+00
7.038184709894112530e+02 1.264110481349200121e+00 1.258409585882955373e+00
7.038185667308327993e+02 1.271429988545290435e+00 1.258961782887983549e+00
7.038186624722543456e+02 1.264896344687630458e+00 1.259509573252411530e+00
7.038187582136758920e+02 1.258867346826449296e+00 1.260053003183024600e+00
7.038188539550974383e+02 1.280852718329879902e+00 1.260592118391243410e+00
7.038189496965190983e+02 1.285962510112795831e+00 1.261126964097641245e+00
7.038190454379406447e+02 1.267464302198773707e+00 1.261657585033336249e+00
7.038191411793621910e+02 1.264008417176778920e+00 1.262184025447769198e+00
7.038192369207837373e+02 1.280094733278020813e+00 1.262706329110158343e+00
7.038193326622052837e+02 1.271379275288507138e+00 1.263224539314167671e+00
7.038194284036269437e+02 1.271963060852596694e+00 1.263738698882570954e+00
7.038195241450484900e+02 1.268953921591976064e+00 1.264248850168899319e+00
7.038196198864700364e+02 1.279694404900757920e+00 1.264755035065205258e+00
