7.037837517614699436e+02 1.252549956645469420e+00 1.265180244978726165e+00
7.037838475028914900e+02 1.261036734735581311e+00 1.264767743110462694e+00
7.037839432443130363e+02 1.251415625372547025e+00 1.264350662984070173e+00
7.037840389857346963e+02 1.263611770263992629e+00 1.263928959014170683e+00
7.037841347271562427e+02 1.270925654499796886e+00 1.263502585158975844e+00
7.037842304685777890e+02 1.243539182610335914e+00 1.263071494914330462e+00
7.037843262099993353e+02 1.225658660713011994e+00 1.262635641312822798e+00
7.037844219514208817e+02 1.251084464672903351e+00 1.262194976920465006e+00
7.037845176928425417e+02 1.251192465482556804e+00 1.261749453833409307e+00
7.037846134342640880e+02 1.247655287589725992e+00 1.261299023677394882e+00
7.037847091756856344e+02 1.230657337798719109e+00 1.260843637601976486e+00
7.037848049171071807e+02 1.268337136562531331e+00 1.260383246280125880e+00
7.037849006585287270e+02 1.259437346832710913e+00 1.259917799905283076e+00
7.037849963999503871e+02 1.277585761886992799e+00 1.259447248188472201e+00
7.037850921413719334e+02 1.248150471320197186e+00 1.258971540358317043e+00
7.037851878827934797e+02 1.250074053649270711e+00 1.258490625155574971e+00
7.037852836242150261e+02 1.247853055817666590e+00 1.258004450833360988e+00
7.037853793656365724e+02 1.263894266466728089e+00 1.257512965154711448e+00
7.037854751070582324e+02 1.257533175300591832e+00 1.257016115390232169e+00
7.037855708484797788e+02 1.270038742336399906e+00 1.256513848318842497e+00
7.037856665899013251e+02 1.248511444539041948e+00 1.256006110222752215e+00
7.037857623313228714e+02 1.246857649378352528e+00 1.255492846888477176e+00
7.037858580727444178e+02 1.242427328125128794e+00 1.254974003605074051e+00
7.037859538141660778e+02 1.253482716898941973e+00 1.254449525162494306e+00
7.037860495555876241e+02 1.231462544142556848e+00 1.253919355853235551e+00
7.037861452970091705e+02 1.240457682646529225e+00 1.253383439467939064e+00
7.037862410384307168e+02 1.256137590811985838e+00 1.252841719297391965e+00
7.037863367798522631e+02 1.266837049129525328e+00 1.252294138131629930e+00
7.037864325212738095e+02 1.267188831293744711e+00 1.251740638259859262e+00
7.037865282626954695e+02 1.239984608783588182e+00 1.251181161469933301e+00
7.037866240041170158e+02 1.251352322675376882e+00 1.250615649051384226e+00
7.037867197455385622e+02 1.233719976691278086e+00 1.250044041792043759e+00
7.037868154869601085e+02 1.243061663346966217e+00 1.249466279981546801e+00
7.037869112283816548e+02 1.237685231346330017e+00 1.248882303411784189e+00
7.037870069698033149e+02 1.275615330333249142e+00 1.248292051377582590e+00
7.037871027112248612e+02 1.228697636931044279e+00 1.247695462681181811e+00
7.037871984526464075e+02 1.241205481124405763e+00 1.247092475629991926e+00
7.037872941940679539e+02 1.251219009315643671e+00 1.246483028041661445e+00
7.037873899354895002e+02 1.239914924873152913e+00 1.245867057245969578e+00
7.037874856769111602e+02 1.246328587952292066e+00 1.245244500087011819e+00
7.037875814183327066e+02 1.231515612849466645e+00 1.244615292929442507e+00
7.037876771597542529e+02 1.236435329532249439e+00 1.243979371657677246e+00
7.037877729011757992e+02 1.244096170768993703e+00 1.243336671682864436e+00
7.037878686425973456e+02 1.248032079997556609e+00 1.242687127946563663e+00
7.037879643840190056e+02 1.234310516060428409e+00 1.242030674924788247e+00
7.037880601254405519e+02 1.243933434592568776e+00 1.241367246636384980e+00
7.037881558668620983e+02 1.225838908009658335e+00 1.240696776644056865e+00
7.037882516082836446e+02 1.230059189728639257e+00 1.240019198063633254e+00
7.037883473497051909e+02 1.267595187270086132e+00 1.239334443569937827e+00
7.037884430911268510e+02 1.252078809283335259e+00 1.238642445403105752e+00
7.037885388325483973e+02 1.224602281230804168e+00 1.237943135379540927e+00
7.037886345739699436e+02 1.228167092876788713e+00 1.237236444895189802e+00
7.037887303153914900e+02 1.215579842913985908e+00 1.236522304937581085e+00
7.037888260568130363e+02 1.236433518175455548e+00 1.235800646094354915e+00
7.037889217982346963e+02 1.241416477546648522e+00 1.235071398562339606e+00
7.037890175396562427e+02 1.217123982054627795e+00 1.234334492161603736e+00
7.037891132810777890e+02 1.260624779120001593e+00 1.233589856341484436e+00
7.037892090224993353e+02 1.227149404323114590e+00 1.232837420195943778e+00
7.037893047639208817e+02 1.245640406236320219e+00 1.232077112475307601e+00
7.037894005053425417e+02 1.242624347948088293e+00 1.231308861598672033e+00
7.037894962467640880e+02 1.210169954063704978e+00 1.230532595671639751e+00
7.037895919881856344e+02 1.232237261286229346e+00 1.229748242495699140e+00
7.037896877296071807e+02 1.211668642387217387e+00 1.228955729587523082e+00
7.037897834710287270e+02 1.237246794606190026e+00 1.228154984194556265e+00
7.037898792124503871e+02 1.226086752271606350e+00 1.227345933311407178e+00
7.037899749538719334e+02 1.238523763063915872e+00 1.226528503701952433e+00
7.037900706952934797e+02 1.235842552575251219e+00 1.225702621912750256e+00
7.037901664367150261e+02 1.229039683962886542e+00 1.224868214297003988e+00
7.037902621781365724e+02 1.205307262319637251e+00 1.224025207034732166e+00
7.037903579195582324e+02 1.229419625361735102e+00 1.223173526153896074e+00
7.037904536609797788e+02 1.205388758568843643e+00 1.222313097557657047e+00
7.037905494024013251e+02 1.217419769541793428e+00 1.221443847042604558e+00
7.037906451438228714e+02 1.241842433393483880e+00 1.220565700328213543e+00
7.037907408852444178e+02 1.232887583461189429e+00 1.219678583082427048e+00
7.037908366266660778e+02 1.222680824387038623e+00 1.218782420948376854e+00
7.037909323680876241e+02 1.237777677234572327e+00 1.217877139577685508e+00
7.037910281095091705e+02 1.226120568751466022e+00 1.216962664654395843e+00
7.037911238509307168e+02 1.215737552908300545e+00 1.216038921930850059e+00
7.037912195923522631e+02 1.216345934388505023e+00 1.215105837259634169e+00
7.037913153337738095e+02 1.223661371613691262e+00 1.214163336627979151e+00
7.037914110751954695e+02 1.237189432965100311e+00 1.213211346192480278e+00
7.037915068166170158e+02 1.208554438227409378e+00 1.212249792320973629e+00
7.037916025580385622e+02 1.226478372076253098e+00 1.211278601624637741e+00
7.037916982994601085e+02 1.231772553441526252e+00 1.210297701002969184e+00
7.037917940408816548e+02 1.199891815597082800e+00 1.209307017684751351e+00
7.037918897823033149e+02 1.214346172803746349e+00 1.208306479270635725e+00
7.037919855237248612e+02 1.224413294296317067e+00 1.207296013783401234e+00
7.037920812651464075e+02 1.217232501917061560e+00 1.206275549708096806e+00
7.037921770065679539e+02 1.193350006125089680e+00 1.205245016045879414e+00
7.037922727479895002e+02 1.202270695662022382e+00 1.204204342363798919e+00
7.037923684894111602e+02 1.198785461977136757e+00 1.203153458846441648e+00
7.037924642308327066e+02 1.209740159567203710e+00 1.202092296355805390e+00
7.037925599722542529e+02 1.189160170528075877e+00 1.201020786480716307e+00
7.037926557136757992e+02 1.206602661743699567e+00 1.199938861600791995e+00
7.037927514550973456e+02 1.214318099878137103e+00 1.198846454946326023e+00
7.037928471965190056e+02 1.197143385896024759e+00 1.197743500660281679e+00
7.037929429379405519e+02 1.202899378114371975e+00 1.196629933869104434e+00
7.037930386793620983e+02 1.196016590039495453e+00 1.195505690742724392e+00
7.037931344207836446e+02 1.215186741424778560e+00 1.194370708569995276e+00
7.037932301622051909e+02 1.207443650318106076e+00 1.193224925830020045e+00
7.037933259036268510e+02 1.191568648188898072e+00 1.192068282265863033e+00
7.037934216450483973e+02 1.187333427002742692e+00 1.190900718967673466e+00
7.037935173864699436e+02 1.205672203388199692e+00 1.189722178444638789e+00
7.037936131278914900e+02 1.184974229522281375e+00 1.188532604713293583e+00
7.037937088693130363e+02 1.188816818050417945e+00 1.187331943381670252e+00
7.037938046107346963e+02 1.200755936534350976e+00 1.186120141736114242e+00
7.037939003521562427e+02 1.198798559418504661e+00 1.184897148838112146e+00
7.037939960935777890e+02 1.202149241248759548e+00 1.183662915609572153e+00
7.037940918349993353e+02 1.164076037508582573e+00 1.182417394935381116e+00
7.037941875764208817e+02 1.215903010149272712e+00 1.181160541761750116e+00
7.037942833178425417e+02 1.174372795386863455e+00 1.179892313197482778e+00
7.037943790592640880e+02 1.181368352997808069e+00 1.178612668625856008e+00
7.037944748006856344e+02 1.188732773864737080e+00 1.177321569804532286e+00
7.037945705421071807e+02 1.190467164399684474e+00 1.176018980983673634e+00
7.037946662835287270e+02 1.167443152033838194e+00 1.174704869019742137e+00
7.037947620249503871e+02 1.184681293542294567e+00 1.173379203492463052e+00
7.037948577663719334e+02 1.205801822514861676e+00 1.172041956832956977e+00
7.037949535077934797e+02 1.170134354264916965e+00 1.170693104439444188e+00
7.037950492492150261e+02 1.199957816661846755e+00 1.169332624812023269e+00
7.037951449906365724e+02 1.154838858964478021e+00 1.167960499682995978e+00
7.037952407320582324e+02 1.161649944728161410e+00 1.166576714150520111e+00
7.037953364734797788e+02 1.170169487327543667e+00 1.165181256823944356e+00
7.037954322149013251e+02 1.178409712715157376e+00 1.163774119956160646e+00
7.037955279563228714e+02 1.168096279438150420e+00 1.162355299595855707e+00
7.037956236977444178e+02 1.154410471182022890e+00 1.160924795735059023e+00
7.037957194391660778e+02 1.154585283801724094e+00 1.159482612460112305e+00
7.037958151805876241e+02 1.160679100334147673e+00 1.158028758114724166e+00
7.037959109220091705e+02 1.171995777309768449e+00 1.156563245449385713e+00
7.037960066634307168e+02 1.159846123739179724e+00 1.155086091791391656e+00
7.037961024048522631e+02 1.153235169279070993e+00 1.153597319209792360e+00
7.037961981462738095e+02 1.139127748844697363e+00 1.152096954685504882e+00
7.037962938876954695e+02 1.156092183349108016e+00 1.150585030283046484e+00
7.037963896291170158e+02 1.163038276475967914e+00 1.149061583334650027e+00
7.037964853705385622e+02 1.149322806599046842e+00 1.147526656609748619e+00
7.037965811119601085e+02 1.163721690705612932e+00 1.145980298505689943e+00
7.037966768533816548e+02 1.152660646219023199e+00 1.144422563232709855e+00
7.037967725948033149e+02 1.149325584567952641e+00 1.142853511001975297e+00
7.037968683362248612e+02 1.161165493969246620e+00 1.141273208226021962e+00
7.037969640776464075e+02 1.138461121007411370e+00 1.139681727703520719e+00
7.037970598190679539e+02 1.157939049064907966e+00 1.138079148825519304e+00
7.037971555604895002e+02 1.148676978141814464e+00 1.136465557775135915e+00
7.037972513019111602e+02 1.142261669495629350e+00 1.134841047729785668e+00
7.037973470433327066e+02 1.132669598661672161e+00 1.133205719075547346e+00
7.037974427847542529e+02 1.128733151701197368e+00 1.131559679604532853e+00
7.037975385261757992e+02 1.148671447353941666e+00 1.129903044733686412e+00
7.037976342675973456e+02 1.135362826014816751e+00 1.128235937715908799e+00
7.037977300090190056e+02 1.111118016225219218e+00 1.126558489852868217e+00
7.037978257504405519e+02 1.143567055714342029e+00 1.124870840719325304e+00
7.037979214918620983e+02 1.123175051342203190e+00 1.123173138368838586e+00
7.037980172332836446e+02 1.147269560525568499e+00 1.121465539560429825e+00
7.037981129747051909e+02 1.111126402018001613e+00 1.119748209976102249e+00
7.037982087161268510e+02 1.124423703162556132e+00 1.118021324438792430e+00
7.037983044575483973e+02 1.138750965221160483e+00 1.116285067140791787e+00
7.037984001989699436e+02 1.123786496295463566e+00 1.114539631851530599e+00
7.037984959403914900e+02 1.100454809686200575e+00 1.112785222145392439e+00
7.037985916818130363e+02 1.095255266513115222e+00 1.111022051618466122e+00
7.037986874232346963e+02 1.112181242981709506e+00 1.109250344104026009e+00
7.037987831646562427e+02 1.113562463969295369e+00 1.107470333896933390e+00
7.037988789060777890e+02 1.096395843529002434e+00 1.105682265954956112e+00
7.037989746474993353e+02 1.079767161160259281e+00 1.103886396118631152e+00
7.037990703889208817e+02 1.116203897995404093e+00 1.102082991317679950e+00
7.037991661303425417e+02 1.097217107386738499e+00 1.100272329773925417e+00
7.037992618717640880e+02 1.069009930172288625e+00 1.098454701211032614e+00
7.037993576131856344e+02 1.112930647317715405e+00 1.096630407038252208e+00
7.037994533546071807e+02 1.105899701269278834e+00 1.094799760550627887e+00
7.037995490960287270e+02 1.087774720310867860e+00 1.092963087112855947e+00
7.037996448374503871e+02 1.093211840222868547e+00 1.091120724336893000e+00
7.037997405788719334e+02 1.061055877060323338e+00 1.089273022263685942e+00
7.037998363202934797e+02 1.095373320405888418e+00 1.087420343515554721e+00
7.037999320617150261e+02 1.080020148972344884e+00 1.085563063462322786e+00
7.038000278031365724e+02 1.064846074751789828e+00 1.083701570367713973e+00
7.038001235445582324e+02 1.084747433848848530e+00 1.081836265526214813e+00
7.038002192859797788e+02 1.093996212384523270e+00 1.079967563400803021e+00
7.038003150274013251e+02 1.093569700199949590e+00 1.078095891727565148e+00
7.038004107688228714e+02 1.078589014434171656e+00 1.076221691630759647e+00
7.038005065102444178e+02 1.057050811423114300e+00 1.074345417714348105e+00
7.038006022516660778e+02 1.070621725535530588e+00 1.072467538140257082e+00
7.038006979930876241e+02 1.075377557728654399e+00 1.070588534703763361e+00
7.038007937345091705e+02 1.063683799465982904e+00 1.068708902871737143e+00
7.038008894759307168e+02 1.045429493965079004e+00 1.066829151827541233e+00
7.038009852173522631e+02 1.065030652287397572e+00 1.064949804488323215e+00
7.038010809587738095e+02 1.056173184762265516e+00 1.063071397507255433e+00
7.038011767001954695e+02 1.048644808497745773e+00 1.061194481255449906e+00
7.038012724416170158e+02 1.055275170396665629e+00 1.059319619796089906e+00
7.038013681830385622e+02 1.051687734526839169e+00 1.057447390816536048e+00
7.038014639244601085e+02 1.051975086823662142e+00 1.055578385562177202e+00
7.038015596658816548e+02 1.042982662939136551e+00 1.053713208737777851e+00
7.038016554073033149e+02 1.067136114003105929e+00 1.051852478386709144e+00
7.038017511487248612e+02 1.059607331654023321e+00 1.049996825758304553e+00
7.038018468901464075e+02 1.039829460494961610e+00 1.048146895129453471e+00
7.038019426315679539e+02 1.043536390639179690e+00 1.046303343623895321e+00
7.038020383729895002e+02 1.021716344462357151e+00 1.044466840995350809e+00
7.038021341144111602e+02 1.040461464172264039e+00 1.042638069384915767e+00
7.038022298558327066e+02 1.030267918899942403e+00 1.040817723062878564e+00
7.038023255972542529e+02 1.017282085427848592e+00 1.039006508121802064e+00
7.038024213386757992e+02 1.044535054044522848e+00 1.037205142163755589e+00
7.038025170800973456e+02 1.024540593495552265e+00 1.035414353948576949e+00
7.038026128215190056e+02 1.050826847214233917e+00 1.033634883013650807e+00
7.038027085629405519e+02 1.027292423597096382e+00 1.031867479275274668e+00
7.038028043043620983e+02 1.011783635543530346e+00 1.030112902579606526e+00
7.038029000457836446e+02 1.014126639852163558e+00 1.028371922245173042e+00
7.038029957872051909e+02 1.017642830166558987e+00 1.026645316565006461e+00
7.038030915286268510e+02 1.027538099908190450e+00 1.024933872278944724e+00
7.038031872700483973e+02 1.034343325051033435e+00 1.023238384026083247e+00
7.038032830114699436e+02 1.026688015117772412e+00 1.021559653746953567e+00
7.038033787528914900e+02 1.009649942263726619e+00 1.019898490076191155e+00
7.038034744943130363e+02 1.004177832924206815e+00 1.018255707695351120e+00
7.038035702357346963e+02 1.014710640084023341e+00 1.016632126656486834e+00
7.038036659771562427e+02 1.015311544049159131e+00 1.015028571686345638e+00
7.038037617185777890e+02 1.015005553045404962e+00 1.013445871442818502e+00
7.038038574599993353e+02 1.009082266989729026e+00 1.011884857762781698e+00
7.038039532014208817e+02 1.000360852825100011e+00 1.010346364873054403e+00
7.038040489428425417e+02 1.004408760020264690e+00 1.008831228575095995e+00
7.038041446842640880e+02 9.923237222628292775e-01 1.007340285413149239e+00
7.038042404256856344e+02 1.011146116675186502e+00 1.005874371799937439e+00
7.038043361671071807e+02 9.997359881186840269e-01 1.004434323137015639e+00
7.038044319085287270e+02 1.008272892182032976e+00 1.003020972903967856e+00
7.038045276499503871e+02 1.002884730289925086e+00 1.001635151727016337e+00
7.038046233913719334e+02 9.839429847676957053e-01 1.000277686436494839e+00
7.038047191327934797e+02 9.768361019520011013e-01 9.989493990901529008e-01
7.038048148742150261e+02 9.933699955697000705e-01 9.976511059968775630e-01
7.038049106156365724e+02 9.699880249752965700e-01 9.963836167178427017e-01
7.038050063570582324e+02 9.752437920145281547e-01 9.951477330554538980e-01
7.038051020984797788e+02 9.884710073284920240e-01 9.939442480391301737e-01
7.038051978399013251e+02 9.945469697573020573e-01 9.927739448880733564e-01
7.038052935813228714e+02 9.764894290351898709e-01 9.916375959825297626e-01
7.038053893227444178e+02 9.791138141837079090e-01 9.905359618236719843e-01
7.038054850641660778e+02 9.781056624741639727e-01 9.894697899920517070e-01
7.038055808055876241e+02 9.883699481165079126e-01 9.884398141130265047e-01
7.038056765470091705e+02 9.954112019371677000e-01 9.874467528127182092e-01
7.038057722884307168e+02 9.666974970915003240e-01 9.864913086923224883e-01
7.038058680298522631e+02 9.711754232280976895e-01 9.855741673042118789e-01
7.038059637712738095e+02 9.727971185124517639e-01 9.846959961400868488e-01
7.038060595126954695e+02 9.738288158967878250e-01 9.838574436315231653e-01
7.038061552541170158e+02 9.764430111757402830e-01 9.830591381714114396e-01
7.038062509955385622e+02 9.694223993241790627e-01 9.823016871440962694e-01
7.038063467369601085e+02 9.737604448373714527e-01 9.815856759867532810e-01
7.038064424783816548e+02 9.692799088524233220e-01 9.809116672695543659e-01
7.038065382198033149e+02 9.864705744689417077e-01 9.802801998025469921e-01
7.038066339612248612e+02 9.653120033147956081e-01 9.796917877751681880e-01
7.038067297026464075e+02 9.628161378269621817e-01 9.791469199197646578e-01
7.038068254440679539e+02 9.799212793291968149e-01 9.786460587165571878e-01
7.038069211854895002e+02 9.735636492095467442e-01 9.781896396310351127e-01
7.038070169269111602e+02 9.864762143398272398e-01 9.777780703902018145e-01
7.038071126683327066e+02 9.676702296413737248e-01 9.774117303019164149e-01
7.038072084097542529e+02 9.682736237806082169e-01 9.770909696122179744e-01
7.038073041511757992e+02 9.812097653349285409e-01 9.768161089123859053e-01
7.038073998925973456e+02 9.760737297336159468e-01 9.765874385901226473e-01
7.038074956340190056e+02 9.668153098400831258e-01 9.764052183294311682e-01
7.038075913754405519e+02 9.615203495506664533e-01 9.762696766614423760e-01
7.038076871168620983e+02 9.915942641274786418e-01 9.761810105645141178e-01
7.038077828582836446e+02 9.694044844179019460e-01 9.761393851192110560e-01
7.038078785997051909e+02 9.604022929694048250e-01 9.761449332158963488e-01
7.038079743411268510e+02 9.896639169071099751e-01 9.761977553173818434e-01
7.038080700825483973e+02 9.727202907201923932e-01 9.762979192766806369e-01
7.038081658239699436e+02 9.915912006662122025e-01 9.764454602115426596e-01
7.038082615653914900e+02 9.689558028680332891e-01 9.766403804349390594e-01
7.038083573068130363e+02 9.692880221632736992e-01 9.768826494425305595e-01
7.038084530482346963e+02 9.641207155740076917e-01 9.771722039572855456e-01
7.038085487896562427e+02 9.698337233574696459e-01 9.775089480289760324e-01
7.038086445310777890e+02 9.582424440660706200e-01 9.778927531935388551e-01
7.038087402724993353e+02 9.888571642210093326e-01 9.783234586849292036e-01
7.038088360139208817e+02 9.635065504905816480e-01 9.788008717038167994e-01
7.038089317553425417e+02 9.789417672233015066e-01 9.793247677409691043e-01
7.038090274967640880e+02 9.711849932329651436e-01 9.798948909507835259e-01
7.038091232381856344e+02 9.847586564536946474e-01 9.805109545832491058e-01
7.038092189796071807e+02 1.003479207648897420e+00 9.811726414605498325e-01
7.038093147210287270e+02 9.928099987554050987e-01 9.818796045060120825e-01
7.038094104624503871e+02 9.744898036077122017e-01 9.826314673210438944e-01
7.038095062038719334e+02 9.889889367860297265e-01 9.834278248034213910e-01
7.038096019452934797e+02 9.849100774977535000e-01 9.842682438185350602e-01
7.038096976867150261e+02 1.002125016638980792e+00 9.851522639037169071e-01
7.038097934281365724e+02 9.874972216731489061e-01 9.860793980167599226e-01
7.038098891695582324e+02 9.974735818655748876e-01 9.870491333223313513e-01
7.038099849109797788e+02 9.888049373556758725e-01 9.880609320077995417e-01
7.038100806524013251e+02 1.001046722681278922e+00 9.891142321434770457e-01
7.038101763938228714e+02 9.907442561693353689e-01 9.902084485617750342e-01
7.038102721352444178e+02 9.828692829407776888e-01 9.913429737698900013e-01
7.038103678766660778e+02 9.926348411486145551e-01 9.925171788880632340e-01
7.038104636180876241e+02 1.001679702104442127e+00 9.937304146034758867e-01
7.038105593595091705e+02 1.005472785936326163e+00 9.949820121581849364e-01
7.038106551009307168e+02 1.000577424483692690e+00 9.962712843405768792e-01
7.038107508423522631e+02 1.008936444709969571e+00 9.975975264985003088e-01
7.038108465837738095e+02 9.921740157617449096e-01 9.989600175631773160e-01
7.038109423251954695e+02 9.890294313795623404e-01 1.000358021084339910e+00
7.038110380666170158e+02 1.018702731238025905e+00 1.001790786263969224e+00
7.038111338080385622e+02 9.973278946815958834e-01 1.003257549011109084e+00
7.038112295494601085e+02 1.008011593079831902e+00 1.004757532982062607e+00
7.038113252908816548e+02 1.022255737842198808e+00 1.006289950628332042e+00
7.038114210323033149e+02 9.963348703192335121e-01 1.007854004241941936e+00
7.038115167737248612e+02 1.016763861607896446e+00 1.009448886986262117e+00
7.038116125151464075e+02 1.035752562626588880e+00 1.011073783938078785e+00
7.038117082565679539e+02 1.026019443864972569e+00 1.012727873101619824e+00
7.038118039979895002e+02 1.014881670866936814e+00 1.014410326420271069e+00
7.038118997394111602e+02 1.045342624774656004e+00 1.016120310775008972e+00
7.038119954808327066e+02 1.019164855724978835e+00 1.017856988957292819e+00
7.038120912222542529e+02 1.039272227033146034e+00 1.019619520645213440e+00
7.038121869636757992e+02 1.032793637136933285e+00 1.021407063340643129e+00
7.038122827050973456e+02 1.052264068460415425e+00 1.023218773296234785e+00
7.038123784465190056e+02 1.046235590625440137e+00 1.025053806420926916e+00
7.038124741879405519e+02 1.036280657125673077e+00 1.026911319151523339e+00
7.038125699293620983e+02 1.053919423411885381e+00 1.028790469321904322e+00
7.038126656707836446e+02 1.037622054668984939e+00 1.030690416985206248e+00
7.038127614122051909e+02 1.036914849210688105e+00 1.032610325220598924e+00
7.038128571536268510e+02 1.039278585652309461e+00 1.034549360913100680e+00
7.038129528950483973e+02 1.040775712701264233e+00 1.036506695493973007e+00
7.038130486364699436e+02 1.051853783902719552e+00 1.038481505675637129e+00
7.038131443778914900e+02 1.045914745494709752e+00 1.040472974134524664e+00
7.038132401193130363e+02 1.038911852822231641e+00 1.042480290175883173e+00
7.038133358607346963e+02 1.041714580754172781e+00 1.044502650368854146e+00
7.038134316021562427e+02 1.061394526225746260e+00 1.046539259139405820e+00
7.038135273435777890e+02 1.052858660525931356e+00 1.048589329357036526e+00
7.038136230849993353e+02 1.067347891327581122e+00 1.050652082867154391e+00
7.038137188264208817e+02 1.061999138206716431e+00 1.052726751005124362e+00
7.038138145678425417e+02 1.045419491544356427e+00 1.054812575080194881e+00
7.038139103092640880e+02 1.085955041165002966e+00 1.056908806816983404e+00
7.038140060506856344e+02 1.065154536322427958e+00 1.059014708791954584e+00
7.038141017921071807e+02 1.039073857804770240e+00 1.061129554815668286e+00
7.038141975335287270e+02 1.064369480543294166e+00 1.063252630298298973e+00
7.038142932749503871e+02 1.065551990084572909e+00 1.065383232586561313e+00
7.038143890163719334e+02 1.084872167895008177e+00 1.067520671259810650e+00
7.038144847577934797e+02 1.065200560922053397e+00 1.069664268423832665e+00
7.038145804992150261e+02 1.069938650997671603e+00 1.071813358952310669e+00
7.038146762406365724e+02 1.079107379552828760e+00 1.073967290714526124e+00
7.038147719820582324e+02 1.087410457875509273e+00 1.076125424777369499e+00
7.038148677234797788e+02 1.069453424404791742e+00 1.078287135569497623e+00
7.038149634649013251e+02 1.081305321536434327e+00 1.080451811046819532e+00
7.038150592063228714e+02 1.093666965699153337e+00 1.082618852808814980e+00
7.038151549477444178e+02 1.088781629909554072e+00 1.084787676204888252e+00
7.038152506891660778e+02 1.098632610059761427e+00 1.086957710418764655e+00
7.038153464305876241e+02 1.096895302805650951e+00 1.089128398518830476e+00
7.038154421720091705e+02 1.083727055244837922e+00 1.091299197513901698e+00
7.038155379134307168e+02 1.092942292538824356e+00 1.093469578363698957e+00
7.038156336548522631e+02 1.095745071912434865e+00 1.095639025983523807e+00
7.038157293962738095e+02 1.085834054837500506e+00 1.097807039228501091e+00
7.038158251376954695e+02 1.095628029078201671e+00 1.099973130863375781e+00
7.038159208791170158e+02 1.097309961277194823e+00 1.102136827503264582e+00
7.038160166205385622e+02 1.086682758714046182e+00 1.104297669564762607e+00
7.038161123619601085e+02 1.121824810916769666e+00 1.106455211176784248e+00
7.038162081033816548e+02 1.119476066500143974e+00 1.108609020090525865e+00
7.038163038448033149e+02 1.111332540709119687e+00 1.110758677576471287e+00
7.038163995862248612e+02 1.108448083914502558e+00 1.112903778296482571e+00
7.038164953276464075e+02 1.136988657106878131e+00 1.115043930190027455e+00
7.038165910690679539e+02 1.125477058203995240e+00 1.117178754324240630e+00
7.038166868104895002e+02 1.129470574552043027e+00 1.119307884746863380e+00
7.038167825519111602e+02 1.130097674960467424e+00 1.121430968329963918e+00
7.038168782933327066e+02 1.118646489978105896e+00 1.123547664592587925e+00
7.038169740347542529e+02 1.114510073638339760e+00 1.125657645540816265e+00
7.038170697761757992e+02 1.125997209283605471e+00 1.127760595475462146e+00
7.038171655175973456e+02 1.137826391882304389e+00 1.129856210805888717e+00
7.038172612590190056e+02 1.129608062867731855e+00 1.131944199857888744e+00
7.038173570004405519e+02 1.135744960064053455e+00 1.134024282663897765e+00
7.038174527418620983e+02 1.129626074336153918e+00 1.136096190773275838e+00
7.038175484832836446e+02 1.152916882948902488e+00 1.138159667033618483e+00
7.038176442247051909e+02 1.148079857883867350e+00 1.140214465380846587e+00
7.038177399661268510e+02 1.150075972235006017e+00 1.142260350626107535e+00
7.038178357075483973e+02 1.149216732461768586e+00 1.144297098227896159e+00
7.038179314489699436e+02 1.146076319653044129e+00 1.146324494086279566e+00
7.038180271903914900e+02 1.164418520157092019e+00 1.148342334311074353e+00
7.038181229318130363e+02 1.149734966547957482e+00 1.150350425000862042e+00
7.038182186732346963e+02 1.162691320988375576e+00 1.152348582021008649e+00
7.038183144146562427e+02 1.153573198057576743e+00 1.154336630769291938e+00
7.038184101560777890e+02 1.191286320358572404e+00 1.156314405965046310e+00
7.038185058974993353e+02 1.176270360209708210e+00 1.158281751414714567e+00
7.038186016389208817e+02 1.162106494116599054e+00 1.160238519789736023e+00
7.038186973803425417e+02 1.166338625508678506e+00 1.162184572405119187e+00
7.038187931217640880e+02 1.153810259948765848e+00 1.164119778987511067e+00
7.038188888631856344e+02 1.167315192057014839e+00 1.166044017467660954e+00
7.038189846046071807e+02 1.163999344204716735e+00 1.167957173751296374e+00
7.038190803460287270e+02 1.166776717945360309e+00 1.169859141503343025e+00
7.038191760874503871e+02 1.159465777002546272e+00 1.171749821934032099e+00
7.038192718288719334e+02 1.157079411318379769e+00 1.173629123575979039e+00
7.038193675702934797e+02 1.199587372519492323e+00 1.175496962086040709e+00
7.038194633117150261e+02 1.167504229786574088e+00 1.177353260027219628e+00
7.038195590531365724e+02 1.176495808537348475e+00 1.179197946664479080e+00
7.038196547945582324e+02 1.173746033279178924e+00 1.181030957763268718e+00
7.038197505359797788e+02 1.170782234636349450e+00 1.182852235380112305e+00
7.038198462774013251e+02 1.185559843671622815e+00 1.184661727677976950e+00
7.038199420188228714e+02 1.162202914819361999e+00 1.186459388723000385e+00
7.038200377602444178e+02 1.168107495112470140e+00 1.188245178295336490e+00
7.038201335016660778e+02 1.162081677104208399e+00 1.190019061703217362e+00
7.038202292430876241e+02 1.187888183082855820e+00 1.191781009589871543e+00
7.038203249845091705e+02 1.206800256047869446e+00 1.193530997764912893e+00
7.038204207259307168e+02 1.188262407405215493e+00 1.195269007018126883e+00
7.038205164673522631e+02 1.202993246909773717e+00 1.196995022947320297e+00
7.038206122087738095e+02 1.214577001479272278e+00 1.198709035787604460e+00
7.038207079501954695e+02 1.210492530238118869e+00 1.200411040246259775e+00
7.038208036916170158e+02 1.217010947308608815e+00 1.202101035331105683e+00
7.038208994330385622e+02 1.201973529583567846e+00 1.203779024202660031e+00
7.038209951744601085e+02 1.178913091450672912e+00 1.205445014009680182e+00
7.038210909158816548e+02 1.193789984450982722e+00 1.207099015738424930e+00
7.038211866573033149e+02 1.204799062899218676e+00 1.208741044065427372e+00
7.038212823987248612e+02 1.207341949140078530e+00 1.210371117204118718e+00
7.038213781401464075e+02 1.206543991250208281e+00 1.211989256774497870e+00
7.038214738815679539e+02 1.236456675737502842e+00 1.213595487656830674e+00
7.038215696229895002e+02 1.203319999162486109e+00 1.215189837858634769e+00
7.038216653644111602e+02 1.186275570421704062e+00 1.216772338385065710e+00
7.038217611058327066e+02 1.176525768429272034e+00 1.218343023103380940e+00
7.038218568472542529e+02 1.207488245510726976e+00 1.219901928629598897e+00
7.038219525886757992e+02 1.219084965807448739e+00 1.221449094199727803e+00
7.038220483300973456e+02 1.203049199192293361e+00 1.222984561553751792e+00
7.038221440715190056e+02 1.229860868895187753e+00 1.224508374822820267e+00
7.038222398129405519e+02 1.203313317601840682e+00 1.226020580410660532e+00
7.038223355543620983e+02 1.233627552712329711e+00 1.227521226896267414e+00
7.038224312957836446e+02 1.219408985067487183e+00 1.229010364921629739e+00
7.038225270372051909e+02 1.222145971618449733e+00 1.230488047091627291e+00
7.038226227786268510e+02 1.220837228192497514e+00 1.231954327876881639e+00
7.038227185200483973e+02 1.238473404894580021e+00 1.233409263510919507e+00
7.038228142614699436e+02 1.228636239089393234e+00 1.234852911907663664e+00
7.038229100028914900e+02 1.216909326470626329e+00 1.236285332564380113e+00
7.038230057443130363e+02 1.236171721428952486e+00 1.237706586476176041e+00
7.038231014857346963e+02 1.237109127863259328e+00 1.239116736053183176e+00
7.038231972271562427e+02 1.239539087967363340e+00 1.240515845032098108e+00
7.038232929685777890e+02 1.232007698098350090e+00 1.241903978407106202e+00
7.038233887099993353e+02 1.231044068723505580e+00 1.243281202346645076e+00
7.038234844514208817e+02 1.233147171786372231e+00 1.244647584121092443e+00
7.038235801928425417e+02 1.244463878930191170e+00 1.246003192032861362e+00
7.038236759342640880e+02 1.221129041679881677e+00 1.247348095340884200e+00
7.038237716756856344e+02 1.241212253702153712e+00 1.248682364203546280e+00
7.038238674171071807e+02 1.257497730084513154e+00 1.250006069607822567e+00
7.038239631585287270e+02 1.240076101684443044e+00 1.251319283308729435e+00
7.038240588999503871e+02 1.241202643329729627e+00 1.252622077770896958e+00
7.038241546413719334e+02 1.242884058001751502e+00 1.253914526104569660e+00
7.038242503827934797e+02 1.247599491265969140e+00 1.255196702019146349e+00
7.038243461242150261e+02 1.250725455462063040e+00 1.256468679763269369e+00
7.038244418656365724e+02 1.273028105392826070e+00 1.257730534074648299e+00
7.038245376070582324e+02 1.261236297195656553e+00 1.258982340131732158e+00
7.038246333484797788e+02 1.255976117869116671e+00 1.260224173499840061e+00
7.038247290899013251e+02 1.261195819790853712e+00 1.261456110093968963e+00
7.038248248313228714e+02 1.259644879727036981e+00 1.262678226128490788e+00
7.038249205727444178e+02 1.253905579347238453e+00 1.263890598076024219e+00
7.038250163141660778e+02 1.254189990536763055e+00 1.265093302627906313e+00
7.038251120555876241e+02 1.264153493812335549e+00 1.266286416649164304e+00
7.038252077970091705e+02 1.277835826570962174e+00 1.267470017149333383e+00
7.038253035384307168e+02 1.281438782822874600e+00 1.268644181240514257e+00
7.038253992798522631e+02 1.267915649412030277e+00 1.269808986104067561e+00
7.038254950212738095e+02 1.257740574567735248e+00 1.270964508957322936e+00
7.038255907626954695e+02 1.257105727746898216e+00 1.272110827023030133e+00
7.038256865041170158e+02 1.273613653315317729e+00 1.273248017493382900e+00
7.038257822455385622e+02 1.255327519887710297e+00 1.274376157508952057e+00
7.038258779869601085e+02 1.276548932638422063e+00 1.275495324125265562e+00
7.038259737283816548e+02 1.271680402752642047e+00 1.276605594287444800e+00
7.038260694698033149e+02 1.280021277477531250e+00 1.277707044805969527e+00
7.038261652112248612e+02 1.290119609607959239e+00 1.278799752327068662e+00
7.038262609526464075e+02 1.264468916209836591e+00 1.279883793317300622e+00
7.038263566940679539e+02 1.292871363250388761e+00 1.280959244036124600e+00
7.038264524354895002e+02 1.287059563458928579e+00 1.282026180516068870e+00
7.038265481769111602e+02 1.289840460750041329e+00 1.283084678543853663e+00
7.038266439183327066e+02 1.301029698215439234e+00 1.284134813636216066e+00
7.038267396597542529e+02 1.294960568731457373e+00 1.285176661029240774e+00
7.038268354011757992e+02 1.294671046982925011e+00 1.286210295656027069e+00
7.038269311425973456e+02 1.270966825919731313e+00 1.287235792131530276e+00
7.038270268840190056e+02 1.274994273479799656e+00 1.288253224738200364e+00
7.038271226254405519e+02 1.283325700414508441e+00 1.289262667406415819e+00
7.038272183668620983e+02 1.298684831851620647e+00 1.290264193707778118e+00
7.038273141082836446e+02 1.282172956701798983e+00 1.291257876837084817e+00
7.038274098497051909e+02 1.303929854604152672e+00 1.292243789601094539e+00
7.038275055911268510e+02 1.305448462090515571e+00 1.293222004407945658e+00
7.038276013325483973e+02 1.301492842840295205e+00 1.294192593251470402e+00
7.038276970739699436e+02 1.298718551343365890e+00 1.295155627707774482e+00
7.038277928153914900e+02 1.273754450090900159e+00 1.296111178920829055e+00
7.038278885568130363e+02 1.306509785668587442e+00 1.297059317594501771e+00
7.038279842982346963e+02 1.324304041679352562e+00 1.298000113985119830e+00
7.038280800396562427e+02 1.290976578907813144e+00 1.298933637889034820e+00
7.038281757810777890e+02 1.289434283547530979e+00 1.299859958641895963e+00
7.038282715224993353e+02 1.306566249352508757e+00 1.300779145107270551e+00
7.038283672639208817e+02 1.319248357915292269e+00 1.301691265671369280e+00
7.038284630053425417e+02 1.295874122007873996e+00 1.302596388238212333e+00
7.038285587467640880e+02 1.282394180650716420e+00 1.303494580219895393e+00
7.038286544881856344e+02 1.297060092875521153e+00 1.304385908538054029e+00
7.038287502296071807e+02 1.301012290098695345e+00 1.305270439614999001e+00
7.038288459710287270e+02 1.327512593064683388e+00 1.306148239370655828e+00
7.038289417124503871e+02 1.315981511039557850e+00 1.307019373219854730e+00
7.038290374538719334e+02 1.302284213583437600e+00 1.307883906064843949e+00
7.038291331952934797e+02 1.289036024353581222e+00 1.308741902298504511e+00
7.038292289367150261e+02 1.287559742360830040e+00 1.309593425797568322e+00
7.038293246781365724e+02 1.316693323752437639e+00 1.310438539921356504e+00
7.038294204195582324e+02 1.335584041742468031e+00 1.311277307510795742e+00
7.038295161609797788e+02 1.342350022163135259e+00 1.312109790882775240e+00
7.038296119024013251e+02 1.316773494100293540e+00 1.312936051834755924e+00
7.038297076438228714e+02 1.309910892749491129e+00 1.313756151639692726e+00
7.038298033852444178e+02 1.310944491426333736e+00 1.314570151046223545e+00
7.038298991266660778e+02 1.286639204671305992e+00 1.315378110279072033e+00
7.038299948680876241e+02 1.323843956075037909e+00 1.316180089034914902e+00
7.038300906095091705e+02 1.303026995630178764e+00 1.316976146488071819e+00
7.038301863509307168e+02 1.312564630339545735e+00 1.317766341286823240e+00
7.038302820923522631e+02 1.345768158330665987e+00 1.318550731554749333e+00
7.038303778337738095e+02 1.293917306456976446e+00 1.319329374891317519e+00
7.038304735751954695e+02 1.319054554813584579e+00 1.320102328373575995e+00
7.038305693166170158e+02 1.320119970538697007e+00 1.320869648553461007e+00
7.038306650580385622e+02 1.337235566586324920e+00 1.321631391464451299e+00
7.038307607994601085e+02 1.317544782516575141e+00 1.322387612619206898e+00
7.038308565408816548e+02 1.318522312656793094e+00 1.323138367011974736e+00
7.038309522823033149e+02 1.321189460330415955e+00 1.323883709121101093e+00
7.038310480237248612e+02 1.305417758330050804e+00 1.324623692907280326e+00
7.038311437651464075e+02 1.330399240984122988e+00 1.325358371820783754e+00
7.038312395065679539e+02 1.327652553534216739e+00 1.326087798799963524e+00
7.038313352479895002e+02 1.326538317656478450e+00 1.326812026274315492e+00
7.038314309894111602e+02 1.300170776867026978e+00 1.327531106167624930e+00
7.038315267308327066e+02 1.355471336399738824e+00 1.328245089896959330e+00
7.038316224722542529e+02 1.346088742643867020e+00 1.328954028380302521e+00
7.038317182136757992e+02 1.352739057407070788e+00 1.329657972035743096e+00
7.038318139550973456e+02 1.319978629516910251e+00 1.330356970785031789e+00
7.038319096965190056e+02 1.341625959459231687e+00 1.331051074057196582e+00
7.038320054379405519e+02 1.346301794680037300e+00 1.331740330788122595e+00
7.038321011793620983e+02 1.357053975192841655e+00 1.332424789428450662e+00
7.038321969207836446e+02 1.356694820989014616e+00 1.333104497943297551e+00
7.038322926622051909e+02 1.347218785641160155e+00 1.333779503816177048e+00
7.038323884036268510e+02 1.328496277074314724e+00 1.334449854052948137e+00
7.038324841450483973e+02 1.349227267295304733e+00 1.335115595181850745e+00
7.038325798864699436e+02 1.325536316021003636e+00 1.335776773261555306e+00
