7.037861217614699854e+02 1.309879914431722137e+00 1.312013159507948723e+00
7.037862175028915317e+02 1.316081074895563141e+00 1.311579707588479415e+00
7.037863132443130780e+02 1.328866065849743983e+00 1.311141598169931699e+00
7.037864089857347381e+02 1.306782894815958329e+00 1.310698784662938987e+00
7.037865047271562844e+02 1.321845845461588898e+00 1.310251220003287198e+00
7.037866004685778307e+02 1.299691400621160620e+00 1.309798856645444376e+00
7.037866962099993771e+02 1.293861793764077950e+00 1.309341646561402284e+00
7.037867919514209234e+02 1.281273385192639447e+00 1.308879541236953603e+00
7.037868876928425834e+02 1.315079872887663814e+00 1.308412491668002220e+00
7.037869834342641298e+02 1.300449160244540936e+00 1.307940448359724561e+00
7.037870791756856761e+02 1.315141543451528117e+00 1.307463361320249762e+00
7.037871749171072224e+02 1.292469599278791126e+00 1.306981180059962888e+00
7.037872706585287688e+02 1.305357778387006951e+00 1.306493853588126530e+00
7.037873663999504288e+02 1.302975892421475823e+00 1.306001330409553685e+00
7.037874621413719751e+02 1.299001227869323039e+00 1.305503558524315100e+00
7.037875578827935215e+02 1.290248469596124936e+00 1.305000485421687229e+00
7.037876536242150678e+02 1.305175448898849400e+00 1.304492058080052308e+00
7.037877493656366141e+02 1.281304464740227633e+00 1.303978222964000233e+00
7.037878451070582742e+02 1.303209483614729880e+00 1.303458926021506592e+00
7.037879408484798205e+02 1.302640816071136243e+00 1.302934112684335455e+00
7.037880365899013668e+02 1.292899343764862374e+00 1.302403727862402771e+00
7.037881323313229132e+02 1.313337626247335743e+00 1.301867715944440285e+00
7.037882280727444595e+02 1.294765685410470102e+00 1.301326020795737559e+00
7.037883238141661195e+02 1.281536347342870030e+00 1.300778585755998362e+00
7.037884195555876659e+02 1.288779891142203038e+00 1.300225353640626968e+00
7.037885152970092122e+02 1.285894830634910502e+00 1.299666266735679088e+00
7.037886110384307585e+02 1.293180931981860127e+00 1.299101266799491228e+00
7.037887067798523049e+02 1.287540570429376752e+00 1.298530295061261386e+00
7.037888025212738512e+02 1.266257120472245257e+00 1.297953292220480837e+00
7.037888982626955112e+02 1.325015414337880060e+00 1.297370198445880085e+00
7.037889940041170576e+02 1.315874262959904506e+00 1.296780953378071199e+00
7.037890897455386039e+02 1.286647795813400386e+00 1.296185496125493053e+00
7.037891854869601502e+02 1.289775385260149898e+00 1.295583765267516396e+00
7.037892812283816966e+02 1.292054361914251714e+00 1.294975698854355262e+00
7.037893769698033566e+02 1.294955888711227798e+00 1.294361234407200634e+00
7.037894727112249029e+02 1.313364478214114062e+00 1.293740308922294968e+00
7.037895684526464493e+02 1.291739464573661067e+00 1.293112858867995651e+00
7.037896641940679956e+02 1.285468890273144593e+00 1.292478820189432609e+00
7.037897599354895419e+02 1.293438325009071965e+00 1.291838128309851674e+00
7.037898556769112020e+02 1.269595414297558511e+00 1.291190718132244397e+00
7.037899514183327483e+02 1.295107847400408518e+00 1.290536524045179823e+00
7.037900471597542946e+02 1.284025261396446016e+00 1.289875479921312795e+00
7.037901429011758410e+02 1.272466770562245886e+00 1.289207519123942047e+00
7.037902386425973873e+02 1.275763834246808504e+00 1.288532574510141915e+00
7.037903343840190473e+02 1.282799263272347945e+00 1.287850578434251325e+00
7.037904301254405937e+02 1.276889652018908139e+00 1.287161462755860963e+00
7.037905258668621400e+02 1.319644246023821577e+00 1.286465158840137235e+00
7.037906216082836863e+02 1.269202219978954549e+00 1.285761597566707604e+00
7.037907173497052327e+02 1.303432639616846522e+00 1.285050709334993435e+00
7.037908130911268927e+02 1.280210015927373268e+00 1.284332424069999590e+00
7.037909088325484390e+02 1.287303304498529144e+00 1.283606671232906837e+00
7.037910045739699854e+02 1.316208126003493240e+00 1.282873379823675775e+00
7.037911003153915317e+02 1.271720917796035355e+00 1.282132478392741470e+00
7.037911960568130780e+02 1.292900105466041838e+00 1.281383895049047261e+00
7.037912917982347381e+02 1.305449467612112890e+00 1.280627557468643207e+00
7.037913875396562844e+02 1.303322348432689681e+00 1.279863392908427322e+00
7.037914832810778307e+02 1.278350252477574722e+00 1.279091328211559020e+00
7.037915790224993771e+02 1.292601495359734010e+00 1.278311289822541719e+00
7.037916747639209234e+02 1.287191973667384248e+00 1.277523203798535345e+00
7.037917705053425834e+02 1.263739832461411305e+00 1.276726995821365396e+00
7.037918662467641298e+02 1.267649838868153411e+00 1.275922591215038260e+00
7.037919619881856761e+02 1.286385269578221857e+00 1.275109914954597912e+00
7.037920577296072224e+02 1.263048844093356715e+00 1.274288891685255276e+00
7.037921534710287688e+02 1.274310500149167913e+00 1.273459445737665785e+00
7.037922492124504288e+02 1.279552874303080179e+00 1.272621501144039824e+00
7.037923449538719751e+02 1.278296725799149103e+00 1.271774981660168669e+00
7.037924406952935215e+02 1.286427805551067838e+00 1.270919810778446513e+00
7.037925364367150678e+02 1.272577192617918573e+00 1.270055911751826416e+00
7.037926321781366141e+02 1.293622094231619002e+00 1.269183207613841180e+00
7.037927279195582742e+02 1.281933771922259879e+00 1.268301621199627860e+00
7.037928236609798205e+02 1.276580541868955310e+00 1.267411075173300539e+00
7.037929194024013668e+02 1.277406539534575947e+00 1.266511492045983234e+00
7.037930151438229132e+02 1.268738580629430679e+00 1.265602794205478387e+00
7.037931108852444595e+02 1.289079447056562300e+00 1.264684903941934557e+00
7.037932066266661195e+02 1.283537145202364727e+00 1.263757743474708928e+00
7.037933023680876659e+02 1.234151884154432333e+00 1.262821234986048813e+00
7.037933981095092122e+02 1.262994367070422896e+00 1.261875300645100895e+00
7.037934938509307585e+02 1.259315226900263207e+00 1.260919862644304112e+00
7.037935895923523049e+02 1.249883623564833846e+00 1.259954843231730015e+00
7.037936853337738512e+02 1.253295727459352360e+00 1.258980164745998609e+00
7.037937810751955112e+02 1.265341186694188158e+00 1.257995749651545037e+00
7.037938768166170576e+02 1.229092857913474113e+00 1.257001520581326526e+00
7.037939725580386039e+02 1.263315295127321214e+00 1.255997400369454065e+00
7.037940682994601502e+02 1.268018838102446644e+00 1.254983312097175174e+00
7.037941640408816966e+02 1.257773849568561308e+00 1.253959179134761959e+00
7.037942597823033566e+02 1.238838827294310496e+00 1.252924925185104899e+00
7.037943555237249029e+02 1.252836087596253201e+00 1.251880474335300253e+00
7.037944512651464493e+02 1.269587299756453236e+00 1.250825751097836225e+00
7.037945470065679956e+02 1.258066133095515182e+00 1.249760680465988649e+00
7.037946427479895419e+02 1.256361468646008284e+00 1.248685187965100196e+00
7.037947384894112020e+02 1.229211337163822693e+00 1.247599199705840434e+00
7.037948342308327483e+02 1.242392533739753890e+00 1.246502642446054354e+00
7.037949299722542946e+02 1.245056935469749604e+00 1.245395443641877709e+00
7.037950257136758410e+02 1.238744310748966182e+00 1.244277531513972912e+00
7.037951214550973873e+02 1.245420538820609213e+00 1.243148835109635586e+00
7.037952171965190473e+02 1.257306562502243485e+00 1.242009284367184163e+00
7.037953129379405937e+02 1.216216830522254932e+00 1.240858810189557460e+00
7.037954086793621400e+02 1.244983694195087365e+00 1.239697344506854426e+00
7.037955044207836863e+02 1.246486421964575930e+00 1.238524820354943490e+00
7.037956001622052327e+02 1.227834309979612071e+00 1.237341171949935870e+00
7.037956959036268927e+02 1.254875490250436210e+00 1.236146334765263033e+00
7.037957916450484390e+02 1.243011909303961549e+00 1.234940245618608934e+00
7.037958873864699854e+02 1.217891907177974797e+00 1.233722842747451809e+00
7.037959831278915317e+02 1.234247689490020061e+00 1.232494065901652780e+00
7.037960788693130780e+02 1.218550744982269229e+00 1.231253856431912874e+00
7.037961746107347381e+02 1.221136241683901114e+00 1.230002157381150374e+00
7.037962703521562844e+02 1.252901085404538595e+00 1.228738913586404191e+00
7.037963660935778307e+02 1.219928010591484258e+00 1.227464071768993081e+00
7.037964618349993771e+02 1.235473959271039757e+00 1.226177580642722198e+00
7.037965575764209234e+02 1.210840571829870260e+00 1.224879391017945629e+00
7.037966533178425834e+02 1.218999180052275921e+00 1.223569455908864789e+00
7.037967490592641298e+02 1.237081869227173003e+00 1.222247730652018083e+00
7.037968448006856761e+02 1.226976653934388928e+00 1.220914173012645376e+00
7.037969405421072224e+02 1.235780058287067940e+00 1.219568743310102121e+00
7.037970362835287688e+02 1.228156077557880144e+00 1.218211404539080611e+00
7.037971320249504288e+02 1.205338312531670786e+00 1.216842122494363965e+00
7.037972277663719751e+02 1.223420200213026110e+00 1.215460865907408650e+00
7.037973235077935215e+02 1.216807592944810112e+00 1.214067606570373492e+00
7.037974192492150678e+02 1.221529616296719079e+00 1.212662319480167783e+00
7.037975149906366141e+02 1.214305482250812585e+00 1.211244982978209705e+00
7.037976107320582742e+02 1.223278241264513788e+00 1.209815578893959964e+00
7.037977064734798205e+02 1.208475621295388436e+00 1.208374092700859714e+00
7.037978022149013668e+02 1.218429973703323288e+00 1.206920513659216709e+00
7.037978979563229132e+02 1.220439061756142252e+00 1.205454834980014489e+00
7.037979936977444595e+02 1.205592708793256085e+00 1.203977053984245593e+00
7.037980894391661195e+02 1.208975252271649037e+00 1.202487172266171189e+00
7.037981851805876659e+02 1.203611363178443749e+00 1.200985195869469280e+00
7.037982809220092122e+02 1.194283019955852065e+00 1.199471135449718506e+00
7.037983766634307585e+02 1.203582812254484713e+00 1.197945006458593031e+00
7.037984724048523049e+02 1.218025904651744096e+00 1.196406829323270360e+00
7.037985681462738512e+02 1.167050451227402474e+00 1.194856629631622535e+00
7.037986638876955112e+02 1.193230318829282766e+00 1.193294438319554063e+00
7.037987596291170576e+02 1.199207996579715996e+00 1.191720291871608106e+00
7.037988553705386039e+02 1.190477640166279105e+00 1.190134232506955048e+00
7.037989511119601502e+02 1.190896514074039958e+00 1.188536308387811324e+00
7.037990468533816966e+02 1.179167405922187051e+00 1.186926573822443487e+00
7.037991425948033566e+02 1.189008171218819854e+00 1.185305089471865747e+00
7.037992383362249029e+02 1.194015730779854012e+00 1.183671922569881296e+00
7.037993340776464493e+02 1.198100229464240218e+00 1.182027147127462152e+00
7.037994298190679956e+02 1.194256124856992729e+00 1.180370844159878141e+00
7.037995255604895419e+02 1.203438790393644320e+00 1.178703101907611961e+00
7.037996213019112020e+02 1.189912208054537901e+00 1.177024016060451705e+00
7.037997170433327483e+02 1.182094844606526918e+00 1.175333689994697117e+00
7.037998127847542946e+02 1.164978600140378129e+00 1.173632234993374324e+00
7.037999085261758410e+02 1.165760801368753707e+00 1.171919770489161072e+00
7.038000042675973873e+02 1.161787281994524523e+00 1.170196424299962734e+00
7.038001000090190473e+02 1.156965718750695427e+00 1.168462332866796460e+00
7.038001957504405937e+02 1.194680814802999258e+00 1.166717641504154246e+00
7.038002914918621400e+02 1.175639181866724226e+00 1.164962504631676943e+00
7.038003872332836863e+02 1.181294399088567815e+00 1.163197086028061600e+00
7.038004829747052327e+02 1.158876874976633609e+00 1.161421559076061039e+00
7.038005787161268927e+02 1.171057007234508784e+00 1.159636107008469974e+00
7.038006744575484390e+02 1.178470545887339016e+00 1.157840923165470270e+00
7.038007701989699854e+02 1.156210886959851081e+00 1.156036211231144417e+00
7.038008659403915317e+02 1.143341014360195862e+00 1.154222185491196262e+00
7.038009616818130780e+02 1.163108461681712447e+00 1.152399071079707848e+00
7.038010574232347381e+02 1.130839992965508856e+00 1.150567104225025838e+00
7.038011531646562844e+02 1.151561987798849440e+00 1.148726532505301545e+00
7.038012489060778307e+02 1.129139460614794643e+00 1.146877615080546198e+00
7.038013446474993771e+02 1.148883433598030246e+00 1.145020622944225019e+00
7.038014403889209234e+02 1.137504169546116550e+00 1.143155839161259291e+00
7.038015361303425834e+02 1.140396411609455818e+00 1.141283559102692857e+00
7.038016318717641298e+02 1.145428685224857634e+00 1.139404090687641702e+00
7.038017276131856761e+02 1.128231436326189829e+00 1.137517754598546871e+00
7.038018233546072224e+02 1.129996715135849650e+00 1.135624884513577015e+00
7.038019190960287688e+02 1.128386993102920455e+00 1.133725827322196400e+00
7.038020148374504288e+02 1.126032476934879289e+00 1.131820943334272522e+00
7.038021105788719751e+02 1.132161446555278284e+00 1.129910606493385927e+00
7.038022063202935215e+02 1.117968599963347520e+00 1.127995204559659959e+00
7.038023020617150678e+02 1.116717258136523894e+00 1.126075139306589756e+00
7.038023978031366141e+02 1.137352870834505092e+00 1.124150826697176253e+00
7.038024935445582742e+02 1.130382288930958712e+00 1.122222697049820805e+00
7.038025892859798205e+02 1.129477111977542636e+00 1.120291195204629719e+00
7.038026850274013668e+02 1.103882183956607532e+00 1.118356780654929716e+00
7.038027807688229132e+02 1.111250660918821076e+00 1.116419927688894420e+00
7.038028765102444595e+02 1.122892894098651118e+00 1.114481125506062265e+00
7.038029722516661195e+02 1.103768405149968101e+00 1.112540878319248305e+00
7.038030679930876659e+02 1.115512323661511873e+00 1.110599705452453456e+00
7.038031637345092122e+02 1.108866765605609039e+00 1.108658141399263775e+00
7.038032594759307585e+02 1.117968440546581066e+00 1.106716735886852376e+00
7.038033552173523049e+02 1.083105396982188884e+00 1.104776053910058176e+00
7.038034509587738512e+02 1.082242505394217069e+00 1.102836675748379847e+00
7.038035467001955112e+02 1.101487468771429112e+00 1.100899196960291926e+00
7.038036424416170576e+02 1.095055688090201373e+00 1.098964228367701912e+00
7.038037381830386039e+02 1.091477838102802966e+00 1.097032395995038767e+00
7.038038339244601502e+02 1.117955192870735637e+00 1.095104341008018789e+00
7.038039296658816966e+02 1.087299586757711101e+00 1.093180719616583474e+00
7.038040254073033566e+02 1.076718486263745334e+00 1.091262202952574700e+00
7.038041211487249029e+02 1.083598297120003107e+00 1.089349476932563121e+00
7.038042168901464493e+02 1.077743969443282435e+00 1.087443242070720295e+00
7.038043126315679956e+02 1.087966731101931872e+00 1.085544213286411264e+00
7.038044083729895419e+02 1.076176228091664688e+00 1.083653119671421416e+00
7.038045041144112020e+02 1.073150209216291673e+00 1.081770704227435154e+00
7.038045998558327483e+02 1.078311323924168841e+00 1.079897723584061442e+00
7.038046955972542946e+02 1.077308114767302705e+00 1.078034947663136123e+00
7.038047913386758410e+02 1.082014345396803634e+00 1.076183159333298001e+00
7.038048870800973873e+02 1.087434359461877609e+00 1.074343154020613644e+00
7.038049828215190473e+02 1.055776522514675353e+00 1.072515739285924585e+00
7.038050785629405937e+02 1.086768261305083527e+00 1.070701734379124970e+00
7.038051743043621400e+02 1.053152317346582656e+00 1.068901969737388047e+00
7.038052700457836863e+02 1.063946435184131012e+00 1.067117286470359083e+00
7.038053657872052327e+02 1.060348161571364800e+00 1.065348535799411911e+00
7.038054615286268927e+02 1.054053678630888946e+00 1.063596578461731168e+00
7.038055572700484390e+02 1.053317111709907383e+00 1.061862284089354791e+00
7.038056530114699854e+02 1.039683668051152532e+00 1.060146530531989928e+00
7.038057487528915317e+02 1.048053652499663091e+00 1.058450203165291148e+00
7.038058444943130780e+02 1.057823909012876706e+00 1.056774194153520252e+00
7.038059402357347381e+02 1.044440197028613904e+00 1.055119401677454327e+00
7.038060359771562844e+02 1.039496989060516796e+00 1.053486729137610878e+00
7.038061317185778307e+02 1.033461169209476616e+00 1.051877084303903365e+00
7.038062274599993771e+02 1.042498485812753284e+00 1.050291378451699398e+00
7.038063232014209234e+02 1.035041119854512637e+00 1.048730525455527252e+00
7.038064189428425834e+02 1.051381938985544773e+00 1.047195440851390158e+00
7.038065146842641298e+02 1.024764227477263256e+00 1.045687040877639085e+00
7.038066104256856761e+02 1.035475275589228694e+00 1.044206241468335294e+00
7.038067061671072224e+02 1.037187432090664663e+00 1.042753957236892015e+00
7.038068019085287688e+02 1.030142596595255533e+00 1.041331100424041978e+00
7.038068976499504288e+02 1.012661748215925916e+00 1.039938579821105158e+00
7.038069933913719751e+02 1.053651877035001849e+00 1.038577299678308252e+00
7.038070891327935215e+02 1.049896051544182862e+00 1.037248158575330370e+00
7.038071848742150678e+02 1.042933951403354875e+00 1.035952048289158434e+00
7.038072806156366141e+02 1.000531200229196394e+00 1.034689852636508034e+00
7.038073763570582742e+02 1.050208639681559086e+00 1.033462446301636639e+00
7.038074720984798205e+02 1.023807958857816391e+00 1.032270693658940752e+00
7.038075678399013668e+02 1.017860450850661680e+00 1.031115447571086197e+00
7.038076635813229132e+02 1.000358851096718515e+00 1.029997548194456325e+00
7.038077593227444595e+02 1.018109247752144064e+00 1.028917821772665997e+00
7.038078550641661195e+02 1.040724355912710619e+00 1.027877079428599405e+00
7.038079508055876659e+02 1.012967839740284814e+00 1.026876115963710090e+00
7.038080465470092122e+02 1.016833380516843466e+00 1.025915708649160152e+00
7.038081422884307585e+02 1.027216661246072249e+00 1.024996616036576658e+00
7.038082380298523049e+02 1.017132452336080739e+00 1.024119576772874574e+00
7.038083337712738512e+02 1.014141321610327662e+00 1.023285308429823903e+00
7.038084295126955112e+02 1.023412792951346351e+00 1.022494506349373999e+00
7.038085252541170576e+02 1.036891101923372416e+00 1.021747842513482496e+00
7.038086209955386039e+02 1.017559114696610090e+00 1.021045964427706121e+00
7.038087167369601502e+02 1.028362142762708542e+00 1.020389494040553791e+00
7.038088124783816966e+02 1.005047545099243544e+00 1.019779026687575474e+00
7.038089082198033566e+02 9.986962519467623700e-01 1.019215130068438002e+00
7.038090039612249029e+02 1.003069973940097448e+00 1.018698343263042982e+00
7.038090997026464493e+02 1.014096185600666722e+00 1.018229175779815643e+00
7.038091954440679956e+02 1.021701809188643395e+00 1.017808106652535960e+00
7.038092911854895419e+02 1.010451891968276783e+00 1.017435583578390146e+00
7.038093869269112020e+02 1.009431707035914005e+00 1.017112022103791258e+00
7.038094826683327483e+02 1.023626253492950777e+00 1.016837804862101846e+00
7.038095784097542946e+02 1.000682500770760708e+00 1.016613280860152679e+00
7.038096741511758410e+02 1.030097334301935952e+00 1.016438764823612173e+00
7.038097698925973873e+02 1.003894507845471296e+00 1.016314536597498597e+00
7.038098656340190473e+02 1.035667035904508593e+00 1.016240840606234430e+00
7.038099613754405937e+02 1.027498364235760464e+00 1.016217885375093166e+00
7.038100571168621400e+02 1.005027839135488321e+00 1.016245843113532388e+00
7.038101528582836863e+02 1.001679207432921492e+00 1.016324849363626104e+00
7.038102485997052327e+02 1.006050146703763915e+00 1.016455002713385181e+00
7.038103443411268927e+02 1.005747505084965354e+00 1.016636364576897433e+00
7.038104400825484390e+02 1.011601152191342390e+00 1.016868959040562403e+00
7.038105358239699854e+02 1.027574631119585691e+00 1.017152772779402081e+00
7.038106315653915317e+02 1.021760325658924717e+00 1.017487755039489405e+00
7.038107273068130780e+02 1.011385369034015547e+00 1.017873817689708194e+00
7.038108230482347381e+02 1.035813137178904775e+00 1.018310835342112419e+00
7.038109187896562844e+02 1.008575732246753232e+00 1.018798645537498437e+00
7.038110145310778307e+02 1.023570183300415160e+00 1.019337049003558926e+00
7.038111102724993771e+02 1.024705399254758564e+00 1.019925809974436381e+00
7.038112060139209234e+02 1.016375842876521496e+00 1.020564656578297313e+00
7.038113017553425834e+02 1.037657826716158693e+00 1.021253281289533410e+00
7.038113974967641298e+02 1.042098603444044036e+00 1.021991341439610901e+00
7.038114932381856761e+02 1.021754913154841349e+00 1.022778459797319073e+00
7.038115889796072224e+02 1.024907198017651622e+00 1.023614225200216721e+00
7.038116847210287688e+02 1.032036229848160458e+00 1.024498193247354694e+00
7.038117804624504288e+02 1.025941438336207101e+00 1.025429887047411004e+00
7.038118762038719751e+02 1.029337750413980457e+00 1.026408798013893175e+00
7.038119719452935215e+02 1.027462924312074311e+00 1.027434386721622017e+00
7.038120676867150678e+02 1.024789920123003517e+00 1.028506083799695769e+00
7.038121634281366141e+02 1.033158988889795182e+00 1.029623290874597474e+00
7.038122591695582742e+02 1.045694323949160953e+00 1.030785381555423541e+00
7.038123549109798205e+02 1.032151177461449132e+00 1.031991702450911541e+00
7.038124506524013668e+02 1.030201673125212602e+00 1.033241574236030580e+00
7.038125463938229132e+02 1.044022393462965992e+00 1.034534292737360639e+00
7.038126421352444595e+02 1.029796323354901899e+00 1.035869130054629883e+00
7.038127378766661195e+02 1.066560568184187874e+00 1.037245335708642635e+00
7.038128336180876659e+02 1.025421218092467335e+00 1.038662137803774588e+00
7.038129293595092122e+02 1.063502105677581078e+00 1.040118744226392833e+00
7.038130251009307585e+02 1.044934722085492318e+00 1.041614343843225710e+00
7.038131208423523049e+02 1.031085548501615046e+00 1.043148107720822004e+00
7.038132165837738512e+02 1.043316121354262549e+00 1.044719190353156080e+00
7.038133123251955112e+02 1.062954295713741226e+00 1.046326730897728652e+00
7.038134080666170576e+02 1.056255387482917030e+00 1.047969854405497614e+00
7.038135038080386039e+02 1.037098000322422164e+00 1.049647673070307041e+00
7.038135995494601502e+02 1.066003214659927423e+00 1.051359287456653080e+00
7.038136952908816966e+02 1.059523658207587760e+00 1.053103787731410224e+00
7.038137910323033566e+02 1.068375198394821091e+00 1.054880254887476942e+00
7.038138867737249029e+02 1.066493677976407373e+00 1.056687761945792614e+00
7.038139825151464493e+02 1.056109886817041543e+00 1.058525375164888871e+00
7.038140782565679956e+02 1.054307416092539196e+00 1.060392155213303100e+00
7.038141739979895419e+02 1.069979769244906453e+00 1.062287158334077164e+00
7.038142697394112020e+02 1.063233929364941543e+00 1.064209437488840670e+00
7.038143654808327483e+02 1.067487654801785979e+00 1.066158043467734018e+00
7.038144612222542946e+02 1.093527225825684068e+00 1.068132025997563961e+00
7.038145569636758410e+02 1.071298404346567645e+00 1.070130434800727892e+00
7.038146527050973873e+02 1.073577584658994777e+00 1.072152320637427270e+00
7.038147484465190473e+02 1.100865349254178893e+00 1.074196736318456802e+00
7.038148441879405937e+02 1.111233634377167379e+00 1.076262737674859027e+00
7.038149399293621400e+02 1.094161508356252588e+00 1.078349384519701193e+00
7.038150356707836863e+02 1.072424647995628311e+00 1.080455741552331039e+00
7.038151314122052327e+02 1.093654168702080209e+00 1.082580879240529148e+00
7.038152271536268927e+02 1.093887155230248931e+00 1.084723874667789412e+00
7.038153228950484390e+02 1.078679405242275235e+00 1.086883812332164689e+00
7.038154186364699854e+02 1.108909823628739133e+00 1.089059784934367725e+00
7.038155143778915317e+02 1.087316563598410113e+00 1.091250894103815927e+00
7.038156101193130780e+02 1.099195819382985828e+00 1.093456251100453525e+00
7.038157058607347381e+02 1.082164856259740571e+00 1.095674977479604850e+00
7.038158016021562844e+02 1.109681818611951920e+00 1.097906205706492555e+00
7.038158973435778307e+02 1.123870786381252485e+00 1.100149079760043058e+00
7.038159930849993771e+02 1.103329722482577768e+00 1.102402755673429935e+00
7.038160888264209234e+02 1.109728468748686359e+00 1.104666402051108998e+00
7.038161845678425834e+02 1.109736360975804192e+00 1.106939200549602154e+00
7.038162803092641298e+02 1.097550455439652017e+00 1.109220346308889660e+00
7.038163760506856761e+02 1.120980211967696816e+00 1.111509048375426634e+00
7.038164717921072224e+02 1.128975464467180556e+00 1.113804530063395415e+00
7.038165675335287688e+02 1.127593275539772399e+00 1.116106029295304225e+00
7.038166632749504288e+02 1.121182587759697480e+00 1.118412798909222516e+00
7.038167590163719751e+02 1.132053182424664683e+00 1.120724106919676721e+00
7.038168547577935215e+02 1.134618824708589546e+00 1.123039236774127758e+00
7.038169504992150678e+02 1.124635281568695522e+00 1.125357487551127189e+00
7.038170462406366141e+02 1.134933327809058756e+00 1.127678174142124456e+00
7.038171419820582742e+02 1.130994368154616625e+00 1.130000627404218028e+00
7.038172377234798205e+02 1.150707745444817132e+00 1.132324194271001394e+00
7.038173334649013668e+02 1.135466316948542609e+00 1.134648237863882914e+00
7.038174292063229132e+02 1.124329200598646938e+00 1.136972137549737472e+00
7.038175249477444595e+02 1.152525535992273698e+00 1.139295288987291155e+00
7.038176206891661195e+02 1.140823192255380869e+00 1.141617104149494688e+00
7.038177164305876659e+02 1.128607065476983307e+00 1.143937011309156926e+00
7.038178121720092122e+02 1.160510679193176076e+00 1.146254455030254027e+00
7.038179079134307585e+02 1.159775736476829300e+00 1.148568896110816251e+00
7.038180036548523049e+02 1.166896448884330306e+00 1.150879811519813556e+00
7.038180993962738512e+02 1.171370155451641804e+00 1.153186694312535954e+00
7.038181951376955112e+02 1.155000586746539604e+00 1.155489053530999843e+00
7.038182908791170576e+02 1.173030957181670386e+00 1.157786414073997294e+00
7.038183866205386039e+02 1.155228784114150420e+00 1.160078316578807334e+00
7.038184823619601502e+02 1.154439584512675365e+00 1.162364317260871971e+00
7.038185781033816966e+02 1.141243339166088111e+00 1.164643987753436249e+00
7.038186738448033566e+02 1.158064189546701650e+00 1.166916914934381433e+00
7.038187695862249029e+02 1.175717256407730282e+00 1.169182700727740887e+00
7.038188653276464493e+02 1.172588723755422446e+00 1.171440961921271562e+00
7.038189610690679956e+02 1.158493799328485396e+00 1.173691329946973783e+00
7.038190568104895419e+02 1.197764828203857324e+00 1.175933450665926472e+00
7.038191525519112020e+02 1.151877882708942868e+00 1.178166984144696006e+00
7.038192482933327483e+02 1.170097784037736899e+00 1.180391604410933937e+00
7.038193440347542946e+02 1.166671640078755123e+00 1.182606999228688283e+00
7.038194397761758410e+02 1.199998465228256039e+00 1.184812869841123995e+00
7.038195355175973873e+02 1.186836686899880755e+00 1.187008930721187960e+00
7.038196312590190473e+02 1.198432579133200226e+00 1.189194909317542015e+00
7.038197270004405937e+02 1.203387777552810345e+00 1.191370545783539292e+00
7.038198227418621400e+02 1.216094259210308559e+00 1.193535592728769634e+00
7.038199184832836863e+02 1.183482596162719780e+00 1.195689814941859996e+00
7.038200142247052327e+02 1.193477249879653534e+00 1.197832989124064218e+00
7.038201099661268927e+02 1.207415694951880392e+00 1.199964903621105750e+00
7.038202057075484390e+02 1.211175288647131643e+00 1.202085358141230076e+00
7.038203014489699854e+02 1.216168501863365004e+00 1.204194163497886993e+00
7.038203971903915317e+02 1.217578993215418182e+00 1.206291141326871763e+00
7.038204929318130780e+02 1.217015994645605392e+00 1.208376123816365055e+00
7.038205886732347381e+02 1.203872297483591813e+00 1.210448953437506914e+00
7.038206844146562844e+02 1.229409509128923883e+00 1.212509482663697957e+00
7.038207801560778307e+02 1.224582361741694214e+00 1.214557573715852268e+00
7.038208758974993771e+02 1.237600454684331552e+00 1.216593098284720398e+00
7.038209716389209234e+02 1.231824980983062368e+00 1.218615937267538918e+00
7.038210673803425834e+02 1.200310402399302312e+00 1.220625980506877983e+00
7.038211631217641298e+02 1.223741440449876094e+00 1.222623126520133718e+00
7.038212588631856761e+02 1.231453776670546452e+00 1.224607282255666174e+00
7.038213546046072224e+02 1.249068447751477962e+00 1.226578362828080859e+00
7.038214503460287688e+02 1.240766998146508371e+00 1.228536291268689240e+00
7.038215460874504288e+02 1.211692405077741341e+00 1.230480998279292137e+00
7.038216418288719751e+02 1.222401274127443926e+00 1.232412421978024808e+00
7.038217375702935215e+02 1.246250761776240390e+00 1.234330507672011912e+00
7.038218333117150678e+02 1.216070564210476990e+00 1.236235207610786535e+00
7.038219290531366141e+02 1.217808336854578233e+00 1.238126480755271652e+00
7.038220247945582742e+02 1.260420105668276225e+00 1.240004292550768383e+00
7.038221205359798205e+02 1.244014361518892109e+00 1.241868614693005801e+00
7.038222162774013668e+02 1.234915868533668748e+00 1.243719424920751715e+00
7.038223120188229132e+02 1.222772591821263966e+00 1.245556706790440504e+00
7.038224077602444595e+02 1.246817997255516230e+00 1.247380449466375163e+00
7.038225035016661195e+02 1.263586594170773125e+00 1.249190647515268093e+00
7.038225992430876659e+02 1.236793250069295302e+00 1.250987300694533122e+00
7.038226949845092122e+02 1.217263424820223650e+00 1.252770413766554292e+00
7.038227907259307585e+02 1.237673337827772890e+00 1.254539996295954474e+00
7.038228864673523049e+02 1.256549084834035490e+00 1.256296062462158636e+00
7.038229822087738512e+02 1.263056964976394525e+00 1.258038630874313446e+00
7.038230779501955112e+02 1.268459560916757933e+00 1.259767724392764743e+00
7.038231736916170576e+02 1.246008070605954865e+00 1.261483369944784050e+00
7.038232694330386039e+02 1.239730368889244927e+00 1.263185598365286655e+00
7.038233651744601502e+02 1.278645115499999818e+00 1.264874444221439687e+00
7.038234609158816966e+02 1.269687304097925962e+00 1.266549945651973541e+00
7.038235566573033566e+02 1.253332206091674950e+00 1.268212144210770553e+00
7.038236523987249029e+02 1.271753263868474537e+00 1.269861084704932308e+00
7.038237481401464493e+02 1.246132176736659547e+00 1.271496815056853080e+00
7.038238438815679956e+02 1.271832410532282021e+00 1.273119386150768362e+00
7.038239396229895419e+02 1.284217486993760149e+00 1.274728851693369691e+00
7.038240353644112020e+02 1.260690022536909982e+00 1.276325268078444264e+00
7.038241311058327483e+02 1.245586329736123821e+00 1.277908694246112864e+00
7.038242268472542946e+02 1.234965323572770224e+00 1.279479191565004337e+00
7.038243225886758410e+02 1.251961171272697460e+00 1.281036823699385874e+00
7.038244183300973873e+02 1.271512111626295960e+00 1.282581656489652167e+00
7.038245140715190473e+02 1.276112545483836236e+00 1.284113757836516267e+00
7.038246098129405937e+02 1.272944559642340545e+00 1.285633197579847398e+00
7.038247055543621400e+02 1.289708722790906537e+00 1.287140047399336185e+00
7.038248012957836863e+02 1.270985807099689779e+00 1.288634380700527382e+00
7.038248970372052327e+02 1.288498676100490403e+00 1.290116272513473383e+00
7.038249927786268927e+02 1.256167300272270637e+00 1.291585799394733725e+00
7.038250885200484390e+02 1.284487064444719051e+00 1.293043039324017762e+00
7.038251842614699854e+02 1.290708701122246893e+00 1.294488071621551439e+00
7.038252800028915317e+02 1.264954959003028012e+00 1.295920976851177908e+00
7.038253757443130780e+02 1.295775588033684533e+00 1.297341836735341092e+00
7.038254714857347381e+02 1.295966332271069277e+00 1.298750734073033097e+00
7.038255672271562844e+02 1.293142019704791590e+00 1.300147752652385913e+00
7.038256629685778307e+02 1.306571087063104430e+00 1.301532977182880968e+00
7.038257587099993771e+02 1.298895036649337031e+00 1.302906493213653150e+00
7.038258544514209234e+02 1.292633054063597076e+00 1.304268387062938794e+00
7.038259501928425834e+02 1.322776021833099058e+00 1.305618745750134257e+00
7.038260459342641298e+02 1.323420074613891328e+00 1.306957656922470123e+00
7.038261416756856761e+02 1.310619750313109400e+00 1.308285208800257227e+00
7.038262374171072224e+02 1.314690177620527978e+00 1.309601490108561306e+00
7.038263331585287688e+02 1.293908551517959360e+00 1.310906590019323081e+00
7.038264288999504288e+02 1.319474394995481692e+00 1.312200598095741189e+00
7.038265246413719751e+02 1.289152782534780606e+00 1.313483604231261648e+00
7.038266203827935215e+02 1.287883954108633100e+00 1.314755698606135281e+00
7.038267161242150678e+02 1.332100530305225794e+00 1.316016971630733057e+00
7.038268118656366141e+02 1.288050331155953465e+00 1.317267513898649822e+00
7.038269076070582742e+02 1.306815978703302683e+00 1.318507416141744493e+00
7.038270033484798205e+02 1.295625739805280618e+00 1.319736769179800762e+00
7.038270990899013668e+02 1.310327208713963465e+00 1.320955663886786757e+00
7.038271948313229132e+02 1.314725114317022214e+00 1.322164191144226786e+00
7.038272905727444595e+02 1.327025446788195673e+00 1.323362441803727085e+00
7.038273863141661195e+02 1.326783696950099678e+00 1.324550506651155812e+00
7.038274820555876659e+02 1.312160103769185904e+00 1.325728476365459096e+00
7.038275777970092122e+02 1.328058225033681650e+00 1.326896441493182088e+00
7.038276735384307585e+02 1.349697923154934420e+00 1.328054492410440712e+00
7.038277692798523049e+02 1.324238196166163561e+00 1.329202719293473889e+00
7.038278650212738512e+02 1.356313862429681993e+00 1.330341212089241942e+00
7.038279607626955112e+02 1.325980830780443709e+00 1.331470060488771479e+00
7.038280565041170576e+02 1.319510083048217597e+00 1.332589353895185624e+00
7.038281522455386039e+02 1.322136122821043758e+00 1.333699181406438727e+00
7.038282479869601502e+02 1.346314271910647786e+00 1.334799631785918095e+00
7.038283437283816966e+02 1.330301233359461044e+00 1.335890793440987823e+00
7.038284394698033566e+02 1.306809889860193197e+00 1.336972754402657948e+00
7.038285352112249029e+02 1.324623476202014372e+00 1.338045602299988923e+00
7.038286309526464493e+02 1.327016583495197688e+00 1.339109424348438715e+00
7.038287266940679956e+02 1.334151513207828987e+00 1.340164307326416226e+00
7.038288224354895419e+02 1.332227889476142568e+00 1.341210337559302301e+00
7.038289181769112020e+02 1.337416543318690643e+00 1.342247600904399318e+00
7.038290139183327483e+02 1.335762916113038434e+00 1.343276182730686275e+00
7.038291096597542946e+02 1.342473361845085256e+00 1.344296167911804174e+00
7.038292054011758410e+02 1.347283370636220612e+00 1.345307640807595462e+00
7.038293011425973873e+02 1.336384949353529139e+00 1.346310685252670281e+00
7.038293968840190473e+02 1.331122515712291676e+00 1.347305384545730567e+00
7.038294926254405937e+02 1.358618177120903159e+00 1.348291821433791338e+00
7.038295883668621400e+02 1.356436154393874993e+00 1.349270078108961934e+00
7.038296841082836863e+02 1.321347542640980199e+00 1.350240236194134136e+00
7.038297798497052327e+02 1.380129391380986670e+00 1.351202376735289867e+00
7.038298755911268927e+02 1.341510574302960501e+00 1.352156580194427082e+00
7.038299713325484390e+02 1.347955800030548934e+00 1.353102926437477649e+00
7.038300670739699854e+02 1.349912501540873944e+00 1.354041494734166129e+00
7.038301628153915317e+02 1.350126093429903751e+00 1.354972363747128039e+00
7.038302585568130780e+02 1.362303498647511990e+00 1.355895611527274225e+00
7.038303542982347381e+02 1.357675639540083523e+00 1.356811315509650173e+00
7.038304500396562844e+02 1.351624473870061571e+00 1.357719552504398575e+00
7.038305457810778307e+02 1.383736104461042782e+00 1.358620398699087461e+00
7.038306415224993771e+02 1.367860709169848032e+00 1.359513929650638220e+00
7.038307372639209234e+02 1.355967190187207017e+00 1.360400220283168427e+00
7.038308330053425834e+02 1.344891512362471397e+00 1.361279344886220377e+00
7.038309287467641298e+02 1.344568265500779791e+00 1.362151377108211436e+00
7.038310244881856761e+02 1.354035876631840996e+00 1.363016389960712615e+00
7.038311202296072224e+02 1.359883509931402390e+00 1.363874455812671860e+00
7.038312159710287688e+02 1.369709841563536701e+00 1.364725646390237968e+00
7.038313117124504288e+02 1.384869123114271572e+00 1.365570032776886489e+00
7.038314074538719751e+02 1.391695409282669438e+00 1.366407685408882022e+00
7.038315031952935215e+02 1.343448894164538387e+00 1.367238674081082905e+00
7.038315989367150678e+02 1.386786855413909336e+00 1.368063067943013689e+00
7.038316946781366141e+02 1.364901395872714307e+00 1.368880935500259799e+00
7.038317904195582742e+02 1.367997228056086145e+00 1.369692344616090240e+00
7.038318861609798205e+02 1.389065923808005865e+00 1.370497362508541705e+00
7.038319819024013668e+02 1.357012106456066514e+00 1.371296055757379007e+00
7.038320776438229132e+02 1.383128259279584826e+00 1.372088490301659247e+00
7.038321733852444595e+02 1.360447190706562726e+00 1.372874731442344842e+00
7.038322691266661195e+02 1.373911038629515247e+00 1.373654843845092621e+00
7.038323648680876659e+02 1.408158417887746872e+00 1.374428891538628239e+00
7.038324606095092122e+02 1.407908041274199551e+00 1.375196937922568807e+00
7.038325563509307585e+02 1.407148251903821645e+00 1.375959045766161237e+00
7.038326520923523049e+02 1.370314388673624650e+00 1.376715277211835620e+00
7.038327478337738512e+02 1.387763863836437128e+00 1.377465693777995881e+00
7.038328435751955112e+02 1.380536109254670629e+00 1.378210356362843836e+00
7.038329393166170576e+02 1.385085240615082203e+00 1.378949325243944202e+00
7.038330350580386039e+02 1.398260182399793550e+00 1.379682660086757995e+00
7.038331307994601502e+02 1.351490172968228043e+00 1.380410419944463118e+00
7.038332265408816966e+02 1.387434385374990420e+00 1.381132663262321758e+00
7.038333222823033566e+02 1.383959879617795208e+00 1.381849447882130155e+00
7.038334180237249029e+02 1.400331474887960281e+00 1.382560831042525917e+00
7.038335137651464493e+02 1.403265097684869733e+00 1.383266869387903553e+00
7.038336095065679956e+02 1.398875490625239415e+00 1.383967618968904967e+00
7.038337052479895419e+02 1.385334568114061415e+00 1.384663135247261812e+00
7.038338009894112020e+02 1.386419511898443702e+00 1.385353473100686683e+00
7.038338967308327483e+02 1.373672403352962812e+00 1.386038686823746424e+00
7.038339924722542946e+02 1.416194767420799083e+00 1.386718830136997260e+00
7.038340882136758410e+02 1.383657029354997015e+00 1.387393956187984445e+00
7.038341839550973873e+02 1.418225070229268470e+00 1.388064117556406574e+00
7.038342796965190473e+02 1.406051141588560593e+00 1.388729366259299658e+00
7.038343754379405937e+02 1.389372977198209957e+00 1.389389753752328316e+00
7.038344711793621400e+02 1.403909469513137553e+00 1.390045330939022161e+00
7.038345669207836863e+02 1.376750200027650139e+00 1.390696148172139157e+00
7.038346626622052327e+02 1.396820687280110551e+00 1.391342255259032656e+00
7.038347584036268927e+02 1.385395404080639103e+00 1.391983701467011336e+00
7.038348541450484390e+02 1.401208484753450723e+00 1.392620535524931036e+00
7.038349498864699854e+02 1.419456329047848575e+00 1.393252805632423152e+00
