1.518474005000000000e+09 7.406170000000000000e+05 6.952327352649100476e+02 1.310574349618296219e+00 5.349507461428281152e-01
1.518474122000000000e+09 7.406180000000000000e+05 6.952279468203799979e+02 1.118138762505232586e+00 9.952129471603821109e-01
1.518474240000000000e+09 7.406190000000000000e+05 6.952236022498999546e+02 1.078223387177431380e+00 5.335572808742925499e-01
1.518474357000000000e+09 7.406200000000000000e+05 6.952195460943599983e+02 1.123131428247872154e+00 5.770666235299067859e-01
1.518474474000000000e+09 7.406210000000000000e+05 6.952160254722599575e+02 9.603926422614551539e-01 7.543234822018631824e-01
1.518474591000000000e+09 7.406220000000000000e+05 6.952130307808399721e+02 1.292358707796928075e+00 4.688827994741604499e-01
1.518474774000000000e+09 7.406330000000000000e+05 6.952090086894099841e+02 1.395807813596859903e+00 5.454486007724358432e-01
1.518474891000000000e+09 7.406340000000000000e+05 6.952050066549600160e+02 1.007307723655185949e+00 5.726362285026971310e-01
1.518475019000000000e+09 7.406350000000000000e+05 6.951992968286999712e+02 1.135394274553559457e+00 8.015487895867625667e-01
1.518475137000000000e+09 7.406360000000000000e+05 6.951960494697300419e+02 1.221043230454308404e+00 6.379442735808168452e-01
