6.951886117614700424e+02 1.159648292324062302e+00 1.137843975842259825e+00
6.951887075028915888e+02 1.156985957807615817e+00 1.138349718982886838e+00
6.951888032443131351e+02 1.146465545578313261e+00 1.138857431576913992e+00
6.951888989857347951e+02 1.118513547761676996e+00 1.139367130377388682e+00
6.951889947271563415e+02 1.141332066298900383e+00 1.139878832276397080e+00
6.951890904685778878e+02 1.148843468790650579e+00 1.140392554308945705e+00
6.951891862099994341e+02 1.146070878947974769e+00 1.140908313650746297e+00
6.951892819514209805e+02 1.124206869430405709e+00 1.141426127618969444e+00
6.951893776928426405e+02 1.153358694669991191e+00 1.141946013672958449e+00
6.951894734342641868e+02 1.137020242839797968e+00 1.142467989411798612e+00
6.951895691756857332e+02 1.144095872154533344e+00 1.142992072577996066e+00
6.951896649171072795e+02 1.172465666272611173e+00 1.143518281054928254e+00
6.951897606585288258e+02 1.159816100122281091e+00 1.144046632867308233e+00
6.951898563999504859e+02 1.163167118597651983e+00 1.144577146181593008e+00
6.951899521413720322e+02 1.153410259908798308e+00 1.145109839303169341e+00
6.951900478827935785e+02 1.145368791225386262e+00 1.145644730679759249e+00
6.951901436242151249e+02 1.130345223258430565e+00 1.146181838898451488e+00
6.951902393656366712e+02 1.131180569917172640e+00 1.146721182685795704e+00
6.951903351070583312e+02 1.138858515634907587e+00 1.147262780907818858e+00
6.951904308484798776e+02 1.148406506565367913e+00 1.147806652566734753e+00
6.951905265899014239e+02 1.152315045369132429e+00 1.148352816803986487e+00
6.951906223313229702e+02 1.135412315197688704e+00 1.148901292896760351e+00
6.951907180727445166e+02 1.140478140225727355e+00 1.149452100257605469e+00
6.951908138141661766e+02 1.145690229022569451e+00 1.150005258433957067e+00
6.951909095555877229e+02 1.135713679519902763e+00 1.150560787104255578e+00
6.951910052970092693e+02 1.137014135805459958e+00 1.151118706080514809e+00
6.951911010384308156e+02 1.148068262515193227e+00 1.151679035304198795e+00
6.951911967798523619e+02 1.150765760710201535e+00 1.152241794845241918e+00
6.951912925212739083e+02 1.167547949199329027e+00 1.152807004900278987e+00
6.951913882626955683e+02 1.148044560712733642e+00 1.153374685791400012e+00
6.951914840041171146e+02 1.139874338134410081e+00 1.153944857961384685e+00
6.951915797455386610e+02 1.152730960481348710e+00 1.154517541975515593e+00
6.951916754869602073e+02 1.151439147189781576e+00 1.155092758516491624e+00
6.951917712283817536e+02 1.153789275274597959e+00 1.155670528382534368e+00
6.951918669698034137e+02 1.154002049082538228e+00 1.156250872485329761e+00
6.951919627112249600e+02 1.150829985119019572e+00 1.156833811844332205e+00
6.951920584526465063e+02 1.160414390770536430e+00 1.157419367587766645e+00
6.951921541940680527e+02 1.168881859907121790e+00 1.158007560946537451e+00
6.951922499354895990e+02 1.140954384674276900e+00 1.158598413251361592e+00
6.951923456769112590e+02 1.150262346876761432e+00 1.159191945929699985e+00
6.951924414183328054e+02 1.144128205827104283e+00 1.159788180498927623e+00
6.951925371597543517e+02 1.170126883686267494e+00 1.160387138566307597e+00
6.951926329011758980e+02 1.166394358825270094e+00 1.160988841821673390e+00
6.951927286425974444e+02 1.141562670813473401e+00 1.161593312033359693e+00
6.951928243840191044e+02 1.174899212785221581e+00 1.162200571043883857e+00
6.951929201254406507e+02 1.161656272508692300e+00 1.162810640761724690e+00
6.951930158668621971e+02 1.158638772043489418e+00 1.163423543160020834e+00
6.951931116082837434e+02 1.160145059010448287e+00 1.164039300267748267e+00
6.951932073497052897e+02 1.158143213358606038e+00 1.164657934164172737e+00
6.951933030911269498e+02 1.160360460074094657e+00 1.165279466972987787e+00
6.951933988325484961e+02 1.164274447101589338e+00 1.165903920852403575e+00
6.951934945739700424e+02 1.153256985457226103e+00 1.166531317992251404e+00
6.951935903153915888e+02 1.160765443999108193e+00 1.167161680603335583e+00
6.951936860568131351e+02 1.160372962964418608e+00 1.167795030910065313e+00
6.951937817982347951e+02 1.174135317687588387e+00 1.168431391142700004e+00
6.951938775396563415e+02 1.167556904349144054e+00 1.169070783525379298e+00
6.951939732810778878e+02 1.161734492975297961e+00 1.169713230271263171e+00
6.951940690224994341e+02 1.160175437965621281e+00 1.170358753569654242e+00
6.951941647639209805e+02 1.156451988806373565e+00 1.171007375576409659e+00
6.951942605053426405e+02 1.168991549580937317e+00 1.171659118403866495e+00
6.951943562467641868e+02 1.172669987952902781e+00 1.172314004106370433e+00
6.951944519881857332e+02 1.182236618825424967e+00 1.172972054672999143e+00
6.951945477296072795e+02 1.191251923985881644e+00 1.173633292011982965e+00
6.951946434710288258e+02 1.142452630646630940e+00 1.174297737938399422e+00
6.951947392124504859e+02 1.189271811477878193e+00 1.174965414161273980e+00
6.951948349538720322e+02 1.158899771092166908e+00 1.175636342266075607e+00
6.951949306952935785e+02 1.164331653178552584e+00 1.176310543704478739e+00
6.951950264367151249e+02 1.181846813811073593e+00 1.176988039775509476e+00
6.951951221781366712e+02 1.150162753845422214e+00 1.177668851609936285e+00
6.951952179195583312e+02 1.182156123379837442e+00 1.178353000153934405e+00
6.951953136609798776e+02 1.175797225333509388e+00 1.179040506147912781e+00
6.951954094024014239e+02 1.173321943039546955e+00 1.179731390112658040e+00
6.951955051438229702e+02 1.163105000883603024e+00 1.180425672326529396e+00
6.951956008852445166e+02 1.199283150147511190e+00 1.181123372805835015e+00
6.951956966266661766e+02 1.166799254037142353e+00 1.181824511284333301e+00
6.951957923680877229e+02 1.181242640466498628e+00 1.182529107187629380e+00
6.951958881095092693e+02 1.190169357330995714e+00 1.183237179614925916e+00
6.951959838509308156e+02 1.160978765194715878e+00 1.183948747311445171e+00
6.951960795923523619e+02 1.163935865488434196e+00 1.184663828643957251e+00
6.951961753337739083e+02 1.191915540437694432e+00 1.185382441574391432e+00
6.951962710751955683e+02 1.179175681564557099e+00 1.186104603633177934e+00
6.951963668166171146e+02 1.200772125695283465e+00 1.186830331887120282e+00
6.951964625580386610e+02 1.162288978104873749e+00 1.187559642914637115e+00
6.951965582994602073e+02 1.198537076041739091e+00 1.188292552771168076e+00
6.951966540408817536e+02 1.199514527005431042e+00 1.189029076957552444e+00
6.951967497823034137e+02 1.195463067702702054e+00 1.189769230387080379e+00
6.951968455237249600e+02 1.188370950126347303e+00 1.190513027346733033e+00
6.951969412651465063e+02 1.191529474662758936e+00 1.191260481465758359e+00
6.951970370065680527e+02 1.198739120960294446e+00 1.192011605673954477e+00
6.951971327479895990e+02 1.189365520008585086e+00 1.192766412162769019e+00
6.951972284894112590e+02 1.182762675616755521e+00 1.193524912344806177e+00
6.951973242308328054e+02 1.185626096413644692e+00 1.194287116807141169e+00
6.951974199722543517e+02 1.162843254628929790e+00 1.195053035271902431e+00
6.951975157136758980e+02 1.185510518675849223e+00 1.195822676546050456e+00
6.951976114550974444e+02 1.192836275378477140e+00 1.196596048473787421e+00
6.951977071965191044e+02 1.183446102105765840e+00 1.197373157887055894e+00
6.951978029379406507e+02 1.237721808300746629e+00 1.198154010549423276e+00
6.951978986793621971e+02 1.205465832307421215e+00 1.198938611107123409e+00
6.951979944207837434e+02 1.199115521610981228e+00 1.199726963028739268e+00
6.951980901622052897e+02 1.204830602772535730e+00 1.200519068547274637e+00
6.951981859036269498e+02 1.189237901679380593e+00 1.201314928599969578e+00
6.951982816450484961e+02 1.190445579854197522e+00 1.202114542761012483e+00
6.951983773864700424e+02 1.216991108270081945e+00 1.202917909181267619e+00
6.951984731278915888e+02 1.220313892520871413e+00 1.203725024516030695e+00
6.951985688693131351e+02 1.207572467748599720e+00 1.204535883854894962e+00
6.951986646107347951e+02 1.211412528205286998e+00 1.205350480648951450e+00
6.951987603521563415e+02 1.199863151158761188e+00 1.206168806630371293e+00
6.951988560935778878e+02 1.212340808811701365e+00 1.206990851738796167e+00
6.951989518349994341e+02 1.199283487148109728e+00 1.207816604035107044e+00
6.951990475764209805e+02 1.208305407913037310e+00 1.208646049616975970e+00
6.951991433178426405e+02 1.202451638190230154e+00 1.209479172531300106e+00
6.951992390592641868e+02 1.229103227997030423e+00 1.210315954678455430e+00
6.951993348006857332e+02 1.219973974901783942e+00 1.211156375723110967e+00
6.951994305421072795e+02 1.186292775380195286e+00 1.212000412991731002e+00
6.951995262835288258e+02 1.204083152460428741e+00 1.212848041371489494e+00
6.951996220249504859e+02 1.201800618107804475e+00 1.213699233205584482e+00
6.951997177663720322e+02 1.220463103371231206e+00 1.214553958179769078e+00
6.951998135077935785e+02 1.209913854823931656e+00 1.215412183215164310e+00
6.951999092492151249e+02 1.211544191134526827e+00 1.216273872347042762e+00
6.952000049906366712e+02 1.215282428245766155e+00 1.217138986604627826e+00
6.952001007320583312e+02 1.217569464655339218e+00 1.218007483886788034e+00
6.952001964734798776e+02 1.196675354497847898e+00 1.218879318828332226e+00
6.952002922149014239e+02 1.199041761777942972e+00 1.219754442672289718e+00
6.952003879563229702e+02 1.206795095354562752e+00 1.220632803127446042e+00
6.952004836977445166e+02 1.210894380483158672e+00 1.221514344226492632e+00
6.952005794391661766e+02 1.206236829246743802e+00 1.222399006179575309e+00
6.952006751805877229e+02 1.260726831106231405e+00 1.223286725217849868e+00
6.952007709220092693e+02 1.209248412876620993e+00 1.224177433442734664e+00
6.952008666634308156e+02 1.212123482234880978e+00 1.225071058659747969e+00
6.952009624048523619e+02 1.212837589243692227e+00 1.225967524212602244e+00
6.952010581462739083e+02 1.208472455315203753e+00 1.226866748811169305e+00
6.952011538876955683e+02 1.214046488262310097e+00 1.227768646355366977e+00
6.952012496291171146e+02 1.243817895739776747e+00 1.228673125748462436e+00
6.952013453705386610e+02 1.218499002678438581e+00 1.229580090715795881e+00
6.952014411119602073e+02 1.241148709060982291e+00 1.230489439607452162e+00
6.952015368533817536e+02 1.255472194123225860e+00 1.231401065200886880e+00
6.952016325948034137e+02 1.232346278335453293e+00 1.232314854498125944e+00
6.952017283362249600e+02 1.227504161007097583e+00 1.233230688512075846e+00
6.952018240776465063e+02 1.207061823698747371e+00 1.234148442058190964e+00
6.952019198190680527e+02 1.259234779877490107e+00 1.235067983529801294e+00
6.952020155604895990e+02 1.234958452588406086e+00 1.235989174673371549e+00
6.952021113019112590e+02 1.238296017434121543e+00 1.236911870358302634e+00
6.952022070433328054e+02 1.241939241966606877e+00 1.237835918335823404e+00
6.952023027847543517e+02 1.235299842033134254e+00 1.238761159003461509e+00
6.952023985261758980e+02 1.261375810910428719e+00 1.239687425153258360e+00
6.952024942675974444e+02 1.257877677451269216e+00 1.240614541720250541e+00
6.952025900090191044e+02 1.232747211762172723e+00 1.241542325525870627e+00
6.952026857504406507e+02 1.244724916657001579e+00 1.242470585010888584e+00
6.952027814918621971e+02 1.247337157203064262e+00 1.243399119974593070e+00
6.952028772332837434e+02 1.241829932614783250e+00 1.244327721298375211e+00
6.952029729747052897e+02 1.249888345165641068e+00 1.245256170670463458e+00
6.952030687161269498e+02 1.259556900704931648e+00 1.246184240306571489e+00
6.952031644575484961e+02 1.245171217437615052e+00 1.247111692661233118e+00
6.952032601989700424e+02 1.258678911274710988e+00 1.248038280146701595e+00
6.952033559403915888e+02 1.253111153522622034e+00 1.248963744837734202e+00
6.952034516818131351e+02 1.228373229544599043e+00 1.249887818179222343e+00
6.952035474232347951e+02 1.260148622885032266e+00 1.250810220691600305e+00
6.952036431646563415e+02 1.272957073402698480e+00 1.251730661669087752e+00
6.952037389060778878e+02 1.256766989521994171e+00 1.252648838887749250e+00
6.952038346474994341e+02 1.287661189331033018e+00 1.253564438302079420e+00
6.952039303889209805e+02 1.249938171391578479e+00 1.254477133747228912e+00
6.952040261303426405e+02 1.254873032840352343e+00 1.255386586642099678e+00
6.952041218717641868e+02 1.260854056999541895e+00 1.256292445688743209e+00
6.952042176131857332e+02 1.276650035953848850e+00 1.257194346585103650e+00
6.952043133546072795e+02 1.270613347100118196e+00 1.258091911730451429e+00
6.952044090960288258e+02 1.278367368428074968e+00 1.258984749940716963e+00
6.952045048374504859e+02 1.283812182631163923e+00 1.259872456169375710e+00
6.952046005788720322e+02 1.248961299999696184e+00 1.260754611229810918e+00
6.952046963202935785e+02 1.286911079502924604e+00 1.261630781536199786e+00
6.952047920617151249e+02 1.278835450113115391e+00 1.262500518843161723e+00
6.952048878031366712e+02 1.272928558513664266e+00 1.263363360001418023e+00
6.952049835445583312e+02 1.268604769592798664e+00 1.264218826725631351e+00
6.952050792859798776e+02 1.281602045367535636e+00 1.265066425371011993e+00
6.952051750274014239e+02 1.292292619096506723e+00 1.265905646735586920e+00
6.952052707688229702e+02 1.287233724197475615e+00 1.266735965869595804e+00
6.952053665102445166e+02 1.275387589044961967e+00 1.267556841909165177e+00
6.952054622516661766e+02 1.296872328268034780e+00 1.268367717931059513e+00
6.952055579930877229e+02 1.289338184480907312e+00 1.269168020825870213e+00
6.952056537345092693e+02 1.281066545192585338e+00 1.269957161206205498e+00
6.952057494759308156e+02 1.281988734207504255e+00 1.270734533332892546e+00
6.952058452173523619e+02 1.281567479810211019e+00 1.271499515076018438e+00
6.952059409587739083e+02 1.295057669681187518e+00 1.272251467907453026e+00
6.952060367001955683e+02 1.287169648036430747e+00 1.272989736929218685e+00
6.952061324416171146e+02 1.276544014581469488e+00 1.273713650935096586e+00
6.952062281830386610e+02 1.263902527410368570e+00 1.274422522521263312e+00
6.952063239244602073e+02 1.252902192334664155e+00 1.275115648231179621e+00
6.952064196658817536e+02 1.281163835906375059e+00 1.275792308750745674e+00
6.952065154073034137e+02 1.275261644582670773e+00 1.276451769152067151e+00
6.952066111487249600e+02 1.284521951800448258e+00 1.277093279184975838e+00
6.952067068901465063e+02 1.284105628922981968e+00 1.277716073630933424e+00
6.952068026315680527e+02 1.298917472883618141e+00 1.278319372706618884e+00
6.952068983729895990e+02 1.299174431005861718e+00 1.278902382531941440e+00
6.952069941144112590e+02 1.302673836328118062e+00 1.279464295661340678e+00
6.952070898558328054e+02 1.292530185972172285e+00 1.280004291678108475e+00
6.952071855972543517e+02 1.290041988647364857e+00 1.280521537864526271e+00
6.952072813386758980e+02 1.288955309954819883e+00 1.281015189937235510e+00
6.952073770800974444e+02 1.300388362068444659e+00 1.281484392860572585e+00
6.952074728215191044e+02 1.273515836792771916e+00 1.281928281736866015e+00
6.952075685629406507e+02 1.272463177595026362e+00 1.282345982773644533e+00
6.952076643043621971e+02 1.288824637431540632e+00 1.282736614337779635e+00
6.952077600457837434e+02 1.293241244148672919e+00 1.283099288087994339e+00
6.952078557872052897e+02 1.275097429804122440e+00 1.283433110195445703e+00
6.952079515286269498e+02 1.309858660275344366e+00 1.283737182650941167e+00
6.952080472700484961e+02 1.289430334843510773e+00 1.284010604658367027e+00
6.952081430114700424e+02 1.282797634715694413e+00 1.284252474120419540e+00
6.952082387528915888e+02 1.293808697727985901e+00 1.284461889209806085e+00
6.952083344943131351e+02 1.275862415943004979e+00 1.284637950031371600e+00
6.952084302357347951e+02 1.280643010218633249e+00 1.284779760372554369e+00
6.952085259771563415e+02 1.292217799657433774e+00 1.284886429540611941e+00
6.952086217185778878e+02 1.285279470146047265e+00 1.284957074287502721e+00
6.952087174599994341e+02 1.289944013186537619e+00 1.284990820816928503e+00
6.952088132014209805e+02 1.272756223574345480e+00 1.284986806873454013e+00
6.952089089428426405e+02 1.298044482292187274e+00 1.284944183909186188e+00
6.952090046842641868e+02 1.301692032428821255e+00 1.284862119324569951e+00
6.952091004256857332e+02 1.274581099987350807e+00 1.284739798777738695e+00
6.952091961671072795e+02 1.267636278876966838e+00 1.284576428557995253e+00
6.952092919085288258e+02 1.276042985424718390e+00 1.284371238016662309e+00
6.952093876499504859e+02 1.286790499426681889e+00 1.284123482048299181e+00
6.952094833913720322e+02 1.298489583013902271e+00 1.283832443616519381e+00
6.952095791327935785e+02 1.265761710968161369e+00 1.283497436311502815e+00
6.952096748742151249e+02 1.288677903813681080e+00 1.283117806935988314e+00
6.952097706156366712e+02 1.280570517283814880e+00 1.282692938105654212e+00
6.952098663570583312e+02 1.278961536657808651e+00 1.282222250854447188e+00
6.952099620984798776e+02 1.251861058501357427e+00 1.281705207236885080e+00
6.952100578399014239e+02 1.310868520046749364e+00 1.281141312907003948e+00
6.952101535813229702e+02 1.288144927251976046e+00 1.280530119672759648e+00
6.952102493227445166e+02 1.270864631403471501e+00 1.279871228004734851e+00
6.952103450641661766e+02 1.284960407284243322e+00 1.279164289488185613e+00
6.952104408055877229e+02 1.274482627037043070e+00 1.278409009209320990e+00
6.952105365470092693e+02 1.279652117708063752e+00 1.277605148049072881e+00
6.952106322884308156e+02 1.274141265584039839e+00 1.276752524886931806e+00
6.952107280298523619e+02 1.259652909386372199e+00 1.275851018688094696e+00
6.952108237712739083e+02 1.281245353129063735e+00 1.274900570464558625e+00
6.952109195126955683e+02 1.273734157955425550e+00 1.273901185093957888e+00
6.952110152541171146e+02 1.269622350524118426e+00 1.272852932989475327e+00
6.952111109955386610e+02 1.254275620870537455e+00 1.271755951589321754e+00
6.952112067369602073e+02 1.259157220857392678e+00 1.270610446676479821e+00
6.952113024783817536e+02 1.238952091797055566e+00 1.269416693498631288e+00
6.952113982198034137e+02 1.253564411623982577e+00 1.268175037682112150e+00
6.952114939612249600e+02 1.236826436605668711e+00 1.266885895936908701e+00
6.952115897026465063e+02 1.245168933351446405e+00 1.265549756520681912e+00
6.952116854440680527e+02 1.247884728816535560e+00 1.264167179482650560e+00
6.952117811854895990e+02 1.282299967649747963e+00 1.262738796657971063e+00
6.952118769269112590e+02 1.257500985214676348e+00 1.261265311413502177e+00
6.952119726683328054e+02 1.252545110330189226e+00 1.259747498149500933e+00
6.952120684097543517e+02 1.245446620770486179e+00 1.258186201527765169e+00
6.952121641511758980e+02 1.246846159281834288e+00 1.256582335459712763e+00
6.952122598925974444e+02 1.254574822829504610e+00 1.254936881828415896e+00
6.952123556340191044e+02 1.288325699279375236e+00 1.253250888954771547e+00
6.952124513754406507e+02 1.249917823121542426e+00 1.251525469821712644e+00
6.952125471168621971e+02 1.257924785426787651e+00 1.249761800031537362e+00
6.952126428582837434e+02 1.234994022415082382e+00 1.247961115543329003e+00
6.952127385997052897e+02 1.251597268803723795e+00 1.246124710169135064e+00
6.952128343411269498e+02 1.250396934556826878e+00 1.244253932848791822e+00
6.952129300825484961e+02 1.251091530039414979e+00 1.242350184726572326e+00
6.952130258239700424e+02 1.226015587172921917e+00 1.240414916009449975e+00
6.952131215653915888e+02 1.218451181100975722e+00 1.238449622665989791e+00
6.952132173068131351e+02 1.218047063867571778e+00 1.236455842948465556e+00
6.952133130482347951e+02 1.253669029401598856e+00 1.234435153765982118e+00
6.952134087896563415e+02 1.223221775839788528e+00 1.232389166938778313e+00
6.952135045310778878e+02 1.211062822013309725e+00 1.230319525316381224e+00
6.952136002724994341e+02 1.235445877018646499e+00 1.228227898827015663e+00
6.952136960139209805e+02 1.195531150373985385e+00 1.226115980442259001e+00
6.952137917553426405e+02 1.231702886764506344e+00 1.223985482088972843e+00
6.952138874967641868e+02 1.209995635524971913e+00 1.221838130541731404e+00
6.952139832381857332e+02 1.234814213860284227e+00 1.219675663278130484e+00
6.952140789796072795e+02 1.213896954549021467e+00 1.217499824367757055e+00
6.952141747210288258e+02 1.209008479751705334e+00 1.215312360376769929e+00
6.952142704624504859e+02 1.222446852299267084e+00 1.213115016319938233e+00
6.952143662038720322e+02 1.194957940002380425e+00 1.210909531691973129e+00
6.952144619452935785e+02 1.189390690722836430e+00 1.208697636556856914e+00
6.952145576867151249e+02 1.211757602832095770e+00 1.206481047764313752e+00
6.952146534281366712e+02 1.187024164376108804e+00 1.204261465270218157e+00
6.952147491695583312e+02 1.210597153047122676e+00 1.202040568588704783e+00
6.952148449109798776e+02 1.181620499847048089e+00 1.199820013402747465e+00
6.952149406524014239e+02 1.201359314090944874e+00 1.197601428305886229e+00
6.952150363938229702e+02 1.192759639571809638e+00 1.195386411738750043e+00
6.952151321352445166e+02 1.175774576108936431e+00 1.193176529090303140e+00
6.952152278766661766e+02 1.198387367629734301e+00 1.190973309985116302e+00
6.952153236180877229e+02 1.185515132028383656e+00 1.188778245776352493e+00
6.952154193595092693e+02 1.176108259128612721e+00 1.186592787210478228e+00
6.952155151009308156e+02 1.181617267008857830e+00 1.184418342319853767e+00
6.952156108423523619e+02 1.172342129097148078e+00 1.182256274506392257e+00
6.952157065837739083e+02 1.182395507934425938e+00 1.180107900833131884e+00
6.952158023251955683e+02 1.178928615099126054e+00 1.177974490518421735e+00
6.952158980666171146e+02 1.166821578134438875e+00 1.175857263646535200e+00
6.952159938080386610e+02 1.170648374573099115e+00 1.173757390054241734e+00
6.952160895494602073e+02 1.144518149864724332e+00 1.171675988440457727e+00
6.952161852908817536e+02 1.164302971091276451e+00 1.169614125656373016e+00
6.952162810323034137e+02 1.161283833661349574e+00 1.167572816183450879e+00
6.952163767737249600e+02 1.162820306457014841e+00 1.165553021805011191e+00
6.952164725151465063e+02 1.167366073159113116e+00 1.163555651428153315e+00
6.952165682565680527e+02 1.119093851478846657e+00 1.161581561096937332e+00
6.952166639979895990e+02 1.148485600834545872e+00 1.159631554152299682e+00
6.952167597394112590e+02 1.138684372623079089e+00 1.157706381542517260e+00
6.952168554808328054e+02 1.153472634882305892e+00 1.155806742286547006e+00
6.952169512222543517e+02 1.157156082330915714e+00 1.153933284046902541e+00
6.952170469636758980e+02 1.164464809181711358e+00 1.152086603848469171e+00
6.952171427050974444e+02 1.163863254593528351e+00 1.150267248899467631e+00
6.952172384465191044e+02 1.158771484788826189e+00 1.148475717516778793e+00
6.952173341879406507e+02 1.136260382168823302e+00 1.146712460156607438e+00
6.952174299293621971e+02 1.133808296186058051e+00 1.144977880509333357e+00
6.952175256707837434e+02 1.131577289422211363e+00 1.143272336691919744e+00
6.952176214122052897e+02 1.117487981686109855e+00 1.141596142496919875e+00
6.952177171536269498e+02 1.130391040586769646e+00 1.139949568700244331e+00
6.952178128950484961e+02 1.118835444030468418e+00 1.138332844428764590e+00
6.952179086364700424e+02 1.142908267820219814e+00 1.136746158550389074e+00
6.952180043778915888e+02 1.144058185763216828e+00 1.135189661117937732e+00
6.952181001193131351e+02 1.125431982108529905e+00 1.133663464829989476e+00
6.952181958607347951e+02 1.128250452109704982e+00 1.132167646511717640e+00
6.952182916021563415e+02 1.118403127896063110e+00 1.130702248617710293e+00
6.952183873435778878e+02 1.134197618531625151e+00 1.129267280723998068e+00
6.952184830849994341e+02 1.113190930811390755e+00 1.127862721039019966e+00
6.952185788264209805e+02 1.128057640659669181e+00 1.126488517901404363e+00
6.952186745678426405e+02 1.122165001463226064e+00 1.125144591268748551e+00
6.952187703092641868e+02 1.112373389963945414e+00 1.123830834200542306e+00
6.952188660506857332e+02 1.140127623200833940e+00 1.122547114307230753e+00
6.952189617921072795e+02 1.130605839276540348e+00 1.121293275193564920e+00
6.952190575335288258e+02 1.097898003311924775e+00 1.120069137868830111e+00
6.952191532749504859e+02 1.118132864810226224e+00 1.118874502129180160e+00
6.952192490163720322e+02 1.123335636953596062e+00 1.117709147916246426e+00
6.952193447577935785e+02 1.121478100921392329e+00 1.116572836628503929e+00
6.952194404992151249e+02 1.116257438428386539e+00 1.115465312411765053e+00
6.952195362406366712e+02 1.147126495270937019e+00 1.114386303405743295e+00
6.952196319820583312e+02 1.105432570196274833e+00 1.113335522952624501e+00
6.952197277234798776e+02 1.099187014608920432e+00 1.112312670772490186e+00
6.952198234649014239e+02 1.099592233551767384e+00 1.111317434086081857e+00
6.952199192063229702e+02 1.123845067086472804e+00 1.110349488709201582e+00
6.952200149477445166e+02 1.123263299178850261e+00 1.109408500099518635e+00
6.952201106891661766e+02 1.097325089326316894e+00 1.108494124362032762e+00
6.952202064305877229e+02 1.142158906790358808e+00 1.107606009218322862e+00
6.952203021720092693e+02 1.104037019773817851e+00 1.106743794923502167e+00
6.952203979134308156e+02 1.114568095280832338e+00 1.105907115152848563e+00
6.952204936548523619e+02 1.106554310596025825e+00 1.105095597842158384e+00
6.952205893962739083e+02 1.126571244277059014e+00 1.104308865988917976e+00
6.952206851376955683e+02 1.112324353956094525e+00 1.103546538412946809e+00
6.952207808791171146e+02 1.098858575884111177e+00 1.102808230482601237e+00
6.952208766205386610e+02 1.136703514559524786e+00 1.102093554793857511e+00
6.952209723619602073e+02 1.107898341154062383e+00 1.101402121821253521e+00
6.952210681033817536e+02 1.103675288735428417e+00 1.100733540527988996e+00
6.952211638448034137e+02 1.100080016624322532e+00 1.100087418940918438e+00
6.952212595862249600e+02 1.116660030194347897e+00 1.099463364695097978e+00
6.952213553276465063e+02 1.125293596631475657e+00 1.098860985537528423e+00
6.952214510690680527e+02 1.111937542395875944e+00 1.098279889806522469e+00
6.952215468104895990e+02 1.115732493689984395e+00 1.097719686876252876e+00
6.952216425519112590e+02 1.091798614128426825e+00 1.097179987571624160e+00
6.952217382933328054e+02 1.122236607536393427e+00 1.096660404557628476e+00
6.952218340347543517e+02 1.095423315554724164e+00 1.096160552694761314e+00
6.952219297761758980e+02 1.101449980472154255e+00 1.095680049374450071e+00
6.952220255175974444e+02 1.095598783419735378e+00 1.095218514825937905e+00
6.952221212590191044e+02 1.098512346539376683e+00 1.094775572399120822e+00
6.952222170004406507e+02 1.115262454657173219e+00 1.094350848826879830e+00
6.952223127418621971e+02 1.095548065068577381e+00 1.093943974460156898e+00
6.952224084832837434e+02 1.097323334469266776e+00 1.093554583487350129e+00
6.952225042247052897e+02 1.084413955966987420e+00 1.093182314131102784e+00
6.952225999661269498e+02 1.103572890016907948e+00 1.092826808826296903e+00
6.952226957075484961e+02 1.074547143915989711e+00 1.092487714382168518e+00
6.952227914489700424e+02 1.104452678480738470e+00 1.092164682123231367e+00
6.952228871903915888e+02 1.092975594966508091e+00 1.091857368018357421e+00
6.952229829318131351e+02 1.104734789355154012e+00 1.091565432792538815e+00
6.952230786732347951e+02 1.096417429049506786e+00 1.091288542024434260e+00
6.952231744146563415e+02 1.077894196533827786e+00 1.091026366232047184e+00
6.952232701560778878e+02 1.085092217097061162e+00 1.090778580942442400e+00
6.952233658974994341e+02 1.091151940448684909e+00 1.090544866752847897e+00
6.952234616389209805e+02 1.113985887755056359e+00 1.090324909378909801e+00
6.952235573803426405e+02 1.100706752950685763e+00 1.090118399692572515e+00
6.952236531217641868e+02 1.079259417328501947e+00 1.089925033751371508e+00
6.952237488631857332e+02 1.070184561090854913e+00 1.089744512816148703e+00
6.952238446046072795e+02 1.100805152998550973e+00 1.089576543362710703e+00
6.952239403460288258e+02 1.098960328258584251e+00 1.089420837084307925e+00
6.952240360874504859e+02 1.100609262854383319e+00 1.089277110886834654e+00
6.952241318288720322e+02 1.119923032905441929e+00 1.089145086878034574e+00
6.952242275702935785e+02 1.077213953727300000e+00 1.089024492348689366e+00
6.952243233117151249e+02 1.127946816596014257e+00 1.088915059749695047e+00
6.952244190531366712e+02 1.071371221540212693e+00 1.088816526662887751e+00
6.952245147945583312e+02 1.096909763136564298e+00 1.088728635767004516e+00
6.952246105359798776e+02 1.088598909686671057e+00 1.088651134799625497e+00
6.952247062774014239e+02 1.093727905195158057e+00 1.088583776513943668e+00
6.952248020188229702e+02 1.098551384338478432e+00 1.088526318632816681e+00
6.952248977602445166e+02 1.107604113032864879e+00 1.088478523798861453e+00
6.952249935016661766e+02 1.089627058404906146e+00 1.088440159521524064e+00
6.952250892430877229e+02 1.094677251489597269e+00 1.088410998121569273e+00
6.952251849845092693e+02 1.090174015481310876e+00 1.088390816672635486e+00
6.952252807259308156e+02 1.095611437646403230e+00 1.088379396941030475e+00
6.952253764673523619e+02 1.100004320265042912e+00 1.088376525323314414e+00
6.952254722087739083e+02 1.078257575370705990e+00 1.088381992782208707e+00
6.952255679501955683e+02 1.100585641571975470e+00 1.088395594781023545e+00
6.952256636916171146e+02 1.099911477831312823e+00 1.088417131216695921e+00
6.952257594330386610e+02 1.101624822834568862e+00 1.088446406351905704e+00
6.952258551744602073e+02 1.099244656185579094e+00 1.088483228746126130e+00
6.952259509158817536e+02 1.095800288844714254e+00 1.088527411186002603e+00
6.952260466573034137e+02 1.103743803638795207e+00 1.088578770615196589e+00
6.952261423987249600e+02 1.109901453388856263e+00 1.088637128063486781e+00
6.952262381401465063e+02 1.077978215746619117e+00 1.088702308576184219e+00
6.952263338815680527e+02 1.095078842906401784e+00 1.088774141142781815e+00
6.952264296229895990e+02 1.094478842847831368e+00 1.088852458625840791e+00
6.952265253644112590e+02 1.108357732986413158e+00 1.088937097689983480e+00
6.952266211058328054e+02 1.083948999547119874e+00 1.089027898730529964e+00
6.952267168472543517e+02 1.097934746961495289e+00 1.089124705803394377e+00
6.952268125886758980e+02 1.087179958278259084e+00 1.089227366554322396e+00
6.952269083300974444e+02 1.108227449877426496e+00 1.089335732149026903e+00
6.952270040715191044e+02 1.103304766387433800e+00 1.089449657203852340e+00
6.952270998129406507e+02 1.107190221264122476e+00 1.089568999716296949e+00
6.952271955543621971e+02 1.078030305200174510e+00 1.089693620997505219e+00
6.952272912957837434e+02 1.101687088810126891e+00 1.089823385604069550e+00
6.952273870372052897e+02 1.102482701887339989e+00 1.089958161271206372e+00
6.952274827786269498e+02 1.092699463553405748e+00 1.090097818846724520e+00
6.952275785200484961e+02 1.104943025528283052e+00 1.090242232224936991e+00
6.952276742614700424e+02 1.107451164987713454e+00 1.090391278283068921e+00
6.952277700028915888e+02 1.095946907187017372e+00 1.090544836816861318e+00
6.952278657443131351e+02 1.081133525125322015e+00 1.090702790477877215e+00
6.952279614857347951e+02 1.084845832719693703e+00 1.090865024711745068e+00
6.952280572271563415e+02 1.087647172013218810e+00 1.091031427696354861e+00
6.952281529685778878e+02 1.081616836343679999e+00 1.091201890282924358e+00
6.952282487099994341e+02 1.089380599708563047e+00 1.091376305936101243e+00
6.952283444514209805e+02 1.101803275102080981e+00 1.091554570675985048e+00
6.952284401928426405e+02 1.086471225701666876e+00 1.091736583021153839e+00
6.952285359342641868e+02 1.111188737939447613e+00 1.091922243931585657e+00
6.952286316756857332e+02 1.110041626515143376e+00 1.092111456754731202e+00
6.952287274171072795e+02 1.101007016525453963e+00 1.092304127170422801e+00
6.952288231585288258e+02 1.104622971944489995e+00 1.092500163137843705e+00
6.952289188999504859e+02 1.087438947303553727e+00 1.092699474843517704e+00
6.952290146413720322e+02 1.090802049542301866e+00 1.092901974649093111e+00
6.952291103827935785e+02 1.091641781535933386e+00 1.093107577042486955e+00
6.952292061242151249e+02 1.103718425019982963e+00 1.093316198587642729e+00
6.952293018656366712e+02 1.091413120435400286e+00 1.093527757876445516e+00
6.952293976070583312e+02 1.089084010602301422e+00 1.093742175481621226e+00
6.952294933484798776e+02 1.095330718392007352e+00 1.093959373909322519e+00
6.952295890899014239e+02 1.090137361058357568e+00 1.094179277555212160e+00
6.952296848313229702e+02 1.113752778579560454e+00 1.094401812658952089e+00
6.952297805727445166e+02 1.123068741127133618e+00 1.094626907260884963e+00
6.952298763141661766e+02 1.083129721243631494e+00 1.094854491159661380e+00
6.952299720555877229e+02 1.090511487623164744e+00 1.095084495869421692e+00
6.952300677970092693e+02 1.080044143553094305e+00 1.095316854580580701e+00
6.952301635384308156e+02 1.069932767268064078e+00 1.095551502118799370e+00
6.952302592798523619e+02 1.099744178862323229e+00 1.095788374906178531e+00
6.952303550212739083e+02 1.086325818706843638e+00 1.096027410923043677e+00
6.952304507626955683e+02 1.081030849957949957e+00 1.096268549670867731e+00
6.952305465041171146e+02 1.098605903470160960e+00 1.096511732134590744e+00
6.952306422455386610e+02 1.080157814688360585e+00 1.096756900748627528e+00
6.952307379869602073e+02 1.088583030401552021e+00 1.097003999360822712e+00
6.952308337283817536e+02 1.105530122032304829e+00 1.097252973198626691e+00
6.952309294698034137e+02 1.089265816523930175e+00 1.097503768836065152e+00
6.952310252112249600e+02 1.096114777556364217e+00 1.097756334159980973e+00
6.952311209526465063e+02 1.105097508803486228e+00 1.098010618340011124e+00
6.952312166940680527e+02 1.090157038202294038e+00 1.098266571796321589e+00
6.952313124354895990e+02 1.090318282685433626e+00 1.098524146169554516e+00
6.952314081769112590e+02 1.087414339033479171e+00 1.098783294291495460e+00
6.952315039183328054e+02 1.107402045180548189e+00 1.099043970154896410e+00
6.952315996597543517e+02 1.109962035503708977e+00 1.099306128887057143e+00
6.952316954011758980e+02 1.096523858689596231e+00 1.099569726721001839e+00
6.952317911425974444e+02 1.085894771360812250e+00 1.099834720968847046e+00
6.952318868840191044e+02 1.098212722976725120e+00 1.100101069995815362e+00
6.952319826254406507e+02 1.102805359012616337e+00 1.100368733193298976e+00
6.952320783668621971e+02 1.072696029913489113e+00 1.100637670955698866e+00
6.952321741082837434e+02 1.093036218534404025e+00 1.100907844654704926e+00
6.952322698497052897e+02 1.101171461198384494e+00 1.101179216615739920e+00
6.952323655911269498e+02 1.096879195705962040e+00 1.101451750094993853e+00
6.952324613325484961e+02 1.097591895915381421e+00 1.101725409255395416e+00
6.952325570739700424e+02 1.110245628863762324e+00 1.102000159146371949e+00
6.952326528153915888e+02 1.108056118435282844e+00 1.102275965680917347e+00
6.952327485568131351e+02 1.115903087331157950e+00 1.102552795614794690e+00
6.952328442982347951e+02 1.079755388575002861e+00 1.102830616526265350e+00
6.952329400396563415e+02 1.127094194386776493e+00 1.103109396794667463e+00
6.952330357810778878e+02 1.105422376307532817e+00 1.103389105582787133e+00
6.952331315224994341e+02 1.097891097464904542e+00 1.103669712816406578e+00
6.952332272639209805e+02 1.095334002251405092e+00 1.103951189165974789e+00
6.952333230053426405e+02 1.095145221803525137e+00 1.104233506028736711e+00
6.952334187467641868e+02 1.107908313593563676e+00 1.104516635509634304e+00
6.952335144881857332e+02 1.118182826244954464e+00 1.104800550405996562e+00
6.952336102296072795e+02 1.110282633562022392e+00 1.105085224189304549e+00
6.952337059710288258e+02 1.105523905647562311e+00 1.105370630989045200e+00
6.952338017124504859e+02 1.116989223686654542e+00 1.105656745576978128e+00
6.952338974538720322e+02 1.114334355107752028e+00 1.105943543350099700e+00
6.952339931952935785e+02 1.072261980796396896e+00 1.106231000317388080e+00
6.952340889367151249e+02 1.096226841355245618e+00 1.106519093083534688e+00
6.952341846781366712e+02 1.095469865060682668e+00 1.106807798834735790e+00
6.952342804195583312e+02 1.096711152452737315e+00 1.107097095324852898e+00
6.952343761609798776e+02 1.109640827879942337e+00 1.107386960860201830e+00
6.952344719024014239e+02 1.095748966114658662e+00 1.107677374288120076e+00
6.952345676438229702e+02 1.097327162134704270e+00 1.107968314982437308e+00
6.952346633852445166e+02 1.115153958059104333e+00 1.108259762830981154e+00
6.952347591266661766e+02 1.114274686577345630e+00 1.108551698223412263e+00
6.952348548680877229e+02 1.111297970641838218e+00 1.108844102037626733e+00
6.952349506095092693e+02 1.102270802789851345e+00 1.109136955629936194e+00
6.952350463509308156e+02 1.114729175785036386e+00 1.109430240822069980e+00
6.952351420923523619e+02 1.090592761653728981e+00 1.109723939890199462e+00
6.952352378337739083e+02 1.100858021681854870e+00 1.110018035553899773e+00
6.952353335751955683e+02 1.117136555584545610e+00 1.110312510965727251e+00
6.952354293166171146e+02 1.112327999688988101e+00 1.110607349699321178e+00
6.952355250580386610e+02 1.095401766124535214e+00 1.110902535741261410e+00
6.952356207994602073e+02 1.122575460124581204e+00 1.111198053479678149e+00
6.952357165408817536e+02 1.103856900589640366e+00 1.111493887694864569e+00
6.952358122823034137e+02 1.093502550932339279e+00 1.111790023550124129e+00
6.952359080237249600e+02 1.098617560412091798e+00 1.112086446581103116e+00
6.952360037651465063e+02 1.099017088383384744e+00 1.112383142688861071e+00
6.952360995065680527e+02 1.099067131034374256e+00 1.112680098129653183e+00
6.952361952479895990e+02 1.122724819146084796e+00 1.112977299506686224e+00
6.952362909894112590e+02 1.095083771374360415e+00 1.113274733762088742e+00
6.952363867308328054e+02 1.113511480035335621e+00 1.113572388167324512e+00
6.952364824722543517e+02 1.106691146072620757e+00 1.113870250317333888e+00
6.952365782136758980e+02 1.108678371725995371e+00 1.114168308121346929e+00
6.952366739550974444e+02 1.084838694776707912e+00 1.114466549795648964e+00
6.952367696965191044e+02 1.091023154363018666e+00 1.114764963856537339e+00
6.952368654379406507e+02 1.122201857755550813e+00 1.115063539111687652e+00
6.952369611793621971e+02 1.100704858152237176e+00 1.115362264655238578e+00
6.952370569207837434e+02 1.083523368157910172e+00 1.115661129859511158e+00
6.952371526622052897e+02 1.110727725041403158e+00 1.115960124368665207e+00
6.952372484036269498e+02 1.117839151433897893e+00 1.116259238092522699e+00
6.952373441450484961e+02 1.104823027584051820e+00 1.116558461198773555e+00
6.952374398864700424e+02 1.124719537924464774e+00 1.116857784108892249e+00
