6.951845917614699601e+02 1.068621691908277826e+00 1.078557735996404698e+00
6.951846875028915065e+02 1.074167262044443349e+00 1.078990143498711030e+00
6.951847832443130528e+02 1.043239957728894662e+00 1.079424111571949618e+00
6.951848789857347128e+02 1.063667755847051088e+00 1.079859652299705708e+00
6.951849747271562592e+02 1.066516590882187199e+00 1.080296777842332023e+00
6.951850704685778055e+02 1.078627639350846490e+00 1.080735500439411023e+00
6.951851662099993518e+02 1.081403979067961485e+00 1.081175832406985560e+00
6.951852619514208982e+02 1.090030963042352363e+00 1.081617786137308856e+00
6.951853576928425582e+02 1.068518414337696676e+00 1.082061374098541418e+00
6.951854534342641045e+02 1.103836569898087872e+00 1.082506608831740547e+00
6.951855491756856509e+02 1.087726200640455776e+00 1.082953502953049485e+00
6.951856449171071972e+02 1.067464978342564486e+00 1.083402069150542379e+00
6.951857406585287436e+02 1.088816425141092115e+00 1.083852320183627871e+00
6.951858363999504036e+02 1.068979664785860040e+00 1.084304268882376521e+00
6.951859321413719499e+02 1.098944485772951118e+00 1.084757928144082229e+00
6.951860278827934962e+02 1.100786366142693984e+00 1.085213310935100317e+00
6.951861236242150426e+02 1.092292152749573253e+00 1.085670430287230426e+00
6.951862193656365889e+02 1.092883055326293151e+00 1.086129299296684225e+00
6.951863151070582489e+02 1.089353476057661974e+00 1.086589931122963870e+00
6.951864108484797953e+02 1.073149334015346401e+00 1.087052338984900279e+00
6.951865065899013416e+02 1.085871368979353990e+00 1.087516536162051795e+00
6.951866023313228879e+02 1.088503431073382099e+00 1.087982535990526189e+00
6.951866980727444343e+02 1.076861392182747013e+00 1.088450351861413257e+00
6.951867938141660943e+02 1.098333029058890631e+00 1.088919997219110591e+00
6.951868895555876406e+02 1.108497286664051007e+00 1.089391485556728822e+00
6.951869852970091870e+02 1.079873855481375156e+00 1.089864830416943375e+00
6.951870810384307333e+02 1.087139593225741496e+00 1.090340045387135026e+00
6.951871767798522797e+02 1.069307085898052012e+00 1.090817144097169011e+00
6.951872725212738260e+02 1.104928286026912287e+00 1.091296140216473365e+00
6.951873682626954860e+02 1.095922488454893040e+00 1.091777047451529592e+00
6.951874640041170323e+02 1.091169917289740221e+00 1.092259879540344425e+00
6.951875597455385787e+02 1.092283124137790384e+00 1.092744650252466920e+00
6.951876554869601250e+02 1.104378899108067191e+00 1.093231373383123817e+00
6.951877512283816714e+02 1.078090918086824779e+00 1.093720062750022093e+00
6.951878469698033314e+02 1.091746427308206258e+00 1.094210732189979662e+00
6.951879427112248777e+02 1.079144209857860526e+00 1.094703395552440339e+00
6.951880384526464240e+02 1.108084466118659517e+00 1.095198066698615635e+00
6.951881341940679704e+02 1.080730629548134480e+00 1.095694759494588943e+00
6.951882299354895167e+02 1.073563455644835907e+00 1.096193487807109790e+00
6.951883256769111767e+02 1.094176482206242307e+00 1.096694265499171816e+00
6.951884214183327231e+02 1.093299338412805133e+00 1.097197106422377555e+00
6.951885171597542694e+02 1.120507626812372148e+00 1.097702024415004196e+00
6.951886129011758158e+02 1.098212671513152827e+00 1.098209033293866321e+00
6.951887086425973621e+02 1.080733430111263882e+00 1.098718146848883137e+00
6.951888043840190221e+02 1.097313440863968648e+00 1.099229378837382587e+00
6.951889001254405684e+02 1.087911696840281550e+00 1.099742742975076570e+00
6.951889958668621148e+02 1.100686534713565257e+00 1.100258252932812431e+00
6.951890916082836611e+02 1.102182536265018165e+00 1.100775922326941325e+00
6.951891873497052075e+02 1.102979044726885460e+00 1.101295764712399761e+00
6.951892830911268675e+02 1.098068667320667879e+00 1.101817793575466942e+00
6.951893788325484138e+02 1.072696670920874062e+00 1.102342022323071991e+00
6.951894745739699601e+02 1.091639913938720730e+00 1.102868464277940497e+00
6.951895703153915065e+02 1.090748124115629825e+00 1.103397132667170766e+00
6.951896660568130528e+02 1.117637242082332838e+00 1.103928040613511463e+00
6.951897617982347128e+02 1.128019937941153739e+00 1.104461201126254011e+00
6.951898575396562592e+02 1.096117253181167372e+00 1.104996627088535188e+00
6.951899532810778055e+02 1.108971387498733918e+00 1.105534331250533242e+00
6.951900490224993518e+02 1.099220259457404092e+00 1.106074326215887860e+00
6.951901447639208982e+02 1.102146667410197178e+00 1.106616624430806883e+00
6.951902405053425582e+02 1.117813384545810029e+00 1.107161238172706952e+00
6.951903362467641045e+02 1.101882059270046677e+00 1.107708179535104920e+00
6.951904319881856509e+02 1.104349088515711230e+00 1.108257460418458962e+00
6.951905277296071972e+02 1.104146296085360524e+00 1.108809092513997285e+00
6.951906234710287436e+02 1.116302340227683043e+00 1.109363087290211602e+00
6.951907192124504036e+02 1.103517333016185820e+00 1.109919455978785052e+00
6.951908149538719499e+02 1.095011938132980811e+00 1.110478209556598816e+00
6.951909106952934962e+02 1.111530894186327112e+00 1.111039358733721061e+00
6.951910064367150426e+02 1.123440494242943455e+00 1.111602913934138570e+00
6.951911021781365889e+02 1.127902573521059493e+00 1.112168885279107844e+00
6.951911979195582489e+02 1.121758950908306351e+00 1.112737282569820962e+00
6.951912936609797953e+02 1.125306671750720300e+00 1.113308115265964737e+00
6.951913894024013416e+02 1.094889964199706744e+00 1.113881392470273957e+00
6.951914851438228879e+02 1.122445043208259330e+00 1.114457122905558206e+00
6.951915808852444343e+02 1.098907441448401689e+00 1.115035314894284868e+00
6.951916766266660943e+02 1.101391976879411816e+00 1.115615976337341664e+00
6.951917723680876406e+02 1.110423629394800438e+00 1.116199114688469329e+00
6.951918681095091870e+02 1.113082383219958116e+00 1.116784736934699485e+00
6.951919638509307333e+02 1.115949535205628784e+00 1.117372849568954329e+00
6.951920595923522797e+02 1.121560227708079838e+00 1.117963458565127466e+00
6.951921553337738260e+02 1.097071120088161766e+00 1.118556569351470964e+00
6.951922510751954860e+02 1.128340556212573675e+00 1.119152186783651359e+00
6.951923468166170323e+02 1.118161577447641442e+00 1.119750315113190231e+00
6.951924425580385787e+02 1.108162972506562260e+00 1.120350957961864680e+00
6.951925382994601250e+02 1.112989470243806789e+00 1.120954118287886159e+00
6.951926340408816714e+02 1.128331449522766317e+00 1.121559798354417437e+00
6.951927297823033314e+02 1.130467521111346851e+00 1.122167999696872975e+00
6.951928255237248777e+02 1.121044588257867458e+00 1.122778723085323671e+00
6.951929212651464240e+02 1.131477006926111084e+00 1.123391968492807313e+00
6.951930170065679704e+02 1.121864371772514302e+00 1.124007735055051693e+00
6.951931127479895167e+02 1.129519911848494207e+00 1.124626021032389511e+00
6.951932084894111767e+02 1.111041012899921965e+00 1.125246823770229776e+00
6.951933042308327231e+02 1.100477090714733652e+00 1.125870139654327806e+00
6.951933999722542694e+02 1.141239175152671814e+00 1.126495964071868139e+00
6.951934957136758158e+02 1.113629464195559526e+00 1.127124291363563735e+00
6.951935914550973621e+02 1.135546630803903501e+00 1.127755114777768908e+00
6.951936871965190221e+02 1.110969587819321980e+00 1.128388426422889390e+00
6.951937829379405684e+02 1.134900113771641683e+00 1.129024217214248393e+00
6.951938786793621148e+02 1.114075717162859691e+00 1.129662476826639450e+00
6.951939744207836611e+02 1.122579930406674142e+00 1.130303193637467229e+00
6.951940701622052075e+02 1.148361847934571633e+00 1.130946354671689136e+00
6.951941659036268675e+02 1.131771005277211195e+00 1.131591945544758060e+00
6.951942616450484138e+02 1.138773110958489099e+00 1.132239950399644979e+00
6.951943573864699601e+02 1.110091940197652338e+00 1.132890351849389354e+00
6.951944531278915065e+02 1.146152755318290639e+00 1.133543130909776098e+00
6.951945488693130528e+02 1.122966824280328568e+00 1.134198266933560850e+00
6.951946446107347128e+02 1.132932674203150025e+00 1.134855737542372456e+00
6.951947403521562592e+02 1.113891132854665011e+00 1.135515518552288716e+00
6.951948360935778055e+02 1.144618105025219101e+00 1.136177583904740773e+00
6.951949318349993518e+02 1.121516946462429498e+00 1.136841905587057111e+00
6.951950275764208982e+02 1.137813912883208767e+00 1.137508453554275656e+00
6.951951233178425582e+02 1.119757353840751923e+00 1.138177195648272688e+00
6.951952190592641045e+02 1.165214831259990369e+00 1.138848097510144264e+00
6.951953148006856509e+02 1.128000712041969722e+00 1.139521122497676453e+00
6.951954105421071972e+02 1.125403409353738837e+00 1.140196231591953602e+00
6.951955062835287436e+02 1.160945125372211173e+00 1.140873383304936040e+00
6.951956020249504036e+02 1.125776502513776700e+00 1.141552533583970908e+00
6.951956977663719499e+02 1.125689338772743575e+00 1.142233635709119621e+00
6.951957935077934962e+02 1.131507997700033741e+00 1.142916640195321243e+00
6.951958892492150426e+02 1.119620592543237203e+00 1.143601494683192721e+00
6.951959849906365889e+02 1.159032578357450438e+00 1.144288143830479942e+00
6.951960807320582489e+02 1.135642559874067370e+00 1.144976529200071536e+00
6.951961764734797953e+02 1.155461236102978129e+00 1.145666589140397207e+00
6.951962722149013416e+02 1.124741720577548065e+00 1.146358258670407304e+00
6.951963679563228879e+02 1.122318735450900329e+00 1.147051469352720732e+00
6.951964636977444343e+02 1.156148049610185691e+00 1.147746149167117702e+00
6.951965594391660943e+02 1.147389951139776487e+00 1.148442222380257061e+00
6.951966551805876406e+02 1.146610158073811059e+00 1.149139609407392681e+00
6.951967509220091870e+02 1.154292001957236913e+00 1.149838226678446818e+00
6.951968466634307333e+02 1.147970044180640636e+00 1.150537986491851017e+00
6.951969424048522797e+02 1.135909735420943978e+00 1.151238796868494507e+00
6.951970381462738260e+02 1.139167695486160259e+00 1.151940561400786711e+00
6.951971338876954860e+02 1.156088186132933293e+00 1.152643179098453041e+00
6.951972296291170323e+02 1.146932479101253399e+00 1.153346544226022008e+00
6.951973253705385787e+02 1.154283213484739834e+00 1.154050546144499423e+00
6.951974211119601250e+02 1.180071444413471893e+00 1.154755069140523505e+00
6.951975168533816714e+02 1.169448795054304879e+00 1.155459992255507329e+00
6.951976125948033314e+02 1.159860275771233740e+00 1.156165189110601066e+00
6.951977083362248777e+02 1.167623690241995416e+00 1.156870527723296682e+00
6.951978040776464240e+02 1.148691660922921187e+00 1.157575870328262591e+00
6.951978998190679704e+02 1.152720670525703817e+00 1.158281073185691401e+00
6.951979955604895167e+02 1.162565727060449916e+00 1.158985986389777567e+00
6.951980913019111767e+02 1.168320264528730945e+00 1.159690453673198007e+00
6.951981870433327231e+02 1.175513127820416059e+00 1.160394312203502309e+00
6.951982827847542694e+02 1.153168270404263174e+00 1.161097392384052407e+00
6.951983785261758158e+02 1.159310848808768446e+00 1.161799517642905677e+00
6.951984742675973621e+02 1.180988713222132613e+00 1.162500504222329534e+00
6.951985700090190221e+02 1.171243508154559354e+00 1.163200160964915630e+00
6.951986657504405684e+02 1.162607223249299881e+00 1.163898289092340832e+00
6.951987614918621148e+02 1.174036361465739198e+00 1.164594681989441938e+00
6.951988572332836611e+02 1.166049538827854892e+00 1.165289124977226365e+00
6.951989529747052075e+02 1.167016068383256888e+00 1.165981395087558603e+00
6.951990487161268675e+02 1.146052283975559583e+00 1.166671260835647983e+00
6.951991444575484138e+02 1.182508889529671148e+00 1.167358481986598528e+00
6.951992401989699601e+02 1.169310480862062462e+00 1.168042809328670772e+00
6.951993359403915065e+02 1.180469704613924309e+00 1.168723984437277874e+00
6.951994316818130528e+02 1.176565587392962797e+00 1.169401739442462729e+00
6.951995274232347128e+02 1.179605985190276263e+00 1.170075796796224088e+00
6.951996231646562592e+02 1.170607607022144947e+00 1.170745869036254438e+00
6.951997189060778055e+02 1.182203492341460604e+00 1.171411658558670021e+00
6.951998146474993518e+02 1.187238477607673648e+00 1.172072857384359734e+00
6.951999103889208982e+02 1.176060955466101676e+00 1.172729146931654309e+00
6.952000061303425582e+02 1.180244671465870532e+00 1.173380197792019519e+00
6.952001018717641045e+02 1.177883076759542957e+00 1.174025669505750491e+00
6.952001976131856509e+02 1.187243358241991675e+00 1.174665210350105848e+00
6.952002933546071972e+02 1.182670133895880493e+00 1.175298457125345308e+00
6.952003890960287436e+02 1.181658725899237261e+00 1.175925034951269543e+00
6.952004848374504036e+02 1.197251458466046747e+00 1.176544557071403263e+00
6.952005805788719499e+02 1.214398160949275329e+00 1.177156624662317741e+00
6.952006763202934962e+02 1.216977179128327702e+00 1.177760826660321225e+00
6.952007720617150426e+02 1.203449474641376193e+00 1.178356739592057778e+00
6.952008678031365889e+02 1.185627942015649472e+00 1.178943927421434168e+00
6.952009635445582489e+02 1.195758757644572512e+00 1.179521941410543118e+00
6.952010592859797953e+02 1.199254948723985637e+00 1.180090319992735948e+00
6.952011550274013416e+02 1.173396465911027198e+00 1.180648588669694909e+00
6.952012507688228879e+02 1.203294527910345524e+00 1.181196259920442415e+00
6.952013465102444343e+02 1.185845832268794808e+00 1.181732833134357286e+00
6.952014422516660943e+02 1.179370432004727576e+00 1.182257794566502263e+00
6.952015379930876406e+02 1.173007399713086540e+00 1.182770617314138573e+00
6.952016337345091870e+02 1.206910351802881198e+00 1.183270761325740938e+00
6.952017294759307333e+02 1.213946620850423930e+00 1.183757673432086710e+00
6.952018252173522797e+02 1.176442883946060114e+00 1.184230787410950780e+00
6.952019209587738260e+02 1.181801045123029192e+00 1.184689524083830436e+00
6.952020167001954860e+02 1.206176142808385032e+00 1.185133291448114745e+00
6.952021124416170323e+02 1.209713180076872563e+00 1.185561484843903779e+00
6.952022081830385787e+02 1.195442104350595169e+00 1.185973487165703055e+00
6.952023039244601250e+02 1.197478576681560325e+00 1.186368669110886565e+00
6.952023996658816714e+02 1.179196656414124522e+00 1.186746389475333174e+00
6.952024954073033314e+02 1.185486649783830337e+00 1.187105995495933763e+00
6.952025911487248777e+02 1.213415410957605856e+00 1.187446823240497995e+00
6.952026868901464240e+02 1.213036706625380434e+00 1.187768198053904545e+00
6.952027826315679704e+02 1.199567392993246662e+00 1.188069435054449396e+00
6.952028783729895167e+02 1.211890252641319776e+00 1.188349839689313292e+00
6.952029741144111767e+02 1.191295874587377179e+00 1.188608708349255583e+00
6.952030698558327231e+02 1.201482054538207223e+00 1.188845329043537680e+00
6.952031655972542694e+02 1.171468517825024591e+00 1.189058982141890874e+00
6.952032613386758158e+02 1.201667330903096964e+00 1.189248941179551267e+00
6.952033570800973621e+02 1.211930020919729012e+00 1.189414473732068878e+00
6.952034528215190221e+02 1.197544393733609214e+00 1.189554842360037057e+00
6.952035485629405684e+02 1.203519099992980124e+00 1.189669305624819762e+00
6.952036443043621148e+02 1.198862978643577382e+00 1.189757119179208233e+00
6.952037400457836611e+02 1.198742896826009208e+00 1.189817536930919628e+00
6.952038357872052075e+02 1.191718077460858449e+00 1.189849812282510300e+00
6.952039315286268675e+02 1.202289561081040459e+00 1.189853199447324705e+00
6.952040272700484138e+02 1.171483734067982452e+00 1.189826954842065465e+00
6.952041230114699601e+02 1.200218043502468745e+00 1.189770338555958817e+00
6.952042187528915065e+02 1.202569135615846330e+00 1.189682615896035411e+00
6.952043144943130528e+02 1.181371453761343560e+00 1.189563059007846313e+00
6.952044102357347128e+02 1.208541281595300720e+00 1.189410948570033932e+00
6.952045059771562592e+02 1.209791779629748820e+00 1.189225575562154802e+00
6.952046017185778055e+02 1.190899404735530798e+00 1.189006243100645843e+00
6.952046974599993518e+02 1.166797792120763289e+00 1.188752268343675089e+00
6.952047932014208982e+02 1.192221392825333126e+00 1.188462984458838134e+00
6.952048889428425582e+02 1.199682076432342592e+00 1.188137742650237527e+00
6.952049846842641045e+02 1.178125313452610179e+00 1.187775914242523490e+00
6.952050804256856509e+02 1.184081554866039721e+00 1.187376892810677820e+00
6.952051761671071972e+02 1.173787366335415694e+00 1.186940096357281593e+00
6.952052719085287436e+02 1.207975771607659565e+00 1.186464969524953617e+00
6.952053676499504036e+02 1.186311932922056389e+00 1.185950985838231997e+00
6.952054633913719499e+02 1.170537148830808283e+00 1.185397649970324929e+00
6.952055591327934962e+02 1.170837963904749923e+00 1.184804500016816142e+00
6.952056548742150426e+02 1.170725240195746197e+00 1.184171109779256881e+00
6.952057506156365889e+02 1.186039937241726960e+00 1.183497091039712457e+00
6.952058463570582489e+02 1.180850671227780202e+00 1.182782095818474044e+00
6.952059420984797953e+02 1.184183459552473838e+00 1.182025818608517742e+00
6.952060378399013416e+02 1.184416023348212166e+00 1.181227998562316195e+00
6.952061335813228879e+02 1.196885128848058866e+00 1.180388421636018981e+00
6.952062293227444343e+02 1.162241147408224817e+00 1.179506922666038848e+00
6.952063250641660943e+02 1.193620306960018196e+00 1.178583387369256164e+00
6.952064208055876406e+02 1.188046789518099278e+00 1.177617754259828065e+00
6.952065165470091870e+02 1.185751088655912167e+00 1.176610016453011331e+00
6.952066122884307333e+02 1.178289786948864659e+00 1.175560223364879420e+00
6.952067080298522797e+02 1.161369139785467963e+00 1.174468482278632875e+00
6.952068037712738260e+02 1.145784521255714061e+00 1.173334959771169528e+00
6.952068995126954860e+02 1.178786612574980852e+00 1.172159882984906920e+00
6.952069952541170323e+02 1.157317163582652242e+00 1.170943540741215427e+00
6.952070909955385787e+02 1.163611469067012294e+00 1.169686284462831294e+00
6.952071867369601250e+02 1.166175830133398872e+00 1.168388528922216896e+00
6.952072824783816714e+02 1.159541577713345539e+00 1.167050752784908774e+00
6.952073782198033314e+02 1.139138704838912108e+00 1.165673498945195341e+00
6.952074739612248777e+02 1.155269713515752805e+00 1.164257374654397159e+00
6.952075697026464240e+02 1.157907865155075156e+00 1.162803051409960986e+00
6.952076654440679704e+02 1.155864479171377024e+00 1.161311264632154616e+00
6.952077611854895167e+02 1.147938700508219112e+00 1.159782813099346610e+00
6.952078569269111767e+02 1.164570099783458490e+00 1.158218558146514754e+00
6.952079526683327231e+02 1.146491284406910838e+00 1.156619422634874716e+00
6.952080484097542694e+02 1.150092289481505992e+00 1.154986389664487634e+00
6.952081441511758158e+02 1.122511494183800140e+00 1.153320501068388015e+00
6.952082398925973621e+02 1.167975146829831834e+00 1.151622855663501976e+00
6.952083356340190221e+02 1.149102683294418670e+00 1.149894607271985114e+00
6.952084313754405684e+02 1.137966298214249772e+00 1.148136962529804572e+00
6.952085271168621148e+02 1.142151121094987065e+00 1.146351178459563247e+00
6.952086228582836611e+02 1.118277721943325309e+00 1.144538559858063520e+00
6.952087185997052075e+02 1.139359250478874763e+00 1.142700456478861204e+00
6.952088143411268675e+02 1.141718340347372518e+00 1.140838260032227103e+00
6.952089100825484138e+02 1.163552732339974805e+00 1.138953401027537060e+00
6.952090058239699601e+02 1.121681032744133999e+00 1.137047345439830881e+00
6.952091015653915065e+02 1.133666743716197356e+00 1.135121591260874974e+00
6.952091973068130528e+02 1.138715497707922353e+00 1.133177664918711303e+00
6.952092930482347128e+02 1.120464726433840097e+00 1.131217117594505606e+00
6.952093887896562592e+02 1.103716451739525040e+00 1.129241521467126974e+00
6.952094845310778055e+02 1.098855417172333038e+00 1.127252465869635678e+00
6.952095802724993518e+02 1.112944786703609079e+00 1.125251553423764594e+00
6.952096760139208982e+02 1.129528364246672911e+00 1.123240396137222818e+00
6.952097717553425582e+02 1.102429839481651630e+00 1.121220611495074460e+00
6.952098674967641045e+02 1.105756077300731555e+00 1.119193818576865951e+00
6.952099632381856509e+02 1.101415578776707926e+00 1.117161634182764596e+00
6.952100589796071972e+02 1.089120002521170028e+00 1.115125669035474276e+00
6.952101547210287436e+02 1.103083153916166292e+00 1.113087524040141441e+00
6.952102504624504036e+02 1.120655614398909483e+00 1.111048786631598118e+00
6.952103462038719499e+02 1.100062343220465921e+00 1.109011027237576608e+00
6.952104419452934962e+02 1.096643941324066507e+00 1.106975795837049859e+00
6.952105376867150426e+02 1.108645962006019392e+00 1.104944618676486634e+00
6.952106334281365889e+02 1.086890292554211213e+00 1.102918995120828694e+00
6.952107291695582489e+02 1.087017407520265877e+00 1.100900394663185233e+00
6.952108249109797953e+02 1.083386873163391328e+00 1.098890254115669762e+00
6.952109206524013416e+02 1.086445270845492139e+00 1.096889974954560198e+00
6.952110163938228879e+02 1.083964271497078302e+00 1.094900920875400585e+00
6.952111121352444343e+02 1.091424913307792455e+00 1.092924415528309989e+00
6.952112078766660943e+02 1.077460171483685114e+00 1.090961740450402839e+00
6.952113036180876406e+02 1.072605485947310200e+00 1.089014133210260304e+00
6.952113993595091870e+02 1.076383111444175089e+00 1.087082785731563028e+00
6.952114951009307333e+02 1.073995835601435633e+00 1.085168842843184489e+00
6.952115908423522797e+02 1.062621413316877650e+00 1.083273401020128146e+00
6.952116865837738260e+02 1.073176265913235561e+00 1.081397507327515051e+00
6.952117823251954860e+02 1.061451265267049138e+00 1.079542158560111487e+00
6.952118780666170323e+02 1.093075853351272331e+00 1.077708300586534218e+00
6.952119738080385787e+02 1.080193734258529714e+00 1.075896827860125082e+00
6.952120695494601250e+02 1.078514411613779700e+00 1.074108583134649741e+00
6.952121652908816714e+02 1.038417679664404680e+00 1.072344357345008437e+00
6.952122610323033314e+02 1.052918754279396296e+00 1.070604889656764369e+00
6.952123567737248777e+02 1.068543383147197989e+00 1.068890867686598023e+00
6.952124525151464240e+02 1.086103862402601594e+00 1.067202927854254746e+00
6.952125482565679704e+02 1.065953088445223962e+00 1.065541655898364359e+00
6.952126439979895167e+02 1.050278995696969586e+00 1.063907587515811271e+00
6.952127397394111767e+02 1.065570763899564621e+00 1.062301209125718016e+00
6.952128354808327231e+02 1.048697942367024183e+00 1.060722958757699841e+00
6.952129312222542694e+02 1.043896771998465089e+00 1.059173227026132036e+00
6.952130269636758158e+02 1.058519073726425397e+00 1.057652358218871269e+00
6.952131227050973621e+02 1.053363080517704997e+00 1.056160651462083377e+00
6.952132184465190221e+02 1.073572140890820092e+00 1.054698361961454500e+00
6.952133141879405684e+02 1.039596345810648303e+00 1.053265702318895825e+00
6.952134099293621148e+02 1.039795999368910318e+00 1.051862843889691757e+00
6.952135056707836611e+02 1.054112405523535134e+00 1.050489918206032325e+00
6.952136014122052075e+02 1.041906308597893016e+00 1.049147018432315281e+00
6.952136971536268675e+02 1.077236141647009759e+00 1.047834200853062558e+00
6.952137928950484138e+02 1.059145567825165557e+00 1.046551486393238584e+00
6.952138886364699601e+02 1.044802444744870717e+00 1.045298862140353169e+00
6.952139843778915065e+02 1.033461275079513575e+00 1.044076282892631546e+00
6.952140801193130528e+02 1.025772866687843843e+00 1.042883672703296183e+00
6.952141758607347128e+02 1.047630318953027162e+00 1.041720926423006954e+00
6.952142716021562592e+02 1.024801686112486676e+00 1.040587911241500407e+00
6.952143673435778055e+02 1.034338795093721286e+00 1.039484468202669154e+00
6.952144630849993518e+02 1.040155515111209406e+00 1.038410413715993519e+00
6.952145588264208982e+02 1.031613815184890148e+00 1.037365541039246608e+00
6.952146545678425582e+02 1.015944513297507790e+00 1.036349621735796589e+00
6.952147503092641045e+02 1.043971737359550511e+00 1.035362407108831873e+00
6.952148460506856509e+02 1.027575944481970760e+00 1.034403629591456930e+00
6.952149417921071972e+02 1.051285553143739504e+00 1.033473004114119576e+00
6.952150375335287436e+02 1.056230368536909214e+00 1.032570229428884101e+00
6.952151332749504036e+02 1.036340691305351447e+00 1.031694989394886797e+00
6.952152290163719499e+02 1.052351443009324594e+00 1.030846954228274992e+00
6.952153247577934962e+02 1.034705606444977555e+00 1.030025781699818177e+00
6.952154204992150426e+02 1.041681361852481391e+00 1.029231118299921865e+00
6.952155162406365889e+02 1.024157731463639420e+00 1.028462600354621115e+00
6.952156119820582489e+02 1.021032024558513163e+00 1.027719855097460000e+00
6.952157077234797953e+02 1.038908589517231196e+00 1.027002501701146375e+00
6.952158034649013416e+02 1.029355934667005812e+00 1.026310152255748509e+00
6.952158992063228879e+02 1.031633681642010414e+00 1.025642412711183393e+00
6.952159949477444343e+02 1.019083160039148783e+00 1.024998883770981140e+00
6.952160906891660943e+02 1.027139673531381803e+00 1.024379161742389188e+00
6.952161864305876406e+02 1.023939154038393751e+00 1.023782839346873530e+00
6.952162821720091870e+02 1.021487917657179612e+00 1.023209506480747155e+00
6.952163779134307333e+02 1.027113551800765912e+00 1.022658750941459083e+00
6.952164736548522797e+02 1.020179066930009038e+00 1.022130159109351677e+00
6.952165693962738260e+02 1.024882901371061417e+00 1.021623316590346775e+00
6.952166651376954860e+02 1.032195319621919793e+00 1.021137808819310600e+00
6.952167608791170323e+02 1.031847372020770370e+00 1.020673221628625837e+00
6.952168566205385787e+02 1.031619212405877617e+00 1.020229141774557480e+00
6.952169523619601250e+02 1.019513860516435555e+00 1.019805157434141352e+00
6.952170481033816714e+02 1.035324431017520252e+00 1.019400858665123977e+00
6.952171438448033314e+02 1.034043335025041088e+00 1.019015837833267213e+00
6.952172395862248777e+02 1.028457299946353265e+00 1.018649690010387854e+00
6.952173353276464240e+02 1.052911085156288173e+00 1.018302013337615275e+00
6.952174310690679704e+02 1.029999007544956990e+00 1.017972409364258590e+00
6.952175268104895167e+02 1.041637746450158719e+00 1.017660483356658263e+00
6.952176225519111767e+02 1.037365968005345085e+00 1.017365844580696788e+00
6.952177182933327231e+02 1.031149780448443742e+00 1.017088106560814609e+00
6.952178140347542694e+02 1.020709721390399727e+00 1.016826887311544469e+00
6.952179097761758158e+02 1.019275127901880351e+00 1.016581809549748749e+00
6.952180055175973621e+02 1.024763116528195628e+00 1.016352500883441090e+00
6.952181012590190221e+02 1.027413403755731869e+00 1.016138593980216109e+00
6.952181970004405684e+02 1.031210139795921465e+00 1.015939726717534075e+00
6.952182927418621148e+02 1.025007917726561191e+00 1.015755542312165804e+00
6.952183884832836611e+02 1.017271154452943138e+00 1.015585689434930217e+00
6.952184842247052075e+02 1.035807658199419112e+00 1.015429822307870822e+00
6.952185799661268675e+02 1.032453160507453838e+00 1.015287600786255240e+00
6.952186757075484138e+02 1.024450025998457914e+00 1.015158690427048871e+00
6.952187714489699601e+02 1.016638967492389467e+00 1.015042762542278876e+00
6.952188671903915065e+02 1.035710897960124166e+00 1.014939494241528628e+00
6.952189629318130528e+02 1.024098641280191790e+00 1.014848568461828471e+00
6.952190586732347128e+02 1.018533636713786050e+00 1.014769673986692045e+00
6.952191544146562592e+02 1.027438470054569786e+00 1.014702505455423287e+00
6.952192501560778055e+02 1.037697143670348598e+00 1.014646763362044846e+00
6.952193458974993518e+02 1.028774363574836537e+00 1.014602154046419624e+00
6.952194416389208982e+02 1.034716027066219235e+00 1.014568389676781868e+00
6.952195373803425582e+02 1.025919681339958700e+00 1.014545188224875716e+00
6.952196331217641045e+02 1.030323137917549037e+00 1.014532273434334275e+00
6.952197288631856509e+02 1.019093744789184353e+00 1.014529374782482618e+00
6.952198246046071972e+02 1.003561153378581539e+00 1.014536227436654281e+00
6.952199203460287436e+02 1.031469634420846493e+00 1.014552572205071224e+00
6.952200160874504036e+02 1.026327717224198910e+00 1.014578155483006672e+00
6.952201118288719499e+02 1.017436987087939171e+00 1.014612729194431129e+00
6.952202075702934962e+02 1.032556515593947788e+00 1.014656050730053272e+00
6.952203033117150426e+02 1.037009323719630505e+00 1.014707882881553003e+00
6.952203990531365889e+02 1.025264903017631068e+00 1.014767993772798693e+00
6.952204947945582489e+02 1.011833393406004422e+00 1.014836156788342603e+00
6.952205905359797953e+02 1.001931561961215911e+00 1.014912150499032828e+00
6.952206862774013416e+02 1.006415369740379040e+00 1.014995758586293650e+00
6.952207820188228879e+02 1.020347088143242598e+00 1.015086769763750452e+00
6.952208777602444343e+02 1.009371761977718496e+00 1.015184977697648927e+00
6.952209735016660943e+02 1.004204225331990719e+00 1.015290180925999541e+00
6.952210692430876406e+02 1.010862109778744689e+00 1.015402182775974937e+00
6.952211649845091870e+02 1.018284041053049371e+00 1.015520791281687707e+00
6.952212607259307333e+02 1.031144305945010942e+00 1.015645819100048364e+00
6.952213564673522797e+02 1.007922723234092821e+00 1.015777083426742555e+00
6.952214522087738260e+02 1.037314537235900724e+00 1.015914405911773732e+00
6.952215479501954860e+02 1.026553862696745867e+00 1.016057612575024693e+00
6.952216436916170323e+02 1.020699510685965317e+00 1.016206533720951377e+00
6.952217394330385787e+02 1.010903956124670211e+00 1.016361003855118739e+00
6.952218351744601250e+02 1.034148573794252846e+00 1.016520861599297998e+00
6.952219309158816714e+02 1.020006701297516249e+00 1.016685949607776918e+00
6.952220266573033314e+02 1.027737041681028085e+00 1.016856114484187668e+00
6.952221223987248777e+02 1.013192410328216830e+00 1.017031206697891710e+00
6.952222181401464240e+02 1.023949490873133250e+00 1.017211080503048981e+00
6.952223138815679704e+02 1.033643966457916896e+00 1.017395593856420311e+00
6.952224096229895167e+02 1.039675631957608148e+00 1.017584608336979501e+00
6.952225053644111767e+02 1.009838715910722717e+00 1.017777989066438904e+00
6.952226011058327231e+02 1.023282173909399573e+00 1.017975604629555608e+00
6.952226968472542694e+02 1.022353070418713594e+00 1.018177326997723231e+00
6.952227925886758158e+02 1.025274411485205706e+00 1.018383031451309595e+00
6.952228883300973621e+02 1.025296179875890390e+00 1.018592596504203751e+00
6.952229840715190221e+02 1.016817808980264637e+00 1.018805903829502979e+00
6.952230798129405684e+02 1.019888873126396200e+00 1.019022838185063451e+00
6.952231755543621148e+02 1.024328297927594278e+00 1.019243287342750603e+00
6.952232712957836611e+02 1.012086395210596956e+00 1.019467142016351469e+00
6.952233670372052075e+02 1.029344901529641643e+00 1.019694295791947258e+00
6.952234627786268675e+02 1.014809501457546226e+00 1.019924645059529400e+00
6.952235585200484138e+02 1.030185326213685970e+00 1.020158088944472130e+00
6.952236542614699601e+02 1.030457280604287984e+00 1.020394529242982795e+00
6.952237500028915065e+02 9.912753456490563941e-01 1.020633870356062234e+00
6.952238457443130528e+02 1.017203449758632416e+00 1.020876019226073517e+00
6.952239414857347128e+02 1.031083163429536542e+00 1.021120885274579004e+00
6.952240372271562592e+02 1.028465700050254616e+00 1.021368380339960691e+00
6.952241329685778055e+02 1.023036332648457281e+00 1.021618418619198110e+00
6.952242287099993518e+02 1.016022919245401557e+00 1.021870916607969582e+00
6.952243244514208982e+02 1.033659529239913999e+00 1.022125793043438646e+00
6.952244201928425582e+02 1.015124748408506417e+00 1.022382968848273510e+00
6.952245159342641045e+02 1.024757351436467845e+00 1.022642367074347636e+00
6.952246116756856509e+02 1.016339757664859178e+00 1.022903912850694930e+00
6.952247074171071972e+02 1.035197024593032866e+00 1.023167533329600865e+00
6.952248031585287436e+02 1.023817576344171920e+00 1.023433157635390556e+00
6.952248988999504036e+02 1.022825863522001333e+00 1.023700716814389899e+00
6.952249946413719499e+02 1.039770258226100808e+00 1.023970143784440845e+00
6.952250903827934962e+02 1.020033941209709694e+00 1.024241373288724111e+00
6.952251861242150426e+02 1.022179307570233453e+00 1.024514341847518661e+00
6.952252818656365889e+02 1.015960577397873932e+00 1.024788987712646593e+00
6.952253776070582489e+02 1.021070443948796758e+00 1.025065250823004259e+00
6.952254733484797953e+02 1.010258737375911542e+00 1.025343072759515195e+00
6.952255690899013416e+02 1.016439039483447937e+00 1.025622396704409134e+00
6.952256648313228879e+02 1.045649755371107270e+00 1.025903167398245275e+00
6.952257605727444343e+02 1.026804964341785587e+00 1.026185331099584541e+00
6.952258563141660943e+02 1.032301774583730181e+00 1.026468835545656155e+00
6.952259520555876406e+02 1.017371134263198140e+00 1.026753629912313670e+00
6.952260477970091870e+02 1.023055158316642510e+00 1.027039664778306660e+00
6.952261435384307333e+02 1.040839171938299224e+00 1.027326892087124133e+00
6.952262392798522797e+02 9.905397198466187048e-01 1.027615265111429865e+00
6.952263350212738260e+02 1.028256207550859669e+00 1.027904738418060848e+00
6.952264307626954860e+02 1.027052075824081312e+00 1.028195267834245863e+00
6.952265265041170323e+02 1.015875748110710575e+00 1.028486810412957420e+00
6.952266222455385787e+02 1.008265628702466721e+00 1.028779324402556261e+00
6.952267179869601250e+02 1.038092570766387723e+00 1.029072769213807081e+00
6.952268137283816714e+02 1.036687972485440978e+00 1.029367105389423998e+00
6.952269094698033314e+02 1.014922832164487865e+00 1.029662294574407166e+00
6.952270052112248777e+02 1.041209155849436074e+00 1.029958299485395745e+00
6.952271009526464240e+02 1.028069745207284003e+00 1.030255083884277667e+00
6.952271966940679704e+02 1.033878677732834594e+00 1.030552612549028302e+00
6.952272924354895167e+02 1.006023580009745677e+00 1.030850851247020916e+00
6.952273881769111767e+02 1.029064819436675826e+00 1.031149766709036797e+00
6.952274839183327231e+02 1.057925154158570358e+00 1.031449326602189798e+00
6.952275796597542694e+02 1.028682349933776718e+00 1.031749499507065293e+00
6.952276754011758158e+02 1.028377910360076086e+00 1.032050254891961005e+00
6.952277711425973621e+02 1.036230350608235984e+00 1.032351563089542790e+00
6.952278668840190221e+02 1.040315708163627839e+00 1.032653395274117480e+00
6.952279626254405684e+02 1.038541008537425148e+00 1.032955723437724682e+00
6.952280583668621148e+02 1.037280542571947572e+00 1.033258520370399891e+00
6.952281541082836611e+02 1.028729945126927392e+00 1.033561759637433353e+00
6.952282498497052075e+02 1.019938649155530674e+00 1.033865415558978373e+00
6.952283455911268675e+02 1.029053478569538438e+00 1.034169463190211635e+00
6.952284413325484138e+02 1.028925017881706427e+00 1.034473878300221639e+00
6.952285370739699601e+02 1.028263102694156217e+00 1.034778637355029618e+00
6.952286328153915065e+02 1.031564242660292008e+00 1.035083717497504940e+00
6.952287285568130528e+02 1.038987039740083107e+00 1.035389096529581332e+00
6.952288242982347128e+02 1.045044606851899482e+00 1.035694752894957160e+00
6.952289200396562592e+02 1.051915500159111616e+00 1.036000665660449016e+00
6.952290157810778055e+02 1.040692571675408296e+00 1.036306814501430251e+00
6.952291115224993518e+02 1.048563594256837650e+00 1.036613179684091834e+00
6.952292072639208982e+02 1.039781229871789892e+00 1.036919742049944304e+00
6.952293030053425582e+02 1.046585167880250689e+00 1.037226483000749599e+00
6.952293987467641045e+02 1.027497133402215157e+00 1.037533384482038468e+00
6.952294944881856509e+02 1.025514055680738057e+00 1.037840428970673967e+00
6.952295902296071972e+02 1.031073758554348130e+00 1.038147599459164017e+00
6.952296859710287436e+02 1.052014987744182895e+00 1.038454879442171741e+00
6.952297817124504036e+02 1.024179859602415643e+00 1.038762252903398409e+00
6.952298774538719499e+02 1.028572959312610502e+00 1.039069704301003538e+00
6.952299731952934962e+02 1.034723147818730871e+00 1.039377218557021809e+00
6.952300689367150426e+02 1.042767153324786422e+00 1.039684781043476614e+00
6.952301646781365889e+02 1.036467634033160889e+00 1.039992377570644555e+00
6.952302604195582489e+02 1.031437945966035219e+00 1.040299994375651016e+00
6.952303561609797953e+02 1.038925753607956137e+00 1.040607618109548493e+00
6.952304519024013416e+02 1.032157566593981501e+00 1.040915235828357766e+00
6.952305476438228879e+02 1.025453233522593655e+00 1.041222834980753742e+00
6.952306433852444343e+02 1.009945712352213087e+00 1.041530403397867177e+00
6.952307391266660943e+02 1.028646917083138712e+00 1.041837929283371711e+00
6.952308348680876406e+02 1.035420828945318172e+00 1.042145401202014598e+00
6.952309306095091870e+02 1.048526454951498765e+00 1.042452808072075632e+00
6.952310263509307333e+02 1.040326050770183475e+00 1.042760139154425669e+00
6.952311220923522797e+02 1.027026691196408326e+00 1.043067384043670387e+00
6.952312178337738260e+02 1.040399406805632809e+00 1.043374532659174125e+00
6.952313135751954860e+02 1.048219016902656842e+00 1.043681575236688142e+00
6.952314093166170323e+02 1.051813988818375734e+00 1.043988502318389466e+00
6.952315050580385787e+02 1.023488810203091237e+00 1.044295304746792441e+00
6.952316007994601250e+02 1.042147949913084570e+00 1.044601973655238103e+00
6.952316965408816714e+02 1.053626260080459121e+00 1.044908500460417500e+00
6.952317922823033314e+02 1.025268780336614061e+00 1.045214876855108610e+00
6.952318880237248777e+02 1.049437531649017652e+00 1.045521094799293005e+00
6.952319837651464240e+02 1.026184869215976292e+00 1.045827146515113659e+00
6.952320795065679704e+02 1.016331730905505548e+00 1.046133024478383078e+00
6.952321752479895167e+02 1.046318628713854393e+00 1.046438721412101591e+00
6.952322709894111767e+02 1.040443001048357852e+00 1.046744230280155730e+00
6.952323667308327231e+02 1.038007079320368842e+00 1.047049544279379907e+00
6.952324624722542694e+02 1.032219789754534656e+00 1.047354656835420839e+00
6.952325582136758158e+02 1.014014985903919142e+00 1.047659561595140065e+00
6.952326539550973621e+02 1.038093648369113886e+00 1.047964252420994891e+00
6.952327496965190221e+02 1.049470464165094707e+00 1.048268723385578083e+00
6.952328454379405684e+02 1.024785179983248140e+00 1.048572968764502678e+00
6.952329411793621148e+02 1.051390712403724059e+00 1.048876983033057542e+00
6.952330369207836611e+02 1.067326644046308060e+00 1.049180760859386830e+00
6.952331326622052075e+02 1.044563619088759499e+00 1.049484297099627428e+00
6.952332284036268675e+02 1.024310067946049951e+00 1.049787586793178740e+00
6.952333241450484138e+02 1.042307361243979269e+00 1.050090625156308910e+00
6.952334198864699601e+02 1.051719317886689486e+00 1.050393407579494953e+00
