6.952035317614700034e+02 1.170727885053216122e+00 1.143813528042124439e+00
6.952036275028915497e+02 1.149088186182018578e+00 1.144327263245532356e+00
6.952037232443130961e+02 1.125594460098419347e+00 1.144842971924465047e+00
6.952038189857347561e+02 1.155189568121764099e+00 1.145360670540517933e+00
6.952039147271563024e+02 1.150859540424415961e+00 1.145880375685334629e+00
6.952040104685778488e+02 1.146976596176246366e+00 1.146402104084311313e+00
6.952041062099993951e+02 1.149772777882466235e+00 1.146925872594101170e+00
6.952042019514209414e+02 1.148076356385771879e+00 1.147451698203131976e+00
6.952042976928426015e+02 1.144866001868995342e+00 1.147979598032075721e+00
6.952043934342641478e+02 1.143076513562208074e+00 1.148509589331116798e+00
6.952044891756856941e+02 1.145638839846774282e+00 1.149041689483425444e+00
6.952045849171072405e+02 1.156296181999287853e+00 1.149575916002291365e+00
6.952046806585287868e+02 1.130122765853429634e+00 1.150112286531319583e+00
6.952047763999504468e+02 1.147181512028886630e+00 1.150650818844558110e+00
6.952048721413719932e+02 1.162271102404967227e+00 1.151191530843348243e+00
6.952049678827935395e+02 1.150946046585051841e+00 1.151734440559485373e+00
6.952050636242150858e+02 1.170465981203756778e+00 1.152279566151900303e+00
6.952051593656366322e+02 1.176294515492871229e+00 1.152826925906438760e+00
6.952052551070582922e+02 1.122246821840100051e+00 1.153376538235563631e+00
6.952053508484798385e+02 1.147045724357309338e+00 1.153928421674685456e+00
6.952054465899013849e+02 1.152020195232529520e+00 1.154482594884918001e+00
6.952055423313229312e+02 1.153531319294558211e+00 1.155039076649197138e+00
6.952056380727444775e+02 1.170929548100835049e+00 1.155597885871546548e+00
6.952057338141661376e+02 1.147853624068708500e+00 1.156159041576235058e+00
6.952058295555876839e+02 1.151906839024749107e+00 1.156722562903474083e+00
6.952059252970092302e+02 1.163132751634395889e+00 1.157288469111649176e+00
6.952060210384307766e+02 1.155438486036203249e+00 1.157856779572753014e+00
6.952061167798523229e+02 1.169669515470197929e+00 1.158427513771001172e+00
6.952062125212738692e+02 1.145658956299573372e+00 1.159000691300633656e+00
6.952063082626955293e+02 1.153944210837097417e+00 1.159576331864245580e+00
6.952064040041170756e+02 1.141479609165596987e+00 1.160154455267530249e+00
6.952064997455386219e+02 1.171639357542601623e+00 1.160735081420692483e+00
6.952065954869601683e+02 1.164709354348703485e+00 1.161318230332848866e+00
6.952066912283817146e+02 1.155598211263296982e+00 1.161903922109659204e+00
6.952067869698033746e+02 1.168505594990775887e+00 1.162492176950778999e+00
6.952068827112249210e+02 1.173835513176718415e+00 1.163083015143616450e+00
6.952069784526464673e+02 1.174435488836407915e+00 1.163676457063864689e+00
6.952070741940680136e+02 1.175135282604328868e+00 1.164272523168834228e+00
6.952071699354895600e+02 1.146128087865807776e+00 1.164871233994046351e+00
6.952072656769112200e+02 1.174365414906061389e+00 1.165472610149604460e+00
6.952073614183327663e+02 1.174632552903285720e+00 1.166076672312743590e+00
6.952074571597543127e+02 1.162828345965742916e+00 1.166683441227268636e+00
6.952075529011758590e+02 1.177508083197190469e+00 1.167292937695581179e+00
6.952076486425974053e+02 1.161858370494438963e+00 1.167905182573994782e+00
6.952077443840190654e+02 1.183574821450448677e+00 1.168520196767779185e+00
6.952078401254406117e+02 1.163248652433267472e+00 1.169138001222240764e+00
6.952079358668621580e+02 1.153463226862605273e+00 1.169758616920798078e+00
6.952080316082837044e+02 1.166484256482486881e+00 1.170382064875423067e+00
6.952081273497052507e+02 1.162464417091185753e+00 1.171008366120391386e+00
6.952082230911269107e+02 1.184605617282803669e+00 1.171637541705694785e+00
6.952083188325484571e+02 1.177166329036853920e+00 1.172269612686339224e+00
6.952084145739700034e+02 1.158944773589052346e+00 1.172904600118737317e+00
6.952085103153915497e+02 1.167487522323698013e+00 1.173542525049224849e+00
6.952086060568130961e+02 1.190338940047445115e+00 1.174183408505897086e+00
6.952087017982347561e+02 1.163473095621857967e+00 1.174827271490024083e+00
6.952087975396563024e+02 1.191506470354974256e+00 1.175474134963194084e+00
6.952088932810778488e+02 1.169249188202009071e+00 1.176124019841628954e+00
6.952089890224993951e+02 1.197820220150183967e+00 1.176776946982373673e+00
6.952090847639209414e+02 1.182743872978861077e+00 1.177432937172793181e+00
6.952091805053426015e+02 1.183225261715763033e+00 1.178092011119563187e+00
6.952092762467641478e+02 1.160986555793649178e+00 1.178754189433193655e+00
6.952093719881856941e+02 1.163445861328733955e+00 1.179419492619811827e+00
6.952094677296072405e+02 1.151806589066012521e+00 1.180087941064528190e+00
6.952095634710287868e+02 1.201625520071761377e+00 1.180759555018094709e+00
6.952096592124504468e+02 1.151864834367679613e+00 1.181434354582945545e+00
6.952097549538719932e+02 1.184990619643656595e+00 1.182112359694558634e+00
6.952098506952935395e+02 1.188571594148837507e+00 1.182793590110144955e+00
6.952099464367150858e+02 1.164828619577463087e+00 1.183478065388608336e+00
6.952100421781366322e+02 1.208866172292565100e+00 1.184165804873761330e+00
6.952101379195582922e+02 1.167211487478216014e+00 1.184856827676789903e+00
6.952102336609798385e+02 1.200984706161553506e+00 1.185551152653804952e+00
6.952103294024013849e+02 1.174129049446734241e+00 1.186248798390768355e+00
6.952104251438229312e+02 1.182914753471719926e+00 1.186949783179349849e+00
6.952105208852444775e+02 1.174030274389270101e+00 1.187654124995980220e+00
6.952106166266661376e+02 1.180623444092812724e+00 1.188361841479997461e+00
6.952107123680876839e+02 1.180925448041991288e+00 1.189072949906611720e+00
6.952108081095092302e+02 1.188475152299229398e+00 1.189787467167274349e+00
6.952109038509307766e+02 1.172602835951047640e+00 1.190505409740602705e+00
6.952109995923523229e+02 1.174652524219689687e+00 1.191226793666418926e+00
6.952110953337738692e+02 1.206423043932101535e+00 1.191951634517824932e+00
6.952111910751955293e+02 1.180415026267119805e+00 1.192679947372983884e+00
6.952112868166170756e+02 1.190818065212233101e+00 1.193411746781359417e+00
6.952113825580386219e+02 1.186378942550055715e+00 1.194147046737356055e+00
6.952114782994601683e+02 1.214636603509079649e+00 1.194885860644019138e+00
6.952115740408817146e+02 1.201607117338509667e+00 1.195628201279704150e+00
6.952116697823033746e+02 1.173249252120204034e+00 1.196374080763378478e+00
6.952117655237249210e+02 1.184505377571539508e+00 1.197123510514042533e+00
6.952118612651464673e+02 1.179120534873909110e+00 1.197876501217516321e+00
6.952119570065680136e+02 1.193235730918945636e+00 1.198633062782819447e+00
6.952120527479895600e+02 1.185518135281457885e+00 1.199393204301371307e+00
6.952121484894112200e+02 1.185878578497319591e+00 1.200156934004550369e+00
6.952122442308327663e+02 1.165086028489360270e+00 1.200924259214993794e+00
6.952123399722543127e+02 1.191181445028143937e+00 1.201695186305184793e+00
6.952124357136758590e+02 1.210193783737034234e+00 1.202469720645136020e+00
6.952125314550974053e+02 1.182790742861100863e+00 1.203247866552688894e+00
6.952126271965190654e+02 1.208445829857799136e+00 1.204029627241866907e+00
6.952127229379406117e+02 1.200739614887027962e+00 1.204815004764541397e+00
6.952128186793621580e+02 1.175231390694033262e+00 1.205603999959271144e+00
6.952129144207837044e+02 1.231197857489678471e+00 1.206396612388686007e+00
6.952130101622052507e+02 1.200001889599280780e+00 1.207192840279248003e+00
6.952131059036269107e+02 1.210903903884855248e+00 1.207992680458712886e+00
6.952132016450484571e+02 1.208053193169367656e+00 1.208796128286427241e+00
6.952132973864700034e+02 1.198349284359354394e+00 1.209603177590649503e+00
6.952133931278915497e+02 1.208575064979289904e+00 1.210413820593808643e+00
6.952134888693130961e+02 1.201295232545831260e+00 1.211228047839862931e+00
6.952135846107347561e+02 1.215252942366925604e+00 1.212045848118957103e+00
6.952136803521563024e+02 1.217911328516082081e+00 1.212867208384399875e+00
6.952137760935778488e+02 1.226791558540444971e+00 1.213692113676456907e+00
6.952138718349993951e+02 1.231314512533111305e+00 1.214520547033453024e+00
6.952139675764209414e+02 1.192379108452102043e+00 1.215352489404635028e+00
6.952140633178426015e+02 1.233587335048907496e+00 1.216187919559898134e+00
6.952141590592641478e+02 1.220306703603480925e+00 1.217026813991278544e+00
6.952142548006856941e+02 1.223518150305261232e+00 1.217869146821014548e+00
6.952143505421072405e+02 1.224193326048138575e+00 1.218714889696240089e+00
6.952144462835287868e+02 1.214038081788478829e+00 1.219564011685084104e+00
6.952145420249504468e+02 1.242839986269399732e+00 1.220416479169150525e+00
6.952146377663719932e+02 1.218633085888708667e+00 1.221272255727188893e+00
6.952147335077935395e+02 1.238586409962409540e+00 1.222131302025054156e+00
6.952148292492150858e+02 1.222496801376030451e+00 1.222993575691606383e+00
6.952149249906366322e+02 1.208462339131942453e+00 1.223859031195637437e+00
6.952150207320582922e+02 1.230829455985837484e+00 1.224727619718681382e+00
6.952151164734798385e+02 1.189659875203297412e+00 1.225599289018437732e+00
6.952152122149013849e+02 1.232923726274584020e+00 1.226473983298185688e+00
6.952153079563229312e+02 1.230045433121253140e+00 1.227351643061466380e+00
6.952154036977444775e+02 1.208716102255033897e+00 1.228232204967405927e+00
6.952154994391661376e+02 1.227041938416560729e+00 1.229115601681454617e+00
6.952155951805876839e+02 1.251349307782645193e+00 1.230001761716181585e+00
6.952156909220092302e+02 1.239972797898625689e+00 1.230890609277788705e+00
6.952157866634307766e+02 1.218069501462901938e+00 1.231782064097275198e+00
6.952158824048523229e+02 1.215584109634104903e+00 1.232676041261907107e+00
6.952159781462738692e+02 1.235738701223198621e+00 1.233572451040626738e+00
6.952160738876955293e+02 1.233406338602314412e+00 1.234471198705457295e+00
6.952161696291170756e+02 1.222474148039323305e+00 1.235372184342425017e+00
6.952162653705386219e+02 1.247630386311871842e+00 1.236275302667966702e+00
6.952163611119601683e+02 1.217961858444913226e+00 1.237180442829428628e+00
6.952164568533817146e+02 1.236051003085800293e+00 1.238087488205619424e+00
6.952165525948033746e+02 1.238520818756414288e+00 1.238996316202078507e+00
6.952166483362249210e+02 1.231596894050051461e+00 1.239906798035619540e+00
6.952167440776464673e+02 1.261211537389973047e+00 1.240818798524346622e+00
6.952168398190680136e+02 1.255001961154774026e+00 1.241732175861562704e+00
6.952169355604895600e+02 1.254123479072311254e+00 1.242646781389775468e+00
6.952170313019112200e+02 1.241946285157519592e+00 1.243562459369458972e+00
6.952171270433327663e+02 1.248335860542715059e+00 1.244479046737174244e+00
6.952172227847543127e+02 1.237838485961869628e+00 1.245396372869439494e+00
6.952173185261758590e+02 1.231962416426683138e+00 1.246314259330697505e+00
6.952174142675974053e+02 1.242991265099729681e+00 1.247232519621799263e+00
6.952175100090190654e+02 1.245190072167478457e+00 1.248150958923720522e+00
6.952176057504406117e+02 1.237694204782987972e+00 1.249069373831213303e+00
6.952177014918621580e+02 1.253054600445503874e+00 1.249987552092948873e+00
6.952177972332837044e+02 1.249770496465395508e+00 1.250905272336562790e+00
6.952178929747052507e+02 1.262191338902967530e+00 1.251822303795214530e+00
6.952179887161269107e+02 1.261253048823708145e+00 1.252738406030495577e+00
6.952180844575484571e+02 1.249816861174209315e+00 1.253653328646579634e+00
6.952181801989700034e+02 1.250780904011440819e+00 1.254566811012289174e+00
6.952182759403915497e+02 1.269046745869352621e+00 1.255478581969732499e+00
6.952183716818130961e+02 1.251480335804950661e+00 1.256388359546280142e+00
6.952184674232347561e+02 1.254857234944262601e+00 1.257295850664922554e+00
6.952185631646563024e+02 1.266385990840847686e+00 1.258200750848188276e+00
6.952186589060778488e+02 1.259633674851069030e+00 1.259102743932374091e+00
6.952187546474993951e+02 1.268543721492441323e+00 1.260001501771194743e+00
6.952188503889209414e+02 1.274550408339976793e+00 1.260896683945728514e+00
6.952189461303426015e+02 1.251097579067515397e+00 1.261787937476025467e+00
6.952190418717641478e+02 1.276012411743321362e+00 1.262674896529951019e+00
6.952191376131856941e+02 1.277704423746640616e+00 1.263557182146032520e+00
6.952192333546072405e+02 1.281813177140477045e+00 1.264434401950122133e+00
6.952193290960287868e+02 1.296777561973494697e+00 1.265306149882809317e+00
6.952194248374504468e+02 1.272608040988125966e+00 1.266172005933373423e+00
6.952195205788719932e+02 1.260636682340895875e+00 1.267031535876390169e+00
6.952196163202935395e+02 1.285111095894948541e+00 1.267884291027678412e+00
6.952197120617150858e+02 1.252049703876715547e+00 1.268729808000401249e+00
6.952198078031366322e+02 1.281036970710873302e+00 1.269567608478208820e+00
6.952199035445582922e+02 1.262983290876025677e+00 1.270397199001775945e+00
6.952199992859798385e+02 1.278150516835151462e+00 1.271218070765507191e+00
6.952200950274013849e+02 1.295865351955885592e+00 1.272029699440889949e+00
6.952201907688229312e+02 1.264543089435231193e+00 1.272831545008615839e+00
6.952202865102444775e+02 1.259764757360959164e+00 1.273623051616187274e+00
6.952203822516661376e+02 1.287630209331042108e+00 1.274403647458009159e+00
6.952204779930876839e+02 1.267153226717899317e+00 1.275172744675526770e+00
6.952205737345092302e+02 1.278499176844202889e+00 1.275929739293472087e+00
6.952206694759307766e+02 1.263186265377898243e+00 1.276674011175975565e+00
6.952207652173523229e+02 1.282025429510394776e+00 1.277404924018848309e+00
6.952208609587738692e+02 1.302802607084203368e+00 1.278121825374916254e+00
6.952209567001955293e+02 1.271439493222046302e+00 1.278824046716706686e+00
6.952210524416170756e+02 1.300392740273156544e+00 1.279510903534134769e+00
6.952211481830386219e+02 1.285550183445865580e+00 1.280181695482354831e+00
6.952212439244601683e+02 1.286879450021880311e+00 1.280835706565837340e+00
6.952213396658817146e+02 1.293114008157148831e+00 1.281472205374044826e+00
6.952214354073033746e+02 1.279734870797847757e+00 1.282090445367228160e+00
6.952215311487249210e+02 1.288406929855693273e+00 1.282689665211720120e+00
6.952216268901464673e+02 1.281377397778041383e+00 1.283269089178581179e+00
6.952217226315680136e+02 1.301176203758833694e+00 1.283827927593818252e+00
6.952218183729895600e+02 1.287112992472641215e+00 1.284365377354150128e+00
6.952219141144112200e+02 1.311818828839496520e+00 1.284880622507330372e+00
6.952220098558327663e+02 1.307220648527135820e+00 1.285372834896978622e+00
6.952221055972543127e+02 1.291105917178843265e+00 1.285841174883787241e+00
6.952222013386758590e+02 1.294537506220872602e+00 1.286284792133519872e+00
6.952222970800974053e+02 1.291084711975386989e+00 1.286702826483593798e+00
6.952223928215190654e+02 1.271290052283529981e+00 1.287094408887371033e+00
6.952224885629406117e+02 1.296681938587198601e+00 1.287458662436287593e+00
6.952225843043621580e+02 1.275621285624968904e+00 1.287794703468746471e+00
6.952226800457837044e+02 1.311736880727884413e+00 1.288101642758267440e+00
6.952227757872052507e+02 1.292294583442888278e+00 1.288378586789489910e+00
6.952228715286269107e+02 1.296252520961687749e+00 1.288624639120677706e+00
6.952229672700484571e+02 1.294291308564744725e+00 1.288838901832433326e+00
6.952230630114700034e+02 1.297628723750613000e+00 1.289020477067450265e+00
6.952231587528915497e+02 1.306263253293113769e+00 1.289168468655582434e+00
6.952232544943130961e+02 1.280870804639659077e+00 1.289281983828400646e+00
6.952233502357347561e+02 1.277517900218387847e+00 1.289360135020694242e+00
6.952234459771563024e+02 1.288013715801587189e+00 1.289402041757447881e+00
6.952235417185778488e+02 1.296771322137651117e+00 1.289406832625743293e+00
6.952236374599993951e+02 1.325262891051020242e+00 1.289373647327287209e+00
6.952237332014209414e+02 1.274158482892102651e+00 1.289301638810028017e+00
6.952238289428426015e+02 1.289964810956884866e+00 1.289189975474375860e+00
6.952239246842641478e+02 1.293065402931689034e+00 1.289037843450673959e+00
6.952240204256856941e+02 1.285928777989271410e+00 1.288844448940771548e+00
6.952241161671072405e+02 1.286594618527379330e+00 1.288609020620590018e+00
6.952242119085287868e+02 1.290500065825048059e+00 1.288330812095329847e+00
6.952243076499504468e+02 1.290244753800313671e+00 1.288009104400400950e+00
6.952244033913719932e+02 1.308924570695090939e+00 1.287643208542407880e+00
6.952244991327935395e+02 1.294253887144525050e+00 1.287232468065647728e+00
6.952245948742150858e+02 1.306978567663914070e+00 1.286776261642358588e+00
6.952246906156366322e+02 1.315420116037894882e+00 1.286274005671001142e+00
6.952247863570582922e+02 1.286526319354047265e+00 1.285725156873303909e+00
6.952248820984798385e+02 1.300973617413356154e+00 1.285129214882299697e+00
6.952249778399013849e+02 1.295678064753654102e+00 1.284485724799415696e+00
6.952250735813229312e+02 1.287175360366171972e+00 1.283794279721070630e+00
6.952251693227444775e+02 1.297737678679612428e+00 1.283054523212073139e+00
6.952252650641661376e+02 1.261375160428192865e+00 1.282266151715188540e+00
6.952253608055876839e+02 1.292209331310893106e+00 1.281428916888150527e+00
6.952254565470092302e+02 1.275035516951015913e+00 1.280542627839873493e+00
6.952255522884307766e+02 1.287325435534731222e+00 1.279607153270366560e+00
6.952256480298523229e+02 1.264674127655394109e+00 1.278622423486175830e+00
6.952257437712738692e+02 1.241598180084407810e+00 1.277588432282654063e+00
6.952258395126955293e+02 1.285941679922802727e+00 1.276505238676788778e+00
6.952259352541170756e+02 1.266228715789720738e+00 1.275372968484699721e+00
6.952260309955386219e+02 1.273225442983206612e+00 1.274191815711038789e+00
6.952261267369601683e+02 1.272687670235305157e+00 1.272962043763262496e+00
6.952262224783817146e+02 1.262314577294058715e+00 1.271683986459538618e+00
6.952263182198033746e+02 1.289715077855910552e+00 1.270358048825005914e+00
6.952264139612249210e+02 1.264604163851793084e+00 1.268984707674346568e+00
6.952265097026464673e+02 1.235454373111610993e+00 1.267564511947616213e+00
6.952266054440680136e+02 1.264653691767111621e+00 1.266098082822702198e+00
6.952267011854895600e+02 1.240157251127808058e+00 1.264586113574096338e+00
6.952267969269112200e+02 1.268865646941747416e+00 1.263029369179973216e+00
6.952268926683327663e+02 1.246411384905542041e+00 1.261428685683245954e+00
6.952269884097543127e+02 1.259628674067889698e+00 1.259784969276283029e+00
6.952270841511758590e+02 1.275016310125545616e+00 1.258099195145441884e+00
6.952271798925974053e+02 1.237632629596641998e+00 1.256372406048642310e+00
6.952272756340190654e+02 1.250844951109933101e+00 1.254605710637372695e+00
6.952273713754406117e+02 1.245458830994806698e+00 1.252800281538224203e+00
6.952274671168621580e+02 1.248404713406224165e+00 1.250957353168302477e+00
6.952275628582837044e+02 1.241377747599593739e+00 1.249078219334112339e+00
6.952276585997052507e+02 1.256144107930530662e+00 1.247164230591851330e+00
6.952277543411269107e+02 1.233318908888158649e+00 1.245216791390138411e+00
6.952278500825484571e+02 1.251509412298513535e+00 1.243237357019477685e+00
6.952279458239700034e+02 1.229597084171192733e+00 1.241227430347492833e+00
6.952280415653915497e+02 1.229962580765284974e+00 1.239188558401350448e+00
6.952281373068130961e+02 1.237651589729007462e+00 1.237122328779157510e+00
6.952282330482347561e+02 1.241999889853255379e+00 1.235030365919071116e+00
6.952283287896563024e+02 1.214855047052328052e+00 1.232914327257162102e+00
6.952284245310778488e+02 1.229210938099670525e+00 1.230775899255837080e+00
6.952285202724993951e+02 1.233485640552771878e+00 1.228616793372272031e+00
6.952286160139209414e+02 1.222015752019389723e+00 1.226438741949847921e+00
6.952287117553426015e+02 1.218806785592066344e+00 1.224243494065299975e+00
6.952288074967641478e+02 1.236296734819331000e+00 1.222032811365345584e+00
6.952289032381856941e+02 1.233157011460983776e+00 1.219808463874128002e+00
6.952289989796072405e+02 1.203182275070386886e+00 1.217572225843866596e+00
6.952290947210287868e+02 1.224877099117109625e+00 1.215325871629488796e+00
6.952291904624504468e+02 1.198908167110978473e+00 1.213071171619442890e+00
6.952292862038719932e+02 1.203498051487306819e+00 1.210809888254732458e+00
6.952293819452935395e+02 1.198748899122644485e+00 1.208543772113706005e+00
6.952294776867150858e+02 1.186805703960330582e+00 1.206274558132888641e+00
6.952295734281366322e+02 1.186402274287400305e+00 1.204003961939375644e+00
6.952296691695582922e+02 1.179166134527203535e+00 1.201733676322606748e+00
6.952297649109798385e+02 1.196291471907179105e+00 1.199465367872236010e+00
6.952298606524013849e+02 1.193861624474250371e+00 1.197200673753532563e+00
6.952299563938229312e+02 1.199827802367318119e+00 1.194941198684734252e+00
6.952300521352444775e+02 1.202811124230266371e+00 1.192688512084987495e+00
6.952301478766661376e+02 1.172865812783240091e+00 1.190444145414033539e+00
6.952302436180876839e+02 1.211815924232781727e+00 1.188209589723111081e+00
6.952303393595092302e+02 1.189941392611513216e+00 1.185986293381885659e+00
6.952304351009307766e+02 1.180846867293355196e+00 1.183775660038077548e+00
6.952305308423523229e+02 1.188519573944906815e+00 1.181579046771744856e+00
6.952306265837738692e+02 1.167799243622495098e+00 1.179397762460905108e+00
6.952307223251955293e+02 1.151163395053982574e+00 1.177233066352631807e+00
6.952308180666170756e+02 1.168562231464530310e+00 1.175086166853189784e+00
6.952309138080386219e+02 1.149895855288593616e+00 1.172958220495750714e+00
6.952310095494601683e+02 1.151249089502142997e+00 1.170850331133096001e+00
6.952311052908817146e+02 1.170831111987154616e+00 1.168763549311726546e+00
6.952312010323033746e+02 1.148079159710008623e+00 1.166698871834574547e+00
6.952312967737249210e+02 1.155105368426903922e+00 1.164657241517752739e+00
6.952313925151464673e+02 1.143609975104753040e+00 1.162639547097334081e+00
6.952314882565680136e+02 1.147426630420606664e+00 1.160646623327278526e+00
6.952315839979895600e+02 1.131485980611701692e+00 1.158679251223259099e+00
6.952316797394112200e+02 1.158501326577261459e+00 1.156738158456031229e+00
6.952317754808327663e+02 1.142391452848577904e+00 1.154824019896508513e+00
6.952318712222543127e+02 1.124168565692668986e+00 1.152937458268656457e+00
6.952319669636758590e+02 1.137919054817663644e+00 1.151079044946772045e+00
6.952320627050974053e+02 1.147955359968965583e+00 1.149249300852862810e+00
6.952321584465190654e+02 1.143175172233415582e+00 1.147448697456273869e+00
6.952322541879406117e+02 1.125476609046803578e+00 1.145677657876419397e+00
6.952323499293621580e+02 1.149973318742381734e+00 1.143936558047183860e+00
6.952324456707837044e+02 1.146631226841104523e+00 1.142225727976464933e+00
6.952325414122052507e+02 1.130719675354196374e+00 1.140545453059637282e+00
6.952326371536269107e+02 1.138248427605034863e+00 1.138895975449098596e+00
6.952327328950484571e+02 1.121981707073594681e+00 1.137277495480921941e+00
6.952328286364700034e+02 1.155061466192602193e+00 1.135690173121166380e+00
6.952329243778915497e+02 1.134215774536817323e+00 1.134134129463219898e+00
6.952330201193130961e+02 1.121352179906053514e+00 1.132609448239282779e+00
6.952331158607347561e+02 1.148174949566603598e+00 1.131116177349051677e+00
6.952332116021563024e+02 1.122148533320347585e+00 1.129654330407577900e+00
6.952333073435778488e+02 1.129970433651913631e+00 1.128223888279619169e+00
6.952334030849993951e+02 1.124666501344770309e+00 1.126824800630182422e+00
6.952334988264209414e+02 1.151550850504599932e+00 1.125456987459235947e+00
6.952335945678426015e+02 1.137149314778148623e+00 1.124120340624813474e+00
6.952336903092641478e+02 1.130669840658617975e+00 1.122814725357680343e+00
6.952337860506856941e+02 1.114696732781357724e+00 1.121539981739751113e+00
6.952338817921072405e+02 1.133388488868792177e+00 1.120295926174313950e+00
6.952339775335287868e+02 1.116766188898484335e+00 1.119082352820854886e+00
6.952340732749504468e+02 1.118787910936697161e+00 1.117899034999760399e+00
6.952341690163719932e+02 1.113207880571323694e+00 1.116745726571072739e+00
6.952342647577935395e+02 1.120567543573550040e+00 1.115622163264079036e+00
6.952343604992150858e+02 1.117811274274060684e+00 1.114528063983921680e+00
6.952344562406366322e+02 1.107076629838460224e+00 1.113463132072455952e+00
6.952345519820582922e+02 1.088681582705862683e+00 1.112427056529330827e+00
6.952346477234798385e+02 1.093940697918542648e+00 1.111419513198127262e+00
6.952347434649013849e+02 1.109426064639907450e+00 1.110440165898396891e+00
6.952348392063229312e+02 1.100985138568260968e+00 1.109488667527637418e+00
6.952349349477444775e+02 1.116715283916028367e+00 1.108564661114318950e+00
6.952350306891661376e+02 1.117319872677080328e+00 1.107667780828214044e+00
6.952351264305876839e+02 1.104722763026264376e+00 1.106797652953140032e+00
6.952352221720092302e+02 1.113072271440344041e+00 1.105953896806418646e+00
6.952353179134307766e+02 1.095648186415970837e+00 1.105136125626696941e+00
6.952354136548523229e+02 1.110082279703807018e+00 1.104343947414553773e+00
6.952355093962738692e+02 1.101063845064822466e+00 1.103576965732945503e+00
6.952356051376955293e+02 1.098229084637790454e+00 1.102834780466247500e+00
6.952357008791170756e+02 1.114023813853303180e+00 1.102116988543923481e+00
6.952357966205386219e+02 1.109094569414190934e+00 1.101423184616546092e+00
6.952358923619601683e+02 1.103684364005392382e+00 1.100752961702748278e+00
6.952359881033817146e+02 1.080156213824035483e+00 1.100105911794814650e+00
6.952360838448033746e+02 1.117602392400802058e+00 1.099481626428587155e+00
6.952361795862249210e+02 1.095027978949412839e+00 1.098879697222276075e+00
6.952362753276464673e+02 1.103336661351093317e+00 1.098299716374248947e+00
6.952363710690680136e+02 1.108688907224992359e+00 1.097741277135764415e+00
6.952364668104895600e+02 1.117102459512278712e+00 1.097203974248635028e+00
6.952365625519112200e+02 1.120750628172780594e+00 1.096687404352886031e+00
6.952366582933327663e+02 1.126715983848521452e+00 1.096191166368460701e+00
6.952367540347543127e+02 1.097075270432863903e+00 1.095714861843013699e+00
6.952368497761758590e+02 1.109754449823952216e+00 1.095258095279216137e+00
6.952369455175974053e+02 1.095404539327862192e+00 1.094820474433475521e+00
6.952370412590190654e+02 1.099315396088186958e+00 1.094401610590447715e+00
6.952371370004406117e+02 1.103123940434151073e+00 1.094001118816787965e+00
6.952372327418621580e+02 1.096221897933791656e+00 1.093618618187827352e+00
6.952373284832837044e+02 1.110379445006197452e+00 1.093253731998212297e+00
6.952374242247052507e+02 1.100063461546646915e+00 1.092906087950036742e+00
6.952375199661269107e+02 1.096919066437219703e+00 1.092575318322148714e+00
6.952376157075484571e+02 1.076351544991881237e+00 1.092261060123433491e+00
6.952377114489700034e+02 1.102419211263737209e+00 1.091962955225201259e+00
6.952378071903915497e+02 1.106410228158838160e+00 1.091680650481477777e+00
6.952379029318130961e+02 1.108616740576319870e+00 1.091413797832158972e+00
6.952379986732347561e+02 1.092748590340886672e+00 1.091162054392016634e+00
6.952380944146563024e+02 1.113973141275498069e+00 1.090925082527753887e+00
6.952381901560778488e+02 1.104504098777001841e+00 1.090702549919482900e+00
6.952382858974993951e+02 1.100551785628730350e+00 1.090494129613382324e+00
6.952383816389209414e+02 1.113054301705531879e+00 1.090299500061760130e+00
6.952384773803426015e+02 1.103508751175480196e+00 1.090118345152851553e+00
6.952385731217641478e+02 1.082609194951100751e+00 1.089950354232002150e+00
6.952386688631856941e+02 1.116861297925614060e+00 1.089795222111694661e+00
6.952387646046072405e+02 1.103049235267159034e+00 1.089652649075349755e+00
6.952388603460287868e+02 1.092429475093666280e+00 1.089522340872234984e+00
6.952389560874504468e+02 1.100269435622442060e+00 1.089404008705235904e+00
6.952390518288719932e+02 1.079570672634965423e+00 1.089297369212619326e+00
6.952391475702935395e+02 1.091048906323007328e+00 1.089202144442233511e+00
6.952392433117150858e+02 1.081212144600231406e+00 1.089118061821440442e+00
6.952393390531366322e+02 1.093258060601257409e+00 1.089044854121095529e+00
6.952394347945582922e+02 1.096983682821253137e+00 1.088982259414821741e+00
6.952395305359798385e+02 1.082631012321800368e+00 1.088930021034258511e+00
6.952396262774013849e+02 1.093413230428891492e+00 1.088887887519594644e+00
6.952397220188229312e+02 1.091906380363646401e+00 1.088855612567239950e+00
6.952398177602444775e+02 1.094790354578673908e+00 1.088832954973836253e+00
6.952399135016661376e+02 1.101842313015565678e+00 1.088819678577398031e+00
6.952400092430876839e+02 1.100711043783983101e+00 1.088815552195876668e+00
6.952401049845092302e+02 1.086818634390459781e+00 1.088820349563234702e+00
6.952402007259307766e+02 1.079251490693385218e+00 1.088833849263615150e+00
6.952402964673523229e+02 1.090654445080418977e+00 1.088855834663591926e+00
6.952403922087738692e+02 1.081626615740036712e+00 1.088886093842863056e+00
6.952404879501955293e+02 1.089983781824377829e+00 1.088924419523634279e+00
6.952405836916170756e+02 1.084836878188271347e+00 1.088970608998609313e+00
6.952406794330386219e+02 1.099257321185609815e+00 1.089024464058490960e+00
6.952407751744601683e+02 1.103305068076413376e+00 1.089085790918260299e+00
6.952408709158817146e+02 1.085687049441155461e+00 1.089154400143062196e+00
6.952409666573033746e+02 1.103518568083424745e+00 1.089230106573695789e+00
6.952410623987249210e+02 1.096250653612687476e+00 1.089312729251339373e+00
6.952411581401464673e+02 1.111198355904369661e+00 1.089402091343010692e+00
6.952412538815680136e+02 1.095867778856139063e+00 1.089498020066092865e+00
6.952413496229895600e+02 1.083099345371510092e+00 1.089600346613369908e+00
6.952414453644112200e+02 1.085995942977883821e+00 1.089708906078281414e+00
6.952415411058327663e+02 1.074292512015116774e+00 1.089823537379799312e+00
6.952416368472543127e+02 1.118471974288345772e+00 1.089944083188960411e+00
6.952417325886758590e+02 1.110456789429595581e+00 1.090070389854568056e+00
6.952418283300974053e+02 1.106461901550692684e+00 1.090202307330042863e+00
6.952419240715190654e+02 1.089222544922110236e+00 1.090339689100906506e+00
6.952420198129406117e+02 1.091845295854483977e+00 1.090482392112089860e+00
6.952421155543621580e+02 1.092516622562003992e+00 1.090630276697584167e+00
6.952422112957837044e+02 1.077408354336152785e+00 1.090783206509228664e+00
6.952423070372052507e+02 1.114236291912869437e+00 1.090941048447101602e+00
6.952424027786269107e+02 1.094708517516507440e+00 1.091103672590797657e+00
6.952424985200484571e+02 1.102962547195316834e+00 1.091270952130602767e+00
6.952425942614700034e+02 1.085421064680982095e+00 1.091442763301524232e+00
6.952426900028915497e+02 1.090815343636912571e+00 1.091618985316329837e+00
6.952427857443130961e+02 1.085677238716055593e+00 1.091799500300508985e+00
6.952428814857347561e+02 1.083663890524005691e+00 1.091984193228250799e+00
6.952429772271563024e+02 1.085479761671373833e+00 1.092172951858316310e+00
6.952430729685778488e+02 1.095585715042566521e+00 1.092365666673129398e+00
6.952431687099993951e+02 1.088066255806023896e+00 1.092562230816704227e+00
6.952432644514209414e+02 1.121845553296836107e+00 1.092762540034701635e+00
6.952433601928426015e+02 1.093815881557374636e+00 1.092966492615555785e+00
6.952434559342641478e+02 1.081988793214253120e+00 1.093173989331432949e+00
6.952435516756856941e+02 1.100578897966467462e+00 1.093384933382669510e+00
6.952436474171072405e+02 1.089042017139101759e+00 1.093599230340844164e+00
6.952437431585287868e+02 1.086032245863225887e+00 1.093816788094105874e+00
6.952438388999504468e+02 1.099919435209778307e+00 1.094037516793577636e+00
6.952439346413719932e+02 1.113923962601333084e+00 1.094261328799486011e+00
6.952440303827935395e+02 1.108811494704904588e+00 1.094488138630961283e+00
6.952441261242150858e+02 1.092774794765418056e+00 1.094717862914248441e+00
6.952442218656366322e+02 1.115288527348681447e+00 1.094950420333255181e+00
6.952443176070582922e+02 1.086491860007717136e+00 1.095185731581136412e+00
6.952444133484798385e+02 1.100315419299794373e+00 1.095423719311484412e+00
6.952445090899013849e+02 1.094987352248171453e+00 1.095664308093317496e+00
6.952446048313229312e+02 1.079970977018923639e+00 1.095907424364265914e+00
6.952447005727444775e+02 1.102991069037622340e+00 1.096152996386123624e+00
6.952447963141661376e+02 1.098761393094248584e+00 1.096400954201384836e+00
6.952448920555876839e+02 1.093506655807362060e+00 1.096651229589254317e+00
6.952449877970092302e+02 1.094999915230799648e+00 1.096903756025543908e+00
6.952450835384307766e+02 1.099685424862359540e+00 1.097158468640552886e+00
6.952451792798523229e+02 1.100436981873522235e+00 1.097415304179325535e+00
6.952452750212738692e+02 1.095462808963457269e+00 1.097674200962516000e+00
6.952453707626955293e+02 1.100498383092484822e+00 1.097935098848443536e+00
6.952454665041170756e+02 1.092296985147785504e+00 1.098197939194466510e+00
6.952455622455386219e+02 1.090017293466210013e+00 1.098462664822306145e+00
6.952456579869601683e+02 1.108939419774873647e+00 1.098729219981118055e+00
6.952457537283817146e+02 1.099457542460884341e+00 1.098997550312930560e+00
6.952458494698033746e+02 1.100659841115168236e+00 1.099267602818904122e+00
6.952459452112249210e+02 1.118145203142674626e+00 1.099539325824778757e+00
6.952460409526464673e+02 1.104382050419156158e+00 1.099812668950310046e+00
6.952461366940680136e+02 1.090655962000538493e+00 1.100087583076263975e+00
6.952462324354895600e+02 1.100873407291561579e+00 1.100364020313759905e+00
6.952463281769112200e+02 1.086170734827063500e+00 1.100641933974357389e+00
6.952464239183327663e+02 1.099185297240780068e+00 1.100921278539216841e+00
6.952465196597543127e+02 1.102509453402279904e+00 1.101202009632254564e+00
6.952466154011758590e+02 1.105232691405072520e+00 1.101484083990701413e+00
6.952467111425974053e+02 1.097531800658201551e+00 1.101767459437977159e+00
6.952468068840190654e+02 1.096504524799565283e+00 1.102052094857236320e+00
6.952469026254406117e+02 1.113179715547382376e+00 1.102337950163873703e+00
6.952469983668621580e+02 1.101267991583566586e+00 1.102624986282037867e+00
6.952470941082837044e+02 1.090985022226511614e+00 1.102913165118390770e+00
6.952471898497052507e+02 1.133660721696703622e+00 1.103202449538158048e+00
6.952472855911269107e+02 1.105271174862289651e+00 1.103492803341779904e+00
6.952473813325484571e+02 1.098503808246027669e+00 1.103784191240418266e+00
6.952474770739700034e+02 1.105461991063219518e+00 1.104076578835473166e+00
6.952475728153915497e+02 1.090605582676115626e+00 1.104369932595212989e+00
6.952476685568130961e+02 1.109124961984762514e+00 1.104664219833659144e+00
6.952477642982347561e+02 1.104437891142330264e+00 1.104959408690014522e+00
6.952478600396563024e+02 1.092412565581521555e+00 1.105255468106845607e+00
6.952479557810778488e+02 1.098268899341360516e+00 1.105552367812280279e+00
6.952480515224993951e+02 1.104798240086913186e+00 1.105850078299191352e+00
6.952481472639209414e+02 1.112691778366403428e+00 1.106148570806611220e+00
6.952482430053426015e+02 1.120850395059637572e+00 1.106447817301622116e+00
6.952483387467641478e+02 1.094178004372070356e+00 1.106747790459926772e+00
6.952484344881856941e+02 1.102738229769700373e+00 1.107048463650420977e+00
6.952485302296072405e+02 1.099821533285581632e+00 1.107349810916647304e+00
6.952486259710287868e+02 1.108321197881759312e+00 1.107651806960453955e+00
6.952487217124504468e+02 1.100893665204830674e+00 1.107954427126069508e+00
6.952488174538719932e+02 1.105897679427011893e+00 1.108257647382791866e+00
6.952489131952935395e+02 1.099284628497240623e+00 1.108561444311659594e+00
6.952490089367150858e+02 1.100909242905905971e+00 1.108865795088922468e+00
6.952491046781366322e+02 1.087257689790316562e+00 1.109170677471682742e+00
6.952492004195582922e+02 1.094880079309054066e+00 1.109476069783903673e+00
6.952492961609798385e+02 1.121855926126012593e+00 1.109781950900971648e+00
6.952493919024013849e+02 1.111608476654412758e+00 1.110088300238223580e+00
6.952494876438229312e+02 1.109664400348185032e+00 1.110395097736198489e+00
6.952495833852444775e+02 1.121244967953894056e+00 1.110702323848030471e+00
6.952496791266661376e+02 1.104612573818948729e+00 1.111009959527166302e+00
6.952497748680876839e+02 1.108645301632877667e+00 1.111317986213577358e+00
6.952498706095092302e+02 1.103424412142744782e+00 1.111626385823929919e+00
6.952499663509307766e+02 1.100310683449649440e+00 1.111935140738404382e+00
6.952500620923523229e+02 1.110715751920096084e+00 1.112244233789634107e+00
6.952501578337738692e+02 1.087176452390496317e+00 1.112553648251562333e+00
6.952502535751955293e+02 1.129341713436336159e+00 1.112863367828949457e+00
6.952503493166170756e+02 1.117357117092205865e+00 1.113173376645310020e+00
6.952504450580386219e+02 1.102781161669492915e+00 1.113483659234793199e+00
6.952505407994601683e+02 1.108703747375841431e+00 1.113794200530644263e+00
6.952506365408817146e+02 1.093636455897240456e+00 1.114104985855753682e+00
6.952507322823033746e+02 1.097058378943452261e+00 1.114416000913459603e+00
6.952508280237249210e+02 1.126440261200494897e+00 1.114727231776734273e+00
6.952509237651464673e+02 1.084343004443220071e+00 1.115038664881302877e+00
6.952510195065680136e+02 1.110632892512210423e+00 1.115350287015295150e+00
6.952511152479895600e+02 1.108547746865476080e+00 1.115662085310960894e+00
6.952512109894112200e+02 1.123072988886097079e+00 1.115974047236610422e+00
6.952513067308327663e+02 1.106918212824932191e+00 1.116286160586904552e+00
6.952514024722543127e+02 1.103043371671688311e+00 1.116598413477059459e+00
6.952514982136758590e+02 1.109287973185572262e+00 1.116910794333546120e+00
6.952515939550974053e+02 1.099381700423573083e+00 1.117223291886834113e+00
6.952516896965190654e+02 1.112787206609028745e+00 1.117535895164328164e+00
6.952517854379406117e+02 1.108666020796172935e+00 1.117848593481635344e+00
6.952518811793621580e+02 1.099840945634529499e+00 1.118161376437719179e+00
6.952519769207837044e+02 1.113186992788540941e+00 1.118474233906523674e+00
6.952520726622052507e+02 1.120063139485567349e+00 1.118787156030619068e+00
6.952521684036269107e+02 1.111872518702406554e+00 1.119100133215019444e+00
6.952522641450484571e+02 1.124811410478306906e+00 1.119413156119301256e+00
6.952523598864700034e+02 1.116321272425307543e+00 1.119726215653599644e+00
