6.951716317614700529e+02 1.111734837640077522e+00 1.099511775623456034e+00
6.951717275028915992e+02 1.112495824279630785e+00 1.099974899693662023e+00
6.951718232443131456e+02 1.096967408383963116e+00 1.100439716316817362e+00
6.951719189857348056e+02 1.102165855183726562e+00 1.100906238882831234e+00
6.951720147271563519e+02 1.104593659180908238e+00 1.101374480872709727e+00
6.951721104685778982e+02 1.098300387598462269e+00 1.101844455861385130e+00
6.951722062099994446e+02 1.092141800426152942e+00 1.102316177514939932e+00
6.951723019514209909e+02 1.111737479682613161e+00 1.102789659590539539e+00
6.951723976928426509e+02 1.117368178303534521e+00 1.103264915936307267e+00
6.951724934342641973e+02 1.098769726219879450e+00 1.103741960488309637e+00
6.951725891756857436e+02 1.081221772650977631e+00 1.104220807273110561e+00
6.951726849171072899e+02 1.099409897548712989e+00 1.104701470404611863e+00
6.951727806585288363e+02 1.103626346131302727e+00 1.105183964083633397e+00
6.951728763999504963e+02 1.122399469603776012e+00 1.105668302597422326e+00
6.951729721413720426e+02 1.107597949459834252e+00 1.106154500316200329e+00
6.951730678827935890e+02 1.117914840761918160e+00 1.106642571695374277e+00
6.951731636242151353e+02 1.105781293201638871e+00 1.107132531271902254e+00
6.951732593656366817e+02 1.091743702421610340e+00 1.107624393663440010e+00
6.951733551070583417e+02 1.113914497708165419e+00 1.108118173567393727e+00
6.951734508484798880e+02 1.119164480203065803e+00 1.108613885756938533e+00
6.951735465899014343e+02 1.093109384675793327e+00 1.109111545082785755e+00
6.951736423313229807e+02 1.126116972220911006e+00 1.109611166468982502e+00
6.951737380727445270e+02 1.115505266892436120e+00 1.110112764911512562e+00
6.951738338141661870e+02 1.098000294200450755e+00 1.110616355476792050e+00
6.951739295555877334e+02 1.098447128494300262e+00 1.111121953297041554e+00
6.951740252970092797e+02 1.114436817193616758e+00 1.111629573571502272e+00
6.951741210384308260e+02 1.105869609351908700e+00 1.112139231561539710e+00
6.951742167798523724e+02 1.113352958610673626e+00 1.112650942588582659e+00
6.951743125212739187e+02 1.117008227397923825e+00 1.113164722031315668e+00
6.951744082626955787e+02 1.101002777265883692e+00 1.113680585323327366e+00
6.951745040041171251e+02 1.108279119931436574e+00 1.114198547947525597e+00
6.951745997455386714e+02 1.108410435002377348e+00 1.114718625436511346e+00
6.951746954869602177e+02 1.104959766714309399e+00 1.115240833366648587e+00
6.951747912283817641e+02 1.118007273876072905e+00 1.115765187355008958e+00
6.951748869698034241e+02 1.125774073368571493e+00 1.116291703056139228e+00
6.951749827112249704e+02 1.114046132652620091e+00 1.116820396155495443e+00
6.951750784526465168e+02 1.094077125262557404e+00 1.117351282368925336e+00
6.951751741940680631e+02 1.108722081064875908e+00 1.117884377435680809e+00
6.951752699354896095e+02 1.114156355939839305e+00 1.118419697114329869e+00
6.951753656769112695e+02 1.110818569333468453e+00 1.118957257178445852e+00
6.951754614183328158e+02 1.117085727599723466e+00 1.119497073408860066e+00
6.951755571597543621e+02 1.130521140195624330e+00 1.120039161592041754e+00
6.951756529011759085e+02 1.119893420030624087e+00 1.120583537511838257e+00
6.951757486425974548e+02 1.131445007933349123e+00 1.121130216944123736e+00
6.951758443840191148e+02 1.115095165763126950e+00 1.121679215651181005e+00
6.951759401254406612e+02 1.119566546812438501e+00 1.122230549372522646e+00
6.951760358668622075e+02 1.113218792715511274e+00 1.122784233821926048e+00
6.951761316082837538e+02 1.125726144073690538e+00 1.123340284677630807e+00
6.951762273497053002e+02 1.106284980253447126e+00 1.123898717575457562e+00
6.951763230911269602e+02 1.123762088806738779e+00 1.124459548101601536e+00
6.951764188325485065e+02 1.124997913854008935e+00 1.125022791781729703e+00
6.951765145739700529e+02 1.123184278000042280e+00 1.125588464076366924e+00
6.951766103153915992e+02 1.116323699780760625e+00 1.126156580369239935e+00
6.951767060568131456e+02 1.123315219714364099e+00 1.126727155958541893e+00
6.951768017982348056e+02 1.139177191745650131e+00 1.127300206047798126e+00
6.951768975396563519e+02 1.120737554393653079e+00 1.127875745732888957e+00
6.951769932810778982e+02 1.120174120660368589e+00 1.128453789995431888e+00
6.951770890224994446e+02 1.110462540778409002e+00 1.129034353688890491e+00
6.951771847639209909e+02 1.148446512450676416e+00 1.129617451527598737e+00
6.951772805053426509e+02 1.141767711654817496e+00 1.130203098075297063e+00
6.951773762467641973e+02 1.122326152740594107e+00 1.130791307729662742e+00
6.951774719881857436e+02 1.106355137465443006e+00 1.131382094713255126e+00
6.951775677296072899e+02 1.110459797197207443e+00 1.131975473056945569e+00
6.951776634710288363e+02 1.124710345955995505e+00 1.132571456586233261e+00
6.951777592124504963e+02 1.131739435696133667e+00 1.133170058906974198e+00
6.951778549538720426e+02 1.139854104336721186e+00 1.133771293386921064e+00
6.951779506952935890e+02 1.138005550762758666e+00 1.134375173143718829e+00
6.951780464367151353e+02 1.148455112171650860e+00 1.134981711025119244e+00
6.951781421781366817e+02 1.150812976316151648e+00 1.135590919592040393e+00
6.951782379195583417e+02 1.143887125726226195e+00 1.136202811100916810e+00
6.951783336609798880e+02 1.130297674274700848e+00 1.136817397481655112e+00
6.951784294024014343e+02 1.133967794481453906e+00 1.137434690322073338e+00
6.951785251438229807e+02 1.132506180291739106e+00 1.138054700844264744e+00
6.951786208852445270e+02 1.151800639299501938e+00 1.138677439883750475e+00
6.951787166266661870e+02 1.144505622161118952e+00 1.139302917867770493e+00
6.951788123680877334e+02 1.135967934768433274e+00 1.139931144788958406e+00
6.951789081095092797e+02 1.142989682706845533e+00 1.140562130185501344e+00
6.951790038509308260e+02 1.146531650479563957e+00 1.141195883112908760e+00
6.951790995923523724e+02 1.139448028946987934e+00 1.141832412118479079e+00
6.951791953337739187e+02 1.141768971095128204e+00 1.142471725213981326e+00
6.951792910751955787e+02 1.153598349503631715e+00 1.143113829848024343e+00
6.951793868166171251e+02 1.141728537184458769e+00 1.143758732873481732e+00
6.951794825580386714e+02 1.149075762122629518e+00 1.144406440521392065e+00
6.951795782994602177e+02 1.125290509376533965e+00 1.145056958366031941e+00
6.951796740408817641e+02 1.140682140670788547e+00 1.145710291292558969e+00
6.951797697823034241e+02 1.139383137875175533e+00 1.146366443463384011e+00
6.951798655237249704e+02 1.159168294756777406e+00 1.147025418279314035e+00
6.951799612651465168e+02 1.154244251123998977e+00 1.147687218347111404e+00
6.951800570065680631e+02 1.135147565904878197e+00 1.148351845437842300e+00
6.951801527479896095e+02 1.113210430897835002e+00 1.149019300447639447e+00
6.951802484894112695e+02 1.130776364394592726e+00 1.149689583356962697e+00
6.951803442308328158e+02 1.145932379384001276e+00 1.150362693184299401e+00
6.951804399722543621e+02 1.147781961316124422e+00 1.151038627946197712e+00
6.951805357136759085e+02 1.154971002442364059e+00 1.151717384607661154e+00
6.951806314550974548e+02 1.144334353683383432e+00 1.152398959034778514e+00
6.951807271965191148e+02 1.136003229425135652e+00 1.153083345945577820e+00
6.951808229379406612e+02 1.133552056119770723e+00 1.153770538854953287e+00
6.951809186793622075e+02 1.147674908993802312e+00 1.154460530025809284e+00
6.951810144207837538e+02 1.149395348637451075e+00 1.155153310410102385e+00
6.951811101622053002e+02 1.156208833635451461e+00 1.155848869591899808e+00
6.951812059036269602e+02 1.136131672428014383e+00 1.156547195728349964e+00
6.951813016450485065e+02 1.134653238302315792e+00 1.157248275484334732e+00
6.951813973864700529e+02 1.160463358198319916e+00 1.157952093973172003e+00
6.951814931278915992e+02 1.147281035125535587e+00 1.158658634686724254e+00
6.951815888693131456e+02 1.142429269419139581e+00 1.159367879427269266e+00
6.951816846107348056e+02 1.159105746186876562e+00 1.160079808236937016e+00
6.951817803521563519e+02 1.145957528700518369e+00 1.160794399320395076e+00
6.951818760935778982e+02 1.137390760141343993e+00 1.161511628973391996e+00
6.951819718349994446e+02 1.164940781885693832e+00 1.162231471500178470e+00
6.951820675764209909e+02 1.152959150432007807e+00 1.162953899132402880e+00
6.951821633178426509e+02 1.155389507999040610e+00 1.163678881945198418e+00
6.951822590592641973e+02 1.146212547392625236e+00 1.164406387766060424e+00
6.951823548006857436e+02 1.166455476479251185e+00 1.165136382089353662e+00
6.951824505421072899e+02 1.154574013443483205e+00 1.165868827979149813e+00
6.951825462835288363e+02 1.163592909545118737e+00 1.166603685973230053e+00
6.951826420249504963e+02 1.146594625915139387e+00 1.167340913983879958e+00
6.951827377663720426e+02 1.187830654442810330e+00 1.168080467191006555e+00
6.951828335077935890e+02 1.156190833308358146e+00 1.168822297940629973e+00
6.951829292492151353e+02 1.187454534856796196e+00 1.169566355631166621e+00
6.951830249906366817e+02 1.174200393005391918e+00 1.170312586600546823e+00
6.951831207320583417e+02 1.166476576274294130e+00 1.171060934009729548e+00
6.951832164734798880e+02 1.159405703584667435e+00 1.171811337718081214e+00
6.951833122149014343e+02 1.192351827494136041e+00 1.172563734163873050e+00
6.951834079563229807e+02 1.149999414928654984e+00 1.173318056232051765e+00
6.951835036977445270e+02 1.182716141466320314e+00 1.174074233122537114e+00
6.951835994391661870e+02 1.182753058951207858e+00 1.174832190214551542e+00
6.951836951805877334e+02 1.173186893557191190e+00 1.175591848922398208e+00
6.951837909220092797e+02 1.176237611455280385e+00 1.176353126556129336e+00
6.951838866634308260e+02 1.187210313324454036e+00 1.177115936169051968e+00
6.951839824048523724e+02 1.187855431390199223e+00 1.177880186405503293e+00
6.951840781462739187e+02 1.179427252307385432e+00 1.178645781343462762e+00
6.951841738876955787e+02 1.177647837774475459e+00 1.179412620333756045e+00
6.951842696291171251e+02 1.173567503167921799e+00 1.180180597830361444e+00
6.951843653705386714e+02 1.193326071769548191e+00 1.180949603225440514e+00
6.951844611119602177e+02 1.190598784605082505e+00 1.181719520670871271e+00
6.951845568533817641e+02 1.157497909442748441e+00 1.182490228899919282e+00
6.951846525948034241e+02 1.184684121040953331e+00 1.183261601044505174e+00
6.951847483362249704e+02 1.202329638308103688e+00 1.184033504443489537e+00
6.951848440776465168e+02 1.193388532420854631e+00 1.184805800455737579e+00
6.951849398190680631e+02 1.181056854325575056e+00 1.185578344259679673e+00
6.951850355604896095e+02 1.201146329521583178e+00 1.186350984653149920e+00
6.951851313019112695e+02 1.184401282380322273e+00 1.187123563848993868e+00
6.951852270433328158e+02 1.206770582066091446e+00 1.187895917261936996e+00
6.951853227847543621e+02 1.187030721159810565e+00 1.188667873300571109e+00
6.951854185261759085e+02 1.197889753402727964e+00 1.189439253146231001e+00
6.951855142675974548e+02 1.202696721998471219e+00 1.190209870532660696e+00
6.951856100090191148e+02 1.212295678817038702e+00 1.190979531522044388e+00
6.951857057504406612e+02 1.202723400920348684e+00 1.191748034273019341e+00
6.951858014918622075e+02 1.188281562244291489e+00 1.192515168814596516e+00
6.951858972332837538e+02 1.204256524267282025e+00 1.193280716807947117e+00
6.951859929747053002e+02 1.211472105915398556e+00 1.194044451310040111e+00
6.951860887161269602e+02 1.214136477152834237e+00 1.194806136534855900e+00
6.951861844575485065e+02 1.210895792605364063e+00 1.195565527607999501e+00
6.951862801989700529e+02 1.203326864122832074e+00 1.196322370328655627e+00
6.951863759403915992e+02 1.196000977127771092e+00 1.197076400921209594e+00
6.951864716818131456e+02 1.204871118492282234e+00 1.197827345790556386e+00
6.951865674232348056e+02 1.180282916063432941e+00 1.198574921277058225e+00
6.951866631646563519e+02 1.219451035571994968e+00 1.199318833407275520e+00
6.951867589060778982e+02 1.201031881582825367e+00 1.200058777654374742e+00
6.951868546474994446e+02 1.211319523500079764e+00 1.200794438691102473e+00
6.951869503889209909e+02 1.192068563193360964e+00 1.201525490149344844e+00
6.951870461303426509e+02 1.199239458926918189e+00 1.202251594382555577e+00
6.951871418717641973e+02 1.201328665381340199e+00 1.202972402227592275e+00
6.951872376131857436e+02 1.201724969042220259e+00 1.203687552779756142e+00
6.951873333546072899e+02 1.195103419436397196e+00 1.204396673164721321e+00
6.951874290960288363e+02 1.205895409532107942e+00 1.205099378321315085e+00
6.951875248374504963e+02 1.220484013588388317e+00 1.205795270791856000e+00
6.951876205788720426e+02 1.224187665785687162e+00 1.206483940517115050e+00
6.951877163202935890e+02 1.222982542046134879e+00 1.207164964649497962e+00
6.951878120617151353e+02 1.214265935373086247e+00 1.207837907369211150e+00
6.951879078031366817e+02 1.238739871483913957e+00 1.208502319717198015e+00
6.951880035445583417e+02 1.213501804071897894e+00 1.209157739442092039e+00
6.951880992859798880e+02 1.220411665857656924e+00 1.209803690858901826e+00
6.951881950274014343e+02 1.219277520287853189e+00 1.210439684732680599e+00
6.951882907688229807e+02 1.204740093862477712e+00 1.211065218173308367e+00
6.951883865102445270e+02 1.213076833840537772e+00 1.211679774554858202e+00
6.951884822516661870e+02 1.216243838197138327e+00 1.212282823457423664e+00
6.951885779930877334e+02 1.235518642361047803e+00 1.212873820629851718e+00
6.951886737345092797e+02 1.220014797547243512e+00 1.213452207986104758e+00
6.951887694759308260e+02 1.238177894986612904e+00 1.214017413623019515e+00
6.951888652173523724e+02 1.232233931099609547e+00 1.214568851872400268e+00
6.951889609587739187e+02 1.228738329443990640e+00 1.215105923385363829e+00
6.951890567001955787e+02 1.216768061384239097e+00 1.215628015252560479e+00
6.951891524416171251e+02 1.227735390749272959e+00 1.216134501158958381e+00
6.951892481830386714e+02 1.204252750703592945e+00 1.216624741584851899e+00
6.951893439244602177e+02 1.218496306847228761e+00 1.217098084043159556e+00
6.951894396658817641e+02 1.226141038929895899e+00 1.217553863364850386e+00
6.951895354073034241e+02 1.233574172025158067e+00 1.217991402031779691e+00
6.951896311487249704e+02 1.217981486147361014e+00 1.218410010557029688e+00
6.951897268901465168e+02 1.234610446513269899e+00 1.218808987923036602e+00
6.951898226315680631e+02 1.236098309544185314e+00 1.219187622069650700e+00
6.951899183729896095e+02 1.248223205527597246e+00 1.219545190442479221e+00
6.951900141144112695e+02 1.240335129732285324e+00 1.219880960601205988e+00
6.951901098558328158e+02 1.213436299090825399e+00 1.220194190888478802e+00
6.951902055972543621e+02 1.246797385875577424e+00 1.220484131167603126e+00
6.951903013386759085e+02 1.234983165998292609e+00 1.220750023623277114e+00
6.951903970800974548e+02 1.236644717215319655e+00 1.220991103633514596e+00
6.951904928215191148e+02 1.220619678998336788e+00 1.221206600712479551e+00
6.951905885629406612e+02 1.213159365586628402e+00 1.221395739524937962e+00
6.951906843043622075e+02 1.222425568315347100e+00 1.221557740977640805e+00
6.951907800457837538e+02 1.234652378080530966e+00 1.221691823383840303e+00
6.951908757872053002e+02 1.221872177820070071e+00 1.221797203705908164e+00
6.951909715286269602e+02 1.245677572199619831e+00 1.221873098875300157e+00
6.951910672700485065e+02 1.224563599208959408e+00 1.221918727190089982e+00
6.951911630114700529e+02 1.237826033556181482e+00 1.221933309791426225e+00
6.951912587528915992e+02 1.245817726733861042e+00 1.221916072216775229e+00
6.951913544943131456e+02 1.230875767363424522e+00 1.221866246030660408e+00
6.951914502357348056e+02 1.219703365213849811e+00 1.221783070530964688e+00
6.951915459771563519e+02 1.228682129755352292e+00 1.221665794529886995e+00
6.951916417185778982e+02 1.243439446365120160e+00 1.221513678205773612e+00
6.951917374599994446e+02 1.224416490512129085e+00 1.221325995025034139e+00
6.951918332014209909e+02 1.219224119082790603e+00 1.221102033729443148e+00
6.951919289428426509e+02 1.219220489234711158e+00 1.220841100385076761e+00
6.951920246842641973e+02 1.229177720498842774e+00 1.220542520490203175e+00
6.951921204256857436e+02 1.228666312171789565e+00 1.220205641132190211e+00
6.951922161671072899e+02 1.215877480203816141e+00 1.219829833193785129e+00
6.951923119085288363e+02 1.231830022700847627e+00 1.219414493597731131e+00
6.951924076499504963e+02 1.225023121199611875e+00 1.218959047583764388e+00
6.951925033913720426e+02 1.234225329611459587e+00 1.218462951013222995e+00
6.951925991327935890e+02 1.194747472805412825e+00 1.217925692684552974e+00
6.951926948742151353e+02 1.212879438683130973e+00 1.217346796661404440e+00
6.951927906156366817e+02 1.216702165194869067e+00 1.216725824595596972e+00
6.951928863570583417e+02 1.185193543580804310e+00 1.216062378036954605e+00
6.951929820984798880e+02 1.212045392012165435e+00 1.215356100723456123e+00
6.951930778399014343e+02 1.208011544440704466e+00 1.214606680828365981e+00
6.951931735813229807e+02 1.214870046801820092e+00 1.213813853168282497e+00
6.951932693227445270e+02 1.207235457031372361e+00 1.212977401348179773e+00
6.951933650641661870e+02 1.221256956847439179e+00 1.212097159834467197e+00
6.951934608055877334e+02 1.206179051410210201e+00 1.211173015948896481e+00
6.951935565470092797e+02 1.192900036756095572e+00 1.210204911754579005e+00
6.951936522884308260e+02 1.229505058222129410e+00 1.209192845842014030e+00
6.951937480298523724e+02 1.206133903638524796e+00 1.208136874986635911e+00
6.951938437712739187e+02 1.195748211409040529e+00 1.207037115671230509e+00
6.951939395126955787e+02 1.208466544436604062e+00 1.205893745458259003e+00
6.951940352541171251e+02 1.203347789156161252e+00 1.204707004208160015e+00
6.951941309955386714e+02 1.175974637877353901e+00 1.203477195111428699e+00
6.951942267369602177e+02 1.195475807105085941e+00 1.202204685550537056e+00
6.951943224783817641e+02 1.192760454538867254e+00 1.200889907761081066e+00
6.951944182198034241e+02 1.200047772977376637e+00 1.199533359289040035e+00
6.951945139612249704e+02 1.199860744605990570e+00 1.198135603243997149e+00
6.951946097026465168e+02 1.176296580495471922e+00 1.196697268316524898e+00
6.951947054440680631e+02 1.210906101778626454e+00 1.195219048585611121e+00
6.951948011854896095e+02 1.192340580286555873e+00 1.193701703087000965e+00
6.951948969269112695e+02 1.184618289678542213e+00 1.192146055146422023e+00
6.951949926683328158e+02 1.159807293904218106e+00 1.190552991484966849e+00
6.951950884097543621e+02 1.165217345839566265e+00 1.188923461067992848e+00
6.951951841511759085e+02 1.164934636535122525e+00 1.187258473735193665e+00
6.951952798925974548e+02 1.161823819006104763e+00 1.185559098586537852e+00
6.951953756340191148e+02 1.189565010319483473e+00 1.183826462136851942e+00
6.951954713754406612e+02 1.165388757321162094e+00 1.182061746255122392e+00
6.951955671168622075e+02 1.191806173000804492e+00 1.180266185864589534e+00
6.951956628582837538e+02 1.176118846593030787e+00 1.178441066453381314e+00
6.951957585997053002e+02 1.155990352316608183e+00 1.176587721375003781e+00
6.951958543411269602e+02 1.167703841226447548e+00 1.174707528960230229e+00
6.951959500825485065e+02 1.166224438586670686e+00 1.172801909464685988e+00
6.951960458239700529e+02 1.138520231823958229e+00 1.170872321832685747e+00
6.951961415653915992e+02 1.178552300075317527e+00 1.168920260337261929e+00
6.951962373068131456e+02 1.179546048461177055e+00 1.166947251079267556e+00
6.951963330482348056e+02 1.166760575696989877e+00 1.164954848373697116e+00
6.951964287896563519e+02 1.170999580637898996e+00 1.162944631053183020e+00
6.951965245310778982e+02 1.141357620212020807e+00 1.160918198671637036e+00
6.951966202724994446e+02 1.147410452721622454e+00 1.158877167674321695e+00
6.951967160139209909e+02 1.134444528223226722e+00 1.156823167518131745e+00
6.951968117553426509e+02 1.132173123656610825e+00 1.154757836773113944e+00
6.951969074967641973e+02 1.135731776012582239e+00 1.152682819236885647e+00
6.951970032381857436e+02 1.127409434742614236e+00 1.150599760044177744e+00
6.951970989796072899e+02 1.144037353835406723e+00 1.148510301839250625e+00
6.951971947210288363e+02 1.152110470372638806e+00 1.146416080992567421e+00
6.951972904624504963e+02 1.132173963400628480e+00 1.144318723891417422e+00
6.951973862038720426e+02 1.115112136226323436e+00 1.142219843333686091e+00
6.951974819452935890e+02 1.142002199918724203e+00 1.140121035003167194e+00
6.951975776867151353e+02 1.158143759970613917e+00 1.138023874090984267e+00
6.951976734281366817e+02 1.136364040995930358e+00 1.135929912039382872e+00
6.951977691695583417e+02 1.118005620144000511e+00 1.133840673432775059e+00
6.951978649109798880e+02 1.136764675596899643e+00 1.131757653059566548e+00
6.951979606524014343e+02 1.152363483000136801e+00 1.129682313117402970e+00
6.951980563938229807e+02 1.117071453190777941e+00 1.127616080619922689e+00
6.951981521352445270e+02 1.123871500639266108e+00 1.125560344974900762e+00
6.951982478766661870e+02 1.115921252881147296e+00 1.123516455751963239e+00
6.951983436180877334e+02 1.102234974296671055e+00 1.121485720656281382e+00
6.951984393595092797e+02 1.116484330074517972e+00 1.119469403674862251e+00
6.951985351009308260e+02 1.118145875226675301e+00 1.117468723445654621e+00
6.951986308423523724e+02 1.105935700827715751e+00 1.115484851813431488e+00
6.951987265837739187e+02 1.102650828207644595e+00 1.113518912586215714e+00
6.951988223251955787e+02 1.103536117774427394e+00 1.111571980485552169e+00
6.951989180666171251e+02 1.097161421214395638e+00 1.109645080301382425e+00
6.951990138080386714e+02 1.102519259397922502e+00 1.107739186212851168e+00
6.951991095494602177e+02 1.102002657226675009e+00 1.105855221316289994e+00
6.951992052908817641e+02 1.088203422376691210e+00 1.103994057319831024e+00
6.951993010323034241e+02 1.089704465782395104e+00 1.102156514409823096e+00
6.951993967737249704e+02 1.108509915535742740e+00 1.100343361292551947e+00
6.951994925151465168e+02 1.107216469673922621e+00 1.098555315370813634e+00
6.951995882565680631e+02 1.091577097847097555e+00 1.096793043090726227e+00
6.951996839979896095e+02 1.087557626310207803e+00 1.095057160417328479e+00
6.951997797394112695e+02 1.076317217255941650e+00 1.093348233441169270e+00
6.951998754808328158e+02 1.085692647665473354e+00 1.091666779116631680e+00
6.951999712222543621e+02 1.062540062214958114e+00 1.090013266092342947e+00
6.952000669636759085e+02 1.088705411932922029e+00 1.088388115664896683e+00
6.952001627050974548e+02 1.097716551091172610e+00 1.086791702816011451e+00
6.952002584465191148e+02 1.090587900737421956e+00 1.085224357334244827e+00
6.952003541879406612e+02 1.064459272315704919e+00 1.083686365021156783e+00
6.952004499293622075e+02 1.092404028920307857e+00 1.082177968945123636e+00
6.952005456707837538e+02 1.068795742865808807e+00 1.080699370771288859e+00
6.952006414122053002e+02 1.075617586988997454e+00 1.079250732131172619e+00
6.952007371536269602e+02 1.085350217718485277e+00 1.077832176033350908e+00
6.952008328950485065e+02 1.083061217935384457e+00 1.076443788315540884e+00
6.952009286364700529e+02 1.076237133803141566e+00 1.075085619105447865e+00
6.952010243778915992e+02 1.060559616490064139e+00 1.073757684316998473e+00
6.952011201193131456e+02 1.068472548582189985e+00 1.072459967149916649e+00
6.952012158607348056e+02 1.065618854683956229e+00 1.071192419595072609e+00
6.952013116021563519e+02 1.076156464193428253e+00 1.069954963947015392e+00
6.952014073435778982e+02 1.086600702229888249e+00 1.068747494295764433e+00
6.952015030849994446e+02 1.077619758932784944e+00 1.067569878022961660e+00
6.952015988264209909e+02 1.063301923903891888e+00 1.066421957275119237e+00
6.952016945678426509e+02 1.089615145277606167e+00 1.065303550417569411e+00
6.952017903092641973e+02 1.044146488560072639e+00 1.064214453471716615e+00
6.952018860506857436e+02 1.075254328787039970e+00 1.063154441512353943e+00
6.952019817921072899e+02 1.072726190566663851e+00 1.062123270048593859e+00
6.952020775335288363e+02 1.057790521646678306e+00 1.061120676365751248e+00
6.952021732749504963e+02 1.064706336273760101e+00 1.060146380832763136e+00
6.952022690163720426e+02 1.052324607406827983e+00 1.059200088178701149e+00
6.952023647577935890e+02 1.062543986391750517e+00 1.058281488719438501e+00
6.952024604992151353e+02 1.074218067752971129e+00 1.057390259556239442e+00
6.952025562406366817e+02 1.063445188952620857e+00 1.056526065727739327e+00
6.952026519820583417e+02 1.044252488266635970e+00 1.055688561320511587e+00
6.952027477234798880e+02 1.056927324565071213e+00 1.054877390542351412e+00
6.952028434649014343e+02 1.044007674020233090e+00 1.054092188743070535e+00
6.952029392063229807e+02 1.067525093427142080e+00 1.053332583402518230e+00
6.952030349477445270e+02 1.075731043866240411e+00 1.052598195070850728e+00
6.952031306891661870e+02 1.044656978883637066e+00 1.051888638266444076e+00
6.952032264305877334e+02 1.059537941053330101e+00 1.051203522335766971e+00
6.952033221720092797e+02 1.042773475829916086e+00 1.050542452263145465e+00
6.952034179134308260e+02 1.055043767052398218e+00 1.049905029447854243e+00
6.952035136548523724e+02 1.053801439186591749e+00 1.049290852436548516e+00
6.952036093962739187e+02 1.041295083189773818e+00 1.048699517616956900e+00
6.952037051376955787e+02 1.038848531921626073e+00 1.048130619872197355e+00
6.952038008791171251e+02 1.044320177715512665e+00 1.047583753200690193e+00
6.952038966205386714e+02 1.055329641441533184e+00 1.047058511292618732e+00
6.952039923619602177e+02 1.067840957870209051e+00 1.046554488077515277e+00
6.952040881033817641e+02 1.067072191590197949e+00 1.046071278233896340e+00
6.952041838448034241e+02 1.055597278573608522e+00 1.045608477665647795e+00
6.952042795862249704e+02 1.038751447352782797e+00 1.045165683948894753e+00
6.952043753276465168e+02 1.064933920502611375e+00 1.044742496742356641e+00
6.952044710690680631e+02 1.038418939518471751e+00 1.044338518173362429e+00
6.952045668104896095e+02 1.053856145689227253e+00 1.043953353192429212e+00
6.952046625519112695e+02 1.037622813200360872e+00 1.043586609900507112e+00
6.952047582933328158e+02 1.043598079700493342e+00 1.043237899852090811e+00
6.952048540347543621e+02 1.051784725283030353e+00 1.042906838328894636e+00
6.952049497761759085e+02 1.043974380587170403e+00 1.042593044593951745e+00
6.952050455175974548e+02 1.061216257769766802e+00 1.042296142120697322e+00
6.952051412590191148e+02 1.049468208634076749e+00 1.042015758800487468e+00
6.952052370004406612e+02 1.060590966708903071e+00 1.041751527131152821e+00
6.952053327418622075e+02 1.049076014509125354e+00 1.041503084382716215e+00
6.952054284832837538e+02 1.055838659905208088e+00 1.041270072747967124e+00
6.952055242247053002e+02 1.065493657635129932e+00 1.041052139473860993e+00
6.952056199661269602e+02 1.028474287162589818e+00 1.040848936976525696e+00
6.952057157075485065e+02 1.030708877835314174e+00 1.040660122941893029e+00
6.952058114489700529e+02 1.037825408735843835e+00 1.040485360409288518e+00
6.952059071903915992e+02 1.035006716130367765e+00 1.040324317843696278e+00
6.952060029318131456e+02 1.053618274408069100e+00 1.040176669193872305e+00
6.952060986732348056e+02 1.039877699447665726e+00 1.040042093938459145e+00
6.952061944146563519e+02 1.040938251064297271e+00 1.039920277121562098e+00
6.952062901560778982e+02 1.062053709574107829e+00 1.039810909376173820e+00
6.952063858974994446e+02 1.046451938414757254e+00 1.039713686939359283e+00
6.952064816389209909e+02 1.051016166118155182e+00 1.039628311657456727e+00
6.952065773803426509e+02 1.062603238127093785e+00 1.039554490982848023e+00
6.952066731217641973e+02 1.034974155209456681e+00 1.039491937963257007e+00
6.952067688631857436e+02 1.045116191983531229e+00 1.039440371222887460e+00
6.952068646046072899e+02 1.051889114518275159e+00 1.039399514937711766e+00
6.952069603460288363e+02 1.041352549264067839e+00 1.039369098804102221e+00
6.952070560874504963e+02 1.048389144879417145e+00 1.039348858001841513e+00
6.952071518288720426e+02 1.035451294269482236e+00 1.039338533152018629e+00
6.952072475702935890e+02 1.053568951114001617e+00 1.039337870269937625e+00
6.952073433117151353e+02 1.042399087843226990e+00 1.039346620713941682e+00
6.952074390531366817e+02 1.054857114041570121e+00 1.039364541130173070e+00
6.952075347945583417e+02 1.069001840075094023e+00 1.039391393393852114e+00
6.952076305359798880e+02 1.031964146876201971e+00 1.039426944547191534e+00
6.952077262774014343e+02 1.080937606156420872e+00 1.039470966734792556e+00
6.952078220188229807e+02 1.037590976962667000e+00 1.039523237136195988e+00
6.952079177602445270e+02 1.035229388753417412e+00 1.039583537896344945e+00
6.952080135016661870e+02 1.038743509964351608e+00 1.039651656054147111e+00
6.952081092430877334e+02 1.040530512899118909e+00 1.039727383468925126e+00
6.952082049845092797e+02 1.060529874510776072e+00 1.039810516746233704e+00
6.952083007259308260e+02 1.059713341587985358e+00 1.039900857161652592e+00
6.952083964673523724e+02 1.062008867955720470e+00 1.039998210583959581e+00
6.952084922087739187e+02 1.038301193961092439e+00 1.040102387397415784e+00
6.952085879501955787e+02 1.044841042452938185e+00 1.040213202423554639e+00
6.952086836916171251e+02 1.040885885619055928e+00 1.040330474841844488e+00
6.952087794330386714e+02 1.040377747655804486e+00 1.040454028111374551e+00
6.952088751744602177e+02 1.043829713733529729e+00 1.040583689891079633e+00
6.952089709158817641e+02 1.060353365525592562e+00 1.040719291960590320e+00
6.952090666573034241e+02 1.042383751517481638e+00 1.040860670141236399e+00
6.952091623987249704e+02 1.035997877607673034e+00 1.041007664216418549e+00
6.952092581401465168e+02 1.050681482118535293e+00 1.041160117853995315e+00
6.952093538815680631e+02 1.031769924428443508e+00 1.041317878527418195e+00
6.952094496229896095e+02 1.034818747134717443e+00 1.041480797438208095e+00
6.952095453644112695e+02 1.054837470920195308e+00 1.041648729439063281e+00
6.952096411058328158e+02 1.047797635731025467e+00 1.041821532956621166e+00
6.952097368472543621e+02 1.037177670019252096e+00 1.041999069916956344e+00
6.952098325886759085e+02 1.066900073130961468e+00 1.042181205669878041e+00
6.952099283300974548e+02 1.049578498379661440e+00 1.042367808915058314e+00
6.952100240715191148e+02 1.056496344911963092e+00 1.042558751629088398e+00
6.952101198129406612e+02 1.056840872696658717e+00 1.042753908992326561e+00
6.952102155543622075e+02 1.037222601028815472e+00 1.042953159318988465e+00
6.952103112957837538e+02 1.039845983554316344e+00 1.043156383985985425e+00
6.952104070372053002e+02 1.055469605068759087e+00 1.043363467363917829e+00
6.952105027786269602e+02 1.049930086754734759e+00 1.043574296749158137e+00
6.952105985200485065e+02 1.027836738604318567e+00 1.043788762295754458e+00
6.952106942614700529e+02 1.055770925105156577e+00 1.044006756950939696e+00
6.952107900028915992e+02 1.058228593499013659e+00 1.044228176389252916e+00
6.952108857443131456e+02 1.033256060474317950e+00 1.044452918949027476e+00
6.952109814857348056e+02 1.058000295473740859e+00 1.044680885570036688e+00
6.952110772271563519e+02 1.057361157902389825e+00 1.044911979730918095e+00
6.952111729685778982e+02 1.034785540344827393e+00 1.045146107390446888e+00
6.952112687099994446e+02 1.036373323120558076e+00 1.045383176927250357e+00
6.952113644514209909e+02 1.048164830766624034e+00 1.045623099082014340e+00
6.952114601928426509e+02 1.052338338500301784e+00 1.045865786900846972e+00
6.952115559342641973e+02 1.041632984988168031e+00 1.046111155678333793e+00
6.952116516756857436e+02 1.054822602788113572e+00 1.046359122904609418e+00
6.952117474171072899e+02 1.018283830465672057e+00 1.046609608210673281e+00
6.952118431585288363e+02 1.050104885462097126e+00 1.046862533316256227e+00
6.952119388999504963e+02 1.059268489669495494e+00 1.047117821978811758e+00
6.952120346413720426e+02 1.045767041470883729e+00 1.047375399942082952e+00
6.952121303827935890e+02 1.018593700148523906e+00 1.047635194888787868e+00
6.952122261242151353e+02 1.047019334997923323e+00 1.047897136391348738e+00
6.952123218656366817e+02 1.038975620471994210e+00 1.048161155865191985e+00
6.952124176070583417e+02 1.019444458575830215e+00 1.048427186523109844e+00
6.952125133484798880e+02 1.078557689262324759e+00 1.048695163329069979e+00
6.952126090899014343e+02 1.050220583938821006e+00 1.048965022956204640e+00
6.952127048313229807e+02 1.050520619782175702e+00 1.049236703742645327e+00
6.952128005727445270e+02 1.046161823399202273e+00 1.049510145649918735e+00
6.952128963141661870e+02 1.067574632850520233e+00 1.049785290222328138e+00
6.952129920555877334e+02 1.055535772127352390e+00 1.050062080545652421e+00
6.952130877970092797e+02 1.042422956604511564e+00 1.050340461210053755e+00
6.952131835384308260e+02 1.049238212161796469e+00 1.050620378270640476e+00
6.952132792798523724e+02 1.043225973708934884e+00 1.050901779210567932e+00
6.952133750212739187e+02 1.043281289201147377e+00 1.051184612904702886e+00
6.952134707626955787e+02 1.056080819320887265e+00 1.051468829584497167e+00
6.952135665041171251e+02 1.061448203045495697e+00 1.051754380802025990e+00
6.952136622455386714e+02 1.050207947039420997e+00 1.052041219398246685e+00
6.952137579869602177e+02 1.068625930013531455e+00 1.052329299468700352e+00
6.952138537283817641e+02 1.051357865940220515e+00 1.052618576331706413e+00
6.952139494698034241e+02 1.031688028558420234e+00 1.052909006497356526e+00
6.952140452112249704e+02 1.052525544390304990e+00 1.053200547635552597e+00
6.952141409526465168e+02 1.056237561563726945e+00 1.053493158548251651e+00
6.952142366940680631e+02 1.051724047523833194e+00 1.053786799139003527e+00
6.952143324354896095e+02 1.049570478939161999e+00 1.054081430384934626e+00
6.952144281769112695e+02 1.054030691541376408e+00 1.054377014309446414e+00
6.952145239183328158e+02 1.061155160936788411e+00 1.054673513953853448e+00
6.952146196597543621e+02 1.038301564007625188e+00 1.054970893353202710e+00
6.952147154011759085e+02 1.055312895067490153e+00 1.055269117509251675e+00
6.952148111425974548e+02 1.068796329126521449e+00 1.055568152365844448e+00
6.952149068840191148e+02 1.061318065326211091e+00 1.055867964784923396e+00
6.952150026254406612e+02 1.049828221277957718e+00 1.056168522521381936e+00
6.952150983668622075e+02 1.073159444045768129e+00 1.056469794202073098e+00
6.952151941082837538e+02 1.061237236526135774e+00 1.056771749301855357e+00
6.952152898497053002e+02 1.068796922665101734e+00 1.057074358121987689e+00
6.952153855911269602e+02 1.054424802733451516e+00 1.057377591769088632e+00
6.952154813325485065e+02 1.074980806818646606e+00 1.057681422132846771e+00
6.952155770739700529e+02 1.061731719265451623e+00 1.057985821867863274e+00
6.952156728153915992e+02 1.037525366836532292e+00 1.058290764372414205e+00
6.952157685568131456e+02 1.061269691397177306e+00 1.058596223769526778e+00
6.952158642982348056e+02 1.070971494423958337e+00 1.058902174888548764e+00
6.952159600396563519e+02 1.063026089020746801e+00 1.059208593245388963e+00
6.952160557810778982e+02 1.059557726400194078e+00 1.059515455026863284e+00
6.952161515224994446e+02 1.057047666374049344e+00 1.059822737071864696e+00
6.952162472639209909e+02 1.064101479879493217e+00 1.060130416854803359e+00
6.952163430053426509e+02 1.051900062020770132e+00 1.060438472469482640e+00
6.952164387467641973e+02 1.072222631546563498e+00 1.060746882611575792e+00
6.952165344881857436e+02 1.072197016924961499e+00 1.061055626565174048e+00
6.952166302296072899e+02 1.039475259026732656e+00 1.061364684186083762e+00
6.952167259710288363e+02 1.069175757152017070e+00 1.061674035887349099e+00
6.952168217124504963e+02 1.061526260263755184e+00 1.061983662625157532e+00
6.952169174538720426e+02 1.068650729576519520e+00 1.062293545883287615e+00
6.952170131952935890e+02 1.049313480418945232e+00 1.062603667661593310e+00
6.952171089367151353e+02 1.059397792781217484e+00 1.062914010461174952e+00
6.952172046781366817e+02 1.051927586469376452e+00 1.063224557271728044e+00
6.952173004195583417e+02 1.051162469191018189e+00 1.063535291559239537e+00
6.952173961609798880e+02 1.062783219758899333e+00 1.063846197252162451e+00
6.952174919024014343e+02 1.057251549649742328e+00 1.064157258731604827e+00
6.952175876438229807e+02 1.059363256408533793e+00 1.064468460818140949e+00
6.952176833852445270e+02 1.056170991542164650e+00 1.064779788760771728e+00
6.952177791266661870e+02 1.045005240898779109e+00 1.065091228226184406e+00
6.952178748680877334e+02 1.049809619920405890e+00 1.065402765286448838e+00
6.952179706095092797e+02 1.056751936085200683e+00 1.065714386410696379e+00
6.952180663509308260e+02 1.046331899720032155e+00 1.066026078453375714e+00
6.952181620923523724e+02 1.074334397347846748e+00 1.066337828644621011e+00
6.952182578337739187e+02 1.068025764977110992e+00 1.066649624580513933e+00
6.952183535751955787e+02 1.083158676942185261e+00 1.066961454213968263e+00
6.952184493166171251e+02 1.059035465200990789e+00 1.067273305844007592e+00
6.952185450580386714e+02 1.061544940767905620e+00 1.067585168108990956e+00
6.952186407994602177e+02 1.043486428074681838e+00 1.067897029976364154e+00
6.952187365408817641e+02 1.062189649866565500e+00 1.068208880734493160e+00
6.952188322823034241e+02 1.057354926329012734e+00 1.068520709984721373e+00
6.952189280237249704e+02 1.075437201669180887e+00 1.068832507631785056e+00
6.952190237651465168e+02 1.069508852240961927e+00 1.069144263878149870e+00
6.952191195065680631e+02 1.059793132732156806e+00 1.069455969214842650e+00
6.952192152479896095e+02 1.057413527471460224e+00 1.069767614414338208e+00
6.952193109894112695e+02 1.065368423012732046e+00 1.070079190523638868e+00
6.952194067308328158e+02 1.057697954418875597e+00 1.070390688855691996e+00
6.952195024722543621e+02 1.056760936127410844e+00 1.070702100984692651e+00
6.952195982136759085e+02 1.056385168258796359e+00 1.071013418737865930e+00
6.952196939550974548e+02 1.077606329375468963e+00 1.071324634189272595e+00
6.952197896965191148e+02 1.073297318066289696e+00 1.071635739653785002e+00
6.952198854379406612e+02 1.052660849309009716e+00 1.071946727679381040e+00
6.952199811793622075e+02 1.060387793365030529e+00 1.072257591043292546e+00
6.952200769207837538e+02 1.055822878629746775e+00 1.072568322744618774e+00
6.952201726622053002e+02 1.064094153218972494e+00 1.072878915998936700e+00
6.952202684036269602e+02 1.074682261331954436e+00 1.073189364233060328e+00
6.952203641450485065e+02 1.042356475556233786e+00 1.073499661078103573e+00
6.952204598864700529e+02 1.045715830173530314e+00 1.073809800366368750e+00
