1.518474005000000000e+09 6.952327352649100476e+02 1.125642829719455618e+00 1.140348870719924135e-01 -2.063931222745679361e-01 1.643520859204426407e-02
1.518474122000000000e+09 6.952279468203799979e+02 1.121047136954148593e+00 1.201592205688117448e-01 -2.091902783814783839e-01 1.759073124459521742e-02
1.518474240000000000e+09 6.952236022498999546e+02 1.116971406227416086e+00 1.236844464154297635e-01 -1.970897324999286715e-01 1.556443983500378769e-02
1.518474357000000000e+09 6.952195460943599983e+02 1.115475443734169625e+00 1.216030689789671243e-01 -2.007851859445067555e-01 1.694541552584602137e-02
1.518474474000000000e+09 6.952160254722599575e+02 1.116335758055190919e+00 1.244160781939392113e-01 -2.037846994943471324e-01 1.744948201424030218e-02
1.518474591000000000e+09 6.952130307808399721e+02 1.116053106148089835e+00 1.242607836498648699e-01 -2.018207606797892684e-01 1.734343401249072505e-02
1.518474774000000000e+09 6.952090086894099841e+02 1.058249062751402070e+00 7.874092530736863382e-02 -1.927844984016784946e-01 1.577410799223256596e-02
1.518474891000000000e+09 6.952050066549600160e+02 1.059984466763471023e+00 9.445281381424190659e-02 -1.896149589439604932e-01 1.558025112879313050e-02
1.518475019000000000e+09 6.951992968286999712e+02 1.054432290750758172e+00 1.077590386917630511e-01 -1.806721668062235830e-01 1.514747013080334527e-02
1.518475137000000000e+09 6.951960494697300419e+02 1.079027404027356418e+00 9.177098682186805856e-02 -1.984920901893905687e-01 1.676306768260141591e-02
