1.527804581000000000e+09 2.501802000000000000e+06 7.413194878856677406e+02 3.870154920396010857e+04 -1.293465264011899940e+01
1.527805695000000000e+09 2.501831000000000000e+06 7.413306377517067176e+02 3.956242593626647431e+04 -1.433448693741611812e+01
1.527806823000000000e+09 2.501861000000000000e+06 7.413443540670815537e+02 3.931813808728440199e+04 -1.501612463373573902e+01
1.527807896000000000e+09 2.501881000000000000e+06 7.413537059370428324e+02 3.815292512542846089e+04 -1.281744557711600052e+01
1.527809026000000000e+09 2.501911000000000000e+06 7.413683849278864955e+02 3.915986351816975366e+04 -1.593544200629700036e+01
1.527810097000000000e+09 2.501931000000000000e+06 7.413873173216185251e+02 3.870290141428780043e+04 -1.347555213298299925e+01
1.527811212000000000e+09 2.501960000000000000e+06 7.413928033330236076e+02 3.639180056744275498e+04 -1.570539903256978853e+01
1.527812341000000000e+09 2.501990000000000000e+06 7.413992319155951236e+02 3.470739859797064128e+04 -1.181835181564500026e+01
1.527813421000000000e+09 2.502010000000000000e+06 7.414090752748611521e+02 4.077010486813759053e+04 -1.502213773583799927e+01
1.527814553000000000e+09 2.502040000000000000e+06 7.414164147770804902e+02 3.847669195318670245e+04 -1.402992176019354531e+01
1.527815627000000000e+09 2.502060000000000000e+06 7.414269645107689257e+02 4.050726911941832805e+04 -1.250173462029900051e+01
1.527816744000000000e+09 2.502089000000000000e+06 7.414361095405785136e+02 3.964233549977673829e+04 -1.286634401637600078e+01
1.527817876000000000e+09 2.502119000000000000e+06 7.414436871780570755e+02 3.913143228265394282e+04 -1.237437092967000041e+01
1.527818950000000000e+09 2.502139000000000000e+06 7.414546425019797198e+02 3.890491730884215212e+04 -1.620288642961461889e+01
1.527820079000000000e+09 2.502169000000000000e+06 7.414650242940701901e+02 4.045206137538161420e+04 -1.325590303770800027e+01
1.527821152000000000e+09 2.502189000000000000e+06 7.414730367932257877e+02 3.947560603793365590e+04 -1.233698704542100089e+01
1.527822268000000000e+09 2.502218000000000000e+06 7.414831927277607519e+02 3.669631352590518509e+04 -1.382765405830617489e+01
1.527823397000000000e+09 2.502248000000000000e+06 7.414933952271868520e+02 3.644079346886624262e+04 -1.282037580602199967e+01
1.527824473000000000e+09 2.502268000000000000e+06 7.415028334559164023e+02 3.727461090772058378e+04 -1.445755254341299967e+01
1.527825602000000000e+09 2.502298000000000000e+06 7.415134506491705224e+02 3.781920235087650508e+04 -1.345708313476600004e+01
1.527826675000000000e+09 2.502318000000000000e+06 7.415235067711113288e+02 3.858950445072467119e+04 -1.196556940182099993e+01
1.527827791000000000e+09 2.502347000000000000e+06 7.415328514332787790e+02 3.821445595334429527e+04 -1.172605186171199954e+01
1.527828921000000000e+09 2.502377000000000000e+06 7.415425962339039643e+02 3.949009736510184302e+04 -1.620012901670400041e+01
1.527829994000000000e+09 2.502397000000000000e+06 7.415520871821714763e+02 3.938210192522349826e+04 -1.331038233745676891e+01
1.527831125000000000e+09 2.502427000000000000e+06 7.415614796145980563e+02 3.919987785840304423e+04 -1.285737726649099955e+01
1.527832197000000000e+09 2.502447000000000000e+06 7.415687028412762629e+02 4.245609242493649799e+04 -1.210258620801563723e+01
1.527833312000000000e+09 2.502476000000000000e+06 7.415773130267297120e+02 3.817242199551833619e+04 -1.283980276142900045e+01
1.527834440000000000e+09 2.502506000000000000e+06 7.415886910477546508e+02 3.994271505028779939e+04 -1.241051543581222738e+01
1.527835514000000000e+09 2.502526000000000000e+06 7.415957210171686711e+02 4.049194502825586096e+04 -1.412678942001699944e+01
1.527836642000000000e+09 2.502556000000000000e+06 7.416042445035685660e+02 3.968119966306113201e+04 -1.430839964794189001e+01
1.527837719000000000e+09 2.502576000000000000e+06 7.416130894396981148e+02 3.811538591036615253e+04 -1.491489493656800036e+01
1.527838834000000000e+09 2.502605000000000000e+06 7.416206594541146160e+02 3.771605303577477025e+04 -1.390584197136485045e+01
1.527839969000000000e+09 2.502635000000000000e+06 7.416330012902870976e+02 4.054521263511203142e+04 -1.371678896456499963e+01
1.527841042000000000e+09 2.502655000000000000e+06 7.416426938774927748e+02 3.924197170879429177e+04 -1.415238355990968344e+01
1.527842172000000000e+09 2.502685000000000000e+06 7.416502648430058571e+02 3.948114947206195211e+04 -1.526280447007790286e+01
1.527843245000000000e+09 2.502705000000000000e+06 7.416598225363834445e+02 3.801676082034610590e+04 -1.203520294480478370e+01
1.527844360000000000e+09 2.502734000000000000e+06 7.416726810609325184e+02 3.955070110996429867e+04 -1.212619901354099916e+01
1.527845492000000000e+09 2.502764000000000000e+06 7.416806755154885877e+02 3.788383384198924614e+04 -1.365451479877200036e+01
1.527846569000000000e+09 2.502784000000000000e+06 7.416892339042791491e+02 3.711059759674905217e+04 -1.303930166570780713e+01
1.527847697000000000e+09 2.502814000000000000e+06 7.416991157873757174e+02 3.814843304959971283e+04 -1.264501879773400006e+01
1.527848769000000000e+09 2.502834000000000000e+06 7.417090196589965672e+02 3.817953149640079937e+04 -1.267762958139699947e+01
1.527849883000000000e+09 2.502863000000000000e+06 7.417180906107312239e+02 3.948214783756124234e+04 -1.350076760097200079e+01
1.527851018000000000e+09 2.502893000000000000e+06 7.417305695765793416e+02 4.012226550067681092e+04 -1.310749733153346064e+01
1.527852091000000000e+09 2.502913000000000000e+06 7.417419436432099928e+02 3.878603193058078614e+04 -1.364720147012516627e+01
1.527853223000000000e+09 2.502943000000000000e+06 7.417509358470546204e+02 3.759748304472389282e+04 -1.311110551815500003e+01
1.527854296000000000e+09 2.502963000000000000e+06 7.417610515092023888e+02 4.000572294975586556e+04 -1.379487189587699980e+01
1.527855411000000000e+09 2.502992000000000000e+06 7.417696130388658275e+02 3.823460116806942824e+04 -1.356797052778400037e+01
1.527856541000000000e+09 2.503022000000000000e+06 7.417792244876854966e+02 3.747739232866849488e+04 -1.361850267577700002e+01
1.527857621000000000e+09 2.503042000000000000e+06 7.417870141220461164e+02 3.932194240505675407e+04 -1.249416233396404863e+01
1.527858750000000000e+09 2.503072000000000000e+06 7.417973915821786477e+02 3.722629548594074731e+04 -1.314308771540700072e+01
1.527859824000000000e+09 2.503092000000000000e+06 7.418065472601410875e+02 4.019632404071347992e+04 -1.428973363136899977e+01
1.527860937000000000e+09 2.503121000000000000e+06 7.418160567183839476e+02 3.690965528542600077e+04 -1.397512497753611704e+01
1.527862066000000000e+09 2.503151000000000000e+06 7.418270482632719904e+02 3.649939195405528153e+04 -1.326269665412899990e+01
1.527863138000000000e+09 2.503171000000000000e+06 7.418362560529748180e+02 3.849499622360496869e+04 -1.275728691057599917e+01
1.527864266000000000e+09 2.503201000000000000e+06 7.418462614067133245e+02 4.051734115313273651e+04 -1.409185569907000080e+01
1.527865338000000000e+09 2.503221000000000000e+06 7.418600944985195156e+02 3.785144723365279788e+04 -1.273389355838125425e+01
1.527866453000000000e+09 2.503250000000000000e+06 7.418676732596459260e+02 4.035874986281938618e+04 -1.446768801465699994e+01
1.527867581000000000e+09 2.503280000000000000e+06 7.418775655117068482e+02 3.805613832116297272e+04 -1.279239665393152947e+01
1.527868654000000000e+09 2.503300000000000000e+06 7.418877330742601544e+02 3.848867896858102904e+04 -1.511166415451499923e+01
1.527869781000000000e+09 2.503330000000000000e+06 7.418977136437684976e+02 3.857293932409104309e+04 -1.333604867730418775e+01
1.527870858000000000e+09 2.503350000000000000e+06 7.419106189405865734e+02 3.868362243454460986e+04 -1.429525699601015809e+01
1.527871972000000000e+09 2.503379000000000000e+06 7.419188510072880263e+02 3.982253568826585979e+04 -1.391441683483924763e+01
1.527873102000000000e+09 2.503409000000000000e+06 7.419293539540792608e+02 3.687949518245783111e+04 -1.372715308711400084e+01
1.527874172000000000e+09 2.503429000000000000e+06 7.419380468501067298e+02 3.937176809178674739e+04 -1.254312651620969632e+01
1.527875300000000000e+09 2.503459000000000000e+06 7.419490917309797169e+02 3.770063132542942913e+04 -1.293710233682399924e+01
1.527876376000000000e+09 2.503479000000000000e+06 7.419607641043089643e+02 4.066864245384850074e+04 -1.411814534212500050e+01
1.527877492000000000e+09 2.503508000000000000e+06 7.419679456489723179e+02 4.074023220469949592e+04 -1.506732874799300070e+01
1.527878620000000000e+09 2.503538000000000000e+06 7.419784773992861346e+02 3.799279170854819677e+04 -1.276243329731600085e+01
1.527879691000000000e+09 2.503558000000000000e+06 7.419926500083039400e+02 3.917741887176931050e+04 -1.338850341274988764e+01
1.527880822000000000e+09 2.503588000000000000e+06 7.420007866808452945e+02 3.782371734497418947e+04 -1.212837587034315945e+01
1.527881898000000000e+09 2.503608000000000000e+06 7.420106932522993475e+02 3.791543084318297770e+04 -1.365541107198199988e+01
1.527883013000000000e+09 2.503637000000000000e+06 7.420225875913146183e+02 3.993958101059695764e+04 -1.582990835701470189e+01
1.527884141000000000e+09 2.503667000000000000e+06 7.420331307407908525e+02 3.831870137612905091e+04 -1.387487325635187929e+01
1.527885218000000000e+09 2.503687000000000000e+06 7.420428742308678238e+02 3.992975324887556781e+04 -1.509776124020464927e+01
1.527886349000000000e+09 2.503717000000000000e+06 7.420517072561297027e+02 3.649487646490087354e+04 -1.240070899036700069e+01
1.527887420000000000e+09 2.503737000000000000e+06 7.420609438803924149e+02 3.793995402135823679e+04 -1.257480002904400074e+01
1.527888536000000000e+09 2.503766000000000000e+06 7.420717404243843021e+02 4.040230625378787227e+04 -1.345088885642599941e+01
1.527889671000000000e+09 2.503796000000000000e+06 7.420823520017900137e+02 3.894350775366443122e+04 -1.183198983239999968e+01
1.527890744000000000e+09 2.503816000000000000e+06 7.421103469318768475e+02 4.000331769574940699e+04 -1.515428307691068532e+01
1.527891873000000000e+09 2.503846000000000000e+06 7.421116539116960666e+02 4.146612024595153343e+04 -1.390081498382000014e+01
1.527892946000000000e+09 2.503866000000000000e+06 7.421162879048928289e+02 3.834656452841808641e+04 -1.262638846340301058e+01
1.527894060000000000e+09 2.503895000000000000e+06 7.421198589474654455e+02 4.085096302603564982e+04 -1.464282856341599981e+01
1.527895186000000000e+09 2.503925000000000000e+06 7.421284281834565490e+02 3.950841100714336790e+04 -1.548444194104600058e+01
1.527896258000000000e+09 2.503945000000000000e+06 7.421394095093463648e+02 4.024760619977091119e+04 -1.724064419639000079e+01
1.527897385000000000e+09 2.503975000000000000e+06 7.421476784777853482e+02 3.998295087530319870e+04 -1.392966842651999926e+01
1.527898457000000000e+09 2.503995000000000000e+06 7.421571600990554316e+02 4.043579987370532035e+04 -1.543581546840279550e+01
1.527899572000000000e+09 2.504024000000000000e+06 7.421706009572627636e+02 4.059435640351580514e+04 -1.342344410308028912e+01
1.527900701000000000e+09 2.504054000000000000e+06 7.421802081313151120e+02 4.024173388873213844e+04 -1.393787533348199936e+01
1.527901774000000000e+09 2.504074000000000000e+06 7.421909557422941361e+02 3.774159531658705237e+04 -1.401842403900692346e+01
1.527902903000000000e+09 2.504104000000000000e+06 7.422050223359369738e+02 3.845161044910781493e+04 -1.369968174171300035e+01
1.527903976000000000e+09 2.504124000000000000e+06 7.422148613513172677e+02 4.012300749671727681e+04 -1.373268553868200037e+01
1.527905093000000000e+09 2.504153000000000000e+06 7.422241983001720200e+02 3.951905179266451887e+04 -1.479340726154699937e+01
1.527906220000000000e+09 2.504183000000000000e+06 7.422331856486862307e+02 4.015511645902297460e+04 -1.414075536118265397e+01
1.527907293000000000e+09 2.504203000000000000e+06 7.422450518231732985e+02 3.893424214595497324e+04 -1.247400477801212304e+01
1.527908421000000000e+09 2.504233000000000000e+06 7.422529368691911031e+02 3.959351305214702006e+04 -1.425711512101598011e+01
1.527909500000000000e+09 2.504253000000000000e+06 7.422633218813339226e+02 3.971557893311317457e+04 -1.324322896154300011e+01
1.527910615000000000e+09 2.504282000000000000e+06 7.422732819684893002e+02 3.917860826099794940e+04 -1.399084454201499916e+01
1.527911747000000000e+09 2.504312000000000000e+06 7.422825607396216583e+02 3.800427117112250562e+04 -1.283782515844499983e+01
1.527912821000000000e+09 2.504332000000000000e+06 7.422934624109157085e+02 3.941901642333019845e+04 -1.288608468212241220e+01
1.527913955000000000e+09 2.504362000000000000e+06 7.423033682308010839e+02 3.995408069623255142e+04 -1.640328964584818650e+01
1.527915032000000000e+09 2.504382000000000000e+06 7.423126204519921885e+02 3.914753795431995968e+04 -1.385186934973100037e+01
1.527916147000000000e+09 2.504411000000000000e+06 7.423242744747973347e+02 3.879134680247848883e+04 -1.221099615528200033e+01
1.527917280000000000e+09 2.504441000000000000e+06 7.423354800087579406e+02 4.029286351209898567e+04 -1.261468861896100080e+01
1.527918353000000000e+09 2.504461000000000000e+06 7.423455315658828795e+02 3.787789851212468056e+04 -1.392338059441400056e+01
1.527919482000000000e+09 2.504491000000000000e+06 7.423570669917385203e+02 3.826861294691146759e+04 -1.234416237905199942e+01
1.527920563000000000e+09 2.504511000000000000e+06 7.423688839493480600e+02 3.895552621572748467e+04 -1.297147527250199950e+01
1.527921679000000000e+09 2.504540000000000000e+06 7.423767850657267218e+02 3.935362030437566136e+04 -1.470898995083000038e+01
1.527922809000000000e+09 2.504570000000000000e+06 7.423882264270212090e+02 3.979949403282917046e+04 -1.375951740982499949e+01
1.527923881000000000e+09 2.504590000000000000e+06 7.423993365358305709e+02 4.027447258460404555e+04 -1.301749645310500014e+01
1.527925010000000000e+09 2.504620000000000000e+06 7.424089500434810134e+02 3.893511857734079967e+04 -1.434457321034300037e+01
1.527926082000000000e+09 2.504640000000000000e+06 7.424170130073412111e+02 4.034963917892881727e+04 -1.302523909490900067e+01
1.527927198000000000e+09 2.504669000000000000e+06 7.424291441999456538e+02 3.857492557951370691e+04 -1.497516580165300049e+01
1.527928324000000000e+09 2.504699000000000000e+06 7.424516359409499273e+02 4.082580200376557332e+04 -1.330937712508802662e+01
1.527929397000000000e+09 2.504719000000000000e+06 7.424587447775380724e+02 3.911542167520755902e+04 -1.319264704499379981e+01
1.527930525000000000e+09 2.504749000000000000e+06 7.424654414357041787e+02 3.838082472937385319e+04 -1.340887967565991090e+01
1.527931601000000000e+09 2.504769000000000000e+06 7.424739226366600633e+02 3.777494211866769183e+04 -1.267785482778299944e+01
1.527932716000000000e+09 2.504798000000000000e+06 7.424859742147381212e+02 3.905454267261594214e+04 -1.454293305916441525e+01
1.527933845000000000e+09 2.504828000000000000e+06 7.424953766077871933e+02 3.878136118209121923e+04 -1.349385471583148544e+01
1.527934919000000000e+09 2.504848000000000000e+06 7.425066501707379985e+02 3.846590245738568046e+04 -1.319061381580099912e+01
1.527936050000000000e+09 2.504878000000000000e+06 7.425174891828660293e+02 3.934451208373269037e+04 -1.318877182641899992e+01
1.527937126000000000e+09 2.504898000000000000e+06 7.425281301652056527e+02 4.071377553565360722e+04 -1.349990578524969642e+01
1.527938241000000000e+09 2.504927000000000000e+06 7.425379551800029958e+02 3.699359966980453464e+04 -1.270370968345351770e+01
1.527939372000000000e+09 2.504957000000000000e+06 7.425494728519086038e+02 3.857359605316739908e+04 -1.492838261559599999e+01
1.527940444000000000e+09 2.504977000000000000e+06 7.425583749231624324e+02 4.020525868547669234e+04 -1.294194464308800008e+01
1.527941576000000000e+09 2.505007000000000000e+06 7.425688592483372759e+02 4.042038903515980201e+04 -1.577185860194907363e+01
1.527942652000000000e+09 2.505027000000000000e+06 7.425803149315830751e+02 4.025821708349332766e+04 -1.360908856750399920e+01
1.527943768000000000e+09 2.505056000000000000e+06 7.425899414817521347e+02 3.935668613463942893e+04 -1.301361345800700065e+01
1.527944898000000000e+09 2.505086000000000000e+06 7.425996616979767850e+02 3.945825482940067741e+04 -1.371972553020799879e+01
1.527945970000000000e+09 2.505106000000000000e+06 7.426068327683815369e+02 3.886810153290069138e+04 -1.384035613377700003e+01
1.527947097000000000e+09 2.505136000000000000e+06 7.426164892994670481e+02 3.814631130446981842e+04 -1.467400012780099949e+01
1.527948171000000000e+09 2.505156000000000000e+06 7.426259676924840960e+02 3.747460472890682286e+04 -1.394179308791200000e+01
1.527949287000000000e+09 2.505185000000000000e+06 7.426363956165797617e+02 4.213288123553807236e+04 -1.238963517147399962e+01
1.527950420000000000e+09 2.505215000000000000e+06 7.426577946896190952e+02 3.971790656080935150e+04 -1.240071904263800029e+01
1.527951502000000000e+09 2.505235000000000000e+06 7.426764155526554987e+02 3.987372025748909073e+04 -1.446200917276500064e+01
1.527952632000000000e+09 2.505265000000000000e+06 7.426981452548762945e+02 4.035160485109059664e+04 -1.439089837557800067e+01
1.527953706000000000e+09 2.505285000000000000e+06 7.427192628361510742e+02 3.975185474661595799e+04 -1.342669175962399919e+01
1.527954822000000000e+09 2.505314000000000000e+06 7.427364704251118610e+02 3.949856354128561361e+04 -1.451008664159600059e+01
1.527955951000000000e+09 2.505344000000000000e+06 7.427570800642563427e+02 4.087368721597178956e+04 -1.315659020138600077e+01
1.527957024000000000e+09 2.505364000000000000e+06 7.427771113838055044e+02 4.120531582474889001e+04 -1.286197776236300072e+01
1.527958154000000000e+09 2.505394000000000000e+06 7.427944392926358432e+02 3.993810788593116740e+04 -1.393485204995399940e+01
1.527959226000000000e+09 2.505414000000000000e+06 7.428140546230446262e+02 3.947795864871027879e+04 -1.199216990519600046e+01
1.527960341000000000e+09 2.505443000000000000e+06 7.428332156960977954e+02 3.926714136313753988e+04 -1.373568264192300070e+01
1.527961475000000000e+09 2.505473000000000000e+06 7.428514538705813948e+02 4.066260867643705569e+04 -1.273524217137000036e+01
1.527962547000000000e+09 2.505493000000000000e+06 7.428748055418033118e+02 3.979035309292687452e+04 -1.355527093916400005e+01
1.527963675000000000e+09 2.505523000000000000e+06 7.428926296356195280e+02 3.942000355694728933e+04 -1.364792571117100017e+01
1.527964751000000000e+09 2.505543000000000000e+06 7.429110972267404804e+02 4.033072457577788737e+04 -1.253053924410235709e+01
1.527965866000000000e+09 2.505572000000000000e+06 7.429302598070246404e+02 3.753489102443626325e+04 -1.477512387897379043e+01
1.527967000000000000e+09 2.505602000000000000e+06 7.429494389867568316e+02 3.686233981405516533e+04 -1.353131294274700025e+01
1.527968074000000000e+09 2.505622000000000000e+06 7.429665567375649289e+02 3.857214324068044516e+04 -1.525960763969800027e+01
1.527969203000000000e+09 2.505652000000000000e+06 7.429856094367444257e+02 3.816654453432754963e+04 -1.468801185184799962e+01
1.527970276000000000e+09 2.505672000000000000e+06 7.430027379838443267e+02 4.019005333432341286e+04 -1.306805626848199964e+01
1.527971391000000000e+09 2.505701000000000000e+06 7.430243926563564401e+02 3.890911194574919500e+04 -1.404810420257896197e+01
1.527972520000000000e+09 2.505731000000000000e+06 7.430423301647410881e+02 3.824179915209530736e+04 -1.328724810916500054e+01
1.527973593000000000e+09 2.505751000000000000e+06 7.430616476185728061e+02 4.099242726459047844e+04 -1.496712764126700002e+01
1.527974721000000000e+09 2.505781000000000000e+06 7.430823727172706867e+02 4.018270790461597062e+04 -1.355895626907400064e+01
1.527975796000000000e+09 2.505801000000000000e+06 7.430999706957273929e+02 4.124513274772410659e+04 -1.308588034684199997e+01
1.527976912000000000e+09 2.505830000000000000e+06 7.431203095271878283e+02 3.903707096176395135e+04 -1.304984165457999978e+01
1.527978044000000000e+09 2.505860000000000000e+06 7.431404057604465834e+02 4.090023210470949562e+04 -1.232659743461699975e+01
1.527979122000000000e+09 2.505880000000000000e+06 7.431589555153346964e+02 4.007404035800935526e+04 -1.388777675621900087e+01
1.527980257000000000e+09 2.505910000000000000e+06 7.431753080101906335e+02 4.059634577735514904e+04 -1.274916873083398983e+01
1.527981330000000000e+09 2.505930000000000000e+06 7.431975255469534432e+02 3.826557085099384858e+04 -1.406293373656199996e+01
1.527982446000000000e+09 2.505959000000000000e+06 7.432154663866110695e+02 4.055623651777194027e+04 -1.352528363875000039e+01
1.527983578000000000e+09 2.505989000000000000e+06 7.432371904711109210e+02 3.898351448195143166e+04 -1.409050289758367569e+01
1.527984652000000000e+09 2.506009000000000000e+06 7.432550507903019934e+02 4.028516676791766076e+04 -1.280100370601599913e+01
1.527985782000000000e+09 2.506039000000000000e+06 7.432724462175672215e+02 3.919662018160142907e+04 -1.572538678848300009e+01
1.527986861000000000e+09 2.506059000000000000e+06 7.432932543417027773e+02 4.122658271043028071e+04 -1.477318894092499946e+01
1.527987977000000000e+09 2.506088000000000000e+06 7.433102254076495683e+02 4.184057236108295911e+04 -1.362050000292800078e+01
1.527989112000000000e+09 2.506118000000000000e+06 7.433287789095079461e+02 4.189622465839712822e+04 -1.334046760666320530e+01
1.527990189000000000e+09 2.506138000000000000e+06 7.433489921254348474e+02 4.143308253897012037e+04 -1.303187673996399987e+01
1.527991318000000000e+09 2.506168000000000000e+06 7.433677584357368460e+02 4.385515231703692552e+04 -1.433312653259799951e+01
1.527992391000000000e+09 2.506188000000000000e+06 7.433880349549699531e+02 4.152368379562281189e+04 -1.403722361466000024e+01
1.527993507000000000e+09 2.506217000000000000e+06 7.434102387818059015e+02 4.107953179821654339e+04 -1.328644168397548775e+01
1.527994637000000000e+09 2.506247000000000000e+06 7.434271003120421710e+02 4.060391843255631102e+04 -1.321118870590043848e+01
1.527995711000000000e+09 2.506267000000000000e+06 7.434463044812803219e+02 4.130929598355176859e+04 -1.335979811545499985e+01
1.527996841000000000e+09 2.506297000000000000e+06 7.434635974983817732e+02 4.175714651668455190e+04 -1.364020716956659207e+01
1.527997915000000000e+09 2.506317000000000000e+06 7.434821145140540466e+02 4.217118532647211396e+04 -1.456396649992599990e+01
1.527999029000000000e+09 2.506346000000000000e+06 7.435017445962572538e+02 4.180611038868076139e+04 -1.301669799754002099e+01
1.528000156000000000e+09 2.506376000000000000e+06 7.435189224870434828e+02 4.062348082865091419e+04 -1.441611770982383867e+01
1.528001229000000000e+09 2.506396000000000000e+06 7.435368170765622153e+02 4.068127487994559488e+04 -1.314612640542100053e+01
1.528002361000000000e+09 2.506426000000000000e+06 7.435598119920152840e+02 4.216850336228820379e+04 -1.178517197517500037e+01
1.528003432000000000e+09 2.506446000000000000e+06 7.435754844817769253e+02 4.283489867126657191e+04 -1.243295023554899359e+01
1.528004547000000000e+09 2.506475000000000000e+06 7.435950088719869200e+02 4.339755796027147153e+04 -1.226253253869972148e+01
1.528005680000000000e+09 2.506505000000000000e+06 7.436145113393215524e+02 4.084593521359252190e+04 -1.582965898803299964e+01
1.528006752000000000e+09 2.506525000000000000e+06 7.436304052392823678e+02 4.282621104447953257e+04 -1.478052941258773600e+01
1.528007888000000000e+09 2.506555000000000000e+06 7.436490952346987342e+02 4.300596244253656914e+04 -1.274469786751999933e+01
1.528008966000000000e+09 2.506575000000000000e+06 7.436679428932161500e+02 4.354739540165626386e+04 -1.422171099834100083e+01
1.528010080000000000e+09 2.506604000000000000e+06 7.436838785615826737e+02 3.981500683487466449e+04 -1.348014940950579366e+01
1.528011210000000000e+09 2.506634000000000000e+06 7.437047522666437089e+02 4.450858237903076952e+04 -1.333011845119646743e+01
1.528012284000000000e+09 2.506654000000000000e+06 7.437226975810790464e+02 4.197702562830573879e+04 -1.730713865949200070e+01
1.528013411000000000e+09 2.506684000000000000e+06 7.437415123234676457e+02 4.285081946143522509e+04 -1.706346881427278817e+01
1.528014485000000000e+09 2.506704000000000000e+06 7.437594820284112984e+02 4.209038718411545415e+04 -1.481926321913299915e+01
1.528015601000000000e+09 2.506733000000000000e+06 7.437747524414462532e+02 4.367756074157496914e+04 -1.327138364386872382e+01
1.528016912000000000e+09 2.506763000000000000e+06 7.437926703621754996e+02 4.391328677189809241e+04 -1.243052645430899972e+01
1.528018247000000000e+09 2.506783000000000000e+06 7.438099699201983412e+02 4.260847864754057809e+04 -1.253510397511442243e+01
1.528019796000000000e+09 2.506813000000000000e+06 7.438288865205214506e+02 4.556001659689554799e+04 -1.322127749953000020e+01
1.528021146000000000e+09 2.506833000000000000e+06 7.438464135354884093e+02 4.684920462222657079e+04 -1.244648488316100021e+01
1.528022657000000000e+09 2.506862000000000000e+06 7.438631334384583624e+02 4.200104076705626358e+04 -1.168866452288900071e+01
1.528024142000000000e+09 2.506892000000000000e+06 7.438809300912337221e+02 4.403706051550326811e+04 -1.233400794022800007e+01
1.528025484000000000e+09 2.506912000000000000e+06 7.438972561393254637e+02 4.603939715436235565e+04 -1.231342578793999998e+01
1.528027006000000000e+09 2.506942000000000000e+06 7.439140615065151678e+02 4.513620641626800352e+04 -1.307292152483332437e+01
1.528028329000000000e+09 2.506962000000000000e+06 7.439299404953676458e+02 4.584401434471733955e+04 -1.402966807431599960e+01
1.528029863000000000e+09 2.506991000000000000e+06 7.439471724145183771e+02 4.663890408273949288e+04 -1.401259674452700033e+01
1.528031433000000000e+09 2.507021000000000000e+06 7.439628694889453300e+02 4.469627444961861329e+04 -1.383481090693699933e+01
1.528032762000000000e+09 2.507041000000000000e+06 7.439786861049840354e+02 4.930852564991521649e+04 -1.168364721476944013e+01
1.528034287000000000e+09 2.507071000000000000e+06 7.439946918499638286e+02 4.515612997668867320e+04 -1.291482864985359669e+01
1.528035681000000000e+09 2.507091000000000000e+06 7.440096497648088416e+02 4.698463006870036043e+04 -1.310108223915299952e+01
1.528037263000000000e+09 2.507120000000000000e+06 7.440220655394047071e+02 4.494110609381950053e+04 -1.300307357008347253e+01
1.528038936000000000e+09 2.507150000000000000e+06 7.440386238334734799e+02 4.722904195055636228e+04 -1.313197011441899953e+01
1.528040038000000000e+09 2.507170000000000000e+06 7.440516523126343600e+02 4.998100516717747814e+04 -1.165145077870370471e+01
1.528041168000000000e+09 2.507200000000000000e+06 7.440676604308983997e+02 4.733833026144468022e+04 -1.571098956293899995e+01
1.528042239000000000e+09 2.507220000000000000e+06 7.440834844482322978e+02 5.079022246675861970e+04 -1.252231872429721093e+01
1.528043356000000000e+09 2.507249000000000000e+06 7.440971530928666198e+02 4.950414761244686088e+04 -1.281776034988200053e+01
1.528044486000000000e+09 2.507279000000000000e+06 7.441108023793624398e+02 5.321603592458334606e+04 -1.146123920901900028e+01
1.528045559000000000e+09 2.507299000000000000e+06 7.441246418516998347e+02 5.090767940340378118e+04 -1.248687755209000017e+01
1.528046687000000000e+09 2.507329000000000000e+06 7.441339052358104027e+02 5.035294707168190507e+04 -1.227828704006799931e+01
1.528047761000000000e+09 2.507349000000000000e+06 7.441476503356275316e+02 5.188676722794309899e+04 -1.125552746061000065e+01
1.528048875000000000e+09 2.507378000000000000e+06 7.441584834440778877e+02 5.276963376533392147e+04 -1.192030032801785211e+01
1.528050005000000000e+09 2.507408000000000000e+06 7.441696073974670753e+02 5.232405258439620957e+04 -1.257699639610400055e+01
1.528051078000000000e+09 2.507428000000000000e+06 7.441813307654429082e+02 5.357706146376047400e+04 -1.193318700348200068e+01
1.528052208000000000e+09 2.507458000000000000e+06 7.441906327560873251e+02 5.321155304499185877e+04 -1.186489798973000021e+01
1.528053281000000000e+09 2.507478000000000000e+06 7.442016190471993013e+02 5.578799349591569626e+04 -1.148266192024144061e+01
1.528054397000000000e+09 2.507507000000000000e+06 7.442112210351397152e+02 5.912291899245423701e+04 -1.256782638796500073e+01
1.528055525000000000e+09 2.507537000000000000e+06 7.442175792508820678e+02 5.690209697952128772e+04 -1.123071722123100002e+01
1.528056596000000000e+09 2.507557000000000000e+06 7.442257499125031472e+02 5.667483809520615614e+04 -1.058165637901299938e+01
1.528057725000000000e+09 2.507587000000000000e+06 7.442339082378044850e+02 5.797076736144094320e+04 -1.032874863330500048e+01
1.528058797000000000e+09 2.507607000000000000e+06 7.442448208557484577e+02 5.787888455250021798e+04 -1.244642527138100085e+01
1.528059913000000000e+09 2.507636000000000000e+06 7.442536233508396890e+02 5.994915801103255944e+04 -1.049376465496784405e+01
1.528061042000000000e+09 2.507666000000000000e+06 7.442622453362549777e+02 5.823749527291504637e+04 -1.031994746311399958e+01
1.528062115000000000e+09 2.507686000000000000e+06 7.442715682939164026e+02 6.260595510083222325e+04 -1.077107514091597906e+01
1.528063244000000000e+09 2.507716000000000000e+06 7.442807159282218663e+02 6.651438542313411017e+04 -9.948867349470500443e+00
1.528064319000000000e+09 2.507736000000000000e+06 7.442884532227984664e+02 6.130741153963095712e+04 -1.034496521626799925e+01
1.528065433000000000e+09 2.507765000000000000e+06 7.442952275885987774e+02 7.067263095482278732e+04 -9.843074666016100593e+00
1.528066562000000000e+09 2.507795000000000000e+06 7.443022116109892750e+02 6.845660897556233977e+04 -9.620992698929699216e+00
1.528067637000000000e+09 2.507815000000000000e+06 7.443081883695003853e+02 7.192808693390176632e+04 -1.130200137527874560e+01
1.528068770000000000e+09 2.507845000000000000e+06 7.443143453834414913e+02 6.858003980559017509e+04 -9.937369411656399976e+00
1.528069841000000000e+09 2.507865000000000000e+06 7.443206691543925899e+02 7.187341829639312346e+04 -1.027607483083747297e+01
1.528070956000000000e+09 2.507894000000000000e+06 7.443266759786425837e+02 7.585869780218388769e+04 -1.037183556500399995e+01
1.528072084000000000e+09 2.507924000000000000e+06 7.443333076695890895e+02 7.102114062399482646e+04 -1.048842584293599955e+01
1.528073156000000000e+09 2.507944000000000000e+06 7.443392215860666283e+02 8.017773927421739791e+04 -1.021328448383957443e+01
1.528074285000000000e+09 2.507974000000000000e+06 7.443448240378139644e+02 8.039462070353336458e+04 -9.649286527802892977e+00
1.528075357000000000e+09 2.507994000000000000e+06 7.443498093845714720e+02 8.438411707594928157e+04 -9.863331949015499589e+00
1.528076472000000000e+09 2.508023000000000000e+06 7.443547725397166914e+02 7.665329906134997145e+04 -9.565232809027477856e+00
1.528077602000000000e+09 2.508053000000000000e+06 7.443590800542250463e+02 8.020808998270596203e+04 -7.548263547723800038e+00
1.528078674000000000e+09 2.508073000000000000e+06 7.443630642825148698e+02 7.973415684665025037e+04 -8.680417238662032631e+00
1.528079802000000000e+09 2.508103000000000000e+06 7.443677357482411026e+02 9.015431824614583456e+04 -9.502102404841700434e+00
1.528080873000000000e+09 2.508123000000000000e+06 7.443715783367413223e+02 9.108456765202269889e+04 -8.604239730165199163e+00
1.528081989000000000e+09 2.508152000000000000e+06 7.443763743126279451e+02 8.585041601997351972e+04 -7.944022890776399670e+00
1.528083117000000000e+09 2.508182000000000000e+06 7.443801911989955897e+02 8.852318272944934142e+04 -8.841792112461799746e+00
1.528084191000000000e+09 2.508202000000000000e+06 7.443835911675436137e+02 8.723241836097340274e+04 -8.519729083442300066e+00
1.528085320000000000e+09 2.508232000000000000e+06 7.443870306015518281e+02 9.936880270242183178e+04 -8.804916880016859793e+00
1.528086393000000000e+09 2.508252000000000000e+06 7.443902988286884010e+02 9.161669977275184647e+04 -7.519277608247964650e+00
1.528087508000000000e+09 2.508281000000000000e+06 7.443936358377497982e+02 8.361574124686600408e+04 -7.874003995881728279e+00
1.528088637000000000e+09 2.508311000000000000e+06 7.443970028828356362e+02 8.206574663963392959e+04 -6.953640609108173720e+00
1.528089709000000000e+09 2.508331000000000000e+06 7.443994329144710491e+02 1.054575628763920686e+05 -8.102232084639336307e+00
1.528090837000000000e+09 2.508361000000000000e+06 7.444027378127359498e+02 9.902605411807693599e+04 -8.294776576061899220e+00
1.528091908000000000e+09 2.508381000000000000e+06 7.444046698408733391e+02 9.243973744743762654e+04 -8.097692793692434776e+00
1.528093024000000000e+09 2.508410000000000000e+06 7.444071305694629928e+02 9.281645339838955260e+04 -7.315290078008877650e+00
1.528094154000000000e+09 2.508440000000000000e+06 7.444096999520218105e+02 9.654001187587164168e+04 -6.817180972078913825e+00
1.528095226000000000e+09 2.508460000000000000e+06 7.444116595164401815e+02 8.740130978386245260e+04 -6.686358408330900005e+00
1.528096354000000000e+09 2.508490000000000000e+06 7.444136768228200935e+02 1.116318828559053218e+05 -6.859354956249600122e+00
1.528097427000000000e+09 2.508510000000000000e+06 7.444151899282611566e+02 1.098963348734865285e+05 -6.192823343624902499e+00
1.528098543000000000e+09 2.508539000000000000e+06 7.444170070763771037e+02 1.126241056338073104e+05 -7.286420287839944443e+00
1.528103147000000000e+09 2.508776000000000000e+06 7.454626365009822848e+02 4.605242930802285991e+04 -1.243192439496940338e+01
1.528104278000000000e+09 2.508806000000000000e+06 7.454768221814827029e+02 4.576523627337646030e+04 -1.275726703946200047e+01
1.528105357000000000e+09 2.508826000000000000e+06 7.454926318391612767e+02 4.372598255622792203e+04 -1.282358663648500041e+01
1.528106490000000000e+09 2.508856000000000000e+06 7.455081212282049137e+02 4.422012967122780537e+04 -1.513714061668300026e+01
1.528107564000000000e+09 2.508876000000000000e+06 7.455247306257945183e+02 4.147561980333230167e+04 -1.451319718733699915e+01
1.528108679000000000e+09 2.508905000000000000e+06 7.455404095914043410e+02 4.379955475802211004e+04 -1.433330039590284244e+01
1.528109810000000000e+09 2.508935000000000000e+06 7.455557475100500824e+02 4.131469169901194255e+04 -1.318528881628100002e+01
1.528110890000000000e+09 2.508955000000000000e+06 7.455716029288170148e+02 4.387528463356489374e+04 -1.233777186177199958e+01
1.528112019000000000e+09 2.508985000000000000e+06 7.455859051914727615e+02 4.785996104827048839e+04 -1.465627932409597456e+01
1.528113092000000000e+09 2.509005000000000000e+06 7.456011035159608582e+02 4.352844810044115729e+04 -1.273266960471999987e+01
1.528114206000000000e+09 2.509034000000000000e+06 7.456167592708186476e+02 4.475643953362004686e+04 -1.283416888885668250e+01
1.528115337000000000e+09 2.509064000000000000e+06 7.456300092955052605e+02 4.176842113371964660e+04 -1.236986115001099940e+01
1.528116415000000000e+09 2.509084000000000000e+06 7.456457409248233716e+02 4.259075285478710430e+04 -1.328405543931000032e+01
1.528117545000000000e+09 2.509114000000000000e+06 7.456606261281988282e+02 4.080802376174941310e+04 -1.587476206175199955e+01
1.528118620000000000e+09 2.509134000000000000e+06 7.456764067241331304e+02 4.300808067685327842e+04 -1.283995102836505708e+01
1.528119736000000000e+09 2.509163000000000000e+06 7.456911560883319225e+02 4.206858402002612274e+04 -1.320105681208199933e+01
1.528120865000000000e+09 2.509193000000000000e+06 7.457091492870742968e+02 4.193466011157138564e+04 -1.500293365563300085e+01
1.528121938000000000e+09 2.509213000000000000e+06 7.457241568421932243e+02 4.166941544660872023e+04 -1.402718378470300031e+01
1.528123070000000000e+09 2.509243000000000000e+06 7.457418622397120771e+02 4.390006289727670082e+04 -1.381264050179729175e+01
1.528124145000000000e+09 2.509263000000000000e+06 7.457584978228445607e+02 4.214420835058726516e+04 -1.341857323842495475e+01
1.528125260000000000e+09 2.509292000000000000e+06 7.457745982073694222e+02 4.314591287738163373e+04 -1.390206704171199981e+01
1.528126394000000000e+09 2.509322000000000000e+06 7.457905548814882195e+02 4.312476902218167379e+04 -1.461833789818600060e+01
1.528127469000000000e+09 2.509342000000000000e+06 7.458074725787574835e+02 4.246826990772016870e+04 -1.448267495602473076e+01
1.528128598000000000e+09 2.509372000000000000e+06 7.458212853066816024e+02 4.094741129884176917e+04 -1.194718644277000053e+01
1.528129671000000000e+09 2.509392000000000000e+06 7.458382632305061861e+02 4.329000840476006124e+04 -1.375436894980984448e+01
1.528130789000000000e+09 2.509421000000000000e+06 7.458500127300910663e+02 4.185745704714638123e+04 -1.299200285401638233e+01
1.528131919000000000e+09 2.509451000000000000e+06 7.458648189703368416e+02 4.240252968666906963e+04 -1.479845860509600008e+01
1.528132994000000000e+09 2.509471000000000000e+06 7.458790888711816933e+02 3.988909201135693729e+04 -1.426977957342299952e+01
1.528134125000000000e+09 2.509501000000000000e+06 7.458974246026906485e+02 4.418675312144953205e+04 -1.458099288761099999e+01
1.528135200000000000e+09 2.509521000000000000e+06 7.459110665447628890e+02 4.166529022888000327e+04 -1.638499761683700129e+01
1.528136316000000000e+09 2.509550000000000000e+06 7.459248013110303646e+02 4.130702600762705697e+04 -1.230884793154870671e+01
1.528137450000000000e+09 2.509580000000000000e+06 7.459392467517518526e+02 4.255607301134681620e+04 -1.736746302347399862e+01
1.528138523000000000e+09 2.509600000000000000e+06 7.459563598635461403e+02 4.125618542997455370e+04 -1.346062683017099992e+01
1.528139656000000000e+09 2.509630000000000000e+06 7.459718927031773319e+02 4.009144986567489832e+04 -1.270044856152400037e+01
1.528140733000000000e+09 2.509650000000000000e+06 7.459899217967599725e+02 4.159332659604589571e+04 -1.351471822271400036e+01
1.528141848000000000e+09 2.509679000000000000e+06 7.460052379290349336e+02 4.160530253015607741e+04 -1.389048230953899932e+01
1.528142983000000000e+09 2.509709000000000000e+06 7.460200651491636563e+02 4.134761950438678468e+04 -1.495652918100100059e+01
1.528144056000000000e+09 2.509729000000000000e+06 7.460369471927142513e+02 4.208525318179063470e+04 -1.495887438068900011e+01
1.528145184000000000e+09 2.509759000000000000e+06 7.460565582757848233e+02 4.169850628556396259e+04 -1.359640317388503838e+01
1.528146265000000000e+09 2.509779000000000000e+06 7.460715735735171847e+02 4.048585264805694169e+04 -1.423038668837622467e+01
1.528147381000000000e+09 2.509808000000000000e+06 7.460879393470295327e+02 4.005615067327719589e+04 -1.314079837991999966e+01
1.528148510000000000e+09 2.509838000000000000e+06 7.461051730652600327e+02 3.918456494547137117e+04 -1.304146765284199994e+01
1.528149585000000000e+09 2.509858000000000000e+06 7.461216108083643803e+02 4.273125989408211899e+04 -1.415726097789499960e+01
1.528150712000000000e+09 2.509888000000000000e+06 7.461387824830400177e+02 3.974266023975336429e+04 -1.271758640951449593e+01
1.528151784000000000e+09 2.509908000000000000e+06 7.461579332818245121e+02 4.182610022835773998e+04 -1.303631813338075496e+01
1.528152897000000000e+09 2.509937000000000000e+06 7.461737618977338116e+02 3.957861913580597320e+04 -1.324077126043053809e+01
1.528154027000000000e+09 2.509967000000000000e+06 7.461907394360404169e+02 4.027352728743890475e+04 -1.334172012738799928e+01
1.528155099000000000e+09 2.509987000000000000e+06 7.462095068278077861e+02 4.308225252944616659e+04 -1.284873042897601003e+01
1.528156230000000000e+09 2.510017000000000000e+06 7.462261328259488664e+02 4.167199922652687383e+04 -1.516468890005605274e+01
1.528157305000000000e+09 2.510037000000000000e+06 7.462470404235248225e+02 4.278502609995095554e+04 -1.701929995313300026e+01
1.528158418000000000e+09 2.510066000000000000e+06 7.462626038185761672e+02 4.414010226485834573e+04 -1.344492954660730888e+01
1.528159549000000000e+09 2.510096000000000000e+06 7.462786927018822780e+02 4.166959007754630875e+04 -1.341026611455299999e+01
1.528160628000000000e+09 2.510116000000000000e+06 7.462967186182567048e+02 4.178175958439498936e+04 -1.363380752046040811e+01
1.528161760000000000e+09 2.510146000000000000e+06 7.463145932742510240e+02 4.085825490207778785e+04 -1.313159031012000000e+01
1.528162834000000000e+09 2.510166000000000000e+06 7.463334871589611339e+02 4.088613232514024276e+04 -1.316956851732999922e+01
1.528163949000000000e+09 2.510195000000000000e+06 7.463519419966384021e+02 4.050267953444328305e+04 -1.290101389768100049e+01
1.528165080000000000e+09 2.510225000000000000e+06 7.463684783006832504e+02 4.187400643562462938e+04 -1.252317726154366540e+01
1.528166160000000000e+09 2.510245000000000000e+06 7.463871836117864405e+02 4.104979009079794196e+04 -1.527144754127199988e+01
1.528167291000000000e+09 2.510275000000000000e+06 7.464029101776696962e+02 4.142506186774351227e+04 -1.471662410104093865e+01
1.528168365000000000e+09 2.510295000000000000e+06 7.464214949991996946e+02 4.026030254433796654e+04 -1.321744570961266163e+01
1.528169482000000000e+09 2.510324000000000000e+06 7.464395581221368730e+02 4.151559675021699513e+04 -1.324456156015600072e+01
1.528170612000000000e+09 2.510354000000000000e+06 7.464548540490594633e+02 4.116928608569580683e+04 -1.297722583116000017e+01
1.528171687000000000e+09 2.510374000000000000e+06 7.464734792042360141e+02 4.170946245715979603e+04 -1.330608553332199939e+01
1.528172817000000000e+09 2.510404000000000000e+06 7.464926364439185136e+02 3.952144586714778416e+04 -1.591852549819600071e+01
1.528173890000000000e+09 2.510424000000000000e+06 7.465107744910212659e+02 4.144793130349402054e+04 -1.414682606053399994e+01
1.528175005000000000e+09 2.510453000000000000e+06 7.465288930092290229e+02 4.203107141237592441e+04 -1.212361840433852400e+01
1.528176134000000000e+09 2.510483000000000000e+06 7.465475732334022041e+02 4.076386149872828537e+04 -1.202748749859395083e+01
1.528177211000000000e+09 2.510503000000000000e+06 7.465637582557654923e+02 4.042301989181397221e+04 -1.364927825386412863e+01
1.528178341000000000e+09 2.510533000000000000e+06 7.465830458018302807e+02 4.130639278760426532e+04 -1.272845985412899950e+01
1.528179415000000000e+09 2.510553000000000000e+06 7.466009121917255698e+02 4.097588416421150760e+04 -1.267783608550597485e+01
1.528180530000000000e+09 2.510582000000000000e+06 7.466185414840434760e+02 3.916053380158976506e+04 -1.398987468715296245e+01
1.528181664000000000e+09 2.510612000000000000e+06 7.466393573374659809e+02 4.017043331750555808e+04 -1.374529637194646980e+01
1.528182737000000000e+09 2.510632000000000000e+06 7.466585592845864312e+02 4.030102430149419524e+04 -1.519670361443500006e+01
1.528183864000000000e+09 2.510662000000000000e+06 7.466786808001171494e+02 4.210592968972812378e+04 -1.472166728886699971e+01
1.528184938000000000e+09 2.510682000000000000e+06 7.466970355262202474e+02 3.863914952770967648e+04 -1.447974518199399974e+01
1.528186053000000000e+09 2.510711000000000000e+06 7.467147025481451692e+02 3.992659395737080922e+04 -1.495538175047795093e+01
1.528187181000000000e+09 2.510741000000000000e+06 7.467329526404764692e+02 4.106868637376140396e+04 -1.368592485755391053e+01
1.528188255000000000e+09 2.510761000000000000e+06 7.467532529302025068e+02 3.906816726433869917e+04 -1.402519549817159294e+01
1.528189384000000000e+09 2.510791000000000000e+06 7.467736072063382835e+02 4.036496114894656785e+04 -1.302832042856599948e+01
1.528190456000000000e+09 2.510811000000000000e+06 7.467956072434697035e+02 4.132861226044722571e+04 -1.346401343179200083e+01
1.528191569000000000e+09 2.510840000000000000e+06 7.468196517272166375e+02 4.102965761433397711e+04 -1.375995396356498190e+01
1.528192698000000000e+09 2.510870000000000000e+06 7.468441753785822357e+02 4.138991615687163721e+04 -1.597670643559681025e+01
1.528193772000000000e+09 2.510890000000000000e+06 7.468658350394771333e+02 4.342268120531949535e+04 -1.345327003290399936e+01
1.528194902000000000e+09 2.510920000000000000e+06 7.468895686573018793e+02 3.882151913400781632e+04 -1.289845634508299987e+01
1.528195975000000000e+09 2.510940000000000000e+06 7.469146151701195322e+02 4.088946255830486916e+04 -1.308985206781389365e+01
1.528197091000000000e+09 2.510969000000000000e+06 7.469372664156851442e+02 4.089491237357326463e+04 -1.549453649256651566e+01
1.528198223000000000e+09 2.510999000000000000e+06 7.469598393940707410e+02 3.937202805300911859e+04 -1.385437694289799992e+01
1.528199302000000000e+09 2.511019000000000000e+06 7.469829249820459154e+02 3.640065158458764927e+04 -1.578308526203575823e+01
1.528200431000000000e+09 2.511049000000000000e+06 7.470063404240243017e+02 4.102197656917681888e+04 -1.379901987228100069e+01
1.528201504000000000e+09 2.511069000000000000e+06 7.470352795047324435e+02 3.902103593991109665e+04 -1.354397841210404252e+01
1.528202621000000000e+09 2.511098000000000000e+06 7.470576386992615880e+02 3.938515025392236566e+04 -1.391200802989400032e+01
1.528203748000000000e+09 2.511128000000000000e+06 7.470809082189542778e+02 4.020128426864094945e+04 -1.351625257944800040e+01
1.528204824000000000e+09 2.511148000000000000e+06 7.470999457402738244e+02 3.982564805876161699e+04 -1.289019943512800026e+01
1.528205955000000000e+09 2.511178000000000000e+06 7.471245254176241133e+02 3.982289857600015239e+04 -1.302530223672300025e+01
1.528207030000000000e+09 2.511198000000000000e+06 7.471486834678454443e+02 4.259116469398602203e+04 -1.442522904694000019e+01
1.528208146000000000e+09 2.511227000000000000e+06 7.471711905954933854e+02 3.971647341654128104e+04 -1.260649126801629016e+01
1.528209279000000000e+09 2.511257000000000000e+06 7.471958353581043184e+02 3.926788510186199710e+04 -1.230424662007099990e+01
1.528210353000000000e+09 2.511277000000000000e+06 7.472193093138427002e+02 4.089745749762605556e+04 -1.550860460371842819e+01
1.528211484000000000e+09 2.511307000000000000e+06 7.472440183604871891e+02 4.075610262934395723e+04 -1.346357715003600042e+01
1.528212561000000000e+09 2.511327000000000000e+06 7.472665257836146111e+02 4.175330305177993432e+04 -1.557757120320892952e+01
1.528213674000000000e+09 2.511356000000000000e+06 7.472898200852997661e+02 3.932095465303143283e+04 -1.499368767661256641e+01
1.528214808000000000e+09 2.511386000000000000e+06 7.473150799050978321e+02 4.004563405662362493e+04 -1.488032875791899912e+01
1.528215881000000000e+09 2.511406000000000000e+06 7.473416876079451185e+02 3.999371969738638290e+04 -1.515606706521399971e+01
1.528217013000000000e+09 2.511436000000000000e+06 7.473662883957258600e+02 4.228716030975544709e+04 -1.438191424957300057e+01
1.528218085000000000e+09 2.511456000000000000e+06 7.473923226533245270e+02 4.177379784157841641e+04 -1.420422322840800078e+01
1.528219200000000000e+09 2.511485000000000000e+06 7.474171059890737752e+02 4.002741752883373556e+04 -1.262999211379350761e+01
1.528220328000000000e+09 2.511515000000000000e+06 7.474419923773950813e+02 3.976727891882627591e+04 -1.420053244182700070e+01
1.528221401000000000e+09 2.511535000000000000e+06 7.474645050528141610e+02 4.173508203833235893e+04 -1.411819895517700019e+01
1.528222538000000000e+09 2.511565000000000000e+06 7.474860912770791401e+02 4.051199642259177926e+04 -1.385233589151899913e+01
1.528223614000000000e+09 2.511585000000000000e+06 7.475126615668251588e+02 4.143199536962265120e+04 -1.402717011287399984e+01
1.528224729000000000e+09 2.511614000000000000e+06 7.475387146621029615e+02 4.091693433463375550e+04 -1.377292993889425432e+01
1.528225866000000000e+09 2.511644000000000000e+06 7.475619008385821189e+02 4.074954826240964758e+04 -1.421915846765999980e+01
1.528226946000000000e+09 2.511664000000000000e+06 7.475874462386876758e+02 4.112461335944304301e+04 -1.366476906434400007e+01
1.528228074000000000e+09 2.511694000000000000e+06 7.476334749398399708e+02 4.138315900530695217e+04 -1.964765423000031319e+01
1.528229146000000000e+09 2.511714000000000000e+06 7.476402672458451661e+02 4.116153238447622425e+04 -1.536050336635460312e+01
1.528230262000000000e+09 2.511743000000000000e+06 7.476668844532574667e+02 4.385189135739300400e+04 -1.462397964214283874e+01
1.528231390000000000e+09 2.511773000000000000e+06 7.476916987038738398e+02 4.148044602812466474e+04 -1.492602401294099934e+01
1.528232466000000000e+09 2.511793000000000000e+06 7.477183843750748338e+02 4.061663428227002441e+04 -1.492511290839543747e+01
1.528233598000000000e+09 2.511823000000000000e+06 7.477456135326776803e+02 3.886229629861964349e+04 -1.648483795070099944e+01
1.528234672000000000e+09 2.511843000000000000e+06 7.477711528118413753e+02 4.484039708969317871e+04 -1.278574983448200086e+01
1.528235788000000000e+09 2.511872000000000000e+06 7.477944380320292339e+02 3.899213367399431445e+04 -1.278300182261422613e+01
1.528236921000000000e+09 2.511902000000000000e+06 7.478217169541792373e+02 4.207020008848293219e+04 -1.352738933693036749e+01
1.528237999000000000e+09 2.511922000000000000e+06 7.478475668871244579e+02 4.111497041530813294e+04 -1.448953711507462927e+01
1.528239130000000000e+09 2.511952000000000000e+06 7.478746219907789055e+02 4.146466856429218024e+04 -1.465724924140505436e+01
1.528240205000000000e+09 2.511972000000000000e+06 7.479023693299805018e+02 4.148510102157585061e+04 -1.377722703642793434e+01
1.528241320000000000e+09 2.512001000000000000e+06 7.479285410787346109e+02 4.140620542618094623e+04 -1.442795818020992193e+01
1.528242453000000000e+09 2.512031000000000000e+06 7.479558959365414239e+02 4.254251201587145624e+04 -1.379116036651200083e+01
1.528243535000000000e+09 2.512051000000000000e+06 7.479841124798022065e+02 4.093339159418892086e+04 -1.526822098877100053e+01
1.528244663000000000e+09 2.512081000000000000e+06 7.480122768865531953e+02 3.987298359398708999e+04 -1.525277175036499955e+01
1.528245742000000000e+09 2.512101000000000000e+06 7.480399619498527954e+02 4.056512550163621927e+04 -1.345335607093000085e+01
1.528246856000000000e+09 2.512130000000000000e+06 7.480668323614868314e+02 4.239094450685746415e+04 -1.347076571001573342e+01
1.528247985000000000e+09 2.512160000000000000e+06 7.480959915022903033e+02 4.093980367956181726e+04 -1.499579087060699933e+01
1.528249058000000000e+09 2.512180000000000000e+06 7.481224573423628499e+02 4.194023248856094870e+04 -1.547969420837499932e+01
1.528250190000000000e+09 2.512210000000000000e+06 7.481521187166082427e+02 4.234701436669875693e+04 -1.684783719241000099e+01
1.528251265000000000e+09 2.512230000000000000e+06 7.481796250471704752e+02 4.162729837801626127e+04 -1.285186353796183489e+01
1.528252380000000000e+09 2.512259000000000000e+06 7.482071442743189209e+02 4.051603403078434349e+04 -1.312840410216299958e+01
1.528253512000000000e+09 2.512289000000000000e+06 7.482329350498600888e+02 4.183858373145784572e+04 -1.408948440850799955e+01
1.528254585000000000e+09 2.512309000000000000e+06 7.482599296492663825e+02 4.218752469573169219e+04 -1.374338535702699993e+01
1.528255721000000000e+09 2.512339000000000000e+06 7.482881027622596548e+02 4.076495987933335709e+04 -1.343279300911396668e+01
1.528256794000000000e+09 2.512359000000000000e+06 7.483180503566381958e+02 4.211701670775739331e+04 -1.396204563176799951e+01
1.528257910000000000e+09 2.512388000000000000e+06 7.483435746334688474e+02 4.149265963862484932e+04 -1.385166183497499937e+01
1.528259039000000000e+09 2.512418000000000000e+06 7.483713779941820121e+02 4.037266255859347439e+04 -1.586643752861800039e+01
1.528260115000000000e+09 2.512438000000000000e+06 7.483933181641889405e+02 4.142514942125768721e+04 -1.375537070398300088e+01
1.528261244000000000e+09 2.512468000000000000e+06 7.484220988162750245e+02 4.005241088485430373e+04 -1.330656556106800004e+01
1.528262319000000000e+09 2.512488000000000000e+06 7.484514873898626774e+02 4.050193992502497713e+04 -1.268274524541999959e+01
1.528263434000000000e+09 2.512517000000000000e+06 7.484796303302160823e+02 4.148265656412472890e+04 -1.534672346803099963e+01
1.528264562000000000e+09 2.512547000000000000e+06 7.485078203021330410e+02 4.204800349137518060e+04 -1.425331321143386276e+01
1.528265643000000000e+09 2.512567000000000000e+06 7.485355468440453706e+02 4.196384832539862691e+04 -1.290518923279399921e+01
1.528266772000000000e+09 2.512597000000000000e+06 7.485619584964063051e+02 4.131251557669226167e+04 -1.246607821137899919e+01
1.528267846000000000e+09 2.512617000000000000e+06 7.485855174698419887e+02 4.523232245207622327e+04 -1.391200228829979579e+01
1.528268961000000000e+09 2.512646000000000000e+06 7.486129836409779728e+02 4.230919066110243148e+04 -1.406487873224569185e+01
1.528270093000000000e+09 2.512676000000000000e+06 7.486413069237626132e+02 4.200646447347312642e+04 -1.361785428622999916e+01
1.528271164000000000e+09 2.512696000000000000e+06 7.486701143651746406e+02 4.162639872761809966e+04 -1.360471295014707316e+01
1.528272294000000000e+09 2.512726000000000000e+06 7.486987987470691905e+02 4.176205153087948565e+04 -1.497078342964092457e+01
1.528273372000000000e+09 2.512746000000000000e+06 7.487280404180278310e+02 4.058594012500545796e+04 -1.388639131398699966e+01
1.528274489000000000e+09 2.512775000000000000e+06 7.487576298169632310e+02 4.467786738484069792e+04 -1.391941503530549262e+01
1.528275617000000000e+09 2.512805000000000000e+06 7.487833699142209980e+02 4.377697074488925864e+04 -1.313717646696500019e+01
1.528276692000000000e+09 2.512825000000000000e+06 7.488120777339194092e+02 4.252324136123321659e+04 -1.595539104941899922e+01
1.528277822000000000e+09 2.512855000000000000e+06 7.488379758951355143e+02 4.317492674735625769e+04 -1.361756596052400070e+01
1.528278898000000000e+09 2.512875000000000000e+06 7.488668911105500001e+02 4.054627962038787518e+04 -1.612538713056899908e+01
1.528280016000000000e+09 2.512904000000000000e+06 7.488968127859843662e+02 4.319463666517564707e+04 -1.514498690075600074e+01
1.528281148000000000e+09 2.512934000000000000e+06 7.489255067969440915e+02 4.307180797104433441e+04 -1.301732112454454615e+01
1.528282223000000000e+09 2.512954000000000000e+06 7.489553222303146640e+02 4.239221806947707228e+04 -1.440176355011499965e+01
1.528283353000000000e+09 2.512984000000000000e+06 7.489838831652781437e+02 4.317633651650452521e+04 -1.355804857090000048e+01
1.528284427000000000e+09 2.513004000000000000e+06 7.490119876825106076e+02 4.364896348541524640e+04 -1.356481869881199920e+01
1.528285543000000000e+09 2.513033000000000000e+06 7.490405475126410693e+02 4.459982410357954359e+04 -1.599992867720747469e+01
1.528286673000000000e+09 2.513063000000000000e+06 7.490673677677604019e+02 4.200381477619256475e+04 -1.375649812202900080e+01
1.528287746000000000e+09 2.513083000000000000e+06 7.490948945192352539e+02 4.223437126102607726e+04 -1.430179655107199999e+01
1.528288876000000000e+09 2.513113000000000000e+06 7.491240786999356942e+02 4.423400979635124531e+04 -1.199651109493199996e+01
1.528289950000000000e+09 2.513133000000000000e+06 7.491506378130352459e+02 4.377130238743569498e+04 -1.349335064611100066e+01
1.528291066000000000e+09 2.513162000000000000e+06 7.491764704009962088e+02 4.331515916396270040e+04 -1.490378422118864954e+01
1.528292197000000000e+09 2.513192000000000000e+06 7.492042913169344729e+02 4.243779163238738693e+04 -1.469945849888400069e+01
1.528293273000000000e+09 2.513212000000000000e+06 7.492346010287263880e+02 4.245426312122157833e+04 -1.320026514778900051e+01
1.528294356000000000e+09 2.513232000000000000e+06 7.492649730136597555e+02 4.361657477389748965e+04 -1.340235905651044490e+01
1.528295430000000000e+09 2.513252000000000000e+06 7.492882277545825218e+02 4.419015521290191100e+04 -1.317455138529200021e+01
1.528296546000000000e+09 2.513281000000000000e+06 7.493132619695520589e+02 4.377772877524393698e+04 -1.321676570668300066e+01
1.528297617000000000e+09 2.513301000000000000e+06 7.493404226327187416e+02 4.373985708887303917e+04 -1.362037514824438844e+01
1.528298691000000000e+09 2.513321000000000000e+06 7.493662482103468392e+02 4.531966368773733848e+04 -1.411649026489200054e+01
1.528299765000000000e+09 2.513341000000000000e+06 7.493915041654074685e+02 4.076922983226967335e+04 -1.216041754625300086e+01
1.528300838000000000e+09 2.513361000000000000e+06 7.494152292400999613e+02 4.539626263638505770e+04 -1.319267143800400000e+01
1.528301899000000000e+09 2.513380000000000000e+06 7.494438813802624964e+02 4.387758988866644358e+04 -1.429377629164899943e+01
1.528302974000000000e+09 2.513400000000000000e+06 7.494716339693495684e+02 4.541108333725280681e+04 -1.351610947271299956e+01
1.528304103000000000e+09 2.513430000000000000e+06 7.494983236473561874e+02 4.178894471107720165e+04 -1.344982811332126182e+01
1.528305183000000000e+09 2.513450000000000000e+06 7.495266979518997914e+02 4.628726665075636993e+04 -1.373371151954074953e+01
1.528306257000000000e+09 2.513470000000000000e+06 7.495528932384262362e+02 4.348864580352241319e+04 -1.269215547709299940e+01
1.528307319000000000e+09 2.513489000000000000e+06 7.495745248726721002e+02 4.464222408714397898e+04 -1.580121230976999946e+01
1.528308393000000000e+09 2.513509000000000000e+06 7.495991424352135937e+02 4.589916162891633576e+04 -1.550906735549999915e+01
1.528309469000000000e+09 2.513529000000000000e+06 7.496302175764817548e+02 4.469316995178880461e+04 -1.533473375227199931e+01
1.528310545000000000e+09 2.513549000000000000e+06 7.496553862237267367e+02 4.532160197691166104e+04 -1.404389342581291089e+01
1.528311678000000000e+09 2.513579000000000000e+06 7.496842582214529784e+02 4.551959526683520380e+04 -1.507154095195600085e+01
1.528312741000000000e+09 2.513598000000000000e+06 7.497103726321381600e+02 4.505781281596636836e+04 -1.623145826760699961e+01
1.528313815000000000e+09 2.513618000000000000e+06 7.497368518729837206e+02 4.676949422750092344e+04 -1.280667093939299939e+01
1.528314894000000000e+09 2.513638000000000000e+06 7.497632064322161796e+02 4.596714704142621486e+04 -1.481561698789600001e+01
1.528315972000000000e+09 2.513658000000000000e+06 7.497872052669205232e+02 4.231292843002628069e+04 -1.402750237091614061e+01
1.528317050000000000e+09 2.513678000000000000e+06 7.498161593561050040e+02 4.463651231257298787e+04 -1.432110213609099958e+01
1.528318113000000000e+09 2.513697000000000000e+06 7.498396417111689516e+02 4.753334832309502235e+04 -1.321263395114999994e+01
1.528323221000000000e+09 2.514000000000000000e+06 7.515582187117931880e+02 1.256703331358094692e+04 -2.882026636833787947e+01
1.528324294000000000e+09 2.514020000000000000e+06 7.515669483199585557e+02 1.285519439815153419e+04 -2.942238916372301460e+01
1.528325367000000000e+09 2.514040000000000000e+06 7.515724846451855683e+02 1.237727675558706869e+04 -2.771491277851441026e+01
1.528326439000000000e+09 2.514060000000000000e+06 7.515719017068410039e+02 1.244847844593911577e+04 -3.434454079662014436e+01
1.528327514000000000e+09 2.514080000000000000e+06 7.515719702925821366e+02 1.275205588887028534e+04 -3.554272702325935995e+01
1.528328575000000000e+09 2.514099000000000000e+06 7.515705851938230353e+02 1.256755868553063374e+04 -3.616419211821067847e+01
1.528329648000000000e+09 2.514119000000000000e+06 7.515694147067625863e+02 1.274033119496932704e+04 -2.829467717779100155e+01
1.528330774000000000e+09 2.514149000000000000e+06 7.515689402645743940e+02 1.277038686459369092e+04 -3.682616711451399993e+01
1.528331847000000000e+09 2.514169000000000000e+06 7.515684724591009171e+02 1.257718692482130791e+04 -2.803101753228800064e+01
1.528332920000000000e+09 2.514189000000000000e+06 7.515682758682726217e+02 1.266385012395835292e+04 -3.229684674013800105e+01
1.528333981000000000e+09 2.514208000000000000e+06 7.515671680384276669e+02 1.339975961369678589e+04 -4.014450882236392459e+01
1.528335056000000000e+09 2.514228000000000000e+06 7.515667580185881889e+02 1.279844582316651213e+04 -3.270285799641465019e+01
1.528336129000000000e+09 2.514248000000000000e+06 7.515665768366565089e+02 1.287980613071372318e+04 -2.764994560463599882e+01
1.528337203000000000e+09 2.514268000000000000e+06 7.515640547302107279e+02 1.269554373885924360e+04 -3.476791276402300213e+01
1.528338335000000000e+09 2.514298000000000000e+06 7.515625730810619416e+02 1.262377478455244636e+04 -3.989339545557700006e+01
1.528339397000000000e+09 2.514317000000000000e+06 7.515604874448316650e+02 1.235492819929136931e+04 -2.823422922515199929e+01
1.528340469000000000e+09 2.514337000000000000e+06 7.515585015741354482e+02 1.269091386706206140e+04 -3.139006723599899829e+01
1.528341543000000000e+09 2.514357000000000000e+06 7.515572022492627866e+02 1.260448021456901552e+04 -2.871198533560500010e+01
1.528342615000000000e+09 2.514377000000000000e+06 7.515554708041678396e+02 1.250045879169799991e+04 -2.460794087361868776e+01
1.528343687000000000e+09 2.514397000000000000e+06 7.515529618535424561e+02 1.229211662692792379e+04 -2.636696550784852278e+01
1.528344750000000000e+09 2.514416000000000000e+06 7.515508315978802329e+02 1.271342027154926109e+04 -3.011446286143599949e+01
1.528345875000000000e+09 2.514446000000000000e+06 7.515491317814190779e+02 1.233077316870733557e+04 -3.170040392877081104e+01
1.528346949000000000e+09 2.514466000000000000e+06 7.515468920200047478e+02 1.254270522792772317e+04 -2.954277382957999976e+01
1.528348023000000000e+09 2.514486000000000000e+06 7.515450552977542884e+02 1.218411188456803029e+04 -3.721491868251700197e+01
1.528349095000000000e+09 2.514506000000000000e+06 7.515443547204533843e+02 1.237972807261044181e+04 -2.939475328468600068e+01
1.528350156000000000e+09 2.514525000000000000e+06 7.515411986982906001e+02 1.239209874867626968e+04 -4.756993965559360760e+01
1.528351231000000000e+09 2.514545000000000000e+06 7.515390920084608979e+02 1.260377728726457644e+04 -2.591283022772207900e+01
1.528352307000000000e+09 2.514565000000000000e+06 7.515382424701989521e+02 1.234277967691983577e+04 -2.917292123322360098e+01
1.528353437000000000e+09 2.514595000000000000e+06 7.515360245405037176e+02 1.250984914040435069e+04 -3.185224286766985458e+01
1.528354515000000000e+09 2.514615000000000000e+06 7.515346896387947027e+02 1.243044471365055324e+04 -3.020859373892700006e+01
1.528355577000000000e+09 2.514634000000000000e+06 7.515330473028350298e+02 1.248778490042144585e+04 -3.492391552538099830e+01
1.528356655000000000e+09 2.514654000000000000e+06 7.515301080711548138e+02 1.268044063378216924e+04 -3.168607454686199887e+01
1.528357727000000000e+09 2.514674000000000000e+06 7.515294045087964605e+02 1.270824094661786330e+04 -3.870578226434891178e+01
1.528358799000000000e+09 2.514694000000000000e+06 7.515271320686857734e+02 1.262356913974670897e+04 -3.452361920908205661e+01
1.528359873000000000e+09 2.514714000000000000e+06 7.515237816579160608e+02 1.327617462964391234e+04 -3.383878384862204314e+01
1.528360988000000000e+09 2.514743000000000000e+06 7.515203920203418875e+02 1.314434550072188540e+04 -3.280728209938993700e+01
1.528362062000000000e+09 2.514763000000000000e+06 7.515183576264737439e+02 1.261667747416121347e+04 -3.407024144074918581e+01
1.528363136000000000e+09 2.514783000000000000e+06 7.515168333319093108e+02 1.312190315455313794e+04 -2.742185623381383408e+01
1.528364213000000000e+09 2.514803000000000000e+06 7.515120154488027993e+02 1.246973788039913779e+04 -2.940456745980594633e+01
1.528365288000000000e+09 2.514823000000000000e+06 7.515072049273907169e+02 1.276855769934887758e+04 -2.702816826445185328e+01
1.528366351000000000e+09 2.514842000000000000e+06 7.515017127851180021e+02 1.284434527612067177e+04 -2.937151232321061656e+01
1.528367427000000000e+09 2.514862000000000000e+06 7.514965297436343690e+02 1.261617272422691349e+04 -2.760186743406200094e+01
1.528368555000000000e+09 2.514892000000000000e+06 7.514911648744052854e+02 1.275023941842221575e+04 -2.881789763006809224e+01
1.528369629000000000e+09 2.514912000000000000e+06 7.514845811622216161e+02 1.305254467945130637e+04 -2.516609725783499840e+01
1.528370702000000000e+09 2.514932000000000000e+06 7.514800271383984409e+02 1.253341554450078365e+04 -3.089914720689399985e+01
1.528371764000000000e+09 2.514951000000000000e+06 7.514741074476629592e+02 1.253334999639318266e+04 -2.977192393112890301e+01
1.528372841000000000e+09 2.514971000000000000e+06 7.514679524633959318e+02 1.271001859571853311e+04 -3.466946118479933148e+01
1.528373912000000000e+09 2.514991000000000000e+06 7.514617983798115119e+02 1.266240919697754725e+04 -2.764320666215210309e+01
1.528374986000000000e+09 2.515011000000000000e+06 7.514550780961945975e+02 1.267123017834219536e+04 -2.983981307781499837e+01
1.528376115000000000e+09 2.515041000000000000e+06 7.514494334483615603e+02 1.281763821262239981e+04 -2.886000039941999873e+01
1.528377177000000000e+09 2.515060000000000000e+06 7.514427264636417476e+02 1.285057148371426592e+04 -3.199907663549114645e+01
1.528378251000000000e+09 2.515080000000000000e+06 7.514369175078098806e+02 1.300405246352486211e+04 -3.436508275391000211e+01
1.528379323000000000e+09 2.515100000000000000e+06 7.514301322492150348e+02 1.266398761460011519e+04 -3.204202483227431486e+01
1.528380396000000000e+09 2.515120000000000000e+06 7.514246579681059757e+02 1.278787907113387701e+04 -3.257347569107299989e+01
1.528381469000000000e+09 2.515140000000000000e+06 7.514188831912186970e+02 1.284589909209535290e+04 -3.059621638433399937e+01
1.528382530000000000e+09 2.515159000000000000e+06 7.514147752732102390e+02 1.291451026623271900e+04 -2.460859493531100028e+01
1.528383663000000000e+09 2.515189000000000000e+06 7.514095515154658642e+02 1.270394238389242673e+04 -2.873932304230099888e+01
1.528384737000000000e+09 2.515209000000000000e+06 7.514049137433452188e+02 1.315407992606087646e+04 -3.026073812501299898e+01
1.528385818000000000e+09 2.515229000000000000e+06 7.513997294239209168e+02 1.279682135778733937e+04 -2.827383745970400142e+01
1.528386897000000000e+09 2.515249000000000000e+06 7.513948021782181286e+02 1.259252824150763081e+04 -3.046901682712000081e+01
1.528387958000000000e+09 2.515268000000000000e+06 7.513907368312070503e+02 1.299136753731494537e+04 -2.417170334012696031e+01
1.528389035000000000e+09 2.515288000000000000e+06 7.513851653733895546e+02 1.270620186904154252e+04 -5.390262437422899211e+01
1.528390112000000000e+09 2.515308000000000000e+06 7.513803801721021500e+02 1.300048589236442058e+04 -2.566444200532599851e+01
1.528391243000000000e+09 2.515338000000000000e+06 7.513753195643683966e+02 1.310095233933279451e+04 -3.744527314564488307e+01
1.528392317000000000e+09 2.515358000000000000e+06 7.513698854723605791e+02 1.217802099509120671e+04 -3.483944583741139667e+01
1.528393378000000000e+09 2.515377000000000000e+06 7.513648926524049330e+02 1.281717671292335217e+04 -3.397327824358541903e+01
1.528394452000000000e+09 2.515397000000000000e+06 7.513604668529446826e+02 1.249922291308121567e+04 -2.584794852990799896e+01
1.528395527000000000e+09 2.515417000000000000e+06 7.513549511523567617e+02 1.309834746300493862e+04 -3.263680601310500151e+01
1.528396606000000000e+09 2.515437000000000000e+06 7.513487923545579861e+02 1.306811397876015326e+04 -3.008270327499700159e+01
1.528397684000000000e+09 2.515457000000000000e+06 7.513435955369366184e+02 1.267165433093865431e+04 -3.788328947563728377e+01
1.528398802000000000e+09 2.515486000000000000e+06 7.513390078608813383e+02 1.268937141869769221e+04 -2.502330268038199890e+01
1.528399878000000000e+09 2.515506000000000000e+06 7.513337612186345496e+02 1.312122308072412307e+04 -3.245136839331959067e+01
1.528400958000000000e+09 2.515526000000000000e+06 7.513284868034704687e+02 1.274839601933010817e+04 -3.481159190635899847e+01
1.528402034000000000e+09 2.515546000000000000e+06 7.513211615492008377e+02 1.373717377974136980e+04 -2.671487181328700089e+01
1.528403108000000000e+09 2.515566000000000000e+06 7.513159046633394382e+02 1.328329358242903072e+04 -4.087204294902200274e+01
1.528404170000000000e+09 2.515585000000000000e+06 7.513082607582964556e+02 1.332653227692469591e+04 -3.423296364283599758e+01
1.528405249000000000e+09 2.515605000000000000e+06 7.513055017780710614e+02 1.284009307997276119e+04 -2.930519303265599973e+01
1.528406383000000000e+09 2.515635000000000000e+06 7.513000600995598006e+02 1.219430829554662705e+04 -2.617437425656824246e+01
1.528407463000000000e+09 2.515655000000000000e+06 7.512904025097355998e+02 1.282917313664472385e+04 -2.781368581374499982e+01
1.528408539000000000e+09 2.515675000000000000e+06 7.512883769373697760e+02 1.248605151753419887e+04 -3.745236175767668385e+01
1.528409601000000000e+09 2.515694000000000000e+06 7.512828016578081360e+02 1.302112449893435223e+04 -2.484856375507600035e+01
1.528410680000000000e+09 2.515714000000000000e+06 7.512762939852575528e+02 1.274407532701766104e+04 -2.741001072618700007e+01
1.528411756000000000e+09 2.515734000000000000e+06 7.512702743690310854e+02 1.313465596557952267e+04 -3.094109373323200174e+01
1.528412830000000000e+09 2.515754000000000000e+06 7.512659685568921759e+02 1.282056511234350000e+04 -3.233582027317999774e+01
1.528413958000000000e+09 2.515784000000000000e+06 7.512596743179415171e+02 1.302600663449304557e+04 -3.298572768266900113e+01
1.528415021000000000e+09 2.515803000000000000e+06 7.512542529033025858e+02 1.332634709531323097e+04 -3.175706365831900158e+01
1.528416093000000000e+09 2.515823000000000000e+06 7.512480641109598309e+02 1.288681417903987131e+04 -4.397008676099039803e+01
1.528417168000000000e+09 2.515843000000000000e+06 7.512413733882258384e+02 1.302503319796262622e+04 -3.154617708413899990e+01
1.528418243000000000e+09 2.515863000000000000e+06 7.512360139734731774e+02 1.318508002836909145e+04 -3.793647266092899883e+01
1.528419318000000000e+09 2.515883000000000000e+06 7.512295520585765871e+02 1.244790270033656452e+04 -3.059393758670200114e+01
1.528420381000000000e+09 2.515902000000000000e+06 7.512239065611257729e+02 1.327652195093469345e+04 -3.531507883016300298e+01
1.528421508000000000e+09 2.515932000000000000e+06 7.512179552793387529e+02 1.286823818749667225e+04 -2.808327821633213972e+01
1.528422586000000000e+09 2.515952000000000000e+06 7.512114530433101436e+02 1.298257763477127628e+04 -2.437436774855813226e+01
1.528423661000000000e+09 2.515972000000000000e+06 7.512057655671160319e+02 1.302711766036296831e+04 -2.721873722501100090e+01
1.528424739000000000e+09 2.515992000000000000e+06 7.512005460753590569e+02 1.324608487805001459e+04 -2.539212245192399919e+01
1.528425801000000000e+09 2.516011000000000000e+06 7.511938891308546999e+02 1.309377548800369368e+04 -2.577766753844899839e+01
1.528426877000000000e+09 2.516031000000000000e+06 7.511882908984530332e+02 1.259629975655778435e+04 -2.672683690359099984e+01
1.528427949000000000e+09 2.516051000000000000e+06 7.511836810276046208e+02 1.286277812183793503e+04 -2.779686400538000157e+01
1.528429081000000000e+09 2.516081000000000000e+06 7.511789475431335177e+02 1.298369663022153327e+04 -2.811670558764100036e+01
1.528430153000000000e+09 2.516101000000000000e+06 7.511719498426184600e+02 1.294429412139506167e+04 -2.469308646637599836e+01
1.528431215000000000e+09 2.516120000000000000e+06 7.511659466608331286e+02 1.262294429616269372e+04 -2.768273654368299930e+01
1.528432289000000000e+09 2.516140000000000000e+06 7.511600675135127858e+02 1.279656416237783014e+04 -2.751725727931500032e+01
1.528433365000000000e+09 2.516160000000000000e+06 7.511540622754716878e+02 1.279920558696632361e+04 -2.840385401186500047e+01
1.528434437000000000e+09 2.516180000000000000e+06 7.511482575029390318e+02 1.311894139239984543e+04 -3.834507998717161570e+01
1.528435510000000000e+09 2.516200000000000000e+06 7.511409978434836603e+02 1.249523369062162419e+04 -2.775973151863066590e+01
1.528436627000000000e+09 2.516229000000000000e+06 7.511331202458495682e+02 1.331493381680089260e+04 -3.196790853136999999e+01
1.528437701000000000e+09 2.516249000000000000e+06 7.511281293867054956e+02 1.281574480464567750e+04 -2.347810141002700135e+01
1.528438774000000000e+09 2.516269000000000000e+06 7.511224584806506073e+02 1.262142459538634284e+04 -2.933391905326382343e+01
1.528439847000000000e+09 2.516289000000000000e+06 7.511173236923023069e+02 1.350819968813341620e+04 -2.799752061576455731e+01
1.528440921000000000e+09 2.516309000000000000e+06 7.511116323285518774e+02 1.307466595053666242e+04 -2.830045415120499896e+01
1.528441984000000000e+09 2.516328000000000000e+06 7.511042288868452488e+02 1.277658240537886195e+04 -3.679345339865999875e+01
1.528443062000000000e+09 2.516348000000000000e+06 7.510973033282534743e+02 1.322227556954650026e+04 -3.227505426934099830e+01
1.528444190000000000e+09 2.516378000000000000e+06 7.510903188265342578e+02 1.280915001308360661e+04 -2.774360870713159244e+01
1.528445266000000000e+09 2.516398000000000000e+06 7.510843201311197390e+02 1.332001684721537276e+04 -2.581588658502899847e+01
1.528446342000000000e+09 2.516418000000000000e+06 7.510784017153414425e+02 1.322462046476504656e+04 -2.594026667162697919e+01
1.528447404000000000e+09 2.516437000000000000e+06 7.510714829280649383e+02 1.286041785198824618e+04 -3.961528170635600077e+01
1.528448477000000000e+09 2.516457000000000000e+06 7.510663876921565816e+02 1.308573304250202273e+04 -3.395801167704343015e+01
1.528449555000000000e+09 2.516477000000000000e+06 7.510612686168263963e+02 1.298336412504632244e+04 -3.303835098060800135e+01
1.528450629000000000e+09 2.516497000000000000e+06 7.510537865245037210e+02 1.338115421942275680e+04 -3.188933388781800105e+01
1.528451756000000000e+09 2.516527000000000000e+06 7.510488980480731698e+02 1.276387943385209837e+04 -3.434821748398800167e+01
1.528452817000000000e+09 2.516546000000000000e+06 7.510429019071686980e+02 1.280580833504243128e+04 -3.712144593585699681e+01
1.528453891000000000e+09 2.516566000000000000e+06 7.510374956782109166e+02 1.259169616885181495e+04 -2.977288946369300149e+01
1.528454966000000000e+09 2.516586000000000000e+06 7.510324640186304350e+02 1.335039785451755233e+04 -2.866864194294500123e+01
1.528456038000000000e+09 2.516606000000000000e+06 7.510268532887309902e+02 1.276240066688663865e+04 -3.579435756776464927e+01
1.528457226000000000e+09 2.516653000000000000e+06 7.510258814140402137e+02 1.278200180221481969e+04 -2.485478444665800168e+01
1.528457572000000000e+09 2.516673000000000000e+06 7.510277609227730409e+02 1.349610276286094813e+04 -2.358501834727800173e+01
1.528457919000000000e+09 2.516693000000000000e+06 7.510338577389659349e+02 1.312927889747210065e+04 -3.410347871055599711e+01
1.528458268000000000e+09 2.516713000000000000e+06 7.510400109897109360e+02 1.351441518169550000e+04 -3.762867474565988601e+01
1.528458613000000000e+09 2.516733000000000000e+06 7.510481019872960360e+02 1.270968820542390131e+04 -2.926044084533906542e+01
1.528458949000000000e+09 2.516752000000000000e+06 7.510557206731360793e+02 1.253343416787670139e+04 -2.595981361681700150e+01
1.528459297000000000e+09 2.516772000000000000e+06 7.510630580442642668e+02 1.302229463507345099e+04 -3.076709351386931957e+01
1.528459700000000000e+09 2.516802000000000000e+06 7.510703402951479575e+02 1.325411442072409955e+04 -2.818037481186036786e+01
1.528460048000000000e+09 2.516822000000000000e+06 7.510774268749677276e+02 1.260652966233377083e+04 -3.296561287829487696e+01
1.528460396000000000e+09 2.516842000000000000e+06 7.510852251183479211e+02 1.309864142874522986e+04 -3.591312278592700125e+01
1.528460731000000000e+09 2.516861000000000000e+06 7.510957542397019324e+02 1.326467101499070122e+04 -3.301226985469700281e+01
1.528461078000000000e+09 2.516881000000000000e+06 7.511032157596789602e+02 1.254184037538420125e+04 -3.790276714805600022e+01
1.528461426000000000e+09 2.516901000000000000e+06 7.511109203111340094e+02 1.297966965574290043e+04 -2.845114981168509871e+01
1.528461776000000000e+09 2.516921000000000000e+06 7.511203796031669526e+02 1.299657040546234748e+04 -3.344932562363300121e+01
1.528462175000000000e+09 2.516951000000000000e+06 7.511293771474207688e+02 1.310797535202353902e+04 -3.107981665956855366e+01
1.528462511000000000e+09 2.516970000000000000e+06 7.511385130692530083e+02 1.281772786386976986e+04 -2.673623148725799936e+01
1.528462856000000000e+09 2.516990000000000000e+06 7.511481827084190854e+02 1.319049244532470038e+04 -2.473721559062400033e+01
1.528463203000000000e+09 2.517010000000000000e+06 7.511573930809918238e+02 1.267080633729951296e+04 -3.088652709065900126e+01
1.528463550000000000e+09 2.517030000000000000e+06 7.511661862241900280e+02 1.269672407194240077e+04 -2.951551930031699911e+01
1.528463899000000000e+09 2.517050000000000000e+06 7.511773766575626041e+02 1.333827902471928064e+04 -2.766825178351900050e+01
1.528464234000000000e+09 2.517069000000000000e+06 7.511857893373646675e+02 1.282253142902755826e+04 -3.381701098559899776e+01
1.528464642000000000e+09 2.517099000000000000e+06 7.511961497125370215e+02 1.274645416788889997e+04 -2.384003012606000027e+01
1.528464992000000000e+09 2.517119000000000000e+06 7.512060062451507747e+02 1.257010335545430644e+04 -2.500166111075942865e+01
1.528465340000000000e+09 2.517139000000000000e+06 7.512153208543259097e+02 1.235662795895280033e+04 -3.393870981238600137e+01
1.528465691000000000e+09 2.517159000000000000e+06 7.512260751587859886e+02 1.284786832310669888e+04 -3.236096124458799750e+01
1.528466027000000000e+09 2.517178000000000000e+06 7.512344922360709916e+02 1.279146776037249947e+04 -3.943091066479099993e+01
1.528466376000000000e+09 2.517198000000000000e+06 7.512438335688569850e+02 1.266138306580880089e+04 -3.253913873803700341e+01
1.528466724000000000e+09 2.517218000000000000e+06 7.512549753421784544e+02 1.270676624404323411e+04 -2.999598897345499893e+01
1.528467125000000000e+09 2.517248000000000000e+06 7.512649716979008190e+02 1.301119805766671925e+04 -2.720781853812799866e+01
1.528467472000000000e+09 2.517268000000000000e+06 7.512768801108339858e+02 1.260352071000569958e+04 -2.954089545154199925e+01
1.528467807000000000e+09 2.517287000000000000e+06 7.512866193596310040e+02 1.280924741526889920e+04 -2.881718359753455871e+01
1.528468156000000000e+09 2.517307000000000000e+06 7.512995804954795176e+02 1.276124895826161446e+04 -2.731347146362400125e+01
1.528468502000000000e+09 2.517327000000000000e+06 7.513108908907709065e+02 1.269730282485299904e+04 -3.536247644134000012e+01
1.528468850000000000e+09 2.517347000000000000e+06 7.513220193320710223e+02 1.247372119431459942e+04 -2.451806906373699846e+01
1.528469200000000000e+09 2.517367000000000000e+06 7.513350015950526313e+02 1.292067697529974066e+04 -3.402760267409838946e+01
1.528469589000000000e+09 2.517396000000000000e+06 7.513475271060440264e+02 1.270516065526529928e+04 -3.675337983282998522e+01
1.528469938000000000e+09 2.517416000000000000e+06 7.513634067849271787e+02 1.273584075641235904e+04 -2.841725479166300161e+01
1.528470286000000000e+09 2.517436000000000000e+06 7.513778248836529201e+02 1.282401782594170072e+04 -3.329946487853690940e+01
1.528470634000000000e+09 2.517456000000000000e+06 7.513936928907205584e+02 1.268347463082712784e+04 -2.761619264340700042e+01
1.528470979000000000e+09 2.517476000000000000e+06 7.514105425877310154e+02 1.299153037403770031e+04 -2.910992427694419504e+01
1.528471406000000000e+09 2.517495000000000000e+06 7.514273582212763358e+02 1.241954336112240526e+04 -2.620132260749428355e+01
1.528472484000000000e+09 2.517515000000000000e+06 7.514464327752482404e+02 1.273874795859945334e+04 -2.308330697139599863e+01
1.528473616000000000e+09 2.517545000000000000e+06 7.514662174753887030e+02 1.286357987223777855e+04 -2.679324876781700127e+01
1.528474693000000000e+09 2.517565000000000000e+06 7.514836994560563426e+02 1.270340227430792402e+04 -3.070952945036200177e+01
1.528475770000000000e+09 2.517585000000000000e+06 7.515025301222440248e+02 1.273436148169809167e+04 -3.412669080732636928e+01
1.528476834000000000e+09 2.517604000000000000e+06 7.515234637945405893e+02 1.268710199726761130e+04 -2.860656908039478097e+01
1.528477913000000000e+09 2.517624000000000000e+06 7.515438085845438536e+02 1.319770373959060089e+04 -2.581515175616907953e+01
1.528478988000000000e+09 2.517644000000000000e+06 7.515611213959324459e+02 1.252651580923616166e+04 -2.928648083394000068e+01
1.528480064000000000e+09 2.517664000000000000e+06 7.515817831501634600e+02 1.276438487174764305e+04 -4.267333229692199836e+01
1.528481192000000000e+09 2.517694000000000000e+06 7.516073852207841810e+02 1.281145144866801638e+04 -3.567249166120929260e+01
1.528482258000000000e+09 2.517713000000000000e+06 7.516307982864435644e+02 1.298885323090829115e+04 -3.491863556426999793e+01
1.528483336000000000e+09 2.517733000000000000e+06 7.516567513720787019e+02 1.277152903872136994e+04 -2.641038704731699838e+01
1.528484416000000000e+09 2.517753000000000000e+06 7.516834448382977598e+02 1.288776763792795464e+04 -2.648340445644300090e+01
1.528485498000000000e+09 2.517773000000000000e+06 7.517068671593852969e+02 1.306653898080713770e+04 -2.981971455459299847e+01
1.528486576000000000e+09 2.517793000000000000e+06 7.517329469632295513e+02 1.218710837717481627e+04 -3.174045231960799995e+01
1.528487640000000000e+09 2.517812000000000000e+06 7.517577825250649539e+02 1.215954567648881675e+04 -2.536979795441899910e+01
1.528488776000000000e+09 2.517842000000000000e+06 7.517830552461214211e+02 1.238849852898498466e+04 -3.082778939504287408e+01
1.528489857000000000e+09 2.517862000000000000e+06 7.518100162164558924e+02 1.251070195460219838e+04 -3.481181180744474801e+01
1.528490933000000000e+09 2.517882000000000000e+06 7.518337157565154030e+02 1.201421465847972468e+04 -3.001143825841608859e+01
1.528492007000000000e+09 2.517902000000000000e+06 7.518574909578222787e+02 1.227509692756672484e+04 -3.701191868047300204e+01
1.528493070000000000e+09 2.517921000000000000e+06 7.518800056436215300e+02 1.247925588797755699e+04 -2.511632291260197292e+01
1.528494150000000000e+09 2.517941000000000000e+06 7.519022069270394013e+02 1.243907154083695423e+04 -2.828268756386999883e+01
1.528495228000000000e+09 2.517961000000000000e+06 7.519189790544899097e+02 1.259109371600626946e+04 -2.606415350384600060e+01
1.528496357000000000e+09 2.517991000000000000e+06 7.519362848229702649e+02 1.229824204216893850e+04 -2.692953891190026283e+01
1.528497433000000000e+09 2.518011000000000000e+06 7.519633002236155335e+02 1.240021347766237341e+04 -3.434134110321709699e+01
1.528498497000000000e+09 2.518030000000000000e+06 7.519892878183563880e+02 1.209060013339504621e+04 -3.559978408099333791e+01
1.528499577000000000e+09 2.518050000000000000e+06 7.520134509075488722e+02 1.213374127521392256e+04 -2.868114381601399998e+01
1.528500660000000000e+09 2.518070000000000000e+06 7.520391164103168649e+02 1.216050516287890787e+04 -3.730052167745400027e+01
1.528501737000000000e+09 2.518090000000000000e+06 7.520646486714382490e+02 1.163594146984104736e+04 -4.270971100544500132e+01
1.528502812000000000e+09 2.518110000000000000e+06 7.520905171406492400e+02 1.211647298243437399e+04 -4.446068413867403990e+01
1.528503930000000000e+09 2.518139000000000000e+06 7.521172568336361337e+02 1.222243045851749230e+04 -3.541453216306899776e+01
1.528505004000000000e+09 2.518159000000000000e+06 7.521418317839727479e+02 1.124312103384684633e+04 -2.717803309220329311e+01
1.528506083000000000e+09 2.518179000000000000e+06 7.521677188612829923e+02 1.201956726948926189e+04 -3.210991749289699726e+01
1.528507167000000000e+09 2.518199000000000000e+06 7.521931872758192412e+02 1.183707488761077730e+04 -2.906700316066964618e+01
1.528508243000000000e+09 2.518219000000000000e+06 7.522180973448805616e+02 1.169927071988404532e+04 -3.307611126650564870e+01
1.528509307000000000e+09 2.518238000000000000e+06 7.522453846372043245e+02 1.185899393001216777e+04 -3.197103018919199968e+01
1.528510382000000000e+09 2.518258000000000000e+06 7.522708243297264517e+02 1.187275710502083894e+04 -2.921519676060008663e+01
1.528511513000000000e+09 2.518288000000000000e+06 7.522969831011632778e+02 1.151992493144284708e+04 -2.706494166334200102e+01
1.528512588000000000e+09 2.518308000000000000e+06 7.523224237454314789e+02 1.146420653479956491e+04 -2.860584906511279613e+01
1.528513663000000000e+09 2.518328000000000000e+06 7.523519716397815955e+02 1.143247569534021568e+04 -3.753381737098030158e+01
1.528514727000000000e+09 2.518347000000000000e+06 7.523780837654464904e+02 1.141983222372983982e+04 -3.060405048716271637e+01
1.528515803000000000e+09 2.518367000000000000e+06 7.524055480141419139e+02 1.111387098592505208e+04 -3.202609047741649562e+01
1.528516879000000000e+09 2.518387000000000000e+06 7.524336363509447665e+02 1.146520634205149690e+04 -3.075898312695699843e+01
1.528517954000000000e+09 2.518407000000000000e+06 7.524596094970733020e+02 1.170054059906429757e+04 -3.803746973280200194e+01
1.528519084000000000e+09 2.518437000000000000e+06 7.524880699188818198e+02 1.140500588939561567e+04 -3.484793380918100070e+01
1.528520147000000000e+09 2.518456000000000000e+06 7.525166697580577875e+02 1.112403671145418411e+04 -2.852873535634371649e+01
1.528521222000000000e+09 2.518476000000000000e+06 7.525453587862299401e+02 1.104162082102197019e+04 -4.774257612162945463e+01
1.528522297000000000e+09 2.518496000000000000e+06 7.525720337040578443e+02 1.063548361468981784e+04 -3.385958112777600348e+01
1.528523373000000000e+09 2.518516000000000000e+06 7.526004760596805454e+02 1.047586033220627723e+04 -2.769433960299399899e+01
1.528524447000000000e+09 2.518536000000000000e+06 7.526316626723074705e+02 1.041068157080940000e+04 -3.289374319278916659e+01
1.528525511000000000e+09 2.518555000000000000e+06 7.526572658799442479e+02 1.039312266008557344e+04 -3.075747423317200102e+01
1.528526639000000000e+09 2.518585000000000000e+06 7.526835926723086914e+02 1.077366792746043211e+04 -2.972994269470899908e+01
1.528527714000000000e+09 2.518605000000000000e+06 7.527155469945561208e+02 1.067444376563210062e+04 -3.419430439221500251e+01
1.528528790000000000e+09 2.518625000000000000e+06 7.527435833337600570e+02 1.043130379705561609e+04 -3.150301355693099836e+01
1.528529864000000000e+09 2.518645000000000000e+06 7.527698867306694410e+02 1.034017118386435141e+04 -3.065207561846399997e+01
1.528530928000000000e+09 2.518664000000000000e+06 7.528018221892253905e+02 9.774905687752467202e+03 -4.043784539786499721e+01
