7.218832190000000537e+02 9.135186844485990252e-05 1.034031985635883004e-04
7.218837195005005469e+02 1.217700870349522921e-04 1.038620916403195217e-04
7.218842200010010401e+02 1.212930530992504391e-04 1.043201379178791341e-04
7.218847205015015334e+02 1.477039134135279251e-04 1.047773328247603224e-04
7.218852210020020266e+02 1.224478553389928047e-04 1.052336717670206861e-04
7.218857215025025198e+02 1.415010441603679480e-04 1.056891501282404029e-04
7.218862220030030130e+02 1.011644953205525680e-04 1.061437632694805410e-04
7.218867225035035062e+02 9.636539587137991014e-05 1.065975065292445426e-04
7.218872230040041131e+02 1.581745962055649190e-04 1.070503752235427749e-04
7.218877235045046064e+02 1.386093420347746762e-04 1.075023646454446597e-04
7.218882240050050996e+02 1.109036049880364933e-04 1.079534700656616488e-04
7.218887245055055928e+02 1.213056764866990878e-04 1.084036867321020369e-04
7.218892250060060860e+02 1.316284398259093974e-04 1.088530098699426278e-04
7.218897255065065792e+02 1.105851000910837900e-04 1.093014346815991895e-04
7.218902260070070724e+02 1.517300550632610110e-04 1.097489563466978041e-04
7.218907265075075657e+02 1.383077026016990454e-04 1.101955700220494708e-04
7.218912270080080589e+02 1.331500288258890879e-04 1.106412708416249792e-04
7.218917275085085521e+02 1.507286697806996365e-04 1.110860539165329272e-04
7.218922280090090453e+02 1.132791847839593308e-04 1.115299143349985923e-04
7.218927285095095385e+02 1.314909082165905871e-04 1.119728471623458667e-04
7.218932290100100317e+02 1.176228584568792652e-04 1.124148474409799095e-04
7.218937295105105250e+02 1.200639498238312188e-04 1.128559101903730795e-04
7.218942300110110182e+02 1.472294531776238680e-04 1.132960304070523719e-04
7.218947305115115114e+02 1.460227595140514158e-04 1.137352030645885219e-04
7.218952310120121183e+02 1.123101312927601115e-04 1.141734231136880268e-04
7.218957315125126115e+02 1.247324615296393601e-04 1.146106854817886703e-04
7.218962320130131047e+02 1.524082051580528268e-04 1.150469850736533133e-04
7.218967325135135980e+02 1.253182205022006137e-04 1.154823167709703247e-04
7.218972330140140912e+02 1.202330301414973834e-04 1.159166754324540460e-04
7.218977335145145844e+02 1.388213083360170829e-04 1.163500558938486407e-04
7.218982340150150776e+02 1.234250764795263573e-04 1.167824529679337587e-04
7.218987345155155708e+02 1.041217242458960856e-04 1.172138614445334678e-04
7.218992350160160640e+02 1.531972891935506345e-04 1.176442760905270279e-04
7.218997355165165573e+02 1.293780069613759544e-04 1.180736916498632431e-04
7.219002360170170505e+02 1.374586481728220263e-04 1.185021028435764265e-04
7.219007365175175437e+02 1.301869315009813468e-04 1.189295043698062140e-04
7.219012370180180369e+02 1.297063810669933572e-04 1.193558909038195737e-04
7.219017375185185301e+02 1.558929564607015514e-04 1.197812570980356071e-04
7.219022380190190233e+02 1.252619871756850472e-04 1.202055975820540091e-04
7.219027385195195166e+02 1.277247006757439190e-04 1.206289069626856428e-04
7.219032390200201235e+02 1.276642814818292353e-04 1.210511798240828063e-04
7.219037395205206167e+02 1.036338516693442356e-04 1.214724107273927215e-04
7.219042400210211099e+02 1.418055682429879847e-04 1.218925942113736189e-04
7.219047405215216031e+02 1.230862469028156097e-04 1.223117247920545278e-04
7.219052410220220963e+02 1.291634506718436037e-04 1.227297969628782020e-04
7.219057415225225895e+02 1.846073088970550595e-04 1.231468051947517516e-04
7.219062420230230828e+02 1.210096215893712219e-04 1.235627439361003518e-04
7.219067425235235760e+02 1.268595865955407498e-04 1.239776076129247325e-04
7.219072430240240692e+02 1.562834904073880191e-04 1.243913906288620567e-04
7.219077435245245624e+02 1.315400642789107304e-04 1.248040873652508096e-04
7.219082440250250556e+02 1.177297922723787894e-04 1.252156921811992390e-04
7.219087445255255489e+02 1.637758061895963732e-04 1.256261994136572649e-04
7.219092450260260421e+02 1.133138442790068722e-04 1.260356033774931331e-04
7.219097455265265353e+02 1.226017794627657493e-04 1.264438983655729947e-04
7.219102460270270285e+02 1.271399075557508372e-04 1.268510786488454207e-04
7.219107465275276354e+02 1.265142663102876940e-04 1.272571384765216768e-04
7.219112470280281286e+02 1.484196356654616232e-04 1.276620720757993611e-04
7.219117475285286218e+02 1.208798930519131877e-04 1.280658736525128161e-04
7.219122480290291151e+02 1.729911611482627275e-04 1.284685373908646541e-04
7.219127485295296083e+02 1.075669046536248044e-04 1.288700574536239484e-04
7.219132490300301015e+02 1.154738739349649742e-04 1.292704279822361993e-04
7.219137495305305947e+02 1.360698300139792064e-04 1.296696430969377712e-04
7.219142500310310879e+02 1.468354119542849472e-04 1.300676968968754801e-04
7.219147505315315811e+02 1.329887783534638025e-04 1.304645834602305725e-04
7.219152510320320744e+02 1.215230296048366030e-04 1.308602968443476635e-04
7.219157515325325676e+02 9.669262524624320956e-05 1.312548310858685551e-04
7.219162520330330608e+02 1.385396986716451386e-04 1.316481802008715016e-04
7.219167525335335540e+02 1.250567080967326331e-04 1.320403381850148393e-04
7.219172530340340472e+02 1.313126963972964295e-04 1.324312990136864170e-04
7.219177535345345404e+02 1.265574447350976679e-04 1.328210566421583381e-04
7.219182540350350337e+02 1.166892444037773342e-04 1.332096050057468269e-04
7.219187545355356406e+02 1.297715148282924255e-04 1.335969380200654436e-04
7.219192550360361338e+02 1.349106086266674233e-04 1.339830495808447004e-04
7.219197555365366270e+02 1.324816893552476567e-04 1.343679335646365486e-04
7.219202560370371202e+02 1.212035642404835442e-04 1.347515838286450268e-04
7.219207565375376134e+02 1.307745981552305657e-04 1.351339942110024608e-04
7.219212570380381067e+02 1.318252653572526295e-04 1.355151585309641597e-04
7.219217575385385999e+02 1.501284628853407851e-04 1.358950705891089929e-04
7.219222580390390931e+02 1.539147510311543985e-04 1.362737241675459308e-04
7.219227585395395863e+02 1.238871475255468610e-04 1.366511130301272263e-04
7.219232590400400795e+02 1.701646643925773506e-04 1.370272309226678838e-04
7.219237595405405727e+02 1.622952734702131261e-04 1.374020715731716889e-04
7.219242600410410660e+02 1.439792941156576623e-04 1.377756286920635525e-04
7.219247605415415592e+02 9.826694297259453727e-05 1.381478959724291740e-04
7.219252610420420524e+02 1.424174760266230832e-04 1.385188670902611548e-04
7.219257615425425456e+02 1.393091445652013124e-04 1.388885357047118889e-04
7.219262620430431525e+02 1.434553158014938298e-04 1.392568954584377967e-04
7.219267625435436457e+02 1.747641091707431065e-04 1.396239399775318338e-04
7.219272630440441390e+02 1.475470326893537894e-04 1.399896628723007008e-04
7.219277635445446322e+02 1.555083271065936046e-04 1.403540577372118807e-04
7.219282640450451254e+02 1.297042380102940808e-04 1.407171181512669020e-04
7.219287645455456186e+02 1.492815613997494650e-04 1.410788376782991964e-04
7.219292650460461118e+02 1.622025755693717484e-04 1.414392098672788412e-04
7.219297655465466050e+02 1.515334328460169779e-04 1.417982282526258117e-04
7.219302660470470983e+02 1.045323748886000433e-04 1.421558863545312309e-04
7.219307665475475915e+02 1.814110480348991394e-04 1.425121776792863707e-04
7.219312670480480847e+02 1.439380867236218309e-04 1.428670957196203533e-04
7.219317675485485779e+02 1.247002214883066132e-04 1.432206339550463642e-04
7.219322680490490711e+02 1.476262558143675316e-04 1.435727858522157260e-04
7.219327685495495643e+02 1.385073928578852819e-04 1.439235448652815392e-04
7.219332690500500576e+02 1.078220563401962332e-04 1.442729044362705366e-04
7.219337695505505508e+02 1.191866582181323362e-04 1.446208579954640723e-04
7.219342700510511577e+02 1.368524973333716662e-04 1.449673989618667134e-04
7.219347705515516509e+02 1.589538530448064311e-04 1.453125207432911332e-04
7.219352710520521441e+02 1.693394585958800879e-04 1.456562167372389173e-04
7.219357715525526373e+02 1.489102184583443054e-04 1.459984803310036708e-04
7.219362720530531305e+02 1.497227199378796576e-04 1.463393049021774223e-04
7.219367725535536238e+02 1.446673702070274846e-04 1.466786838190884518e-04
7.219372730540541170e+02 1.671794866372892962e-04 1.470166104412486054e-04
7.219377735545546102e+02 1.492163607826371393e-04 1.473530781198109641e-04
7.219382740550551034e+02 1.636176333675065425e-04 1.476880801980375415e-04
7.219387745555555966e+02 1.262117614689738283e-04 1.480216100117774441e-04
7.219392750560560899e+02 1.638975385703074169e-04 1.483536608899554943e-04
7.219397755565565831e+02 1.272681312400075109e-04 1.486842261550713968e-04
7.219402760570570763e+02 1.509356404354676425e-04 1.490132991237101809e-04
7.219407765575575695e+02 1.659626865285121749e-04 1.493408731070628619e-04
7.219412770580580627e+02 1.429515683585106940e-04 1.496669414114587841e-04
7.219417775585585559e+02 1.353869535891023021e-04 1.499914973389092398e-04
7.219422780590591628e+02 1.445010565095959979e-04 1.503145341877351409e-04
7.219427785595596561e+02 1.510118608826490976e-04 1.506360452528406177e-04
7.219432790600601493e+02 1.234972964668202503e-04 1.509560238267314096e-04
7.219437795605606425e+02 1.391205277404708538e-04 1.512744631998109068e-04
7.219442800610611357e+02 1.262534118859452714e-04 1.515913566610559875e-04
7.219447805615616289e+02 1.551738284606880857e-04 1.519066974986312457e-04
7.219452810620621221e+02 1.283897676540920877e-04 1.522204790005158767e-04
7.219457815625626154e+02 1.472372359860155458e-04 1.525326944551427875e-04
7.219462820630631086e+02 1.360228433438939797e-04 1.528433371520504459e-04
7.219467825635636018e+02 1.142321925266751985e-04 1.531524003825480659e-04
7.219472830640640950e+02 1.261131331862288543e-04 1.534598774403931254e-04
7.219477835645645882e+02 1.560746766733702470e-04 1.537657616224824639e-04
7.219482840650650814e+02 1.419432420686099006e-04 1.540700462295569329e-04
7.219487845655655747e+02 1.375637712683544912e-04 1.543727245669191913e-04
7.219492850660660679e+02 1.420446015043968526e-04 1.546737899451652984e-04
7.219497855665666748e+02 1.638825606305733650e-04 1.549732356809982177e-04
7.219502860670671680e+02 1.268628481910568252e-04 1.552710550977156809e-04
7.219507865675676612e+02 1.379347188146898295e-04 1.555672415263920495e-04
7.219512870680681544e+02 1.435841088163104676e-04 1.558617883063940970e-04
7.219517875685686477e+02 1.517998091130036626e-04 1.561546887862518939e-04
7.219522880690691409e+02 1.191520429668188917e-04 1.564459363244764323e-04
7.219527885695696341e+02 1.501596344330603913e-04 1.567355242903918319e-04
7.219532890700701273e+02 1.398823897753684754e-04 1.570234460649828608e-04
7.219537895705706205e+02 1.389686966460396849e-04 1.573096950417577440e-04
7.219542900710711137e+02 1.493724881681985652e-04 1.575942646276261771e-04
7.219547905715716070e+02 1.385232312050015027e-04 1.578771482437932782e-04
7.219552910720721002e+02 1.277607031765382744e-04 1.581583393266687457e-04
7.219557915725725934e+02 1.499433182314430799e-04 1.584378313287928750e-04
7.219562920730730866e+02 1.607246991845197445e-04 1.587156177197776466e-04
7.219567925735735798e+02 1.566486706738800746e-04 1.589916919872649706e-04
7.219572930740740730e+02 1.334711030694352531e-04 1.592660476379009781e-04
7.219577935745746800e+02 1.457696805925607362e-04 1.595386781983888086e-04
7.219582940750751732e+02 2.008902409792304763e-04 1.598095772162491776e-04
7.219587945755756664e+02 1.555984631516249724e-04 1.600787382612169378e-04
7.219592950760761596e+02 1.681514989462882940e-04 1.603461549260349586e-04
7.219597955765766528e+02 1.517862264560800977e-04 1.606118208275756254e-04
7.219602960770771460e+02 1.288828876845830970e-04 1.608757296079179125e-04
7.219607965775776393e+02 1.623643348214250267e-04 1.611378749354419669e-04
7.219612970780781325e+02 1.544392031053480813e-04 1.613982505059417978e-04
7.219617975785786257e+02 1.408807605869636563e-04 1.616568500437558556e-04
7.219622980790791189e+02 1.725101373885754106e-04 1.619136673029154729e-04
7.219627985795796121e+02 1.626246272093212573e-04 1.621686960683127129e-04
7.219632990800801053e+02 1.097790061901362607e-04 1.624219301568856464e-04
7.219637995805805986e+02 1.479079840188619367e-04 1.626733634188230629e-04
7.219643000810810918e+02 1.438068024976142439e-04 1.629229897387879118e-04
7.219648005815815850e+02 1.322151050655253517e-04 1.631708030371595535e-04
7.219653010820821919e+02 1.554827009796958654e-04 1.634167972713514454e-04
7.219658015825826851e+02 1.426492871810189106e-04 1.636609664368689156e-04
7.219663020830831783e+02 1.509938271025887933e-04 1.639033045689451706e-04
7.219668025835836715e+02 1.902650278044499676e-04 1.641438057436377758e-04
7.219673030840841648e+02 1.451352224462535681e-04 1.643824640792248366e-04
7.219678035845846580e+02 1.826649443322369713e-04 1.646192737375655913e-04
7.219683040850851512e+02 1.509352097550035858e-04 1.648542289254805728e-04
7.219688045855856444e+02 1.470965874285608884e-04 1.650873238961526423e-04
7.219693050860861376e+02 1.368596798871967520e-04 1.653185529505481340e-04
7.219698055865866309e+02 1.123281093770253398e-04 1.655479104388590068e-04
7.219703060870871241e+02 1.719707031188473739e-04 1.657753907619653787e-04
7.219708065875876173e+02 1.501789386945989366e-04 1.660009883729194203e-04
7.219713070880881105e+02 1.132174036281474087e-04 1.662246977784499020e-04
7.219718075885886037e+02 1.691665104822487570e-04 1.664465135404882357e-04
7.219723080890890969e+02 1.405244241401375877e-04 1.666664302777158481e-04
7.219728085895895902e+02 1.328189942147579264e-04 1.668844426671327774e-04
7.219733090900901971e+02 1.389563578079776665e-04 1.671005454456971767e-04
7.219738095905906903e+02 1.714072061640105533e-04 1.673147334117410651e-04
7.219743100910911835e+02 1.370232244379409486e-04 1.675270014268993943e-04
7.219748105915916767e+02 1.397282880491422790e-04 1.677373444175686806e-04
7.219753110920921699e+02 1.554511780087076273e-04 1.679457573766344634e-04
7.219758115925926631e+02 1.761583425844210802e-04 1.681522353651715516e-04
7.219763120930931564e+02 1.570507176653050544e-04 1.683567735141665224e-04
7.219768125935936496e+02 1.440766463809264929e-04 1.685593670262622843e-04
7.219773130940941428e+02 1.804260372402490215e-04 1.687600111775258954e-04
7.219778135945946360e+02 1.619744445519685110e-04 1.689587013192379579e-04
7.219783140950951292e+02 1.733371950671202773e-04 1.691554328797055399e-04
7.219788145955956224e+02 1.459310649932312517e-04 1.693502013660975125e-04
7.219793150960961157e+02 1.397519566905000923e-04 1.695430023663024660e-04
7.219798155965966089e+02 1.472420239626822996e-04 1.697338315508098005e-04
7.219803160970971021e+02 1.309488733551892009e-04 1.699226846746138019e-04
7.219808165975975953e+02 1.833271100713914834e-04 1.701095575791404318e-04
7.219813170980982022e+02 1.612064694532117386e-04 1.702944461942393047e-04
7.219818175985986954e+02 1.401110580395582405e-04 1.704773465399889935e-04
7.219823180990991887e+02 1.586275241748210589e-04 1.706582547289457188e-04
7.219828185995996819e+02 1.543887932148266804e-04 1.708371669679937838e-04
7.219833191001001751e+02 1.513286694595556065e-04 1.710140795604306850e-04
7.219838196006006683e+02 1.405189875741155693e-04 1.711889889080330050e-04
7.219843201011011615e+02 2.207036186979385753e-04 1.713618915131452365e-04
7.219848206016016547e+02 1.654315131075809555e-04 1.715327839807922149e-04
7.219853211021021480e+02 1.113071521994013263e-04 1.717016630208142102e-04
7.219858216026026412e+02 1.991194189129935025e-04 1.718685254500260074e-04
7.219863221031031344e+02 1.653311660530407904e-04 1.720333681943984568e-04
7.219868226036036276e+02 2.058268657363108642e-04 1.721961882912632533e-04
7.219873231041041208e+02 1.674251356766233011e-04 1.723569828915414055e-04
7.219878236046046140e+02 1.535749880264551019e-04 1.725157492619936600e-04
7.219883241051051073e+02 1.748894499690408270e-04 1.726724847874951845e-04
7.219888246056057142e+02 1.663529517083913573e-04 1.728271869733670365e-04
7.219893251061062074e+02 1.643659864472235500e-04 1.729798534475557347e-04
7.219898256066067006e+02 1.369761811488766313e-04 1.731304819631869886e-04
7.219903261071071938e+02 1.849742454036467797e-04 1.732790704007894519e-04
7.219908266076076870e+02 1.329362741109795768e-04 1.734256167707178052e-04
7.219913271081081803e+02 1.796066763784486529e-04 1.735701192155629112e-04
7.219918276086086735e+02 1.659448767795709118e-04 1.737125760125841402e-04
7.219923281091091667e+02 1.416287126836762950e-04 1.738529855761634620e-04
7.219928286096096599e+02 1.834264283472180083e-04 1.739913464602821705e-04
7.219933291101101531e+02 1.417221253910357667e-04 1.741276573610187766e-04
7.219938296106106463e+02 1.368908682299344254e-04 1.742619171190688571e-04
7.219943301111111396e+02 1.769566575060400968e-04 1.743941247222861532e-04
7.219948306116116328e+02 1.662198856862033352e-04 1.745242793082448386e-04
7.219953311121121260e+02 1.250325875438446500e-04 1.746523801668230106e-04
7.219958316126126192e+02 1.629931831922592437e-04 1.747784267428062661e-04
7.219963321131131124e+02 1.697705101411972931e-04 1.749024186385126365e-04
7.219968326136137193e+02 1.449292590539168213e-04 1.750243556164644680e-04
7.219973331141142125e+02 1.661484283257231112e-04 1.751442376019428024e-04
7.219978336146147058e+02 1.536594908185540131e-04 1.752620646858378799e-04
7.219983341151151990e+02 2.116782858269988712e-04 1.753778371272412498e-04
7.219988346156156922e+02 1.414360267520766747e-04 1.754915553561964183e-04
7.219993351161161854e+02 1.602152809047400171e-04 1.756032199764400912e-04
7.219998356166166786e+02 1.592347280543337672e-04 1.757128317681616852e-04
7.220003361171171719e+02 1.611841713812707814e-04 1.758203916907805661e-04
7.220008366176176651e+02 1.449971127070763728e-04 1.759259008857411762e-04
7.220013371181181583e+02 1.885028961173810158e-04 1.760293606793252377e-04
7.220018376186186515e+02 1.738232207745019032e-04 1.761307725854801653e-04
7.220023381191191447e+02 1.348166025108724433e-04 1.762301383086644735e-04
7.220028386196196379e+02 1.836743835740504147e-04 1.763274597467082269e-04
7.220033391201201312e+02 1.353718630817024495e-04 1.764227389936894020e-04
7.220038396206206244e+02 1.470838107914659767e-04 1.765159783428247220e-04
7.220043401211212313e+02 2.087788477059038575e-04 1.766071802893954309e-04
7.220048406216217245e+02 1.728912988775425019e-04 1.766963475335838103e-04
7.220053411221222177e+02 1.747071509448566229e-04 1.767834829835294096e-04
7.220058416226227109e+02 1.751981101111699365e-04 1.768685897581909606e-04
7.220063421231232041e+02 1.906307958556133003e-04 1.769516711903238674e-04
7.220068426236236974e+02 1.689458763960154271e-04 1.770327308294483183e-04
7.220073431241241906e+02 2.008213685911225020e-04 1.771117724448287008e-04
7.220078436246246838e+02 1.955802569880743156e-04 1.771888000284622315e-04
7.220083441251251770e+02 1.404164821748191475e-04 1.772638177980778327e-04
7.220088446256256702e+02 1.955768225970464273e-04 1.773368302001433836e-04
7.220093451261261634e+02 1.808209997253348714e-04 1.774078419128809680e-04
7.220098456266266567e+02 1.637911618372906569e-04 1.774768578492894131e-04
7.220103461271271499e+02 1.715223488136608865e-04 1.775438831601735775e-04
7.220108466276276431e+02 1.578424544714701117e-04 1.776089232371789518e-04
7.220113471281281363e+02 1.853845818702302473e-04 1.776719837158315172e-04
7.220118476286286295e+02 2.106180682143573213e-04 1.777330704785815084e-04
7.220123481291292364e+02 1.325327500868987457e-04 1.777921896578638712e-04
7.220128486296297297e+02 1.972873810600353159e-04 1.778493476390936433e-04
7.220133491301302229e+02 1.693649359207379640e-04 1.779045510637982947e-04
7.220138496306307161e+02 1.869739276431284637e-04 1.779578068326143547e-04
7.220143501311312093e+02 1.152979962698777162e-04 1.780091221083518276e-04
7.220148506316317025e+02 1.971672430026414106e-04 1.780585043190439996e-04
7.220153511321321957e+02 1.670828720035271494e-04 1.781059611609944532e-04
7.220158516326326890e+02 1.769597117127854106e-04 1.781515006018203956e-04
7.220163521331331822e+02 1.988324864584432936e-04 1.781951308834923010e-04
7.220168526336336754e+02 1.754254254984842607e-04 1.782368605253670203e-04
7.220173531341341686e+02 1.383570999857688000e-04 1.782766983272150902e-04
7.220178536346346618e+02 1.720632720101474477e-04 1.783146533722399386e-04
7.220183541351351550e+02 1.726619345000358994e-04 1.783507350300878188e-04
7.220188546356356483e+02 1.521602752192575741e-04 1.783849529598484482e-04
7.220193551361361415e+02 1.890031915028363813e-04 1.784173171130437466e-04
7.220198556366366347e+02 1.915814460499406298e-04 1.784478377366042427e-04
7.220203561371372416e+02 1.993329390074215235e-04 1.784765253758382694e-04
7.220208566376377348e+02 1.670002297944971721e-04 1.785033908773538082e-04
7.220213571381382280e+02 1.661423351752203516e-04 1.785284453920291483e-04
7.220218576386387213e+02 1.743835893228857256e-04 1.785517003779000091e-04
7.220223581391392145e+02 2.099951387530557957e-04 1.785731676030613796e-04
7.220228586396397077e+02 1.353266003565571228e-04 1.785928591485418202e-04
7.220233591401402009e+02 1.561335958169282969e-04 1.786107874111561068e-04
7.220238596406406941e+02 1.932001548809483512e-04 1.786269651063350256e-04
7.220243601411411873e+02 1.659690860796814648e-04 1.786414052709304481e-04
7.220248606416416806e+02 1.774380899003240059e-04 1.786541212659943038e-04
7.220253611421421738e+02 1.658398355347312015e-04 1.786651267795297975e-04
7.220258616426426670e+02 1.392405128540025942e-04 1.786744358292142478e-04
7.220263621431431602e+02 1.590672957025836081e-04 1.786820627650902659e-04
7.220268626436436534e+02 1.867968656928370550e-04 1.786880222722261717e-04
7.220273631441441466e+02 1.865798609336553979e-04 1.786923293733413075e-04
7.220278636446447535e+02 1.729914936329780514e-04 1.786949994313973087e-04
7.220283641451452468e+02 1.653918550178739687e-04 1.786960481521495563e-04
7.220288646456457400e+02 1.645210575705426180e-04 1.786954915866659146e-04
7.220293651461462332e+02 1.211918065852804309e-04 1.786933461337986302e-04
7.220298656466467264e+02 1.799987697257959395e-04 1.786896285426176892e-04
7.220303661471472196e+02 1.708178596881590407e-04 1.786843559147999368e-04
7.220308666476477129e+02 1.785474944319387065e-04 1.786775457069725542e-04
7.220313671481482061e+02 1.981451996272717928e-04 1.786692157330096694e-04
7.220318676486486993e+02 1.727856382300203809e-04 1.786593841662794746e-04
7.220323681491491925e+02 1.841881115610739426e-04 1.786480695418411182e-04
7.220328686496496857e+02 2.105141104736530907e-04 1.786352907585885789e-04
7.220333691501501789e+02 1.743370871447077856e-04 1.786210670813405464e-04
7.220338696506506722e+02 1.564458881914390816e-04 1.786054181428738433e-04
7.220343701511511654e+02 1.913350596138680651e-04 1.785883639458987326e-04
7.220348706516516586e+02 2.190027527353041704e-04 1.785699248649741334e-04
7.220353711521521518e+02 1.918018303304710895e-04 1.785501216483613906e-04
7.220358716526527587e+02 1.842868823246290259e-04 1.785289754198087896e-04
7.220363721531532519e+02 1.813939887930710385e-04 1.785065076802953333e-04
7.220368726536537451e+02 2.005744617984522556e-04 1.784827403096579126e-04
7.220373731541542384e+02 1.722483752802676717e-04 1.784576955681974704e-04
7.220378736546547316e+02 1.837524813566455951e-04 1.784313960981892685e-04
7.220383741551552248e+02 1.788360272786117223e-04 1.784038649253249034e-04
7.220388746556557180e+02 1.655214032202863327e-04 1.783751254600784823e-04
7.220393751561562112e+02 2.180650665996720732e-04 1.783452014989956040e-04
7.220398756566567045e+02 1.587435383688054361e-04 1.783141172259028679e-04
7.220403761571571977e+02 1.896737072272501091e-04 1.782818972130356336e-04
7.220408766576576909e+02 2.035359619017002410e-04 1.782485664220829482e-04
7.220413771581581841e+02 1.430183208127975159e-04 1.782141502051466588e-04
7.220418776586586773e+02 2.180962250510779595e-04 1.781786743056130290e-04
7.220423781591591705e+02 2.000139284362039457e-04 1.781421648589355338e-04
7.220428786596596638e+02 2.274559637602384951e-04 1.781046483933252246e-04
7.220433791601602707e+02 1.919004416107578657e-04 1.780661518303399392e-04
7.220438796606607639e+02 1.512964520553982241e-04 1.780267024854214426e-04
7.220443801611612571e+02 1.391608836565936332e-04 1.779863280682474405e-04
7.220448806616617503e+02 2.043449140795794102e-04 1.779450566830720728e-04
7.220453811621622435e+02 1.847441528219262614e-04 1.779029168289209613e-04
7.220458816626627367e+02 1.532838891203166403e-04 1.778599373996917702e-04
7.220463821631632300e+02 2.161670856461600509e-04 1.778161476841498415e-04
7.220468826636637232e+02 1.513166355589060129e-04 1.777715773658157365e-04
7.220473831641642164e+02 2.095485130934582037e-04 1.777262565227446275e-04
7.220478836646647096e+02 2.027633311014894976e-04 1.776802156271937462e-04
7.220483841651652028e+02 1.527225913753552263e-04 1.776334855451771016e-04
7.220488846656656960e+02 1.944243423544378022e-04 1.775860975359055439e-04
7.220493851661661893e+02 1.757646833074169622e-04 1.775380832511097074e-04
7.220498856666666825e+02 2.080707657869318916e-04 1.774894747342445583e-04
7.220503861671671757e+02 1.795746751218042715e-04 1.774403044195732983e-04
7.220508866676676689e+02 2.149017875928071152e-04 1.773906051311294847e-04
7.220513871681682758e+02 1.864015329539741586e-04 1.773404100815431108e-04
7.220518876686687690e+02 1.613362719947779257e-04 1.772897528707985436e-04
7.220523881691692623e+02 1.787587475942462999e-04 1.772386674847508206e-04
7.220528886696697555e+02 2.204227211633645784e-04 1.771871882936266584e-04
7.220533891701702487e+02 2.187589448062135392e-04 1.771353500503377058e-04
7.220538896706707419e+02 1.814276711357180275e-04 1.770831878886731513e-04
7.220543901711712351e+02 2.001457354919461439e-04 1.770307373213580527e-04
7.220548906716717283e+02 1.896709362390323103e-04 1.769780342379762494e-04
7.220553911721722216e+02 1.918417474429276416e-04 1.769251149027563136e-04
7.220558916726727148e+02 2.184946861472179130e-04 1.768720159522193462e-04
7.220563921731732080e+02 1.986077498193703351e-04 1.768187743926864504e-04
7.220568926736737012e+02 2.183439714390407471e-04 1.767654275976455569e-04
7.220573931741741944e+02 1.888043850520921706e-04 1.767120133049752430e-04
7.220578936746746876e+02 1.442938934571071899e-04 1.766585696140253285e-04
7.220583941751751809e+02 2.004250048910791117e-04 1.766051349825523240e-04
7.220588946756756741e+02 2.151051888314328795e-04 1.765517482235087830e-04
7.220593951761762810e+02 1.773000532838731361e-04 1.764984485016733034e-04
7.220598956766767742e+02 1.911923399462226152e-04 1.764452753301933323e-04
7.220603961771772674e+02 2.077247065944369650e-04 1.763922685668568380e-04
7.220608966776777606e+02 1.849930286746427881e-04 1.763394684103363364e-04
7.220613971781782539e+02 2.038180970495757655e-04 1.762869153962201140e-04
7.220618976786787471e+02 2.023929013784064542e-04 1.762346503929048097e-04
7.220623981791792403e+02 2.294485016994536174e-04 1.761827145973353132e-04
7.220628986796797335e+02 1.904415283318203927e-04 1.761311495305916829e-04
7.220633991801802267e+02 1.871024182393620330e-04 1.760799970333224590e-04
7.220638996806807199e+02 1.561631305180154650e-04 1.760292992610240474e-04
7.220644001811812132e+02 1.849311417585411529e-04 1.759790986791656318e-04
7.220649006816817064e+02 1.869517660693517322e-04 1.759294380581592613e-04
7.220654011821821996e+02 2.180947113448204798e-04 1.758803604681748439e-04
7.220659016826826928e+02 1.948335710925894746e-04 1.758319092738001789e-04
7.220664021831831860e+02 1.900880562177939429e-04 1.757841281285453538e-04
7.220669026836837929e+02 1.915849622828011184e-04 1.757370609691817176e-04
7.220674031841842861e+02 1.558625230885380265e-04 1.756907520099781266e-04
7.220679036846847794e+02 1.909672232746963691e-04 1.756452457366764397e-04
7.220684041851852726e+02 1.855109580631988204e-04 1.756005869004182514e-04
7.220689046856857658e+02 1.690964462294194178e-04 1.755568205114643797e-04
7.220694051861862590e+02 1.967738470110029156e-04 1.755139918327705073e-04
7.220699056866867522e+02 1.497654243734446969e-04 1.754721463734100050e-04
7.220704061871872455e+02 1.953345922235441004e-04 1.754313298818434481e-04
7.220709066876877387e+02 1.679731673926684920e-04 1.753915883390362639e-04
7.220714071881882319e+02 2.147311486093745768e-04 1.753529679514254037e-04
7.220719076886887251e+02 1.769486593950762615e-04 1.753155151437351756e-04
7.220724081891892183e+02 1.917858825178523968e-04 1.752792765516444863e-04
7.220729086896897115e+02 1.871945314732971586e-04 1.752442990143053048e-04
7.220734091901902048e+02 1.945621464738258915e-04 1.752106295667146222e-04
7.220739096906906980e+02 2.129214492706539943e-04 1.751783154319406946e-04
7.220744101911911912e+02 2.425688523197904280e-04 1.751474040132051967e-04
7.220749106916917981e+02 1.819782425874797653e-04 1.751179428858162964e-04
7.220754111921922913e+02 2.064714413409560049e-04 1.750899797889934450e-04
7.220759116926927845e+02 2.039825064075016391e-04 1.750635626174869015e-04
7.220764121931932777e+02 1.949719191625690290e-04 1.750387394131265660e-04
7.220769126936937710e+02 1.951596843518286844e-04 1.750155583562020846e-04
7.220774131941942642e+02 2.073447168787380791e-04 1.749940677567159944e-04
7.220779136946947574e+02 1.957485121228054361e-04 1.749743160455060318e-04
7.220784141951952506e+02 2.214030089326440745e-04 1.749563517652383401e-04
7.220789146956957438e+02 2.186730809427028831e-04 1.749402235612744483e-04
7.220794151961962370e+02 2.449555275773200353e-04 1.749259801724141635e-04
7.220799156966967303e+02 1.737240127142295094e-04 1.749136704215170863e-04
7.220804161971972235e+02 2.023025227742050985e-04 1.749033432060052710e-04
7.220809166976977167e+02 1.904376931662778009e-04 1.748950474882505265e-04
7.220814171981982099e+02 1.986609812896264319e-04 1.748888322858480385e-04
7.220819176986987031e+02 2.079312206284505797e-04 1.748847466617806231e-04
7.220824181991991964e+02 2.129620022797720997e-04 1.748828397144760777e-04
7.220829186996998033e+02 1.950701973394778624e-04 1.748831605677608823e-04
7.220834192002002965e+02 2.026535650203608338e-04 1.748857583607130704e-04
7.220839197007007897e+02 1.721743245456280652e-04 1.748906822374190117e-04
7.220844202012012829e+02 2.022313577542536936e-04 1.748979813366367917e-04
7.220849207017017761e+02 2.090638166840240919e-04 1.749077047813696827e-04
7.220854212022022693e+02 2.228857208537412594e-04 1.749199016683533679e-04
7.220859217027027626e+02 1.854588598805916424e-04 1.749346210574616051e-04
7.220864222032032558e+02 2.289318352036326886e-04 1.749519119610329614e-04
7.220869227037037490e+02 2.030315750452772391e-04 1.749718233331235776e-04
7.220874232042042422e+02 2.053739556006948608e-04 1.749944040586899206e-04
7.220879237047047354e+02 1.759427847457294212e-04 1.750197029427048845e-04
7.220884242052052286e+02 2.227141622890110016e-04 1.750477686992128236e-04
7.220889247057057219e+02 1.874283728188858521e-04 1.750786499403265539e-04
7.220894252062062151e+02 2.272946208892651142e-04 1.751123951651717436e-04
7.220899257067067083e+02 1.996005878983658939e-04 1.751490527487824060e-04
7.220904262072073152e+02 2.403331466398164100e-04 1.751886709309620775e-04
7.220909267077078084e+02 2.110833770929148212e-04 1.752312978050595059e-04
7.220914272082083016e+02 1.990726183067934409e-04 1.752769813068001756e-04
7.220919277087087949e+02 1.682161688596927522e-04 1.753257692029991399e-04
7.220924282092092881e+02 2.212533360718563560e-04 1.753777090802925275e-04
7.220929287097097813e+02 1.732056718540340014e-04 1.754328483338402111e-04
7.220934292102102745e+02 2.149599758308905933e-04 1.754912341560137289e-04
7.220939297107107677e+02 2.099134694162776526e-04 1.755529135250736368e-04
7.220944302112112609e+02 2.194837616751990129e-04 1.756179331938420617e-04
7.220949307117117542e+02 2.088828767977469526e-04 1.756863396783752557e-04
7.220954312122122474e+02 2.295864912745716627e-04 1.757581792466416520e-04
7.220959317127127406e+02 2.260058637658804513e-04 1.758334979072095439e-04
7.220964322132132338e+02 2.663690477677922415e-04 1.759123413979513237e-04
7.220969327137137270e+02 1.879410391116470352e-04 1.759947551747681601e-04
7.220974332142142202e+02 1.855990496827200382e-04 1.760807844003409671e-04
7.220979337147147135e+02 2.180051170019360639e-04 1.761704739329128142e-04
7.220984342152153204e+02 2.108009899935976532e-04 1.762638683151303450e-04
7.220989347157158136e+02 2.313352253278273265e-04 1.763610117628190861e-04
7.220994352162163068e+02 1.760555416372235104e-04 1.764619481540206458e-04
7.220999357167168000e+02 2.574447510548311308e-04 1.765667210178705068e-04
7.221004362172172932e+02 2.410696635367239439e-04 1.766753735236397511e-04
7.221009367177177865e+02 2.209658686936753118e-04 1.767879484698194211e-04
7.221014372182182797e+02 1.825227683172403264e-04 1.769044882732739171e-04
7.221019377187187729e+02 2.602106161547366385e-04 1.770250349584693943e-04
7.221024382192192661e+02 2.250425357217489763e-04 1.771496301467817135e-04
7.221029387197197593e+02 2.119724538982407935e-04 1.772783150458896370e-04
7.221034392202202525e+02 1.814689388847827770e-04 1.774111304392588266e-04
7.221039397207207458e+02 1.872853235460422326e-04 1.775481166757216845e-04
7.221044402212212390e+02 1.944381211749412672e-04 1.776893136591579719e-04
7.221049407217217322e+02 1.885423075389484752e-04 1.778347608382825726e-04
7.221054412222222254e+02 2.136050714511847435e-04 1.779844971965440631e-04
7.221059417227228323e+02 1.997352296727731614e-04 1.781385612421760190e-04
7.221064422232233255e+02 1.987271702353939204e-04 1.782969909981937592e-04
7.221069427237238187e+02 1.801033887858946255e-04 1.784598239928686272e-04
7.221074432242243120e+02 2.143082484812803331e-04 1.786270972499854855e-04
7.221079437247248052e+02 2.008778240396122297e-04 1.787988472794107533e-04
7.221084442252252984e+02 2.222986774234977816e-04 1.789751100677673733e-04
7.221089447257257916e+02 1.868507145403596489e-04 1.791559210692563082e-04
7.221094452262262848e+02 1.758116766330426197e-04 1.793413151966300161e-04
7.221099457267267780e+02 1.840106780046869481e-04 1.795313268123211825e-04
7.221104462272272713e+02 2.163327716388446602e-04 1.797259897197322402e-04
7.221109467277277645e+02 2.284196123156403805e-04 1.799253371546904469e-04
7.221114472282282577e+02 1.848050157740874569e-04 1.801294017770715830e-04
7.221119477287287509e+02 1.962471442538031368e-04 1.803382156625982875e-04
7.221124482292292441e+02 2.352192791737328496e-04 1.805518102948159046e-04
7.221129487297297374e+02 2.088268641325632577e-04 1.807702165572507209e-04
7.221134492302302306e+02 2.032972846388837404e-04 1.809934647257543862e-04
7.221139497307308375e+02 1.733584899909013718e-04 1.812215844610907088e-04
7.221144502312313307e+02 1.810499088970002725e-04 1.814546048014556087e-04
7.221149507317318239e+02 2.234707676273601953e-04 1.816925541557141630e-04
7.221154512322323171e+02 1.591326147887910905e-04 1.819354602963215513e-04
7.221159517327328103e+02 1.661835063460520058e-04 1.821833503527060620e-04
7.221164522332333036e+02 1.767458623134755781e-04 1.824362508048087920e-04
7.221169527337337968e+02 2.012283880391344264e-04 1.826941874768349015e-04
7.221174532342342900e+02 1.692660102014294384e-04 1.829571855312185386e-04
7.221179537347347832e+02 1.535336439543320190e-04 1.832252694628054438e-04
7.221184542352352764e+02 1.882501522212120843e-04 1.834984630932552684e-04
7.221189547357357696e+02 1.637248962980628075e-04 1.837767895656668051e-04
7.221194552362362629e+02 1.604474057479551765e-04 1.840602713394285425e-04
7.221199557367367561e+02 1.499903035777552926e-04 1.843489301852966581e-04
7.221204562372372493e+02 1.484074023332847205e-04 1.846427871807031608e-04
7.221209567377377425e+02 1.843711215359009590e-04 1.849418627052956459e-04
7.221214572382382357e+02 1.245712192720118945e-04 1.852461764367118607e-04
7.221219577387388426e+02 1.392424593508849722e-04 1.855557473466605306e-04
7.221224582392393359e+02 1.658335899404917986e-04 1.858705936968861486e-04
7.221229587397398291e+02 1.137834283990698039e-04 1.861907330360775350e-04
7.221234592402403223e+02 1.389093849288531636e-04 1.865161821963151514e-04
7.221239597407408155e+02 1.310505996126167883e-04 1.868469572901090869e-04
7.221244602412413087e+02 1.155694335184825368e-04 1.871830737076110053e-04
7.221249607417418019e+02 1.036034725255158306e-04 1.875245461140691164e-04
7.221254612422422952e+02 1.187108343258733969e-04 1.878713884475277695e-04
7.221259617427427884e+02 9.160253387623767376e-05 1.882236139167725380e-04
7.221264622432432816e+02 9.372673726171950573e-05 1.885812349995203612e-04
7.221269627437437748e+02 4.637655283837024083e-05 1.889442634408558801e-04
7.221274632442442680e+02 9.392525792478292391e-05 1.893127102519134278e-04
7.221279637447447612e+02 4.723355236199784955e-05 1.896865857088059183e-04
7.221284642452452545e+02 6.346608796784808544e-05 1.900658993517985223e-04
7.221289647457457477e+02 4.282738321528380761e-05 1.904506599847289987e-04
7.221294652462463546e+02 4.976796597592862014e-05 1.908408756747616069e-04
7.221299657467468478e+02 3.275181664668460084e-05 1.912365537519413654e-04
7.221304662472473410e+02 2.589170520499995250e-05 1.916377008098787786e-04
7.221309667477478342e+02 1.128416527140464735e-05 1.920443227057936123e-04
7.221314672482483275e+02 1.736882981986375709e-05 1.924564245612406580e-04
7.221319677487488207e+02 1.513191199950531522e-05 1.928740107629895633e-04
7.221324682492493139e+02 1.146535815704027313e-05 1.932970849641422377e-04
7.221329687497498071e+02 1.386689099789597834e-05 1.937256500854903009e-04
7.221334692502503003e+02 1.753086830071799504e-05 1.941597083171073420e-04
7.221339697507507935e+02 1.754341989515180556e-05 1.945992611201764505e-04
7.221344702512512868e+02 2.492502137493684389e-05 1.950443092290499842e-04
7.221349707517517800e+02 1.880552418933326020e-05 1.954948526535409483e-04
7.221354712522522732e+02 5.051882123894485598e-05 1.959508906814417877e-04
7.221359717527527664e+02 4.622360235586608110e-05 1.964124218812703993e-04
7.221364722532532596e+02 5.591462157206254476e-05 1.968794441052394641e-04
7.221369727537537528e+02 8.316995143998094848e-05 1.973519544924474435e-04
7.221374732542543597e+02 8.619026790799289559e-05 1.978299494723975748e-04
7.221379737547548530e+02 9.653831882494771466e-05 1.983134247681878103e-04
7.221384742552553462e+02 9.189422432898810915e-05 1.988023754010009598e-04
7.221389747557558394e+02 1.080175652603829949e-04 1.992967956937209109e-04
7.221394752562563326e+02 1.163528117114721666e-04 1.997966792752959740e-04
7.221399757567568258e+02 1.322930847411185704e-04 2.003020190851990186e-04
7.221404762572573190e+02 1.429800370404059155e-04 2.008128073780878083e-04
7.221409767577578123e+02 1.453728242535342176e-04 2.013290357286624972e-04
7.221414772582583055e+02 1.322702808509440694e-04 2.018506950367162506e-04
7.221419777587587987e+02 1.527906243971413646e-04 2.023777755323771452e-04
7.221424782592592919e+02 1.649774855155640755e-04 2.029102667815356313e-04
7.221429787597597851e+02 1.776280572965554540e-04 2.034481576914545472e-04
7.221434792602602784e+02 1.823720319561805486e-04 2.039914365165583791e-04
7.221439797607607716e+02 1.866960633858510141e-04 2.045400908643975660e-04
7.221444802612612648e+02 2.091042964073505639e-04 2.050941077017829153e-04
7.221449807617618717e+02 1.636218526786890469e-04 2.056534733612157891e-04
7.221454812622623649e+02 2.230217188763610045e-04 2.062181735468428679e-04
7.221459817627628581e+02 1.866819239621931702e-04 2.067881933418416003e-04
7.221464822632633513e+02 1.940336091961864472e-04 2.073635172146911468e-04
7.221469827637638446e+02 2.275468477065952064e-04 2.079441290262263621e-04
7.221474832642643378e+02 1.952318999682328324e-04 2.085300120367107233e-04
7.221479837647648310e+02 2.123903956024084615e-04 2.091211489130516139e-04
7.221484842652653242e+02 2.146387950534832411e-04 2.097175217361514046e-04
7.221489847657658174e+02 2.224306501291899813e-04 2.103191120083918635e-04
7.221494852662663106e+02 2.346016077617557973e-04 2.109259006612458783e-04
7.221499857667668039e+02 2.069741594923985505e-04 2.115378680630130225e-04
7.221504862672672971e+02 2.346327336971121248e-04 2.121549940266734074e-04
7.221509867677677903e+02 1.823979664892906127e-04 2.127772578178566490e-04
7.221514872682682835e+02 2.633695491084984768e-04 2.134046381629196897e-04
7.221519877687687767e+02 2.618041387457838804e-04 2.140371132571300308e-04
7.221524882692692699e+02 2.308118606566548678e-04 2.146746607729493894e-04
7.221529887697698769e+02 2.050261419251349728e-04 2.153172578685595662e-04
7.221534892702703701e+02 2.151158549081236119e-04 2.159648811957479836e-04
7.221539897707708633e+02 2.517157987182749618e-04 2.166175069093406237e-04
7.221544902712713565e+02 2.828382739980178423e-04 2.172751106752577861e-04
7.221549907717718497e+02 2.418909643686892373e-04 2.179376676793757877e-04
7.221554912722723429e+02 2.817960493661017117e-04 2.186051526363158842e-04
7.221559917727728362e+02 2.358167581317137048e-04 2.192775397983004406e-04
7.221564922732733294e+02 2.624274103797201961e-04 2.199548029640732043e-04
7.221569927737738226e+02 2.284359825801964645e-04 2.206369154878780174e-04
7.221574932742743158e+02 2.806887492439196939e-04 2.213238502884920089e-04
7.221579937747748090e+02 2.679591750712761750e-04 2.220155798583082823e-04
7.221584942752753022e+02 2.292041181106793549e-04 2.227120762724638678e-04
7.221589947757757955e+02 2.515708364661981239e-04 2.234133111980086842e-04
7.221594952762762887e+02 2.302323295734511044e-04 2.241192559031100361e-04
7.221599957767767819e+02 2.307574859364908615e-04 2.248298812662904230e-04
7.221604962772772751e+02 2.488625192362431708e-04 2.255451577856910981e-04
7.221609967777778820e+02 2.680282396201415077e-04 2.262650555885246039e-04
7.221614972782783752e+02 2.658844658460200478e-04 2.269895444397257022e-04
7.221619977787788685e+02 2.718490233731136714e-04 2.277185937522543577e-04
7.221624982792793617e+02 2.997409036513539403e-04 2.284521725957744517e-04
7.221629987797798549e+02 2.673467065642989426e-04 2.291902497061554039e-04
7.221634992802803481e+02 2.974207430771415479e-04 2.299327934948124390e-04
7.221639997807808413e+02 2.906846433953429003e-04 2.306797720580463108e-04
7.221645002812813345e+02 2.244842861499446419e-04 2.314311531863765209e-04
7.221650007817818278e+02 2.359786883725119831e-04 2.321869043738651595e-04
7.221655012822823210e+02 2.849334578507235522e-04 2.329469928274280604e-04
7.221660017827828142e+02 2.333061540407409837e-04 2.337113854761280673e-04
7.221665022832833074e+02 2.860735139639231485e-04 2.344800489804476187e-04
7.221670027837838006e+02 2.867696948573038350e-04 2.352529497415378323e-04
7.221675032842842938e+02 2.653699958217929731e-04 2.360300539104382897e-04
7.221680037847847871e+02 2.610405961821236150e-04 2.368113273972657310e-04
7.221685042852853940e+02 2.891693183006539369e-04 2.375967358805476258e-04
7.221690047857858872e+02 2.787191648951228644e-04 2.383862448156225718e-04
7.221695052862863804e+02 3.105078967459745827e-04 2.391798194447852831e-04
7.221700057867868736e+02 2.282309884572204274e-04 2.399774248056029899e-04
7.221705062872873668e+02 2.873535967618619973e-04 2.407790257400752390e-04
7.221710067877878600e+02 2.858608229983751556e-04 2.415845869035638442e-04
7.221715072882883533e+02 2.877349220487723422e-04 2.423940727736700082e-04
7.221720077887888465e+02 2.700242159685069146e-04 2.432074476590540360e-04
7.221725082892893397e+02 2.882038469377111033e-04 2.440246757081953905e-04
7.221730087897898329e+02 2.912398076865805891e-04 2.448457209180906775e-04
7.221735092902903261e+02 2.857792925575254627e-04 2.456705471428863611e-04
7.221740097907908194e+02 2.835936374375535945e-04 2.464991181024440156e-04
7.221745102912913126e+02 2.932105592519737981e-04 2.473313973908354015e-04
7.221750107917918058e+02 2.686910128802462330e-04 2.481673484847652798e-04
7.221755112922922990e+02 2.692562883319221927e-04 2.490069347519184681e-04
7.221760117927927922e+02 2.928189546277488401e-04 2.498501194592313811e-04
7.221765122932933991e+02 3.093212042381182679e-04 2.506968657812754073e-04
7.221770127937938923e+02 3.180186301852800886e-04 2.515471368075971204e-04
7.221775132942943856e+02 2.906838644882553629e-04 2.524008955518983275e-04
7.221780137947948788e+02 2.559632696052523506e-04 2.532581049592093673e-04
7.221785142952953720e+02 2.803256422839784409e-04 2.541187279139347577e-04
7.221790147957958652e+02 3.561578296713710057e-04 2.549827272476181436e-04
7.221795152962963584e+02 3.105365338876439835e-04 2.558500657466169842e-04
7.221800157967968516e+02 3.191170572980700981e-04 2.567207061596844331e-04
7.221805162972973449e+02 2.807903594880737492e-04 2.575946112054576520e-04
7.221810167977978381e+02 2.428288068708477239e-04 2.584717435798513101e-04
7.221815172982983313e+02 2.975178208181445912e-04 2.593520659633533434e-04
7.221820177987988245e+02 3.226451481881994349e-04 2.602355410282236776e-04
7.221825182992993177e+02 3.150304647340895878e-04 2.611221314455937467e-04
7.221830187997998109e+02 2.420980459470724799e-04 2.620117998924648551e-04
7.221835193003003042e+02 2.942870567101131237e-04 2.629045090586060347e-04
7.221840198008009111e+02 3.244419688799022173e-04 2.638002216535527866e-04
7.221845203013014043e+02 3.027405925148439025e-04 2.646989004124841076e-04
7.221850208018018975e+02 2.976166106797041837e-04 2.656005081040307514e-04
7.221855213023023907e+02 2.985921809964937022e-04 2.665050075359445218e-04
7.221860218028028839e+02 3.054430842203498470e-04 2.674123615616780247e-04
7.221865223033033772e+02 3.253838140382240879e-04 2.683225330866548263e-04
7.221870228038038704e+02 2.961220531937985498e-04 2.692354850744327626e-04
7.221875233043043636e+02 2.935233517057632153e-04 2.701511805527597506e-04
7.221880238048048568e+02 2.878174390370405000e-04 2.710695826195212883e-04
7.221885243053053500e+02 2.871058065911087469e-04 2.719906544485801297e-04
7.221890248058058432e+02 3.092620321587073186e-04 2.729143592955068356e-04
7.221895253063063365e+02 3.229248639326853603e-04 2.738406605032015786e-04
7.221900258068068297e+02 2.741863336256169809e-04 2.747695215074066606e-04
7.221905263073073229e+02 3.006839999285261500e-04 2.757009058421099057e-04
7.221910268078078161e+02 3.188013095032682419e-04 2.766347771448382769e-04
7.221915273083083093e+02 2.573595320105432314e-04 2.775710991618426395e-04
7.221920278088089162e+02 2.786721065172790917e-04 2.785098357533860114e-04
7.221925283093094095e+02 3.098501266333344843e-04 2.794509508978557794e-04
7.221930288098099027e+02 3.009085730073475843e-04 2.803944086978997952e-04
7.221935293103103959e+02 3.519362245527199104e-04 2.813401733843211012e-04
7.221940298108108891e+02 3.026349090600762687e-04 2.822882093209299519e-04
7.221945303113113823e+02 2.668164553791794753e-04 2.832384810090734476e-04
7.221950308118118755e+02 3.268598731469029065e-04 2.841909530920579412e-04
7.221955313123123688e+02 3.059519488189390516e-04 2.851455903594631329e-04
7.221960318128128620e+02 3.150787883897078956e-04 2.861023577513483406e-04
7.221965323133133552e+02 3.013676703764238364e-04 2.870612203623530072e-04
7.221970328138138484e+02 3.425711029954508829e-04 2.880221434456897082e-04
7.221975333143143416e+02 3.503077248017147458e-04 2.889850924170317219e-04
7.221980338148148348e+02 3.379997454854531680e-04 2.899500328582952681e-04
7.221985343153153281e+02 3.367205314210028940e-04 2.909169305213170679e-04
7.221990348158158213e+02 3.012706327390742098e-04 2.918857513314281993e-04
7.221995353163163145e+02 3.066458043183020949e-04 2.928564613909238694e-04
7.222000358168169214e+02 3.706565693379787496e-04 2.938290269826522865e-04
7.222005363173174146e+02 3.078949793703561521e-04 2.948034145723968141e-04
7.222010368178179078e+02 3.398194950075727398e-04 2.957795908133660327e-04
7.222015373183184010e+02 3.092742568049775724e-04 2.967575225483749368e-04
7.222020378188188943e+02 3.026453528035538817e-04 2.977371768130313511e-04
7.222025383193193875e+02 2.819409259888406736e-04 2.987185208386023989e-04
7.222030388198198807e+02 2.949920147734256984e-04 2.997015220547840416e-04
7.222035393203203739e+02 3.676849467008074944e-04 3.006861480923736377e-04
7.222040398208208671e+02 2.930329532111382589e-04 3.016723667858470367e-04
7.222045403213213604e+02 3.134600619806846337e-04 3.026601461758406434e-04
7.222050408218218536e+02 3.456338527916743837e-04 3.036494545115407282e-04
7.222055413223223468e+02 3.316210428202418068e-04 3.046402602529788462e-04
7.222060418228228400e+02 3.637833411861273749e-04 3.056325320732366157e-04
7.222065423233233332e+02 2.706263097186178252e-04 3.066262388605596424e-04
7.222070428238238264e+02 3.455401730902089158e-04 3.076213497203818866e-04
7.222075433243244333e+02 3.529858347256324691e-04 3.086178339774884845e-04
7.222080438248249266e+02 3.373260906082050639e-04 3.096156611769585701e-04
7.222085443253254198e+02 3.370438348095190708e-04 3.106148010872866933e-04
7.222090448258259130e+02 3.203565860663417720e-04 3.116152237011550973e-04
7.222095453263264062e+02 3.317768948576430531e-04 3.126168992372539311e-04
7.222100458268268994e+02 2.867145671959232377e-04 3.136197981417930070e-04
7.222105463273273926e+02 3.541070079283781583e-04 3.146238910899312670e-04
7.222110468278278859e+02 3.423057948653770196e-04 3.156291489871263433e-04
7.222115473283283791e+02 2.963917495607384174e-04 3.166355429704054061e-04
7.222120478288288723e+02 3.646855183187286040e-04 3.176430444095570266e-04
7.222125483293293655e+02 3.210786447409965175e-04 3.186516249082478516e-04
7.222130488298298587e+02 2.848004271170841975e-04 3.196612563050625698e-04
7.222135493303303519e+02 3.375787935387809628e-04 3.206719106744696109e-04
7.222140498308308452e+02 3.087985951830421677e-04 3.216835603277150703e-04
7.222145503313313384e+02 3.801605688313519139e-04 3.226961778136430703e-04
7.222150508318318316e+02 3.082631742933062140e-04 3.237097359194471128e-04
7.222155513323324385e+02 3.069914635438900693e-04 3.247242076715812966e-04
7.222160518328329317e+02 3.331473167574346269e-04 3.257395663354514825e-04
7.222165523333334249e+02 3.260900121592583720e-04 3.267557854173445769e-04
7.222170528338339182e+02 3.390447674568617211e-04 3.277728386639869903e-04
7.222175533343344114e+02 3.376131121588877085e-04 3.287907000631912560e-04
7.222180538348349046e+02 3.128677179746179485e-04 3.298093438442088830e-04
7.222185543353353978e+02 3.495565217052093595e-04 3.308287444780205972e-04
7.222190548358358910e+02 3.251260018177847639e-04 3.318488766775672225e-04
7.222195553363363842e+02 3.771031663241980101e-04 3.328697153979193581e-04
7.222200558368368775e+02 3.327073797972720398e-04 3.338912358363899189e-04
7.222205563373373707e+02 4.396799724467949128e-04 3.349134134325886165e-04
7.222210568378378639e+02 3.503247283400308669e-04 3.359362238684215256e-04
7.222215573383383571e+02 3.389852321535175819e-04 3.369596430680344345e-04
7.222220578388388503e+02 3.311801559827856449e-04 3.379836471977043706e-04
7.222225583393393435e+02 3.146152508949389619e-04 3.390082126656773494e-04
7.222230588398398368e+02 3.150783586540336582e-04 3.400333161219556543e-04
7.222235593403404437e+02 3.940669041411714820e-04 3.410589344582676415e-04
7.222240598408409369e+02 3.209095787331624943e-04 3.420850448068245395e-04
7.222245603413414301e+02 3.949441307796351598e-04 3.431116245413578679e-04
7.222250608418419233e+02 3.758648184798003247e-04 3.441386512757824536e-04
7.222255613423424165e+02 4.028808083934303668e-04 3.451661028639768799e-04
7.222260618428429098e+02 3.847350572502734596e-04 3.461939573992883312e-04
7.222265623433434030e+02 3.150652141958049796e-04 3.472221932139935821e-04
7.222270628438438962e+02 3.632484067307167495e-04 3.482507888787172144e-04
7.222275633443443894e+02 4.344989912543504793e-04 3.492797232018099896e-04
7.222280638448448826e+02 3.880909843338889811e-04 3.503089752286867270e-04
7.222285643453453758e+02 3.077846344200415858e-04 3.513385242411254752e-04
7.222290648458458691e+02 3.415586965572839644e-04 3.523683497565286826e-04
7.222295653463463623e+02 3.581139877063124820e-04 3.533984315271479384e-04
7.222300658468468555e+02 3.499541329373075690e-04 3.544287495392731526e-04
7.222305663473473487e+02 3.441931919592845844e-04 3.554592840123863354e-04
7.222310668478479556e+02 4.050568244751450494e-04 3.564900153985170938e-04
7.222315673483484488e+02 3.540201662208854465e-04 3.575209243803933621e-04
7.222320678488489420e+02 3.534880984125220020e-04 3.585519918719033802e-04
7.222325683493494353e+02 3.308482991655325306e-04 3.595831990161840286e-04
7.222330688498499285e+02 3.675114258770086247e-04 3.606145271848521829e-04
7.222335693503504217e+02 3.220576220670675585e-04 3.616459579769703853e-04
7.222340698508509149e+02 3.878107388314874066e-04 3.626774732179879044e-04
7.222345703513514081e+02 3.824665048156396284e-04 3.637090549586524126e-04
7.222350708518519014e+02 3.534600215506839200e-04 3.647406854738968903e-04
7.222355713523523946e+02 3.209670879488397445e-04 3.657723472617011051e-04
7.222360718528528878e+02 3.669490353498597443e-04 3.668040230419290218e-04
7.222365723533533810e+02 3.515746247221825734e-04 3.678356957551430647e-04
7.222370728538538742e+02 3.998170311276003997e-04 3.688673485613957201e-04
7.222375733543543674e+02 3.737792649915735251e-04 3.698989648389993464e-04
7.222380738548548607e+02 3.545403902483856666e-04 3.709305281832757091e-04
7.222385743553553539e+02 3.720411506498920136e-04 3.719620224052855133e-04
7.222390748558559608e+02 4.108721273843703105e-04 3.729934315307722277e-04
7.222395753563564540e+02 4.108864527694652130e-04 3.740247397979176778e-04
7.222400758568569472e+02 3.920757513656451874e-04 3.750559316574216266e-04
7.222405763573574404e+02 3.803656590063151429e-04 3.760869917702220223e-04
7.222410768578579336e+02 4.071643602381781616e-04 3.771179050063715480e-04
7.222415773583584269e+02 4.233045027784356363e-04 3.781486564436626913e-04
7.222420778588589201e+02 2.870417166725696290e-04 3.791792313662401817e-04
7.222425783593594133e+02 3.985742415079305797e-04 3.802096152631986837e-04
7.222430788598599065e+02 3.348678426878429312e-04 3.812397938271672084e-04
7.222435793603603997e+02 3.724162752644929824e-04 3.822697529528810566e-04
7.222440798608608929e+02 3.319998371957853301e-04 3.832994787357427570e-04
7.222445803613613862e+02 3.520073377215597490e-04 3.843289574703705907e-04
7.222450808618618794e+02 3.543534215983441403e-04 3.853581756491379000e-04
7.222455813623623726e+02 3.637765695890419560e-04 3.863871199607013919e-04
7.222460818628628658e+02 4.584737237858170738e-04 3.874157772885211486e-04
7.222465823633634727e+02 3.132059477603597701e-04 3.884441347096049039e-04
7.222470828638639659e+02 3.674124183966583686e-04 3.894721794920769911e-04
7.222475833643644592e+02 3.606932253155604095e-04 3.904998990950750187e-04
7.222480838648649524e+02 3.836995017283018495e-04 3.915272811663043982e-04
7.222485843653654456e+02 3.777437868563719887e-04 3.925543135407540520e-04
7.222490848658659388e+02 3.727116734670877780e-04 3.935809842391728387e-04
7.222495853663664320e+02 3.277235669817528678e-04 3.946072814665415869e-04
7.222500858668669252e+02 4.154041275778772675e-04 3.956331936105384611e-04
7.222505863673674185e+02 4.119742039812971952e-04 3.966587092400023764e-04
7.222510868678679117e+02 3.988861080487962987e-04 3.976838171033914254e-04
7.222515873683684049e+02 4.188817774862928114e-04 3.987085061272377276e-04
7.222520878688688981e+02 4.114070520360325737e-04 3.997327654146010318e-04
7.222525883693693913e+02 3.582009137736556249e-04 4.007565842435183612e-04
7.222530888698698845e+02 3.737754768006804453e-04 4.017799520654530081e-04
7.222535893703703778e+02 3.883861585226119255e-04 4.028028585037418479e-04
7.222540898708708710e+02 3.866325589480946578e-04 4.038252933520411351e-04
7.222545903713714779e+02 4.509931783442026974e-04 4.048472465730046442e-04
7.222550908718719711e+02 3.653357178805176700e-04 4.058687082958004132e-04
7.222555913723724643e+02 4.055438767862822123e-04 4.068896688159501186e-04
7.222560918728729575e+02 3.680049872167551845e-04 4.079101185928461445e-04
7.222565923733734508e+02 3.960794134589738997e-04 4.089300482484316203e-04
7.222570928738739440e+02 3.593868492027252337e-04 4.099494485656494155e-04
7.222575933743744372e+02 3.834195546442214163e-04 4.109683104868924893e-04
7.222580938748749304e+02 3.684317689751746708e-04 4.119866251124570055e-04
7.222585943753754236e+02 4.451624257176939846e-04 4.130043836989975067e-04
7.222590948758759168e+02 4.116668763380284960e-04 4.140215776579845826e-04
7.222595953763764101e+02 3.810665065424131579e-04 4.150381985541660079e-04
7.222600958768769033e+02 4.104947286333265975e-04 4.160542381040316742e-04
7.222605963773773965e+02 3.906485781522827262e-04 4.170696881742810705e-04
7.222610968778778897e+02 3.638676838713365987e-04 4.180845407802955341e-04
7.222615973783783829e+02 3.991926332945561011e-04 4.190987880846152713e-04
7.222620978788788761e+02 4.170156459384863107e-04 4.201124223954191437e-04
7.222625983793794830e+02 3.949174416208093663e-04 4.211254361652412440e-04
7.222630988798799763e+02 3.768463538835211367e-04 4.221378219885414153e-04
7.222635993803804695e+02 3.758864641669796723e-04 4.231495726015812729e-04
7.222640998808809627e+02 4.053615112792735543e-04 4.241606808800057289e-04
7.222646003813814559e+02 4.163146145089784101e-04 4.251711398375805466e-04
7.222651008818819491e+02 3.583343291692482027e-04 4.261809426247056831e-04
7.222656013823824424e+02 4.539134702013655439e-04 4.271900825269347567e-04
7.222661018828829356e+02 4.757925810189509970e-04 4.281985529635007489e-04
7.222666023833834288e+02 4.072877634188534074e-04 4.292063474858491870e-04
7.222671028838839220e+02 3.810025871196561918e-04 4.302134597761774534e-04
7.222676033843844152e+02 5.225769288752484931e-04 4.312198836459807069e-04
7.222681038848849084e+02 4.275125909660526329e-04 4.322256130346057747e-04
7.222686043853854017e+02 4.113967138033502655e-04 4.332306420078123614e-04
7.222691048858858949e+02 3.834908023947952499e-04 4.342349647563409809e-04
7.222696053863863881e+02 4.107734380281613962e-04 4.352385755944893444e-04
7.222701058868869950e+02 4.225100895249621694e-04 4.362414689589241292e-04
7.222706063873874882e+02 4.611896488457599224e-04 4.372436394063611655e-04
7.222711068878879814e+02 4.688256876853593119e-04 4.382450816135331274e-04
7.222716073883884746e+02 3.798417281261842488e-04 4.392457903748858195e-04
7.222721078888889679e+02 3.645292334086021714e-04 4.402457606014227435e-04
7.222726083893894611e+02 4.180547777291662302e-04 4.412449873193300580e-04
7.222731088898899543e+02 4.209037968176792535e-04 4.422434656686107554e-04
7.222736093903904475e+02 3.936678191387212597e-04 4.432411909017264814e-04
7.222741098908909407e+02 4.830125709744000333e-04 4.442381583822490590e-04
7.222746103913914340e+02 4.581459690159678071e-04 4.452343635835201972e-04
7.222751108918919272e+02 4.654013669203994983e-04 4.462298020873212297e-04
7.222756113923924204e+02 3.636898815056294979e-04 4.472244695825507133e-04
7.222761118928929136e+02 4.463871362912394912e-04 4.482183618639122720e-04
7.222766123933934068e+02 4.026940617082539484e-04 4.492114748306110070e-04
7.222771128938939000e+02 3.932459253257758209e-04 4.502038044850591755e-04
7.222776133943943933e+02 5.323436119143744316e-04 4.511953469315924418e-04
7.222781138948950002e+02 4.289905046713204917e-04 4.521860983754187428e-04
7.222786143953954934e+02 3.885549444871689152e-04 4.531760551204530823e-04
7.222791148958959866e+02 4.038861888276522468e-04 4.541652135694118565e-04
7.222796153963964798e+02 4.849267503412235062e-04 4.551535702216655916e-04
7.222801158968969730e+02 4.451738779412390103e-04 4.561411216722277085e-04
7.222806163973974662e+02 4.145973127264711853e-04 4.571278646105275852e-04
7.222811168978979595e+02 4.178677606786551993e-04 4.581137958191929980e-04
7.222816173983984527e+02 4.379094626320305557e-04 4.590989121728425372e-04
7.222821178988989459e+02 5.091297450844175414e-04 4.600832106368887018e-04
7.222826183993994391e+02 4.772817705555398664e-04 4.610666882663491260e-04
7.222831188998999323e+02 4.636108605157321177e-04 4.620493422046692447e-04
7.222836194004004255e+02 4.622074402911735980e-04 4.630311696825544984e-04
7.222841199009009188e+02 4.322556112547625050e-04 4.640121680168117014e-04
7.222846204014014120e+02 4.377491000892106549e-04 4.649923346092010878e-04
7.222851209019019052e+02 4.365729464184603999e-04 4.659716669452984962e-04
7.222856214024025121e+02 4.972034363583267402e-04 4.669501625935886511e-04
7.222861219029030053e+02 4.292560649739007557e-04 4.679278192034586840e-04
7.222866224034034985e+02 4.716688596330376702e-04 4.689046345054229971e-04
7.222871229039039918e+02 4.726517526711025664e-04 4.698806063091357042e-04
7.222876234044044850e+02 4.284145649115030552e-04 4.708557325025247860e-04
7.222881239049049782e+02 5.522280198868957180e-04 4.718300110507135268e-04
7.222886244054054714e+02 3.840370589412753048e-04 4.728034399949519783e-04
7.222891249059059646e+02 4.793441016235159007e-04 4.737760174515588869e-04
7.222896254064064578e+02 4.637248369464930069e-04 4.747477416108721320e-04
7.222901259069069511e+02 4.271541838567348057e-04 4.757186107362112526e-04
7.222906264074074443e+02 4.271984405865319372e-04 4.766886231628474015e-04
7.222911269079079375e+02 5.217629399802106889e-04 4.776577772969854956e-04
7.222916274084084307e+02 4.573675739799340305e-04 4.786260716147543908e-04
7.222921279089089239e+02 3.925192270167710234e-04 4.795935046612079516e-04
7.222926284094094171e+02 4.179783157275168866e-04 4.805600750493355003e-04
7.222931289099099104e+02 4.939131827480263597e-04 4.815257814590820774e-04
7.222936294104105173e+02 4.169771560127308535e-04 4.824906226365978487e-04
7.222941299109110105e+02 4.393515857859162359e-04 4.834545973924009245e-04
7.222946304114115037e+02 5.227223339160812958e-04 4.844177046017422478e-04
7.222951309119119969e+02 5.181955419837527398e-04 4.853799432027878212e-04
7.222956314124124901e+02 4.713004314399493223e-04 4.863413121959063315e-04
7.222961319129129834e+02 3.980635647901968025e-04 4.873018106427476326e-04
7.222966324134134766e+02 4.644232858391501959e-04 4.882614376653306057e-04
7.222971329139139698e+02 5.082549803982741501e-04 4.892201924451403984e-04
7.222976334144144630e+02 4.999779188628139352e-04 4.901780742222352051e-04
7.222981339149149562e+02 4.686643558403200301e-04 4.911350822943622626e-04
7.222986344154154494e+02 5.126420446946340637e-04 4.920912160160834407e-04
7.222991349159159427e+02 5.353309369524752266e-04 4.930464747979103205e-04
7.222996354164164359e+02 5.448997067259264259e-04 4.940008581054477826e-04
7.223001359169169291e+02 4.767190996606100739e-04 4.949543654585478961e-04
7.223006364174174223e+02 4.707615806243105002e-04 4.959069964304718301e-04
7.223011369179179155e+02 4.354917960003152309e-04 4.968587506470618486e-04
7.223016374184185224e+02 4.878894956509881656e-04 4.978096277861376266e-04
7.223021379189190156e+02 4.682514657137211542e-04 4.987596275758223504e-04
7.223026384194195089e+02 4.193645544073771898e-04 4.997087497950370057e-04
7.223031389199200021e+02 4.558231996372968768e-04 5.006569942718441498e-04
7.223036394204204953e+02 4.790777883177467543e-04 5.016043608828803322e-04
7.223041399209209885e+02 4.668600809330511535e-04 5.025508495525806731e-04
7.223046404214214817e+02 5.218900585530788410e-04 5.034964602524136332e-04
7.223051409219219750e+02 4.537246683435005733e-04 5.044411930001232655e-04
7.223056414224224682e+02 4.867024522914393169e-04 5.053850478589805729e-04
7.223061419229229614e+02 4.661003956096460617e-04 5.063280249370428901e-04
7.223066424234234546e+02 4.904731878466644978e-04 5.072701243864230231e-04
7.223071429239239478e+02 5.354941457542756935e-04 5.082113464025648933e-04
7.223076434244244410e+02 4.237659986443665207e-04 5.091516912235299159e-04
7.223081439249249343e+02 5.353454382378717777e-04 5.100911591292897748e-04
7.223086444254254275e+02 5.051527813758155362e-04 5.110297504410280878e-04
7.223091449259260344e+02 5.060785175375378652e-04 5.119674655206637916e-04
7.223096454264265276e+02 4.608813761035531484e-04 5.129043047693172125e-04
7.223101459269270208e+02 5.734607976960465073e-04 5.138402686279138583e-04
7.223106464274275140e+02 5.094522562970544080e-04 5.147753575756671860e-04
7.223111469279280072e+02 5.780245968215932386e-04 5.157095721296335372e-04
7.223116474284285005e+02 4.693362680567771269e-04 5.166429128440619412e-04
7.223121479289289937e+02 4.932893598504617654e-04 5.175753803097521595e-04
7.223126484294294869e+02 5.310903452808702057e-04 5.185069751534209697e-04
7.223131489299299801e+02 4.810776455799452983e-04 5.194376980370746287e-04
7.223136494304304733e+02 4.802452751043247039e-04 5.203675496573906614e-04
7.223141499309309665e+02 4.580013829671279344e-04 5.212965307451058279e-04
7.223146504314314598e+02 4.790782330455187784e-04 5.222246420644127652e-04
7.223151509319319530e+02 5.563840781367889680e-04 5.231518844123633511e-04
7.223156514324324462e+02 5.026246460270228020e-04 5.240782586182798734e-04
7.223161519329329394e+02 5.626557773591429976e-04 5.250037655431728139e-04
7.223166524334334326e+02 5.182574064697971061e-04 5.259284060791668712e-04
7.223171529339340395e+02 5.519291232150705731e-04 5.268521811491434998e-04
7.223176534344345328e+02 4.501559751993228133e-04 5.277750917053412047e-04
7.223181539349350260e+02 4.954130174595271999e-04 5.286971387300616826e-04
7.223186544354355192e+02 4.454280325830526754e-04 5.296183232342846449e-04
7.223191549359360124e+02 5.018296542245856071e-04 5.305386462573380034e-04
7.223196554364365056e+02 5.966278315413997210e-04 5.314581088663660694e-04
7.223201559369369988e+02 4.775835339382791811e-04 5.323767121558041493e-04
7.223206564374374921e+02 5.138326519939446016e-04 5.332944572468592114e-04
7.223211569379379853e+02 5.139165295973809272e-04 5.342113452869989019e-04
7.223216574384384785e+02 4.761961595941835369e-04 5.351273774494456556e-04
7.223221579389389717e+02 4.719244808411335421e-04 5.360425549326775299e-04
7.223226584394394649e+02 5.484235297691839560e-04 5.369568789599364102e-04
7.223231589399399581e+02 5.387726599495156875e-04 5.378703507787422873e-04
7.223236594404404514e+02 4.584840201686562382e-04 5.387829716604131732e-04
7.223241599409409446e+02 4.691005659978751598e-04 5.396947428995922799e-04
7.223246604414415515e+02 4.859462135093882418e-04 5.406056658139875943e-04
7.223251609419420447e+02 5.236516194869190967e-04 5.415157417430839547e-04
7.223256614424425379e+02 5.392907973541315007e-04 5.424249720489295306e-04
7.223261619429430311e+02 5.966293067926398998e-04 5.433333581148598254e-04
7.223266624434435244e+02 5.533501881712848481e-04 5.442409013452618625e-04
7.223271629439440176e+02 5.981907327923486825e-04 5.451476031651368180e-04
7.223276634444445108e+02 5.528591972789964702e-04 5.460534650196705682e-04
7.223281639449450040e+02 5.595927413916320379e-04 5.469584883738080319e-04
7.223286644454454972e+02 5.621476702520077952e-04 5.478626747118332590e-04
7.223291649459459904e+02 5.542007338275213449e-04 5.487660255369573251e-04
7.223296654464464837e+02 5.863198196387473578e-04 5.496685423709093705e-04
7.223301659469469769e+02 5.670091333646652774e-04 5.505702267535344694e-04
7.223306664474474701e+02 4.960749252861810024e-04 5.514710802423972462e-04
7.223311669479479633e+02 5.892005069481021052e-04 5.523711044123899355e-04
7.223316674484484565e+02 6.557509292483785232e-04 5.532703008553468407e-04
7.223321679489489497e+02 6.242594738160021136e-04 5.541686711796637785e-04
7.223326684494495566e+02 5.488537279259720746e-04 5.550662170101264498e-04
7.223331689499500499e+02 6.208249365640668236e-04 5.559629399867245395e-04
7.223336694504505431e+02 5.701119883380366187e-04 5.568588417655106213e-04
7.223341699509510363e+02 4.955869242452496781e-04 5.577539240174250994e-04
7.223346704514515295e+02 5.386697483326644735e-04 5.586481884281437700e-04
7.223351709519520227e+02 5.446180517295371804e-04 5.595416366977302254e-04
7.223356714524525160e+02 5.372929149198586024e-04 5.604342705402891268e-04
7.223361719529530092e+02 5.672795306880417570e-04 5.613260916836272825e-04
7.223366724534535024e+02 5.947954554132914556e-04 5.622171018689186292e-04
7.223371729539539956e+02 5.667962285265743449e-04 5.631073028503736592e-04
7.223376734544544888e+02 5.792674624011445641e-04 5.639966963949136170e-04
7.223381739549549820e+02 5.179793049218512323e-04 5.648852842818499016e-04
7.223386744554554753e+02 6.789103540182657827e-04 5.657730683025678038e-04
7.223391749559559685e+02 5.602807904466044608e-04 5.666600502602147987e-04
7.223396754564564617e+02 4.822291873154174431e-04 5.675462319693932826e-04
7.223401759569569549e+02 5.839998553029064924e-04 5.684316152558572133e-04
7.223406764574575618e+02 5.008370049097531215e-04 5.693162019564159413e-04
7.223411769579580550e+02 5.956973889248009602e-04 5.701999939178356959e-04
7.223416774584585482e+02 5.696665643022662956e-04 5.710829929977558452e-04
7.223421779589590415e+02 5.985783532177497545e-04 5.719652010635995973e-04
7.223426784594595347e+02 5.530174560821628617e-04 5.728466199924935531e-04
7.223431789599600279e+02 5.263792810176772235e-04 5.737272516709912345e-04
7.223436794604605211e+02 5.793914398829420930e-04 5.746070979947994319e-04
7.223441799609610143e+02 5.526515128072588198e-04 5.754861608685102976e-04
7.223446804614615075e+02 6.020713753241408285e-04 5.763644422053354997e-04
7.223451809619620008e+02 5.549322501100478582e-04 5.772419439268459051e-04
7.223456814624624940e+02 5.955822989649675733e-04 5.781186679627150571e-04
7.223461819629629872e+02 5.559020148512903818e-04 5.789946162504647133e-04
7.223466824634634804e+02 5.259284237638463299e-04 5.798697907352171055e-04
7.223471829639639736e+02 5.739581069512228982e-04 5.807441933694485001e-04
7.223476834644644669e+02 6.104109979236416487e-04 5.816178261127479638e-04
7.223481839649650738e+02 5.652056411317508185e-04 5.824906909317771391e-04
7.223486844654655670e+02 5.033007101265348686e-04 5.833627897992426379e-04
7.223491849659660602e+02 5.455024584514675534e-04 5.842341246948562104e-04
7.223496854664665534e+02 5.011982893184232851e-04 5.851046976043123432e-04
7.223501859669670466e+02 5.722356460753786744e-04 5.859745105192642979e-04
7.223506864674675398e+02 7.048945784013776463e-04 5.868435654371032591e-04
7.223511869679680331e+02 6.648482370457756965e-04 5.877118643607411692e-04
7.223516874684685263e+02 6.298514703520180329e-04 5.885794092983980073e-04
7.223521879689690195e+02 5.628051472277345504e-04 5.894462022633912375e-04
7.223526884694695127e+02 5.965175904401277471e-04 5.903122452739286178e-04
7.223531889699700059e+02 6.059962189200272104e-04 5.911775403529049124e-04
7.223536894704704991e+02 6.251239006015501479e-04 5.920420895277019643e-04
7.223541899709709924e+02 5.690227816739592583e-04 5.929058948299908288e-04
7.223546904714714856e+02 6.083444164245195704e-04 5.937689582955377014e-04
7.223551909719719788e+02 6.470610417386880170e-04 5.946312819640138568e-04
7.223556914724724720e+02 6.306495733930788392e-04 5.954928678788063475e-04
7.223561919729730789e+02 5.468413775981907296e-04 5.963537180870298214e-04
7.223566924734735721e+02 5.801028039164043493e-04 5.972138346385615819e-04
7.223571929739740654e+02 5.642290442429999647e-04 5.980732195870367774e-04
7.223576934744745586e+02 5.476388012247124758e-04 5.989318749888894238e-04
7.223581939749750518e+02 5.403704177952568105e-04 5.997898029033747400e-04
7.223586944754755450e+02 5.775676966532311638e-04 6.006470053923991439e-04
7.223591949759760382e+02 5.743704791053436598e-04 6.015034845203525273e-04
7.223596954764765314e+02 6.207600761365997775e-04 6.023592423539432398e-04
7.223601959769770247e+02 6.176112613954122662e-04 6.032142809620361090e-04
7.223606964774775179e+02 5.942532249449874321e-04 6.040686024154931716e-04
7.223611969779780111e+02 6.466496318488818180e-04 6.049222087870166804e-04
7.223616974784785043e+02 7.211221972198906312e-04 6.057751021509947143e-04
7.223621979789789975e+02 6.817438160947859958e-04 6.066272845833499319e-04
7.223626984794794907e+02 6.730410065878184890e-04 6.074787581613909273e-04
7.223631989799799840e+02 6.339519656133095829e-04 6.083295249636646706e-04
7.223636994804805909e+02 5.967424511837684468e-04 6.091795870700061639e-04
7.223641999809810841e+02 6.143078064011449953e-04 6.100289465606244591e-04
7.223647004814815773e+02 6.327887932407764635e-04 6.108776055171223499e-04
7.223652009819820705e+02 6.605738427950705142e-04 6.117255660215862928e-04
7.223657014824825637e+02 6.212696600268838732e-04 6.125728301566458209e-04
7.223662019829830570e+02 5.871113078822385537e-04 6.134194000053412718e-04
7.223667024834835502e+02 5.892003567304148577e-04 6.142652776509936827e-04
7.223672029839840434e+02 7.144457524062688752e-04 6.151104651770770721e-04
7.223677034844845366e+02 5.704220730675484390e-04 6.159549646670938643e-04
7.223682039849850298e+02 6.556553626261454708e-04 6.167987782044507487e-04
7.223687044854855230e+02 6.019328712745389623e-04 6.176419078723384415e-04
7.223692049859860163e+02 5.472887598323189669e-04 6.184843557536125322e-04
7.223697054864865095e+02 6.874450658697611044e-04 6.193261239306762809e-04
7.223702059869870027e+02 6.110584164827932837e-04 6.201672144853668861e-04
7.223707064874874959e+02 6.496758574134698164e-04 6.210076294988425101e-04
7.223712069879879891e+02 6.639163121032849117e-04 6.218473710514704983e-04
7.223717074884885960e+02 6.895655489548904987e-04 6.226864412229115133e-04
7.223722079889890892e+02 6.467180872225680461e-04 6.235248420912489200e-04
7.223727084894895825e+02 7.064362628747282349e-04 6.243625757340283194e-04
7.223732089899900757e+02 6.391536154891943851e-04 6.251996442273919210e-04
7.223737094904905689e+02 6.975091532613933963e-04 6.260360496461691822e-04
7.223742099909910621e+02 7.000569071395677887e-04 6.268717940637766285e-04
7.223747104914915553e+02 6.317245276805665173e-04 6.277068795521214672e-04
7.223752109919920485e+02 5.434224979447718979e-04 6.285413081815057444e-04
7.223757114924925418e+02 6.615911814452620290e-04 6.293750820205333205e-04
7.223762119929930350e+02 7.357336411234198948e-04 6.302082031360169536e-04
7.223767124934935282e+02 6.334067837629580580e-04 6.310406735928899375e-04
7.223772129939940214e+02 6.364205027170298512e-04 6.318724954541158961e-04
7.223777134944945146e+02 5.950526034228390340e-04 6.327036707806033477e-04
7.223782139949950079e+02 7.037556964722576063e-04 6.335342016311200537e-04
7.223787144954955011e+02 6.624354631635964068e-04 6.343640900622097515e-04
7.223792149959959943e+02 6.160387179385228267e-04 6.351933381281107309e-04
7.223797154964966012e+02 6.508825580696026621e-04 6.360219478808629536e-04
7.223802159969970944e+02 6.346816029763390019e-04 6.368499213694780959e-04
7.223807164974975876e+02 7.100072010585349678e-04 6.376772606409901413e-04
7.223812169979980808e+02 6.643731811880439556e-04 6.385039677396284587e-04
7.223817174984985741e+02 7.233299857168220626e-04 6.393300447069303434e-04
7.223822179989990673e+02 6.546864241316282824e-04 6.401554935816704348e-04
7.223827184994995605e+02 7.165532838134202297e-04 6.409803163997881839e-04
7.223832190000000537e+02 6.833405199706797401e-04 6.418045151943182472e-04
