7.302975380000000314e+02 1.180257216612227869e-04 1.028738938811436267e-04
7.302980385005005246e+02 1.418660821201844454e-04 1.033231289855824551e-04
7.302985390010010178e+02 1.306335136117059621e-04 1.037715462481194028e-04
7.302990395015015110e+02 1.309311236341228612e-04 1.042191410038606866e-04
7.302995400020020043e+02 1.378614051044811564e-04 1.046659085629703031e-04
7.303000405025024975e+02 9.294902866249042509e-05 1.051118442106012635e-04
7.303005410030029907e+02 1.343409687198112270e-04 1.055569432068276139e-04
7.303010415035034839e+02 1.154712958659619040e-04 1.060012007865778519e-04
7.303015420040040908e+02 1.241987392348522655e-04 1.064446121596703524e-04
7.303020425045045840e+02 1.323958140923807967e-04 1.068871725103473513e-04
7.303025430050050772e+02 1.106097911057694189e-04 1.073288769978167069e-04
7.303030435055055705e+02 1.695527290685245789e-04 1.077697207557883091e-04
7.303035440060060637e+02 1.405792902996326097e-04 1.082096988925158345e-04
7.303040445065065569e+02 1.148807472625832575e-04 1.086488064907390941e-04
7.303045450070070501e+02 1.197520081552582490e-04 1.090870386076280750e-04
7.303050455075075433e+02 1.254179470934837528e-04 1.095243902747291230e-04
7.303055460080080366e+02 1.174818275960325120e-04 1.099608564979122642e-04
7.303060465085085298e+02 1.202304438830660110e-04 1.103964322573204777e-04
7.303065470090090230e+02 1.175386174214858168e-04 1.108311125073212591e-04
7.303070475095095162e+02 1.175860750949128816e-04 1.112648921764592406e-04
7.303075480100100094e+02 1.344125695446328234e-04 1.116977661674115898e-04
7.303080485105105026e+02 1.151313215870127492e-04 1.121297293569448449e-04
7.303085490110109959e+02 1.381661811451938748e-04 1.125607765958741081e-04
7.303090495115114891e+02 1.238464321684720629e-04 1.129909027090240681e-04
7.303095500120120960e+02 1.330518752668084640e-04 1.134201024952896756e-04
7.303100505125125892e+02 1.308171934225706081e-04 1.138483707272120159e-04
7.303105510130130824e+02 1.253189492079565611e-04 1.142757021515308872e-04
7.303110515135135756e+02 1.132021209507859042e-04 1.147020914887649017e-04
7.303115520140140688e+02 1.361244681860258095e-04 1.151275334332812274e-04
7.303120525145145621e+02 1.180365719451093487e-04 1.155520226532706787e-04
7.303125530150150553e+02 1.349764421283486653e-04 1.159755537907251373e-04
7.303130535155155485e+02 1.131412839844044802e-04 1.163981214614174408e-04
7.303135540160160417e+02 1.437127485744259118e-04 1.168197202548836017e-04
7.303140545165165349e+02 1.338728922715922190e-04 1.172403447344084955e-04
7.303145550170170281e+02 1.416899324045291740e-04 1.176599894370136912e-04
7.303150555175175214e+02 1.428622776841996110e-04 1.180786488734479774e-04
7.303155560180180146e+02 1.180261671812768496e-04 1.184963175281811829e-04
7.303160565185185078e+02 1.255145377399476678e-04 1.189129898594008832e-04
7.303165570190190010e+02 1.236649022834372831e-04 1.193286602990117635e-04
7.303170575195194942e+02 1.350215411171072383e-04 1.197433232526383428e-04
7.303175580200201011e+02 1.217379454359285778e-04 1.201569730997246663e-04
7.303180585205205944e+02 1.272208089804443653e-04 1.205696041931678044e-04
7.303185590210210876e+02 1.196243026241058743e-04 1.209812108598937267e-04
7.303190595215215808e+02 1.243899365558735217e-04 1.213917874004972249e-04
7.303195600220220740e+02 1.310742514153985766e-04 1.218013280893549003e-04
7.303200605225225672e+02 1.261651007082801169e-04 1.222098271746478368e-04
7.303205610230230604e+02 1.136286697918956293e-04 1.226172788783880425e-04
7.303210615235235537e+02 1.407338696212976704e-04 1.230236773964482513e-04
7.303215620240240469e+02 1.311951107876147254e-04 1.234290168985956821e-04
7.303220625245245401e+02 1.311884963831626196e-04 1.238332915285294850e-04
7.303225630250250333e+02 1.457879751731236807e-04 1.242364954039224011e-04
7.303230635255255265e+02 1.236636237247543113e-04 1.246386226164660827e-04
7.303235640260260197e+02 1.540790069435761392e-04 1.250396672319206682e-04
7.303240645265265130e+02 1.375954638570663232e-04 1.254396232901686939e-04
7.303245650270270062e+02 1.326347364289966592e-04 1.258384848052729907e-04
7.303250655275276131e+02 1.172182863752788796e-04 1.262362457656292854e-04
7.303255660280281063e+02 1.121908879554881449e-04 1.266329001336720297e-04
7.303260665285285995e+02 1.397931397996610863e-04 1.270284418464877601e-04
7.303265670290290927e+02 1.188425610914744824e-04 1.274228648155295465e-04
7.303270675295295860e+02 1.129547782998069030e-04 1.278161629267884046e-04
7.303275680300300792e+02 1.464754424085727984e-04 1.282083300408784596e-04
7.303280685305305724e+02 9.981304989424020287e-05 1.285993599931279112e-04
7.303285690310310656e+02 1.346096162147582005e-04 1.289892465936744702e-04
7.303290695315315588e+02 1.301643585723642608e-04 1.293779836275659996e-04
7.303295700320320520e+02 1.647252164161580037e-04 1.297655648548667125e-04
7.303300705325325453e+02 1.510123467184875355e-04 1.301519840107679229e-04
7.303305710330330385e+02 1.458736534927663065e-04 1.305372348057055193e-04
7.303310715335335317e+02 1.216137784483146413e-04 1.309213109254816934e-04
7.303315720340340249e+02 1.432572656368770112e-04 1.313042060313931471e-04
7.303320725345345181e+02 1.566492727566420309e-04 1.316859137603648830e-04
7.303325730350350113e+02 1.278204313529418155e-04 1.320664277250896597e-04
7.303330735355356182e+02 1.317709759870605319e-04 1.324457415142599843e-04
7.303335740360361115e+02 1.376423047715159072e-04 1.328238486923751514e-04
7.303340745365366047e+02 1.327845213574783154e-04 1.332007428004164027e-04
7.303345750370370979e+02 1.304662035823579290e-04 1.335764173556665431e-04
7.303350755375375911e+02 1.343593774996348965e-04 1.339508658519668154e-04
7.303355760380380843e+02 1.451836905503338837e-04 1.343240817598944650e-04
7.303360765385385776e+02 1.190005694656263394e-04 1.346960585269471632e-04
7.303365770390390708e+02 1.126346647453230562e-04 1.350667895777336370e-04
7.303370775395395640e+02 1.171941129893770808e-04 1.354362683141721320e-04
7.303375780400400572e+02 1.358413666718129103e-04 1.358044881156952183e-04
7.303380785405405504e+02 1.466548553893978995e-04 1.361714423394624028e-04
7.303385790410410436e+02 1.512770265306403778e-04 1.365371243205799239e-04
7.303390795415415369e+02 1.546344801530303019e-04 1.369015273723278375e-04
7.303395800420420301e+02 1.213059907246864848e-04 1.372646447863951535e-04
7.303400805425425233e+02 1.229766293271988158e-04 1.376264698331225347e-04
7.303405810430431302e+02 1.379828038587219185e-04 1.379869957618347126e-04
7.303410815435436234e+02 1.366802263473017678e-04 1.383462158007718850e-04
7.303415820440441166e+02 1.719138866811498819e-04 1.387041231578480611e-04
7.303420825445446098e+02 1.356149119618274990e-04 1.390607110205986673e-04
7.303425830450451031e+02 9.683179380173539822e-05 1.394159725565462216e-04
7.303430835455455963e+02 1.168909246809187222e-04 1.397699009134928784e-04
7.303435840460460895e+02 1.274893293876085229e-04 1.401224892198218639e-04
7.303440845465465827e+02 1.334867754144130063e-04 1.404737305848076931e-04
7.303445850470470759e+02 1.132979951954121185e-04 1.408236180989354952e-04
7.303450855475475691e+02 1.472622693349352415e-04 1.411721448342299326e-04
7.303455860480480624e+02 1.405352590233878711e-04 1.415193038445930387e-04
7.303460865485485556e+02 1.376707780924671138e-04 1.418650881661522739e-04
7.303465870490490488e+02 1.640526891891107633e-04 1.422094908176176618e-04
7.303470875495495420e+02 1.800937188686131674e-04 1.425525048006495775e-04
7.303475880500500352e+02 1.339894054148915660e-04 1.428941231002361044e-04
7.303480885505505285e+02 1.518992910378694401e-04 1.432343386850807448e-04
7.303485890510511354e+02 1.239657754641080710e-04 1.435731445080777884e-04
7.303490895515516286e+02 1.305146052872050734e-04 1.439105335064131427e-04
7.303495900520521218e+02 1.291684621705355737e-04 1.442464986024461697e-04
7.303500905525526150e+02 1.344612334165391342e-04 1.445810327038319829e-04
7.303505910530531082e+02 1.369179853729547713e-04 1.449141287040402117e-04
7.303510915535536014e+02 1.557886613186104620e-04 1.452457794828081433e-04
7.303515920540540947e+02 1.326126098255687286e-04 1.455759779066052493e-04
7.303520925545545879e+02 1.596843722703921364e-04 1.459047168291095569e-04
7.303525930550550811e+02 1.418916771398352793e-04 1.462319890916954858e-04
7.303530935555555743e+02 1.204719554707910475e-04 1.465577875239344513e-04
7.303535940560560675e+02 1.646646934434156662e-04 1.468821049441069060e-04
7.303540945565565607e+02 9.725676887471273655e-05 1.472049341597275003e-04
7.303545950570570540e+02 1.526498935302946576e-04 1.475262679680826024e-04
7.303550955575575472e+02 1.664643929495790550e-04 1.478460991567804228e-04
7.303555960580580404e+02 1.368249567869801731e-04 1.481644205043146096e-04
7.303560965585585336e+02 1.516971881237478702e-04 1.484812247806409087e-04
7.303565970590591405e+02 1.293444937455186326e-04 1.487965047478384724e-04
7.303570975595596337e+02 1.309026574700440529e-04 1.491102531604275854e-04
7.303575980600601270e+02 1.412298451534483776e-04 1.494224627664168684e-04
7.303580985605606202e+02 1.222947127782179097e-04 1.497331263076480271e-04
7.303585990610611134e+02 1.258444379124859058e-04 1.500422365205134317e-04
7.303590995615616066e+02 1.421092832069055631e-04 1.503497861366166668e-04
7.303596000620620998e+02 1.426625487699132160e-04 1.506557678834470409e-04
7.303601005625625930e+02 1.562278366737913861e-04 1.509601744850698707e-04
7.303606010630630863e+02 1.484156533623037344e-04 1.512629986628313480e-04
7.303611015635635795e+02 1.245959786296798927e-04 1.515642331360787212e-04
7.303616020640640727e+02 1.332179188948018106e-04 1.518638706228961702e-04
7.303621025645645659e+02 1.845864855756872819e-04 1.521619038408565921e-04
7.303626030650650591e+02 1.620340498099538781e-04 1.524583255077888101e-04
7.303631035655655523e+02 1.715376325893218888e-04 1.527531283425616684e-04
7.303636040660660456e+02 1.499136244058658517e-04 1.530463050658841190e-04
7.303641045665666525e+02 1.365314007827073258e-04 1.533378484011881147e-04
7.303646050670671457e+02 1.483429599393619783e-04 1.536277510751977884e-04
7.303651055675676389e+02 1.517301926807796829e-04 1.539160058191777760e-04
7.303656060680681321e+02 1.567972791976703236e-04 1.542026053695358975e-04
7.303661065685686253e+02 1.290260002748172183e-04 1.544875424687756286e-04
7.303666070690691186e+02 1.159184252537796291e-04 1.547708098663993224e-04
7.303671075695696118e+02 1.280404897987358858e-04 1.550524003198299979e-04
7.303676080700701050e+02 1.749268244878938094e-04 1.553323065953512625e-04
7.303681085705705982e+02 1.406540367547905754e-04 1.556105214690653394e-04
7.303686090710710914e+02 1.691140309595591019e-04 1.558870377278704766e-04
7.303691095715715846e+02 1.317720585437680031e-04 1.561618481704568672e-04
7.303696100720720779e+02 1.541165734335950548e-04 1.564349456083219782e-04
7.303701105725725711e+02 1.307299551029850919e-04 1.567063228668051774e-04
7.303706110730730643e+02 1.906884633666685496e-04 1.569759727861422011e-04
7.303711115735735575e+02 1.676561497480174483e-04 1.572438882225395715e-04
7.303716120740740507e+02 1.501311486372927575e-04 1.575100620492689361e-04
7.303721125745746576e+02 1.297768186557201849e-04 1.577744871578420991e-04
7.303726130750751508e+02 9.778149835646466118e-05 1.580371564589063283e-04
7.303731135755756441e+02 1.308285985853300268e-04 1.582980628837615334e-04
7.303736140760761373e+02 1.634292360479849067e-04 1.585571993852971521e-04
7.303741145765766305e+02 1.569374235575589859e-04 1.588145589392512072e-04
7.303746150770771237e+02 1.409400762115684848e-04 1.590701345454310640e-04
7.303751155775776169e+02 1.509884501934208843e-04 1.593239192289555735e-04
7.303756160780781101e+02 1.239896073514151135e-04 1.595759060415199570e-04
7.303761165785786034e+02 1.753918757143267931e-04 1.598260880626822659e-04
7.303766170790790966e+02 1.839334908044401422e-04 1.600744584011730713e-04
7.303771175795795898e+02 1.406642836986989802e-04 1.603210101962275415e-04
7.303776180800800830e+02 1.255003982131633051e-04 1.605657366189408304e-04
7.303781185805805762e+02 1.644098625677419413e-04 1.608086308736465049e-04
7.303786190810810695e+02 1.754219651376007119e-04 1.610496861993187710e-04
7.303791195815815627e+02 1.643493224831505837e-04 1.612888958709982534e-04
7.303796200820821696e+02 1.323590869593692821e-04 1.615262532012954862e-04
7.303801205825826628e+02 1.331436885897286217e-04 1.617617515416499153e-04
7.303806210830831560e+02 1.395535225566501831e-04 1.619953842841516021e-04
7.303811215835836492e+02 1.642743744286770077e-04 1.622271448628487441e-04
7.303816220840841424e+02 1.648216315467620162e-04 1.624570267553495837e-04
7.303821225845846357e+02 1.470468302855359771e-04 1.626850234843957754e-04
7.303826230850851289e+02 1.588134680719450261e-04 1.629111286194611502e-04
7.303831235855856221e+02 1.430354473835661897e-04 1.631353357783756335e-04
7.303836240860861153e+02 1.152932141380705929e-04 1.633576386289756178e-04
7.303841245865866085e+02 1.756310111224275905e-04 1.635780308907796513e-04
7.303846250870871017e+02 1.568854668977798239e-04 1.637965063366907711e-04
7.303851255875875950e+02 1.798638993692571776e-04 1.640130587947253443e-04
7.303856260880880882e+02 1.742481153671206445e-04 1.642276821497682293e-04
7.303861265885885814e+02 1.615750743072311688e-04 1.644403703453550954e-04
7.303866270890890746e+02 1.878748788878667106e-04 1.646511173854815226e-04
7.303871275895895678e+02 1.258824485926899434e-04 1.648599173364396673e-04
7.303876280900901747e+02 1.124186787730163434e-04 1.650667643287285992e-04
7.303881285905906680e+02 1.584166062807214098e-04 1.652716525587587758e-04
7.303886290910911612e+02 1.790787272588327680e-04 1.654745762910530269e-04
7.303891295915916544e+02 1.548803597205927578e-04 1.656755298600053744e-04
7.303896300920921476e+02 1.595598118734815104e-04 1.658745076719040723e-04
7.303901305925926408e+02 1.751229867692237539e-04 1.660715042069351582e-04
7.303906310930931340e+02 1.329229904520647641e-04 1.662665140212146004e-04
7.303911315935936273e+02 1.465251751367568195e-04 1.664595317488496643e-04
7.303916320940941205e+02 1.538845455905435205e-04 1.666505521040280891e-04
7.303921325945946137e+02 1.524991987049219603e-04 1.668395698831371874e-04
7.303926330950951069e+02 1.583822327665099943e-04 1.670265799669112166e-04
7.303931335955956001e+02 1.374463092777181259e-04 1.672115773226084837e-04
7.303936340960960933e+02 1.774411031057709074e-04 1.673945570062175612e-04
7.303941345965965866e+02 1.537792896910194834e-04 1.675755141646928850e-04
7.303946350970970798e+02 1.771530554714904817e-04 1.677544440382200321e-04
7.303951355975975730e+02 1.345893135770277966e-04 1.679313419625106513e-04
7.303956360980981799e+02 1.656418079095897417e-04 1.681062033711664576e-04
7.303961365985986731e+02 1.433526851705922115e-04 1.682790237978753383e-04
7.303966370990991663e+02 1.701834894028675903e-04 1.684497988790338476e-04
7.303971375995996596e+02 1.525617898019695714e-04 1.686185243560025106e-04
7.303976381001001528e+02 1.312258159515269440e-04 1.687851960775897566e-04
7.303981386006006460e+02 1.664634091401210562e-04 1.689498100025264762e-04
7.303986391011011392e+02 1.845187750445772342e-04 1.691123622019703916e-04
7.303991396016016324e+02 1.519020920272719623e-04 1.692728488620408138e-04
7.303996401021021256e+02 1.624171438331205850e-04 1.694312662863831597e-04
7.304001406026026189e+02 1.549378152093008724e-04 1.695876108987641527e-04
7.304006411031031121e+02 1.620851423816242764e-04 1.697418792456966764e-04
7.304011416036036053e+02 1.602620514109623655e-04 1.698940679990946600e-04
7.304016421041040985e+02 1.312119312165531426e-04 1.700441739589587833e-04
7.304021426046045917e+02 1.664778496828797996e-04 1.701921940560913182e-04
7.304026431051050849e+02 1.505120296960132248e-04 1.703381253548414645e-04
7.304031436056056918e+02 1.308810298724451303e-04 1.704819650559128374e-04
7.304036441061061851e+02 1.485744674909935932e-04 1.706237104990382207e-04
7.304041446066066783e+02 1.292641951663711295e-04 1.707633591660103194e-04
7.304046451071071715e+02 1.796739950619019751e-04 1.709009086834144633e-04
7.304051456076076647e+02 1.466994182366056936e-04 1.710363568255554925e-04
7.304056461081081579e+02 1.624575091016818658e-04 1.711697015173805768e-04
7.304061466086086511e+02 1.963374109070323997e-04 1.713009408374314437e-04
7.304066471091091444e+02 1.724495092533726817e-04 1.714300730208253112e-04
7.304071476096096376e+02 1.456073212563929785e-04 1.715570964622649310e-04
7.304076481101101308e+02 1.471772213760429214e-04 1.716820097190767402e-04
7.304081486106106240e+02 1.434777011947227640e-04 1.718048115142779332e-04
7.304086491111111172e+02 1.828303927893200136e-04 1.719255007396709918e-04
7.304091496116116105e+02 1.474575118762559895e-04 1.720440764589664315e-04
7.304096501121121037e+02 1.546312352693737704e-04 1.721605379109329779e-04
7.304101506126125969e+02 1.514690108068806143e-04 1.722748845125747128e-04
7.304106511131130901e+02 1.584718854986777003e-04 1.723871158623353523e-04
7.304111516136136970e+02 1.569694047194063928e-04 1.724972317433539975e-04
7.304116521141141902e+02 1.531508031425870859e-04 1.726052321266221688e-04
7.304121526146146834e+02 1.663789413766314984e-04 1.727111171744167965e-04
7.304126531151151767e+02 1.291560406913098134e-04 1.728148872435075886e-04
7.304131536156156699e+02 1.899720264161258547e-04 1.729165428885152663e-04
7.304136541161161631e+02 1.715361183023576754e-04 1.730160848652690124e-04
7.304141546166166563e+02 1.835260523185117912e-04 1.731135141341879626e-04
7.304146551171171495e+02 1.618563998244008180e-04 1.732088318636860070e-04
7.304151556176176427e+02 1.355250024024614501e-04 1.733020394335997116e-04
7.304156561181181360e+02 1.387070616908407075e-04 1.733931384386384672e-04
7.304161566186186292e+02 1.785329527704132557e-04 1.734821306918566731e-04
7.304166571191191224e+02 1.782874298285828647e-04 1.735690182281468747e-04
7.304171576196196156e+02 1.479571596303086932e-04 1.736538033077537435e-04
7.304176581201201088e+02 1.511652165760429410e-04 1.737364884198078717e-04
7.304181586206206021e+02 1.232779740456526804e-04 1.738170762858787027e-04
7.304186591211212090e+02 1.605378691054599744e-04 1.738955698635635653e-04
7.304191596216217022e+02 1.739115373741704801e-04 1.739719723500066150e-04
7.304196601221221954e+02 1.882661408899693719e-04 1.740462871856117378e-04
7.304201606226226886e+02 1.669188116700522182e-04 1.741185180575934488e-04
7.304206611231231818e+02 1.519145348465698745e-04 1.741886689036329565e-04
7.304211616236236750e+02 1.779756394830935159e-04 1.742567439155308406e-04
7.304216621241241683e+02 1.664934734575795991e-04 1.743227475428730372e-04
7.304221626246246615e+02 1.553749457573080331e-04 1.743866844967098084e-04
7.304226631251251547e+02 1.767146182694871639e-04 1.744485597532464201e-04
7.304231636256256479e+02 1.370983732839095007e-04 1.745083785575448796e-04
7.304236641261261411e+02 1.660350918937981046e-04 1.745661464272348887e-04
7.304241646266266343e+02 1.522294908117074205e-04 1.746218691562342830e-04
7.304246651271271276e+02 1.953483360980571822e-04 1.746755528184765465e-04
7.304251656276276208e+02 1.364978272005683421e-04 1.747272037716452375e-04
7.304256661281281140e+02 2.021934708295643353e-04 1.747768286609138353e-04
7.304261666286286072e+02 2.025827149228840557e-04 1.748244344226895721e-04
7.304266671291292141e+02 1.895346336197890067e-04 1.748700282883709246e-04
7.304271676296297073e+02 1.628916451077423136e-04 1.749136177880552070e-04
7.304276681301302006e+02 1.604700437858937070e-04 1.749552107543503809e-04
7.304281686306306938e+02 1.627498323727308641e-04 1.749948153260818076e-04
7.304286691311311870e+02 1.609029745513816092e-04 1.750324399520489813e-04
7.304291696316316802e+02 1.705954857772671012e-04 1.750680933947691166e-04
7.304296701321321734e+02 1.830422662757829309e-04 1.751017847342145020e-04
7.304301706326326666e+02 1.866657976211592547e-04 1.751335233715448113e-04
7.304306711331331599e+02 1.802036298604533810e-04 1.751633190328305252e-04
7.304311716336336531e+02 1.733843140969400860e-04 1.751911817727674350e-04
7.304316721341341463e+02 1.674475148128926310e-04 1.752171219783801414e-04
7.304321726346346395e+02 1.798411934784144165e-04 1.752411503727128420e-04
7.304326731351351327e+02 1.801607300057069352e-04 1.752632780185060769e-04
7.304331736356356259e+02 1.671493287160473646e-04 1.752835163218575379e-04
7.304336741361361192e+02 1.359830910459716268e-04 1.753018770358651774e-04
7.304341746366366124e+02 1.708378638883555902e-04 1.753183722642515877e-04
7.304346751371372193e+02 1.438734364863220852e-04 1.753330144649695155e-04
7.304351756376377125e+02 1.777045312319240828e-04 1.753458164537689953e-04
7.304356761381382057e+02 1.499112112799505612e-04 1.753567914077726417e-04
7.304361766386386989e+02 2.233254172863784594e-04 1.753659528689904162e-04
7.304366771391391921e+02 1.516116865128566357e-04 1.753733147478229006e-04
7.304371776396396854e+02 1.692441680193680935e-04 1.753788913265309887e-04
7.304376781401401786e+02 2.105162322396338299e-04 1.753826972626726171e-04
7.304381786406406718e+02 1.697023527443148867e-04 1.753847475925049914e-04
7.304386791411411650e+02 1.475109479459047986e-04 1.753850577343504379e-04
7.304391796416416582e+02 1.853782205699553798e-04 1.753836434919231967e-04
7.304396801421421515e+02 1.399257027891181060e-04 1.753805210576156112e-04
7.304401806426426447e+02 1.685189597224981026e-04 1.753757070157410311e-04
7.304406811431431379e+02 1.876118582266283444e-04 1.753692183457317209e-04
7.304411816436436311e+02 1.871304739215798015e-04 1.753610724252889551e-04
7.304416821441441243e+02 1.742783462157039066e-04 1.753512870334838093e-04
7.304421826446447312e+02 1.669122998327251259e-04 1.753398803538027382e-04
7.304426831451452244e+02 2.345146873354418563e-04 1.753268709771523611e-04
7.304431836456457177e+02 2.262692440138637734e-04 1.753122779047813589e-04
7.304436841461462109e+02 1.740951017482859366e-04 1.752961205511685994e-04
7.304441846466467041e+02 2.031069980600546765e-04 1.752784187468374552e-04
7.304446851471471973e+02 1.688669169959635026e-04 1.752591927411082675e-04
7.304451856476476905e+02 2.163659105763625682e-04 1.752384632047845111e-04
7.304456861481481837e+02 1.524017193517259795e-04 1.752162512327699233e-04
7.304461866486486770e+02 2.175695696463713366e-04 1.751925783466140747e-04
7.304466871491491702e+02 1.844568942900665846e-04 1.751674664969837000e-04
7.304471876496496634e+02 1.938304155357805682e-04 1.751409380660576460e-04
7.304476881501501566e+02 1.727842977608428829e-04 1.751130158698420772e-04
7.304481886506506498e+02 2.258486997914059850e-04 1.750837231604045012e-04
7.304486891511511431e+02 1.683663106278698418e-04 1.750530836280223869e-04
7.304491896516516363e+02 1.892662341712645464e-04 1.750211214032452078e-04
7.304496901521521295e+02 1.685216182280002684e-04 1.749878610588661459e-04
7.304501906526527364e+02 1.827642277714766476e-04 1.749533276117937490e-04
7.304506911531532296e+02 1.445128275653020271e-04 1.749175465248672381e-04
7.304511916536537228e+02 2.035985323538389198e-04 1.748805437084957127e-04
7.304516921541542160e+02 2.032299266110080042e-04 1.748423455222742077e-04
7.304521926546547093e+02 1.680644569257621419e-04 1.748029787764576943e-04
7.304526931551552025e+02 1.586416247769001657e-04 1.747624707333365521e-04
7.304531936556556957e+02 1.894021164146485648e-04 1.747208491085029181e-04
7.304536941561561889e+02 2.012737962539472942e-04 1.746781420720051447e-04
7.304541946566566821e+02 2.175441893101838649e-04 1.746343782493876579e-04
7.304546951571571753e+02 1.776462400627846193e-04 1.745895867226137223e-04
7.304551956576576686e+02 1.746061871707701497e-04 1.745437970308676688e-04
7.304556961581581618e+02 1.637689794891779792e-04 1.744970391712347439e-04
7.304561966586586550e+02 2.117629736757847163e-04 1.744493435992546763e-04
7.304566971591591482e+02 1.487012000227874481e-04 1.744007412293471716e-04
7.304571976596596414e+02 1.923331620912139487e-04 1.743512634351064366e-04
7.304576981601602483e+02 1.694092954458582931e-04 1.743009420494497411e-04
7.304581986606607416e+02 1.529854733358276863e-04 1.742498093646871601e-04
7.304586991611612348e+02 1.653848937062769257e-04 1.741978981323373944e-04
7.304591996616617280e+02 1.536948166841981423e-04 1.741452415629156196e-04
7.304597001621622212e+02 1.740968550595729998e-04 1.740918733255195918e-04
7.304602006626627144e+02 1.864826246162786970e-04 1.740378275472802825e-04
7.304607011631632076e+02 1.924792832260394213e-04 1.739831388126619716e-04
7.304612016636637009e+02 1.862638464038336196e-04 1.739278421626098753e-04
7.304617021641641941e+02 1.825157140957848470e-04 1.738719730935429485e-04
7.304622026646646873e+02 1.573905023430871130e-04 1.738155675561888565e-04
7.304627031651651805e+02 1.570244754069235376e-04 1.737586619542585097e-04
7.304632036656656737e+02 1.716888273005301381e-04 1.737012931429585117e-04
7.304637041661661669e+02 1.426126732528299466e-04 1.736434984273383200e-04
7.304642046666666602e+02 1.966296136687246455e-04 1.735853155604698164e-04
7.304647051671671534e+02 1.843548062425176982e-04 1.735267827414578503e-04
7.304652056676676466e+02 2.426349361841510159e-04 1.734679386132779056e-04
7.304657061681682535e+02 1.871614935000812466e-04 1.734088222604269331e-04
7.304662066686687467e+02 1.871915972580692723e-04 1.733494732064647320e-04
7.304667071691692399e+02 1.696525892634660195e-04 1.732899314112422689e-04
7.304672076696697331e+02 1.911061031228978853e-04 1.732302372680844861e-04
7.304677081701702264e+02 2.044489757273268210e-04 1.731704316007229587e-04
7.304682086706707196e+02 1.752815466320368403e-04 1.731105556600576266e-04
7.304687091711712128e+02 2.070212133069543976e-04 1.730506511207330193e-04
7.304692096716717060e+02 1.745030589292188784e-04 1.729907600775255319e-04
7.304697101721721992e+02 2.088610062433748677e-04 1.729309250415420767e-04
7.304702106726726925e+02 1.751359431177452596e-04 1.728711889362266954e-04
7.304707111731731857e+02 1.713569907761460800e-04 1.728115950931751322e-04
7.304712116736736789e+02 1.897488261630740961e-04 1.727521872477545488e-04
7.304717121741741721e+02 1.565479432358631582e-04 1.726930095345284891e-04
7.304722126746746653e+02 2.213804461784083183e-04 1.726341064824844925e-04
7.304727131751751585e+02 2.037737324742238006e-04 1.725755230100640297e-04
7.304732136756756518e+02 2.070854765457009854e-04 1.725173044199936230e-04
7.304737141761762587e+02 2.286251900251952732e-04 1.724594963939027315e-04
7.304742146766767519e+02 2.130691780886735578e-04 1.724021449868067067e-04
7.304747151771772451e+02 1.306759554894352854e-04 1.723452966212567358e-04
7.304752156776777383e+02 1.889316168171013399e-04 1.722889980814190679e-04
7.304757161781782315e+02 1.959101396596544869e-04 1.722332965068863882e-04
7.304762166786787247e+02 1.860788402422468768e-04 1.721782393862986702e-04
7.304767171791792180e+02 1.918148707063571158e-04 1.721238745507609031e-04
7.304772176796797112e+02 1.973045276676936176e-04 1.720702501670577482e-04
7.304777181801802044e+02 1.732631725058980188e-04 1.720174147306640939e-04
7.304782186806806976e+02 1.869147185722973064e-04 1.719654170585527297e-04
7.304787191811811908e+02 2.120447717098095444e-04 1.719143062817985964e-04
7.304792196816816841e+02 1.833977802148353581e-04 1.718641318379801825e-04
7.304797201821821773e+02 2.197335968309799335e-04 1.718149434633787977e-04
7.304802206826826705e+02 2.243745227145868147e-04 1.717667911849757518e-04
7.304807211831831637e+02 1.837041996277228011e-04 1.717197253122491722e-04
7.304812216836837706e+02 2.210405891212498144e-04 1.716737964287597010e-04
7.304817221841842638e+02 1.751847012186527727e-04 1.716290553835898239e-04
7.304822226846847570e+02 2.096189740929033010e-04 1.715855532824805724e-04
7.304827231851852503e+02 2.120903804096814407e-04 1.715433414788767447e-04
7.304832236856857435e+02 1.567114451256114167e-04 1.715024715647243882e-04
7.304837241861862367e+02 1.866229264578552600e-04 1.714629953610857555e-04
7.304842246866867299e+02 1.952982453533764768e-04 1.714249649085621127e-04
7.304847251871872231e+02 2.400284889663631264e-04 1.713884324575277345e-04
7.304852256876877163e+02 1.903598575635527469e-04 1.713534504581753018e-04
7.304857261881882096e+02 1.513113300171525777e-04 1.713200715503770120e-04
7.304862266886887028e+02 2.115857406476219830e-04 1.712883485533619175e-04
7.304867271891891960e+02 1.677599025056358893e-04 1.712583344552134218e-04
7.304872276896896892e+02 2.139011814903152731e-04 1.712300824021886954e-04
7.304877281901901824e+02 1.685916321669927163e-04 1.712036456878636979e-04
7.304882286906906756e+02 1.942553217078316010e-04 1.711790777421060017e-04
7.304887291911911689e+02 1.938140003973348323e-04 1.711564321198791577e-04
7.304892296916917758e+02 2.399174114166305544e-04 1.711357624898773020e-04
7.304897301921922690e+02 1.866278672941296894e-04 1.711171226230209037e-04
7.304902306926927622e+02 1.964186169457695795e-04 1.711005663807475710e-04
7.304907311931932554e+02 1.690673296416247192e-04 1.710861477031959009e-04
7.304912316936937486e+02 1.950968799633590598e-04 1.710739205972150164e-04
7.304917321941942419e+02 2.275718345057092524e-04 1.710639391242326965e-04
7.304922326946947351e+02 2.232698193488337956e-04 1.710562573879811780e-04
7.304927331951952283e+02 2.201108076286109388e-04 1.710509295220855334e-04
7.304932336956957215e+02 2.236738813540672271e-04 1.710480096775189650e-04
7.304937341961962147e+02 1.965599666612121896e-04 1.710475520099299441e-04
7.304942346966967079e+02 2.075155853192126075e-04 1.710496106668452109e-04
7.304947351971972012e+02 1.713851631767594036e-04 1.710542397747552188e-04
7.304952356976976944e+02 1.685880603856534877e-04 1.710614934260851953e-04
7.304957361981981876e+02 1.965275872547706882e-04 1.710714256660590031e-04
7.304962366986986808e+02 1.587247183559476501e-04 1.710840904794598658e-04
7.304967371991991740e+02 1.817881729581700316e-04 1.710995417772940847e-04
7.304972376996997809e+02 1.466862724093962670e-04 1.711178333833677492e-04
7.304977382002002742e+02 2.108707720214117161e-04 1.711390190207565977e-04
7.304982387007007674e+02 2.359130592760955093e-04 1.711631522982374717e-04
7.304987392012012606e+02 2.020600271950432009e-04 1.711902866966062806e-04
7.304992397017017538e+02 2.190202847704683555e-04 1.712204755549474758e-04
7.304997402022022470e+02 2.297656493566309051e-04 1.712537720568394210e-04
7.305002407027027402e+02 1.654948516988758388e-04 1.712902292165042789e-04
7.305007412032032335e+02 2.277357529290804526e-04 1.713298998649100840e-04
7.305012417037037267e+02 1.419960852060848911e-04 1.713728366358312097e-04
7.305017422042042199e+02 1.464307357981855563e-04 1.714190919518737070e-04
7.305022427047047131e+02 1.887837237869603366e-04 1.714687180104729962e-04
7.305027432052052063e+02 2.056359808997911258e-04 1.715217667698695216e-04
7.305032437057056995e+02 1.858538819249712414e-04 1.715782899350712344e-04
7.305037442062061928e+02 2.182477553887475648e-04 1.716383389438081049e-04
7.305042447067066860e+02 1.808607758340996551e-04 1.717019649524866368e-04
7.305047452072072929e+02 2.084537500701523017e-04 1.717692188221674730e-04
7.305052457077077861e+02 2.059375508170313129e-04 1.718401511044796313e-04
7.305057462082082793e+02 2.109865050773660280e-04 1.719148120277096212e-04
7.305062467087087725e+02 1.739730953648651300e-04 1.719932514827681271e-04
7.305067472092092657e+02 2.029326853851442700e-04 1.720755190092677683e-04
7.305072477097097590e+02 1.935507118426179609e-04 1.721616637816303494e-04
7.305077482102102522e+02 2.076458365128541110e-04 1.722517345952443628e-04
7.305082487107107454e+02 2.255239088359283514e-04 1.723457798526827197e-04
7.305087492112112386e+02 1.823654508868421649e-04 1.724438475499850986e-04
7.305092497117117318e+02 1.584155524545166702e-04 1.725459852630152667e-04
7.305097502122122251e+02 1.614239451128941989e-04 1.726522401338992287e-04
7.305102507127127183e+02 1.874888885012798516e-04 1.727626588575518736e-04
7.305107512132132115e+02 1.735001718536915310e-04 1.728772876683003321e-04
7.305112517137137047e+02 2.160315781881990251e-04 1.729961723266110381e-04
7.305117522142141979e+02 1.939567614118014585e-04 1.731193581059276498e-04
7.305122527147146911e+02 2.305542219989088412e-04 1.732468897796282062e-04
7.305127532152152980e+02 2.021958875329162041e-04 1.733788116081384897e-04
7.305132537157157913e+02 2.020707738623294639e-04 1.735151673260273096e-04
7.305137542162162845e+02 1.995463384968411153e-04 1.736560001295436796e-04
7.305142547167167777e+02 2.142778473719487270e-04 1.738013526640031284e-04
7.305147552172172709e+02 2.122377378691261724e-04 1.739512670114772615e-04
7.305152557177177641e+02 1.974267624538081551e-04 1.741057846786167075e-04
7.305157562182182573e+02 2.094971251586717873e-04 1.742649465846428738e-04
7.305162567187187506e+02 1.720090443719091275e-04 1.744287930495164553e-04
7.305167572192192438e+02 1.962350940734300972e-04 1.745973637822889829e-04
7.305172577197197370e+02 2.213181180559952073e-04 1.747706978696442974e-04
7.305177582202202302e+02 1.904683478966090969e-04 1.749488337646367786e-04
7.305182587207207234e+02 1.638333117873170489e-04 1.751318092756326192e-04
7.305187592212212166e+02 1.744970736945570687e-04 1.753196615554610536e-04
7.305192597217217099e+02 1.589928230759367778e-04 1.755124270907813160e-04
7.305197602222222031e+02 1.882265809113993298e-04 1.757101416916717520e-04
7.305202607227228100e+02 1.748907681375312033e-04 1.759128404814941544e-04
7.305207612232233032e+02 2.150400742996041764e-04 1.761205578867599967e-04
7.305212617237237964e+02 1.751326272359343239e-04 1.763333276276980634e-04
7.305217622242242896e+02 1.959603630385807385e-04 1.765511827086089548e-04
7.305222627247247829e+02 2.304998983171087455e-04 1.767741554086986174e-04
7.305227632252252761e+02 2.070231396171038480e-04 1.770022772731229157e-04
7.305232637257257693e+02 1.876356437018589208e-04 1.772355791042935780e-04
7.305237642262262625e+02 1.626090134511088531e-04 1.774740909534509902e-04
7.305242647267267557e+02 1.842109820835787393e-04 1.777178421125077436e-04
7.305247652272272489e+02 1.648926738289539307e-04 1.779668611061682195e-04
7.305252657277277422e+02 1.833375456093889371e-04 1.782211756843286572e-04
7.305257662282282354e+02 1.840698389979561543e-04 1.784808128147612292e-04
7.305262667287287286e+02 1.684417925059269810e-04 1.787457986760872990e-04
7.305267672292292218e+02 1.780125514550699652e-04 1.790161586510424666e-04
7.305272677297297150e+02 1.768833252476338593e-04 1.792919173200377891e-04
7.305277682302302082e+02 2.168823065934967942e-04 1.795730984550206763e-04
7.305282687307308152e+02 1.623839669115696846e-04 1.798597250137040887e-04
7.305287692312313084e+02 1.351906580719273662e-04 1.801518191337732929e-04
7.305292697317318016e+02 1.444730788402868353e-04 1.804494021280546301e-04
7.305297702322322948e+02 1.566905982951255656e-04 1.807524944793446301e-04
7.305302707327327880e+02 1.732977785027407249e-04 1.810611158358761490e-04
7.305307712332332812e+02 1.591057797353981449e-04 1.813752850070360692e-04
7.305312717337337745e+02 1.554587376489809341e-04 1.816950199593999650e-04
7.305317722342342677e+02 1.598632268203530244e-04 1.820203378130863915e-04
7.305322727347347609e+02 1.448902607386747953e-04 1.823512548384311491e-04
7.305327732352352541e+02 1.328170931989376073e-04 1.826877864529839344e-04
7.305332737357357473e+02 1.290181604825283660e-04 1.830299472188275426e-04
7.305337742362362405e+02 1.317543067849753118e-04 1.833777508402208655e-04
7.305342747367367338e+02 1.414144976496394045e-04 1.837312101615661756e-04
7.305347752372372270e+02 1.651389243897334906e-04 1.840903371657006673e-04
7.305352757377377202e+02 1.226534721995146439e-04 1.844551429725128520e-04
7.305357762382382134e+02 1.300701501557646733e-04 1.848256378378836183e-04
7.305362767387388203e+02 9.597268987191346951e-05 1.852018311530370654e-04
7.305367772392393135e+02 1.114014961857202912e-04 1.855837314437865765e-04
7.305372777397398067e+02 1.343697815056831522e-04 1.859713463709585792e-04
7.305377782402403000e+02 1.186446568387126228e-04 1.863646827302857512e-04
7.305382787407407932e+02 9.797254090079018495e-05 1.867637464530456427e-04
7.305387792412412864e+02 9.371781213045037051e-05 1.871685426069338658e-04
7.305392797417417796e+02 1.046694301983066080e-04 1.875790753972543588e-04
7.305397802422422728e+02 7.235663473108558603e-05 1.879953481684259662e-04
7.305402807427427661e+02 6.877049919739946192e-05 1.884173634058018112e-04
7.305407812432432593e+02 7.553168869580823279e-05 1.888451227378004854e-04
7.305412817437437525e+02 6.725275561417093655e-05 1.892786269383454217e-04
7.305417822442442457e+02 7.586514204353531966e-05 1.897178759296106636e-04
7.305422827447447389e+02 3.533644880290293794e-05 1.901628687850700757e-04
7.305427832452452321e+02 3.327469858752838100e-05 1.906136037328456034e-04
7.305432837457457254e+02 4.606381315315145788e-05 1.910700781593535538e-04
7.305437842462463323e+02 1.667392182749201626e-05 1.915322886133489133e-04
7.305442847467468255e+02 2.771053174583194763e-05 1.920002308097327949e-04
7.305447852472473187e+02 1.752173401180426299e-05 1.924738996346973027e-04
7.305452857477478119e+02 2.914152172216722233e-05 1.929532891501030520e-04
7.305457862482483051e+02 3.230666247374038041e-05 1.934383925986579429e-04
7.305462867487487983e+02 3.553953849620766694e-05 1.939292024092646618e-04
7.305467872492492916e+02 2.302814016045783889e-05 1.944257102026375266e-04
7.305472877497497848e+02 4.607285598892428894e-05 1.949279067971832803e-04
7.305477882502502780e+02 4.493222104128500991e-05 1.954357822151418496e-04
7.305482887507507712e+02 5.009475653732113685e-05 1.959493256889814302e-04
7.305487892512512644e+02 5.611184206437939840e-05 1.964685256680434805e-04
7.305492897517517576e+02 5.577398278465770095e-05 1.969933698254318236e-04
7.305497902522522509e+02 8.144114348282387021e-05 1.975238450651414118e-04
7.305502907527527441e+02 6.484286022061406054e-05 1.980599375294203580e-04
7.305507912532532373e+02 7.322779468722060586e-05 1.986016326063603805e-04
7.305512917537537305e+02 1.168416256219149117e-04 1.991489149377101604e-04
7.305517922542543374e+02 1.433864577568138307e-04 1.997017684270311710e-04
7.305522927547548306e+02 1.337409226999558326e-04 2.002601762474351681e-04
7.305527932552553239e+02 1.339866497902526387e-04 2.008241208507835908e-04
7.305532937557558171e+02 1.522811380255018770e-04 2.013935839758322784e-04
7.305537942562563103e+02 1.507027824581919431e-04 2.019685466571940818e-04
7.305542947567568035e+02 1.889628521492168155e-04 2.025489892343643043e-04
7.305547952572572967e+02 1.773104272362748630e-04 2.031348913609268519e-04
7.305552957577577899e+02 2.074677784787940936e-04 2.037262320139342903e-04
7.305557962582582832e+02 1.736122216378965300e-04 2.043229895034565753e-04
7.305562967587587764e+02 1.847602784058730756e-04 2.049251414822913576e-04
7.305567972592592696e+02 1.684324754625980203e-04 2.055326649558295721e-04
7.305572977597597628e+02 1.871022700990436884e-04 2.061455362920700776e-04
7.305577982602602560e+02 2.124427717445361659e-04 2.067637312317770323e-04
7.305582987607607492e+02 2.484767351775620274e-04 2.073872248987727125e-04
7.305587992612612425e+02 1.992957210505398819e-04 2.080159918103603549e-04
7.305592997617618494e+02 2.283234951573734936e-04 2.086500058880144714e-04
7.305598002622623426e+02 2.476127772427198109e-04 2.092892404674652571e-04
7.305603007627628358e+02 2.117897661343167283e-04 2.099336683103358208e-04
7.305608012632633290e+02 1.999222555253597159e-04 2.105832616144416439e-04
7.305613017637638222e+02 2.113563557005237775e-04 2.112379920249074755e-04
7.305618022642643155e+02 2.490785068709747878e-04 2.118978306452299612e-04
7.305623027647648087e+02 2.655932934093565472e-04 2.125627480484248684e-04
7.305628032652653019e+02 2.045229560617749188e-04 2.132327142882518584e-04
7.305633037657657951e+02 2.746391395300244406e-04 2.139076989105102465e-04
7.305638042662662883e+02 2.973556015894176195e-04 2.145876709643999500e-04
7.305643047667667815e+02 2.911192127258424773e-04 2.152725990139407665e-04
7.305648052672672748e+02 3.373353452255944984e-04 2.159624511494440461e-04
7.305653057677677680e+02 2.537050075993201644e-04 2.166571949990304686e-04
7.305658062682682612e+02 2.898845169611398757e-04 2.173567977401875311e-04
7.305663067687687544e+02 3.064845907429418026e-04 2.180612261113609154e-04
7.305668072692692476e+02 2.651959354428340583e-04 2.187704464235740187e-04
7.305673077697698545e+02 2.321118020870011067e-04 2.194844245722313097e-04
7.305678082702703477e+02 2.588051975681907296e-04 2.202031260481255020e-04
7.305683087707708410e+02 2.465389342783022141e-04 2.209265159500778603e-04
7.305688092712713342e+02 2.897708019271070341e-04 2.216545589959614739e-04
7.305693097717718274e+02 2.864038135182978809e-04 2.223872195345333173e-04
7.305698102722723206e+02 2.879199323822068481e-04 2.231244615570972842e-04
7.305703107727728138e+02 2.809661232335553113e-04 2.238662487091546988e-04
7.305708112732733071e+02 2.822706279528675944e-04 2.246125443020376426e-04
7.305713117737738003e+02 2.295931720294787652e-04 2.253633113245188892e-04
7.305718122742742935e+02 2.982840350037415018e-04 2.261185124543932162e-04
7.305723127747747867e+02 2.424562711715835578e-04 2.268781100700263003e-04
7.305728132752752799e+02 2.679924716505447291e-04 2.276420662618642004e-04
7.305733137757757731e+02 2.656543111547343444e-04 2.284103428439004219e-04
7.305738142762762664e+02 2.875124673600691237e-04 2.291829013650944363e-04
7.305743147767767596e+02 2.974193886640125336e-04 2.299597031207377786e-04
7.305748152772772528e+02 2.738030658372077363e-04 2.307407091637627913e-04
7.305753157777778597e+02 2.316419763183930882e-04 2.315258803161682178e-04
7.305758162782783529e+02 3.029611836007019992e-04 2.323151771794860088e-04
7.305763167787788461e+02 2.711193616972908831e-04 2.331085601469620088e-04
7.305768172792793393e+02 2.384624959435238190e-04 2.339059894138794846e-04
7.305773177797798326e+02 2.975397612874289147e-04 2.347074249886949937e-04
7.305778182802803258e+02 2.683366350429891014e-04 2.355128267039139885e-04
7.305783187807808190e+02 2.874206772586770193e-04 2.363221542268797667e-04
7.305788192812813122e+02 2.403863045260171811e-04 2.371353670704737877e-04
7.305793197817818054e+02 2.779088096146986294e-04 2.379524246037220431e-04
7.305798202822822986e+02 2.922378397916085822e-04 2.387732860623049329e-04
7.305803207827827919e+02 2.786735381061424422e-04 2.395979105589673410e-04
7.305808212832832851e+02 2.309271785924834328e-04 2.404262570938258206e-04
7.305813217837837783e+02 3.152762945576974827e-04 2.412582845645694449e-04
7.305818222842842715e+02 2.935106211542660710e-04 2.420939517765515619e-04
7.305823227847847647e+02 3.045752607022067472e-04 2.429332174527704710e-04
7.305828232852853716e+02 3.453343715732739780e-04 2.437760402439263742e-04
7.305833237857858649e+02 2.803342399388234515e-04 2.446223787374036387e-04
7.305838242862863581e+02 2.750884431666010110e-04 2.454721914680487154e-04
7.305843247867868513e+02 2.776066943368569019e-04 2.463254369269122774e-04
7.305848252872873445e+02 2.878119958728651427e-04 2.471820735708240538e-04
7.305853257877878377e+02 2.819936232127359427e-04 2.480420598316494221e-04
7.305858262882883309e+02 2.760995843951409220e-04 2.489053541254191500e-04
7.305863267887888242e+02 2.485105691096321052e-04 2.497719148613282729e-04
7.305868272892893174e+02 3.239171633450081559e-04 2.506417004506038379e-04
7.305873277897898106e+02 3.671908717816908222e-04 2.515146693152392368e-04
7.305878282902903038e+02 2.230962133085997534e-04 2.523907798965933382e-04
7.305883287907907970e+02 3.227820706482829871e-04 2.532699906638539327e-04
7.305888292912912902e+02 2.644954674925756376e-04 2.541522601223632672e-04
7.305893297917917835e+02 2.840446831983436623e-04 2.550375468218048008e-04
7.305898302922922767e+02 2.897355486047187311e-04 2.559258093642506420e-04
7.305903307927927699e+02 2.785169936091641584e-04 2.568170064120672792e-04
7.305908312932933768e+02 2.665907830552445416e-04 2.577110966958835996e-04
7.305913317937938700e+02 2.903855294609566234e-04 2.586080390214002753e-04
7.305918322942943632e+02 3.253032729714277278e-04 2.595077922780864195e-04
7.305923327947948565e+02 3.066031300222449968e-04 2.604103154457035026e-04
7.305928332952953497e+02 3.009943570105091124e-04 2.613155676016982011e-04
7.305933337957958429e+02 2.573372920839713820e-04 2.622235079282492784e-04
7.305938342962963361e+02 3.258878123653013493e-04 2.631340957191675555e-04
7.305943347967968293e+02 2.624061983786535866e-04 2.640472903866527134e-04
7.305948352972973225e+02 2.671299714202499684e-04 2.649630514679028603e-04
7.305953357977978158e+02 2.968752177791541863e-04 2.658813386315804429e-04
7.305958362982983090e+02 2.740610383589281527e-04 2.668021116841309218e-04
7.305963367987988022e+02 3.089260362041788182e-04 2.677253305759577911e-04
7.305968372992992954e+02 3.014316782300941106e-04 2.686509554074517181e-04
7.305973377997997886e+02 3.227336603821970209e-04 2.695789464348747255e-04
7.305978383003002818e+02 2.957465014033434838e-04 2.705092640761006624e-04
7.305983388008008887e+02 3.375845243752695910e-04 2.714418689164227873e-04
7.305988393013013820e+02 2.573979392538198237e-04 2.723767217131583748e-04
7.305993398018018752e+02 2.894283042373017954e-04 2.733137834022291725e-04
7.305998403023023684e+02 3.063232684027618769e-04 2.742530151024817836e-04
7.306003408028028616e+02 2.910831813175400072e-04 2.751943781209236590e-04
7.306008413033033548e+02 3.040822412412564160e-04 2.761378339576082410e-04
7.306013418038038481e+02 2.976243294360594004e-04 2.770833443103785649e-04
7.306018423043043413e+02 2.955023959448424553e-04 2.780308710794722991e-04
7.306023428048048345e+02 3.006476151266009923e-04 2.789803763719881703e-04
7.306028433053053277e+02 2.746512039855841174e-04 2.799318225062148572e-04
7.306033438058058209e+02 3.362998073884179229e-04 2.808851720158238177e-04
7.306038443063063141e+02 3.345521883794399273e-04 2.818403876539268610e-04
7.306043448068068074e+02 2.392262794142932059e-04 2.827974323969988449e-04
7.306048453073073006e+02 2.661961608848890264e-04 2.837562694486685353e-04
7.306053458078077938e+02 2.938466557038131371e-04 2.847168622433764867e-04
7.306058463083082870e+02 3.095053151740586846e-04 2.856791744499033621e-04
7.306063468088088939e+02 2.823334307765759861e-04 2.866431699749874811e-04
7.306068473093093871e+02 3.326703129286910686e-04 2.876088129657194438e-04
7.306073478098098803e+02 3.089201043569714321e-04 2.885760678140002070e-04
7.306078483103103736e+02 3.114626503702627247e-04 2.895448991586844437e-04
7.306083488108108668e+02 2.859472759093574729e-04 2.905152718886949681e-04
7.306088493113113600e+02 3.189846392014771426e-04 2.914871511457956909e-04
7.306093498118118532e+02 2.963396888272485600e-04 2.924605023272442285e-04
7.306098503123123464e+02 3.070064138158619155e-04 2.934352910883247616e-04
7.306103508128128396e+02 3.023541739073982602e-04 2.944114833447636381e-04
7.306108513133133329e+02 3.061478321898933796e-04 2.953890452750289114e-04
7.306113518138138261e+02 2.970361746374607765e-04 2.963679433225150078e-04
7.306118523143143193e+02 3.302443731870660388e-04 2.973481441976146911e-04
7.306123528148148125e+02 3.467356951083890135e-04 2.983296148796796255e-04
7.306128533153153057e+02 3.067280682269134121e-04 2.993123226188713795e-04
7.306133538158157990e+02 2.843882536142743858e-04 3.002962349379047690e-04
7.306138543163162922e+02 3.464745392594995119e-04 3.012813196336839726e-04
7.306143548168168991e+02 2.900389451294444376e-04 3.022675447790589931e-04
7.306148553173173923e+02 3.726058046786674769e-04 3.032548787233589225e-04
7.306153558178178855e+02 3.436421744695078114e-04 3.042432900950631995e-04
7.306158563183183787e+02 3.571347816817647806e-04 3.052327478021346760e-04
7.306163568188188719e+02 2.809711500743688160e-04 3.062232210333740569e-04
7.306168573193193652e+02 3.725518902429324772e-04 3.072146792594543916e-04
7.306173578198198584e+02 3.211415249413870107e-04 3.082070922338611858e-04
7.306178583203203516e+02 3.230889298031327291e-04 3.092004299937404642e-04
7.306183588208208448e+02 3.380461460062694073e-04 3.101946628606551100e-04
7.306188593213213380e+02 3.701746206354576555e-04 3.111897614412526794e-04
7.306193598218218312e+02 3.308959630218213542e-04 3.121856966278455580e-04
7.306198603223223245e+02 3.785117004283899251e-04 3.131824395989056824e-04
7.306203608228228177e+02 3.281016984126738532e-04 3.141799618194752357e-04
7.306208613233233109e+02 3.441175391575324342e-04 3.151782350414951070e-04
7.306213618238238041e+02 3.725192298805333124e-04 3.161772313040527396e-04
7.306218623243244110e+02 3.123704140927050779e-04 3.171769229337786781e-04
7.306223628248249042e+02 2.907328671910056712e-04 3.181772825440305438e-04
7.306228633253253975e+02 4.795620335997978576e-04 3.191782830362719227e-04
7.306233638258258907e+02 2.929451790563586291e-04 3.201798975991075342e-04
7.306238643263263839e+02 3.057533486270075504e-04 3.211820997083824356e-04
7.306243648268268771e+02 3.262867105001580155e-04 3.221848631269813904e-04
7.306248653273273703e+02 3.635011233597237098e-04 3.231881619045626967e-04
7.306253658278278635e+02 3.135865838750467567e-04 3.241919703772230062e-04
7.306258663283283568e+02 3.448075978006031076e-04 3.251962631670975786e-04
7.306263668288288500e+02 3.231285784939217655e-04 3.262010151818969480e-04
7.306268673293293432e+02 3.731435306644288372e-04 3.272062016143810308e-04
7.306273678298298364e+02 3.418852161953807138e-04 3.282117979417734392e-04
7.306278683303303296e+02 3.810165566344030389e-04 3.292177799251164898e-04
7.306283688308308228e+02 3.587501085728574297e-04 3.302241236085692367e-04
7.306288693313313161e+02 3.912469495231868984e-04 3.312308053186491263e-04
7.306293698318318093e+02 3.306395985370503025e-04 3.322378016634205261e-04
7.306298703323324162e+02 3.896530390288259656e-04 3.332450895318587319e-04
7.306303708328329094e+02 3.080121247846548632e-04 3.342526460920188045e-04
7.306308713333334026e+02 3.277636862907152421e-04 3.352604487914432295e-04
7.306313718338338958e+02 2.641049072465786757e-04 3.362684753552329592e-04
7.306318723343343891e+02 4.192644536635735343e-04 3.372767037852158838e-04
7.306323728348348823e+02 3.391937157032691138e-04 3.382851123588420292e-04
7.306328733353353755e+02 3.039202919212826695e-04 3.392936796280333271e-04
7.306333738358358687e+02 3.467866165796122061e-04 3.403023844179927813e-04
7.306338743363363619e+02 3.196217514998762931e-04 3.413112058259708086e-04
7.306343748368368551e+02 3.489215686768502682e-04 3.423201232199941739e-04
7.306348753373373484e+02 4.154832751862904414e-04 3.433291162375541605e-04
7.306353758378378416e+02 4.169682798236785341e-04 3.443381647842595024e-04
7.306358763383383348e+02 3.264365218968119436e-04 3.453472490324530509e-04
7.306363768388388280e+02 3.836883877504055447e-04 3.463563494197942350e-04
7.306368773393393212e+02 4.000225405207772115e-04 3.473654466478081813e-04
7.306373778398398144e+02 2.846511163872481693e-04 3.483745216804031764e-04
7.306378783403404213e+02 2.930559440597613197e-04 3.493835557425868633e-04
7.306383788408409146e+02 3.401134281081196072e-04 3.503925303180066195e-04
7.306388793413414078e+02 3.365239208840201113e-04 3.514014271487543475e-04
7.306393798418419010e+02 3.681731103458020082e-04 3.524102282328518297e-04
7.306398803423423942e+02 3.377472430520774916e-04 3.534189158228561735e-04
7.306403808428428874e+02 2.743714137357866579e-04 3.544274724242113365e-04
7.306408813433433806e+02 3.311033797942815457e-04 3.554358807935761237e-04
7.306413818438438739e+02 4.035453356341642869e-04 3.564441239371301758e-04
7.306418823443443671e+02 3.910467250273002779e-04 3.574521851088569729e-04
7.306423828448448603e+02 4.230643973890748396e-04 3.584600478088082972e-04
7.306428833453453535e+02 3.730715076398462759e-04 3.594676957813479888e-04
7.306433838458458467e+02 3.811112035351369907e-04 3.604751130133774313e-04
7.306438843463463400e+02 3.748018358818927466e-04 3.614822837325445590e-04
7.306443848468468332e+02 2.874841664710955490e-04 3.624891924054356239e-04
7.306448853473473264e+02 3.703497050038683956e-04 3.634958237357514593e-04
7.306453858478479333e+02 3.688277389506675399e-04 3.645021626626983617e-04
7.306458863483484265e+02 2.940482295153412358e-04 3.655081943582219649e-04
7.306463868488489197e+02 3.483658884211390133e-04 3.665139042265146336e-04
7.306468873493494129e+02 3.378015784395751423e-04 3.675192779012244554e-04
7.306473878498499062e+02 3.949442575485663954e-04 3.685243012437972249e-04
7.306478883503503994e+02 3.808896160343036791e-04 3.695289603415784392e-04
7.306483888508508926e+02 3.563541532952425178e-04 3.705332415059068912e-04
7.306488893513513858e+02 3.129301763777286123e-04 3.715371312701995347e-04
7.306493898518518790e+02 3.127317278500491233e-04 3.725406163880281099e-04
7.306498903523523722e+02 3.596607113539463242e-04 3.735436838311893175e-04
7.306503908528528655e+02 3.357224959279336970e-04 3.745463207877685425e-04
7.306508913533533587e+02 3.567881095661709959e-04 3.755485146601973971e-04
7.306513918538538519e+02 3.253522655565832316e-04 3.765502530633079575e-04
7.306518923543543451e+02 4.121206294121121426e-04 3.775515238223809290e-04
7.306523928548548383e+02 4.035917802149085413e-04 3.785523149711924012e-04
7.306528933553553316e+02 3.620115089046899550e-04 3.795526147500555086e-04
7.306533938558559385e+02 3.522605343644925066e-04 3.805524116040886876e-04
7.306538943563564317e+02 3.666155202559676866e-04 3.815516941803467703e-04
7.306543948568569249e+02 4.577662892122527465e-04 3.825504513272213114e-04
7.306548953573574181e+02 4.611071507790821876e-04 3.835486720915697837e-04
7.306553958578579113e+02 3.674585041419008917e-04 3.845463457169808548e-04
7.306558963583584045e+02 3.860369444922818853e-04 3.855434616418131739e-04
7.306563968588588978e+02 4.055975743969060694e-04 3.865400094972352421e-04
7.306568973593593910e+02 3.828282220340491204e-04 3.875359791052672897e-04
7.306573978598598842e+02 4.035142501371233618e-04 3.885313604768252126e-04
7.306578983603603774e+02 3.978566264019303602e-04 3.895261438097678700e-04
7.306583988608608706e+02 4.202121193835469878e-04 3.905203194869473634e-04
7.306588993613613638e+02 3.661686874382125232e-04 3.915138780742627857e-04
7.306593998618618571e+02 3.750818939866060794e-04 3.925068103187187942e-04
7.306599003623623503e+02 4.201451806809987778e-04 3.934991071464882502e-04
7.306604008628628435e+02 3.675413033167276204e-04 3.944907596609803870e-04
7.306609013633634504e+02 4.157818157655348169e-04 3.954817591411395345e-04
7.306614018638639436e+02 4.296926622802196166e-04 3.964720970386236996e-04
7.306619023643644368e+02 3.951275216748874244e-04 3.974617649772414860e-04
7.306624028648649301e+02 3.653686194892511591e-04 3.984507547501431974e-04
7.306629033653654233e+02 3.263122654047326851e-04 3.994390583181455824e-04
7.306634038658659165e+02 3.714648660725493497e-04 4.004266678078384923e-04
7.306639043663664097e+02 3.324830628553656145e-04 4.014135755096991825e-04
7.306644048668669029e+02 4.316043783604937975e-04 4.023997738762143659e-04
7.306649053673673961e+02 4.246359764567348349e-04 4.033852555200109942e-04
7.306654058678678894e+02 4.265427691613365340e-04 4.043700132119951705e-04
7.306659063683683826e+02 3.949185802458679171e-04 4.053540398795005490e-04
7.306664068688688758e+02 3.483918206791184998e-04 4.063373286044454622e-04
7.306669073693693690e+02 4.387847035174758346e-04 4.073198726214991559e-04
7.306674078698698622e+02 4.172393423651102416e-04 4.083016653162585400e-04
7.306679083703703554e+02 3.561768275906337044e-04 4.092827002234344816e-04
7.306684088708708487e+02 3.826848059983742681e-04 4.102629710250476919e-04
7.306689093713714556e+02 3.779624694185187289e-04 4.112424715488583143e-04
7.306694098718719488e+02 3.914796090931481213e-04 4.122211957656929317e-04
7.306699103723724420e+02 3.446102990646901358e-04 4.131991377890086091e-04
7.306704108728729352e+02 3.733449583343905853e-04 4.141762918722406098e-04
7.306709113733734284e+02 4.444048411649490242e-04 4.151526524072763811e-04
7.306714118738739216e+02 3.720674008678767760e-04 4.161282139227163307e-04
7.306719123743744149e+02 4.004621002795287965e-04 4.171029710821471813e-04
7.306724128748749081e+02 4.271081305156474881e-04 4.180769186824269791e-04
7.306729133753754013e+02 4.335162566556633032e-04 4.190500516519815415e-04
7.306734138758758945e+02 3.997163039188814278e-04 4.200223650491128843e-04
7.306739143763763877e+02 3.988614325487182264e-04 4.209938540603200643e-04
7.306744148768768810e+02 3.840421142100057311e-04 4.219645139986318385e-04
7.306749153773773742e+02 4.257331103350247246e-04 4.229343403019522260e-04
7.306754158778778674e+02 4.012411015519835541e-04 4.239033285314175621e-04
7.306759163783783606e+02 3.335892783604677263e-04 4.248714743697674305e-04
7.306764168788788538e+02 4.153853429110557736e-04 4.258387736197269792e-04
7.306769173793794607e+02 4.901495201111781379e-04 4.268052222026221779e-04
7.306774178798799539e+02 4.318806601833661369e-04 4.277708161559100591e-04
7.306779183803804472e+02 4.066566651318159753e-04 4.287355516329175885e-04
7.306784188808809404e+02 4.300971786812950734e-04 4.296994249003974393e-04
7.306789193813814336e+02 3.942597157903591620e-04 4.306624323371948575e-04
7.306794198818819268e+02 4.163885601999615721e-04 4.316245704327083114e-04
7.306799203823824200e+02 3.834964269668257077e-04 4.325858357853627724e-04
7.306804208828829132e+02 4.138661765963250585e-04 4.335462251010965481e-04
7.306809213833834065e+02 4.148778410268443234e-04 4.345057351918614518e-04
7.306814218838838997e+02 4.300950917129287769e-04 4.354643629741358725e-04
7.306819223843843929e+02 4.252272055086502175e-04 4.364221054674509654e-04
7.306824228848848861e+02 4.253248377422537505e-04 4.373789597929318034e-04
7.306829233853853793e+02 3.990107327821884337e-04 4.383349231718488290e-04
7.306834238858858726e+02 3.940695975160792962e-04 4.392899929241857854e-04
7.306839243863863658e+02 4.458716463118444031e-04 4.402441664672189243e-04
7.306844248868869727e+02 4.087330881065601249e-04 4.411974413143275814e-04
7.306849253873874659e+02 3.359594003477481576e-04 4.421498150727339949e-04
7.306854258878879591e+02 4.755895449008379957e-04 4.431012854434232908e-04
7.306859263883884523e+02 4.015757730479233532e-04 4.440518502189101896e-04
7.306864268888889455e+02 4.742992466547833155e-04 4.450015072821032498e-04
7.306869273893894388e+02 4.786122257143966136e-04 4.459502546049638185e-04
7.306874278898899320e+02 3.251184365478742926e-04 4.468980902471808656e-04
7.306879283903904252e+02 4.649993781300400947e-04 4.478450123548570385e-04
7.306884288908909184e+02 3.902757565404365659e-04 4.487910191592089210e-04
7.306889293913914116e+02 4.433793424644708828e-04 4.497361089752808442e-04
7.306894298918919048e+02 4.470432684085941201e-04 4.506802802006711658e-04
7.306899303923923981e+02 3.786899454425808110e-04 4.516235313142718307e-04
7.306904308928928913e+02 4.180510821286416824e-04 4.525658608750220266e-04
7.306909313933933845e+02 4.275592688653229536e-04 4.535072675206740364e-04
7.306914318938938777e+02 4.546368929293836069e-04 4.544477499665722101e-04
7.306919323943943709e+02 4.082845324336204906e-04 4.553873070044454885e-04
7.306924328948949778e+02 4.422276188993024188e-04 4.563259375014256584e-04
7.306929333953954711e+02 4.315247390267386469e-04 4.572636403980127927e-04
7.306934338958959643e+02 4.132859664505097877e-04 4.582004147081855682e-04
7.306939343963964575e+02 4.124774517917732786e-04 4.591362595173921306e-04
7.306944348968969507e+02 3.835242699491523289e-04 4.600711739816202282e-04
7.306949353973974439e+02 3.526966430661177161e-04 4.610051573262660641e-04
7.306954358978979371e+02 4.481892000401853046e-04 4.619382088450168632e-04
7.306959363983984304e+02 4.390623147942383569e-04 4.628703278987449858e-04
7.306964368988989236e+02 4.225048568972610257e-04 4.638015139144153229e-04
7.306969373993994168e+02 3.996440646627091040e-04 4.647317663840048888e-04
7.306974378998999100e+02 4.055734568828785365e-04 4.656610848634343942e-04
7.306979384004004032e+02 4.734093400118438147e-04 4.665894689715130461e-04
7.306984389009008964e+02 5.519598654412912007e-04 4.675169183888943530e-04
7.306989394014013897e+02 5.287216109677836439e-04 4.684434328570456448e-04
7.306994399019018829e+02 4.828295626810465537e-04 4.693690121772281097e-04
7.306999404024024898e+02 4.211663404636877862e-04 4.702936562096997428e-04
7.307004409029029830e+02 4.351363598386314693e-04 4.712173648718803341e-04
7.307009414034034762e+02 4.445733216987375006e-04 4.721401381386282109e-04
7.307014419039039694e+02 4.786173175131455790e-04 4.730619760404278858e-04
7.307019424044044626e+02 4.179241802220100776e-04 4.739828786626405473e-04
7.307024429049049559e+02 4.431188994833563911e-04 4.749028461445559254e-04
7.307029434054054491e+02 4.753647556480815805e-04 4.758218786784551612e-04
7.307034439059059423e+02 4.721191170090912833e-04 4.767399765086857656e-04
7.307039444064064355e+02 4.668851351297038672e-04 4.776571399307473660e-04
7.307044449069069287e+02 3.976175769071310737e-04 4.785733692903893248e-04
7.307049454074074220e+02 4.674671872554307271e-04 4.794886649827192538e-04
7.307054459079079152e+02 4.443919693570820518e-04 4.804030274513221006e-04
7.307059464084084084e+02 4.922545229083683188e-04 4.813164571873919189e-04
7.307064469089089016e+02 4.821559076801351087e-04 4.822289547288723132e-04
7.307069474094093948e+02 5.132064429271762651e-04 4.831405206596095687e-04
7.307074479099098880e+02 4.690075309012213317e-04 4.840511556085155386e-04
7.307079484104104949e+02 4.529364598728841053e-04 4.849608602489481309e-04
7.307084489109109882e+02 4.230235929946339927e-04 4.858696352970696638e-04
7.307089494114114814e+02 5.370058602248433018e-04 4.867774815122811972e-04
7.307094499119119746e+02 4.287139907813800619e-04 4.876843996956013250e-04
7.307099504124124678e+02 4.852690169057157919e-04 4.885903906890885122e-04
7.307104509129129610e+02 3.953343218428262678e-04 4.894954553750672458e-04
7.307109514134134542e+02 4.734157590913907446e-04 4.903995946753632925e-04
7.307114519139139475e+02 4.759779049540438707e-04 4.913028095505506121e-04
7.307119524144144407e+02 4.822846096172761802e-04 4.922051009992065105e-04
7.307124529149149339e+02 4.589045552237426290e-04 4.931064700571781770e-04
7.307129534154154271e+02 4.571515955437516167e-04 4.940069177968575698e-04
7.307134539159159203e+02 3.943716916405653724e-04 4.949064453264673605e-04
7.307139544164164136e+02 4.588793624726422151e-04 4.958050537893547932e-04
7.307144549169169068e+02 4.669341770180277440e-04 4.967027443632971448e-04
7.307149554174174000e+02 4.252467464920083452e-04 4.975995182598145572e-04
7.307154559179178932e+02 4.789968857875701166e-04 4.984953767234931703e-04
7.307159564184185001e+02 5.313296540289273511e-04 4.993903210315209749e-04
7.307164569189189933e+02 5.053293705655388657e-04 5.002843524922156830e-04
7.307169574194194865e+02 5.249514433426781708e-04 5.011774724455948012e-04
7.307174579199199798e+02 5.590495350620159004e-04 5.020696822619221495e-04
7.307179584204204730e+02 4.163063593000229700e-04 5.029609833412787339e-04
7.307184589209209662e+02 5.511684797451207917e-04 5.038513771129400892e-04
7.307189594214214594e+02 4.181115592980696452e-04 5.047408650347613192e-04
7.307194599219219526e+02 4.971982240544837528e-04 5.056294485925721125e-04
7.307199604224224458e+02 5.715091635057516824e-04 5.065171292995783708e-04
7.307204609229229391e+02 4.555493886070627872e-04 5.074039086957739210e-04
7.307209614234234323e+02 4.835099882708267954e-04 5.082897883473594912e-04
7.307214619239239255e+02 4.778286441880513920e-04 5.091747698461707942e-04
7.307219624244244187e+02 5.702711433414054927e-04 5.100588548091133326e-04
7.307224629249249119e+02 4.825221905223078768e-04 5.109420448776069625e-04
7.307229634254254051e+02 5.535208431980297899e-04 5.118243417170372867e-04
7.307234639259260121e+02 5.230469659471102687e-04 5.127057470164152154e-04
7.307239644264265053e+02 5.157194757744291719e-04 5.135862624870438315e-04
7.307244649269269985e+02 5.157714201943181887e-04 5.144658898631947154e-04
7.307249654274274917e+02 5.063857838030268611e-04 5.153446309007894471e-04
7.307254659279279849e+02 5.239963798649435256e-04 5.162224873770902833e-04
7.307259664284284781e+02 4.306247257092994597e-04 5.170994610901975212e-04
7.307264669289289714e+02 5.445375512202956392e-04 5.179755538585547768e-04
7.307269674294294646e+02 5.669215735441899672e-04 5.188507675204614197e-04
7.307274679299299578e+02 5.137716834693599900e-04 5.197251039335914037e-04
7.307279684304304510e+02 5.385898797220635501e-04 5.205985649745202299e-04
7.307284689309309442e+02 5.216179185210712043e-04 5.214711525382590643e-04
7.307289694314314374e+02 5.332665151730265393e-04 5.223428685377941695e-04
7.307294699319319307e+02 4.432096292833089110e-04 5.232137149036353340e-04
7.307299704324324239e+02 6.331159955630377830e-04 5.240836935833693977e-04
7.307304709329329171e+02 5.577933869558492032e-04 5.249528065412218010e-04
7.307309714334334103e+02 4.750677907900872996e-04 5.258210557576236625e-04
7.307314719339340172e+02 5.499160248853189690e-04 5.266884432289825786e-04
7.307319724344345104e+02 4.744400911132940109e-04 5.275549709664761238e-04
7.307324729349350037e+02 4.715673562432136324e-04 5.284206409968202241e-04
7.307329734354354969e+02 5.185192810265689322e-04 5.292854553610743668e-04
7.307334739359359901e+02 4.986954861009771332e-04 5.301494161144382038e-04
7.307339744364364833e+02 4.785163370582069852e-04 5.310125253258571191e-04
7.307344749369369765e+02 6.014114344536652555e-04 5.318747850776344094e-04
7.307349754374374697e+02 5.118222042570561405e-04 5.327361974650485612e-04
7.307354759379379630e+02 4.899807530985100888e-04 5.335967645959770319e-04
7.307359764384384562e+02 5.903781263318233843e-04 5.344564885905263209e-04
7.307364769389389494e+02 5.349560135469675357e-04 5.353153715806667013e-04
7.307369774394394426e+02 5.903648408094071395e-04 5.361734157098736742e-04
7.307374779399399358e+02 4.907935773816861922e-04 5.370306231327746276e-04
7.307379784404404290e+02 4.735401418815555455e-04 5.378869960148011326e-04
7.307384789409409223e+02 5.912591993572723472e-04 5.387425365318472027e-04
7.307389794414415292e+02 5.598134057299848079e-04 5.395972468701257458e-04
7.307394799419420224e+02 5.618899735237061887e-04 5.404511292250618101e-04
7.307399804424425156e+02 5.456423843077818237e-04 5.413041858021303476e-04
7.307404809429430088e+02 4.753938519292975678e-04 5.421564188157598687e-04
7.307409814434435020e+02 5.168568993119196375e-04 5.430078304892101441e-04
7.307414819439439952e+02 6.136431824662125830e-04 5.438584230542616894e-04
7.307419824444444885e+02 4.400611801577194180e-04 5.447081987509107791e-04
7.307424829449449817e+02 5.391508622243198958e-04 5.455571598270686886e-04
7.307429834454454749e+02 5.174753953704277912e-04 5.464053085382658157e-04
7.307434839459459681e+02 5.513298792450933242e-04 5.472526471473612231e-04
7.307439844464464613e+02 5.270397503299446406e-04 5.480991779242566251e-04
7.307444849469469546e+02 5.553220427354898635e-04 5.489449031456147127e-04
7.307449854474474478e+02 5.701111393849492108e-04 5.497898250945830066e-04
7.307454859479479410e+02 5.252741020379243873e-04 5.506339460605217230e-04
7.307459864484484342e+02 5.717464189097521939e-04 5.514772683387359755e-04
7.307464869489489274e+02 5.846715896341828827e-04 5.523197942302132896e-04
7.307469874494495343e+02 4.839576068518841481e-04 5.531615260415556233e-04
7.307474879499500275e+02 5.688947498948606360e-04 5.540024660839603255e-04
7.307479884504505208e+02 5.474640458957402266e-04 5.548426166741182892e-04
7.307484889509510140e+02 6.379425670842999406e-04 5.556819801332019571e-04
7.307489894514515072e+02 5.391335844141120640e-04 5.565205587868166407e-04
7.307494899519520004e+02 6.104844308454081834e-04 5.573583549647614542e-04
7.307499904524524936e+02 5.321194937678999995e-04 5.581953710007972946e-04
7.307504909529529868e+02 5.114387498316958847e-04 5.590316092324163410e-04
7.307509914534534801e+02 5.750570052203720067e-04 5.598670720006182749e-04
7.307514919539539733e+02 5.484988968929554315e-04 5.607017616496870428e-04
7.307519924544544665e+02 5.356180098847252748e-04 5.615356805269741246e-04
7.307524929549549597e+02 6.443771169213300537e-04 5.623688309826851625e-04
7.307529934554554529e+02 5.599750271871659210e-04 5.632012153696689749e-04
7.307534939559559461e+02 5.230880444085104011e-04 5.640328360432113417e-04
7.307539944564564394e+02 6.246191343063429340e-04 5.648636953608334507e-04
7.307544949569569326e+02 6.168977535356959035e-04 5.656937956820907781e-04
7.307549954574575395e+02 5.117834736063379877e-04 5.665231393685674511e-04
7.307554959579580327e+02 4.518193947110022779e-04 5.673517287829301725e-04
7.307559964584585259e+02 5.753102407283187817e-04 5.681795662898697424e-04
7.307564969589590191e+02 6.034472496157786874e-04 5.690066542551624638e-04
7.307569974594595124e+02 5.809508479789446574e-04 5.698329950456759978e-04
7.307574979599600056e+02 6.539861983943747771e-04 5.706585910291919880e-04
7.307579984604604988e+02 6.251172598632438911e-04 5.714834445742293352e-04
7.307584989609609920e+02 5.222852427565207682e-04 5.723075580498731109e-04
7.307589994614614852e+02 6.190541849923557024e-04 5.731309338256048791e-04
7.307594999619619784e+02 5.410023306140317656e-04 5.739535742711374643e-04
7.307600004624624717e+02 5.359152674472200586e-04 5.747754817562517786e-04
7.307605009629629649e+02 5.575767028686202421e-04 5.755966586506369026e-04
7.307610014634634581e+02 5.969449932483416156e-04 5.764171073237338511e-04
7.307615019639639513e+02 6.561707058613235749e-04 5.772368301445810748e-04
7.307620024644644445e+02 5.851644809054661620e-04 5.780558294816647317e-04
7.307625029649650514e+02 6.440630766096435995e-04 5.788741077029545745e-04
7.307630034654655447e+02 6.974586422739340996e-04 5.796916671750170728e-04
7.307635039659660379e+02 6.950921822227298713e-04 5.805085102639877259e-04
7.307640044664665311e+02 5.283534645505995548e-04 5.813246393346865708e-04
7.307645049669670243e+02 6.701454280539019233e-04 5.821400567506693560e-04
7.307650054674675175e+02 5.676256265722761469e-04 5.829547648740907159e-04
7.307655059679680107e+02 5.618396492844039778e-04 5.837687660655741743e-04
7.307660064684685040e+02 6.147088710612143118e-04 5.845820626840820405e-04
7.307665069689689972e+02 5.696954937492418498e-04 5.853946570867894252e-04
7.307670074694694904e+02 5.414422187459414426e-04 5.862065516289594481e-04
7.307675079699699836e+02 5.339421713120174467e-04 5.870177486638223502e-04
7.307680084704704768e+02 5.691677012661013751e-04 5.878282505424552553e-04
7.307685089709709700e+02 5.778700979259518205e-04 5.886380596136664856e-04
7.307690094714714633e+02 6.430956528118702024e-04 5.894471782238800946e-04
7.307695099719719565e+02 5.874946201915938644e-04 5.902556087170245189e-04
7.307700104724724497e+02 5.306505447664485548e-04 5.910633534344223155e-04
7.307705109729730566e+02 5.716889764456060041e-04 5.918704147148656216e-04
7.307710114734735498e+02 5.376371731715909883e-04 5.926767948937780670e-04
7.307715119739740430e+02 5.652302118407100204e-04 5.934824963042112638e-04
7.307720124744745362e+02 4.759249808212160401e-04 5.942875212760106215e-04
7.307725129749750295e+02 6.299149185701897200e-04 5.950918721358991557e-04
7.307730134754755227e+02 5.304278866231110657e-04 5.958955512073815363e-04
7.307735139759760159e+02 6.809419881457945845e-04 5.966985608106487862e-04
7.307740144764765091e+02 5.869157267286797576e-04 5.975009032624855818e-04
7.307745149769770023e+02 6.066077194677983817e-04 5.983025808761799390e-04
7.307750154774774956e+02 5.034436139512822941e-04 5.991035959614334416e-04
7.307755159779779888e+02 6.699610611464562300e-04 5.999039508242756972e-04
7.307760164784784820e+02 6.067304948430086780e-04 6.007036477669785773e-04
7.307765169789789752e+02 6.279018456811746559e-04 6.015026890879732755e-04
7.307770174794794684e+02 7.117492057430928288e-04 6.023010770817694261e-04
7.307775179799799616e+02 4.623140265812341406e-04 6.030988140388751986e-04
7.307780184804805685e+02 6.252042067450235257e-04 6.038959022459009472e-04
7.307785189809810618e+02 6.139265728457094428e-04 6.046923439847598286e-04
7.307790194814815550e+02 5.886965356497021002e-04 6.054881415336792541e-04
7.307795199819820482e+02 6.425310933104108353e-04 6.062832971664038929e-04
7.307800204824825414e+02 6.146055405926658484e-04 6.070778131523076699e-04
7.307805209829830346e+02 6.299942208442774758e-04 6.078716917563227505e-04
7.307810214834835278e+02 5.365273038469914801e-04 6.086649352388735128e-04
7.307815219839840211e+02 6.570144729451210357e-04 6.094575458558100858e-04
7.307820224844845143e+02 6.620369654306261379e-04 6.102495258583443818e-04
7.307825229849850075e+02 5.454240086817386786e-04 6.110408774929873207e-04
7.307830234854855007e+02 6.274317400491007937e-04 6.118316030014876814e-04
7.307835239859859939e+02 6.497059222238321186e-04 6.126217046207724703e-04
7.307840244864864871e+02 6.785881565865028130e-04 6.134111845828885915e-04
7.307845249869869804e+02 7.193045971404650419e-04 6.142000451149464682e-04
7.307850254874874736e+02 6.755781055432890899e-04 6.149882884390644230e-04
7.307855259879879668e+02 6.717993002538131826e-04 6.157759167723151185e-04
7.307860264884885737e+02 6.068462964577399452e-04 6.165629323268516501e-04
7.307865269889890669e+02 6.404119430939666548e-04 6.173493373091412315e-04
7.307870274894895601e+02 6.175622852875885770e-04 6.181351339209885734e-04
7.307875279899900534e+02 6.399513621239062049e-04 6.189203243587717380e-04
7.307880284904905466e+02 6.225965823340000316e-04 6.197049108135744113e-04
7.307885289909910398e+02 6.895139225145049955e-04 6.204888954711394993e-04
7.307890294914915330e+02 6.390899862593819088e-04 6.212722805118242424e-04
7.307895299919920262e+02 6.499574399024382046e-04 6.220550681105580394e-04
7.307900304924925194e+02 7.025182127142249894e-04 6.228372604367992966e-04
7.307905309929930127e+02 6.790878221679719261e-04 6.236188596544943365e-04
7.307910314934935059e+02 6.710458751038111350e-04 6.243998679220385834e-04
7.307915319939939991e+02 5.731688225753891900e-04 6.251802873922376403e-04
7.307920324944944923e+02 6.316107461542624056e-04 6.259601202122686914e-04
7.307925329949949855e+02 5.810000889951214128e-04 6.267393685236456995e-04
7.307930334954954787e+02 6.428712682559961297e-04 6.275180344621835186e-04
7.307935339959959720e+02 6.391913193644862450e-04 6.282961201579635247e-04
7.307940344964965789e+02 7.663665955723857753e-04 6.290736277354772726e-04
7.307945349969970721e+02 6.014435242645538695e-04 6.298505593128880461e-04
7.307950354974975653e+02 7.048570776442741794e-04 6.306269170030598739e-04
7.307955359979980585e+02 6.773758359240316263e-04 6.314027029128204890e-04
7.307960364984985517e+02 6.450547054292817689e-04 6.321779191431089974e-04
7.307965369989990450e+02 6.559373155502198427e-04 6.329525677889480135e-04
7.307970374994995382e+02 7.186276709009577299e-04 6.337266509394167725e-04
7.307975380000000314e+02 6.952132941713349418e-04 6.345001706776248925e-04
