7.218180039999999735e+02 1.722539697738129354e-04 1.089239049459124226e-04
7.218185045005004667e+02 1.434414165425883020e-04 1.094529766485375505e-04
7.218190050010009600e+02 1.324673222822117860e-04 1.099815116310410846e-04
7.218195055015014532e+02 1.301945753481504502e-04 1.105095061751593994e-04
7.218200060020019464e+02 1.327288975761948273e-04 1.110369565341006641e-04
7.218205065025024396e+02 1.275239338661219028e-04 1.115638589323175261e-04
7.218210070030029328e+02 1.387765146073267094e-04 1.120902095652776128e-04
7.218215075035034261e+02 1.745514843741369671e-04 1.126160045992335041e-04
7.218220080040040330e+02 1.257548233744766478e-04 1.131412401711092032e-04
7.218225085045045262e+02 1.555977435019688620e-04 1.136659123877888864e-04
7.218230090050050194e+02 1.394701473223232228e-04 1.141900173265977738e-04
7.218235095055055126e+02 1.243977847565306410e-04 1.147135510345867048e-04
7.218240100060060058e+02 1.740143485653413628e-04 1.152365095284130795e-04
7.218245105065064990e+02 1.745683163933678308e-04 1.157588887940997317e-04
7.218250110070069923e+02 1.367230431846955100e-04 1.162806847867929626e-04
7.218255115075074855e+02 1.514507988006797042e-04 1.168018934305183645e-04
7.218260120080079787e+02 1.389722673162974988e-04 1.173225106179349916e-04
7.218265125085084719e+02 1.410136501210764934e-04 1.178425322100881890e-04
7.218270130090089651e+02 1.509975803444022727e-04 1.183619540361605246e-04
7.218275135095094583e+02 1.587746982809886494e-04 1.188807718932208366e-04
7.218280140100099516e+02 1.302569838495386842e-04 1.193989815459717366e-04
7.218285145105104448e+02 1.599644175906565140e-04 1.199165787264957030e-04
7.218290150110109380e+02 1.369671207451975776e-04 1.204335591339990058e-04
7.218295155115114312e+02 1.362729142387610840e-04 1.209499184345544392e-04
7.218300160120120381e+02 1.297623593520068190e-04 1.214656522609585998e-04
7.218305165125125313e+02 1.243120523425000565e-04 1.219807562120031944e-04
7.218310170130130246e+02 1.545497484125353147e-04 1.224952258529147381e-04
7.218315175135135178e+02 1.326523056144861680e-04 1.230090567146216202e-04
7.218320180140140110e+02 1.490143136257872261e-04 1.235222442936054600e-04
7.218325185145145042e+02 1.502244047890405744e-04 1.240347840516332141e-04
7.218330190150149974e+02 1.667796907079516461e-04 1.245466714154876164e-04
7.218335195155154906e+02 1.454960466963202631e-04 1.250579017766965072e-04
7.218340200160159839e+02 1.342744269139641228e-04 1.255684704912595059e-04
7.218345205165164771e+02 1.392449208216511988e-04 1.260783728793738703e-04
7.218350210170169703e+02 1.525037794816730147e-04 1.265876042251580253e-04
7.218355215175174635e+02 1.561816571664967042e-04 1.270961597763740610e-04
7.218360220180179567e+02 1.589706011930465488e-04 1.276040347441478190e-04
7.218365225185184499e+02 1.314854943216522748e-04 1.281112243026881383e-04
7.218370230190189432e+02 1.577455062484614068e-04 1.286177235890034721e-04
7.218375235195194364e+02 1.113021238883316131e-04 1.291235277026177449e-04
7.218380240200200433e+02 1.444180449341893975e-04 1.296286317053987512e-04
7.218385245205205365e+02 1.313952537012078807e-04 1.301330306208114105e-04
7.218390250210210297e+02 1.404246375875257676e-04 1.306367194343169172e-04
7.218395255215215229e+02 1.384875273675954387e-04 1.311396930926223903e-04
7.218400260220220162e+02 1.754871838923296903e-04 1.316419465035032822e-04
7.218405265225225094e+02 1.334666120738756589e-04 1.321434745355085560e-04
7.218410270230230026e+02 1.261055128834318235e-04 1.326442720176651329e-04
7.218415275235234958e+02 1.407937698430077609e-04 1.331443337391806034e-04
7.218420280240239890e+02 1.383590208988895334e-04 1.336436544491435266e-04
7.218425285245244822e+02 1.423764867566013276e-04 1.341422288562232694e-04
7.218430290250249755e+02 1.449053513689786948e-04 1.346400516283678662e-04
7.218435295255254687e+02 1.718789523404407027e-04 1.351371173924999539e-04
7.218440300260259619e+02 1.309973446162416503e-04 1.356334207342116784e-04
7.218445305265264551e+02 1.300495878134398783e-04 1.361289561974580000e-04
7.218450310270269483e+02 1.266659407687315876e-04 1.366237182842484281e-04
7.218455315275275552e+02 1.318596835688252815e-04 1.371177014544493981e-04
7.218460320280280484e+02 1.415296716447290840e-04 1.376109001250245168e-04
7.218465325285285417e+02 1.540439119805063061e-04 1.381033086703950595e-04
7.218470330290290349e+02 1.472063392490530979e-04 1.385949214216770171e-04
7.218475335295295281e+02 1.848618459024968432e-04 1.390857326664781063e-04
7.218480340300300213e+02 2.037220309845589792e-04 1.395757366485808300e-04
7.218485345305305145e+02 1.626064841669333874e-04 1.400649275676244811e-04
7.218490350310310077e+02 1.831405105875090792e-04 1.405532995787853840e-04
7.218495355315315010e+02 1.540953655284303127e-04 1.410408467924565670e-04
7.218500360320319942e+02 1.826331084416919033e-04 1.415275632739254835e-04
7.218505365325324874e+02 1.416998067163517737e-04 1.420134430430507297e-04
7.218510370330329806e+02 1.613226631454312931e-04 1.424984800739377056e-04
7.218515375335334738e+02 1.518264432443931539e-04 1.429826682946127854e-04
7.218520380340339671e+02 1.430575094310044973e-04 1.434660015866965114e-04
7.218525385345344603e+02 1.517747646083835800e-04 1.439484737850757587e-04
7.218530390350349535e+02 1.648299612672404931e-04 1.444300786775744630e-04
7.218535395355355604e+02 1.503336720041540905e-04 1.449108100047329854e-04
7.218540400360360536e+02 1.704518460977897157e-04 1.453906614590398465e-04
7.218545405365365468e+02 1.662557522380729927e-04 1.458696266852554696e-04
7.218550410370370400e+02 1.778932057015206083e-04 1.463476992796416379e-04
7.218555415375375333e+02 1.417421190352156977e-04 1.468248727897368750e-04
7.218560420380380265e+02 2.189642858795258756e-04 1.473011407140221312e-04
7.218565425385385197e+02 1.931710454906171437e-04 1.477764965015844641e-04
7.218570430390390129e+02 1.850193215192494822e-04 1.482509335517812337e-04
7.218575435395395061e+02 1.683171699306922878e-04 1.487244452139025635e-04
7.218580440400399993e+02 1.575078460384492403e-04 1.491970247868338825e-04
7.218585445405404926e+02 1.398148114838456009e-04 1.496686655187172204e-04
7.218590450410409858e+02 1.034362365462839341e-04 1.501393606066123946e-04
7.218595455415414790e+02 1.646276478373976131e-04 1.506091031961574918e-04
7.218600460420419722e+02 1.491977946068186590e-04 1.510778863812287543e-04
7.218605465425424654e+02 2.004885581367008333e-04 1.515457032036003843e-04
7.218610470430430723e+02 1.242863567451616053e-04 1.520125466527095430e-04
7.218615475435435656e+02 1.501468071912828446e-04 1.524784096648915544e-04
7.218620480440440588e+02 1.566308633748496099e-04 1.529432851236748627e-04
7.218625485445445520e+02 1.601467339169034682e-04 1.534071658590152598e-04
7.218630490450450452e+02 1.217685274448250158e-04 1.538700446470605057e-04
7.218635495455455384e+02 1.750797008747478011e-04 1.543319142098087502e-04
7.218640500460460316e+02 1.534726319594634757e-04 1.547927672147674969e-04
7.218645505465465249e+02 1.608250750730171584e-04 1.552525962746116193e-04
7.218650510470470181e+02 1.271919386064146462e-04 1.557113939468426770e-04
7.218655515475475113e+02 1.458156974218609704e-04 1.561691527334481237e-04
7.218660520480480045e+02 1.508671107693152738e-04 1.566258650805605701e-04
7.218665525485484977e+02 1.362050396695703100e-04 1.570815233781178589e-04
7.218670530490489909e+02 1.766130680627579015e-04 1.575361199595237368e-04
7.218675535495494842e+02 1.670489664266462464e-04 1.579896471013087162e-04
7.218680540500499774e+02 1.741082253645471404e-04 1.584420970227920207e-04
7.218685545505504706e+02 1.380353817578784312e-04 1.588934618857444799e-04
7.218690550510510775e+02 1.582455587171940653e-04 1.593437337941537991e-04
7.218695555515515707e+02 1.810404344173784682e-04 1.597929047934807160e-04
7.218700560520520639e+02 1.548778340754367435e-04 1.602409668709381006e-04
7.218705565525525572e+02 1.459446821211192566e-04 1.606879119547485215e-04
7.218710570530530504e+02 1.695570771622066674e-04 1.611337319139151262e-04
7.218715575535535436e+02 1.449964193473217249e-04 1.615784185578909328e-04
7.218720580540540368e+02 1.651058981440380632e-04 1.620219636362504520e-04
7.218725585545545300e+02 1.449886093080210317e-04 1.624643588383623124e-04
7.218730590550550232e+02 1.679763210029205803e-04 1.629055957930641081e-04
7.218735595555555165e+02 1.818881560605317433e-04 1.633456660683392254e-04
7.218740600560560097e+02 1.516295982857784712e-04 1.637845611709950241e-04
7.218745605565565029e+02 1.567166451874127137e-04 1.642222725463443806e-04
7.218750610570569961e+02 1.665385509242929313e-04 1.646587915778884503e-04
7.218755615575574893e+02 1.707197476021130858e-04 1.650941095870024113e-04
7.218760620580579825e+02 1.748230755738052736e-04 1.655282178326240275e-04
7.218765625585584758e+02 1.608194288162294121e-04 1.659611075109445157e-04
7.218770630590590827e+02 1.773236757862168178e-04 1.663927697552002158e-04
7.218775635595595759e+02 1.725060845987282554e-04 1.668231956349782406e-04
7.218780640600600691e+02 1.443261217168375775e-04 1.672523761565046301e-04
7.218785645605605623e+02 1.618369219528373434e-04 1.676803022619557742e-04
7.218790650610610555e+02 1.448200063376606879e-04 1.681069648292637714e-04
7.218795655615615487e+02 1.546234827010854013e-04 1.685323546718274620e-04
7.218800660620620420e+02 1.427196892445674260e-04 1.689564625382272830e-04
7.218805665625625352e+02 1.389863520485020993e-04 1.693792791119444593e-04
7.218810670630630284e+02 1.864822185826307496e-04 1.698007950110841803e-04
7.218815675635635216e+02 1.438791099716963502e-04 1.702210007881034917e-04
7.218820680640640148e+02 1.594412827819037895e-04 1.706398869295436879e-04
7.218825685645645081e+02 1.408868845436767818e-04 1.710574438557681243e-04
7.218830690650650013e+02 1.581273474586649070e-04 1.714736619207040693e-04
7.218835695655654945e+02 1.765269128034195850e-04 1.718885314115910874e-04
7.218840700660659877e+02 1.484648244210437550e-04 1.723020425487342753e-04
7.218845705665665946e+02 1.788577708743320992e-04 1.727141854853566207e-04
7.218850710670670878e+02 1.791454576553662881e-04 1.731249503069903306e-04
7.218855715675675810e+02 1.510386590132468184e-04 1.735343270318095467e-04
7.218860720680680743e+02 1.509636707487662874e-04 1.739423056100337353e-04
7.218865725685685675e+02 1.606915973891384793e-04 1.743488759238058235e-04
7.218870730690690607e+02 1.832192964803750900e-04 1.747540277869837066e-04
7.218875735695695539e+02 1.895976047521937783e-04 1.751577509449393462e-04
7.218880740700700471e+02 1.789247959475322050e-04 1.755600350743646973e-04
7.218885745705705403e+02 1.832813485951271116e-04 1.759608697830860387e-04
7.218890750710710336e+02 1.614425051461400090e-04 1.763602446098861375e-04
7.218895755715715268e+02 1.501471748011433112e-04 1.767581490243346517e-04
7.218900760720720200e+02 1.390936118245214570e-04 1.771545724266273170e-04
7.218905765725725132e+02 1.775645580440670475e-04 1.775495041474344014e-04
7.218910770730730064e+02 1.922945940035213097e-04 1.779429334477575643e-04
7.218915775735734996e+02 1.784691450694803560e-04 1.783348495187973121e-04
7.218920780740739929e+02 1.628824296098080316e-04 1.787252414818296707e-04
7.218925785745745998e+02 1.601018747536952645e-04 1.791140983881815739e-04
7.218930790750750930e+02 1.749889654267547336e-04 1.795014092187755526e-04
7.218935795755755862e+02 1.723172965712985085e-04 1.798871628845683760e-04
7.218940800760760794e+02 1.657011897447590806e-04 1.802713482261174250e-04
7.218945805765765726e+02 1.360520929832237185e-04 1.806539540136006415e-04
7.218950810770770659e+02 1.751871264274792864e-04 1.810349689467603395e-04
7.218955815775775591e+02 1.847448717915790633e-04 1.814143816548589156e-04
7.218960820780780523e+02 1.644966395569585048e-04 1.817921806966481387e-04
7.218965825785785455e+02 1.739135433197996460e-04 1.821683545603507734e-04
7.218970830790790387e+02 1.795437968129990985e-04 1.825428916636564862e-04
7.218975835795795319e+02 1.611575896154836772e-04 1.829157803537313331e-04
7.218980840800800252e+02 1.684419642876798387e-04 1.832870089072418556e-04
7.218985845805805184e+02 1.703086231445367135e-04 1.836565655303944373e-04
7.218990850810810116e+02 2.123392999949441976e-04 1.840244383589891345e-04
7.218995855815815048e+02 1.758826988231460052e-04 1.843906154584901494e-04
7.219000860820821117e+02 1.283366741826162812e-04 1.847550848241948031e-04
7.219005865825826049e+02 1.600866934961962991e-04 1.851178343810057445e-04
7.219010870830830982e+02 1.483053504009439888e-04 1.854788519840481868e-04
7.219015875835835914e+02 1.994600706284943635e-04 1.858381254184764044e-04
7.219020880840840846e+02 1.752332949834369902e-04 1.861956423997128266e-04
7.219025885845845778e+02 2.007670756942044824e-04 1.865513905736235700e-04
7.219030890850850710e+02 1.654859894218461763e-04 1.869053575167122395e-04
7.219035895855855642e+02 1.569419727204952029e-04 1.872575307363345191e-04
7.219040900860860575e+02 2.003954438929135507e-04 1.876078976709324140e-04
7.219045905865865507e+02 1.695539360679838620e-04 1.879564456902898238e-04
7.219050910870870439e+02 1.541536191204426838e-04 1.883031620958097458e-04
7.219055915875875371e+02 1.623327771738356526e-04 1.886480341208130005e-04
7.219060920880880303e+02 1.971219818463197952e-04 1.889910489308602658e-04
7.219065925885885235e+02 1.773007799771980089e-04 1.893321936240973692e-04
7.219070930890890168e+02 1.819322929389518152e-04 1.896714552316239701e-04
7.219075935895895100e+02 1.750556280568086513e-04 1.900088207178875048e-04
7.219080940900901169e+02 1.901968086527305857e-04 1.903442769811781521e-04
7.219085945905906101e+02 1.667465582407989431e-04 1.906778108537689122e-04
7.219090950910911033e+02 1.937925138265984880e-04 1.910094091028446050e-04
7.219095955915915965e+02 1.772833221471615162e-04 1.913390584306950211e-04
7.219100960920920897e+02 1.579284442123504934e-04 1.916667454753180361e-04
7.219105965925925830e+02 2.033669567667826259e-04 1.919924568109750477e-04
7.219110970930930762e+02 2.035814971928989812e-04 1.923161789487754143e-04
7.219115975935935694e+02 2.066067557512915381e-04 1.926378983372919573e-04
7.219120980940940626e+02 1.840757487816121422e-04 1.929576013632060608e-04
7.219125985945945558e+02 1.647869320152488769e-04 1.932752743519860572e-04
7.219130990950950491e+02 1.640476443280048063e-04 1.935909035685964852e-04
7.219135995955955423e+02 2.124551795084170941e-04 1.939044752182422315e-04
7.219141000960960355e+02 1.724973502184423257e-04 1.942159754471454438e-04
7.219146005965965287e+02 1.487586906744922091e-04 1.945253903433581666e-04
7.219151010970970219e+02 2.328194719341483579e-04 1.948327059376108654e-04
7.219156015975975151e+02 1.709653586519099019e-04 1.951379082041969186e-04
7.219161020980981220e+02 1.521399657275621564e-04 1.954409830619641478e-04
7.219166025985986153e+02 1.569232443656303801e-04 1.957419163750005210e-04
7.219171030990991085e+02 1.759297033391273794e-04 1.960406939540477089e-04
7.219176035995996017e+02 1.388178313815381128e-04 1.963373015572658262e-04
7.219181041001000949e+02 1.869334137869231496e-04 1.966317248913843129e-04
7.219186046006005881e+02 1.837821877494082341e-04 1.969239496128259801e-04
7.219191051011010813e+02 1.364555174055175535e-04 1.972139613288741004e-04
7.219196056016015746e+02 2.055710886604092966e-04 1.975017455988841656e-04
7.219201061021020678e+02 1.836921142065665695e-04 1.977872879355398812e-04
7.219206066026025610e+02 1.684108555694089075e-04 1.980705738061564857e-04
7.219211071031030542e+02 1.809295561632870842e-04 1.983515886340303654e-04
7.219216076036035474e+02 1.727000692749327377e-04 1.986303177998374313e-04
7.219221081041040406e+02 1.697649181323838778e-04 1.989067466430810170e-04
7.219226086046045339e+02 1.386501140985233903e-04 1.991808604635900560e-04
7.219231091051050271e+02 1.671499421384594871e-04 1.994526445230682446e-04
7.219236096056056340e+02 1.728578211165540928e-04 1.997220840467582917e-04
7.219241101061061272e+02 1.649104000015498594e-04 1.999891642248535501e-04
7.219246106066066204e+02 1.843823176569222210e-04 2.002538702145765408e-04
7.219251111071071136e+02 1.687444862941272767e-04 2.005161871417013080e-04
7.219256116076076069e+02 1.524853042929215634e-04 2.007761001024398228e-04
7.219261121081081001e+02 1.676226836495513597e-04 2.010335941653252690e-04
7.219266126086085933e+02 1.868275474027936177e-04 2.012886543731560725e-04
7.219271131091090865e+02 1.643762430503763606e-04 2.015412657449996688e-04
7.219276136096095797e+02 2.007142798938794524e-04 2.017914132782596163e-04
7.219281141101100729e+02 1.873862075806931652e-04 2.020390819508061347e-04
7.219286146106105662e+02 1.817575752307443052e-04 2.022842567231714788e-04
7.219291151111110594e+02 1.701644495039226557e-04 2.025269225408113133e-04
7.219296156116115526e+02 1.975455242559895656e-04 2.027670643364338230e-04
7.219301161121120458e+02 1.799762258115350109e-04 2.030046670323983472e-04
7.219306166126125390e+02 1.639535235364829855e-04 2.032397155431829973e-04
7.219311171131130322e+02 2.026473068155410450e-04 2.034721947779251318e-04
7.219316176136136392e+02 1.751274680273918994e-04 2.037020896430859456e-04
7.219321181141141324e+02 1.843563477455393900e-04 2.039293850449301225e-04
7.219326186146146256e+02 1.644180473862954595e-04 2.041540658926019867e-04
7.219331191151151188e+02 2.107112284800765560e-04 2.043761171007569166e-04
7.219336196156156120e+02 1.843691564354003692e-04 2.045955235925333324e-04
7.219341201161161052e+02 1.907949247430321387e-04 2.048122703025519783e-04
7.219346206166165985e+02 1.846774906217671245e-04 2.050263421799978223e-04
7.219351211171170917e+02 2.060620672343711128e-04 2.052377241917840284e-04
7.219356216176175849e+02 1.657432599712522505e-04 2.054464013258013380e-04
7.219361221181180781e+02 1.545176462660374415e-04 2.056523585942537805e-04
7.219366226186185713e+02 1.615029292604920684e-04 2.058555810370815264e-04
7.219371231191190645e+02 1.687754208000088476e-04 2.060560537254734316e-04
7.219376236196195578e+02 1.442497755179916155e-04 2.062537617654705189e-04
7.219381241201200510e+02 1.444695993393528750e-04 2.064486903016616974e-04
7.219386246206205442e+02 1.634948196421399979e-04 2.066408245209731310e-04
7.219391251211211511e+02 1.980800314301410969e-04 2.068301496565965738e-04
7.219396256216216443e+02 1.758289431836332979e-04 2.070166509918001236e-04
7.219401261221221375e+02 2.057113284558169570e-04 2.072003138642676599e-04
7.219406266226226307e+02 2.036714251241023390e-04 2.073811236701072211e-04
7.219411271231231240e+02 1.923184439820163508e-04 2.075590658681781360e-04
7.219416276236236172e+02 1.649967225336697123e-04 2.077341259844776519e-04
7.219421281241241104e+02 1.886255365577797511e-04 2.079062896166334077e-04
7.219426286246246036e+02 1.417845995092979143e-04 2.080755424385020774e-04
7.219431291251250968e+02 2.191194945048700090e-04 2.082418702048768400e-04
7.219436296256255901e+02 1.543305474125432949e-04 2.084052587563044363e-04
7.219441301261260833e+02 2.163331502490823852e-04 2.085656940240146018e-04
7.219446306266265765e+02 2.006586149143704692e-04 2.087231620349619052e-04
7.219451311271270697e+02 1.736510155448088024e-04 2.088776489169831085e-04
7.219456316276275629e+02 1.964423133827192572e-04 2.090291409040705367e-04
7.219461321281280561e+02 1.954543976398961783e-04 2.091776243417638962e-04
7.219466326286285494e+02 2.156199241961905347e-04 2.093230856926616540e-04
7.219471331291291563e+02 2.036229072052414676e-04 2.094655115420854794e-04
7.219476336296296495e+02 1.942795324045263369e-04 2.096048886037071173e-04
7.219481341301301427e+02 1.863142040899060049e-04 2.097412037256221162e-04
7.219486346306306359e+02 2.015651063235960987e-04 2.098744438962258784e-04
7.219491351311311291e+02 2.119533571540550777e-04 2.100045962503793555e-04
7.219496356316316223e+02 1.575411112797459718e-04 2.101316480756712914e-04
7.219501361321321156e+02 2.219774976643200924e-04 2.102555868188110851e-04
7.219506366326326088e+02 2.072465051019711682e-04 2.103764000921534380e-04
7.219511371331331020e+02 1.544448366492061602e-04 2.104940756803567374e-04
7.219516376336335952e+02 1.634107184705934669e-04 2.106086015471755023e-04
7.219521381341340884e+02 1.853744471295930665e-04 2.107199658423901422e-04
7.219526386346345816e+02 1.623160789949896360e-04 2.108281569088733809e-04
7.219531391351350749e+02 1.825453864217619065e-04 2.109331632897963518e-04
7.219536396356355681e+02 1.937754604748249715e-04 2.110349737359741215e-04
7.219541401361360613e+02 2.215517514507704851e-04 2.111335772133535974e-04
7.219546406366365545e+02 2.169842363420990843e-04 2.112289629106432743e-04
7.219551411371371614e+02 1.696280867287202709e-04 2.113211202471083233e-04
7.219556416376376546e+02 1.860922398448177869e-04 2.114100388804062564e-04
7.219561421381381479e+02 2.283167742365370791e-04 2.114957087147779110e-04
7.219566426386386411e+02 2.328088774115677018e-04 2.115781199091750636e-04
7.219571431391391343e+02 2.273567202478504387e-04 2.116572628856423148e-04
7.219576436396396275e+02 2.166086311317454139e-04 2.117331283378263149e-04
7.219581441401401207e+02 2.121766521095794255e-04 2.118057072396349345e-04
7.219586446406406139e+02 2.051845198520374676e-04 2.118749908540471926e-04
7.219591451411411072e+02 2.078892006320060730e-04 2.119409707420744592e-04
7.219596456416416004e+02 1.809377247214659639e-04 2.120036387718737163e-04
7.219601461421420936e+02 2.365216487571760535e-04 2.120629871280131228e-04
7.219606466426425868e+02 1.806046567886477000e-04 2.121190083208910747e-04
7.219611471431430800e+02 1.542084524974187917e-04 2.121716951963083014e-04
7.219616476436435732e+02 2.222607968748501535e-04 2.122210409451940802e-04
7.219621481441440665e+02 2.007958198038224066e-04 2.122670391134862458e-04
7.219626486446446734e+02 2.382297660231517424e-04 2.123096836121746156e-04
7.219631491451451666e+02 1.807953748718877697e-04 2.123489687274513990e-04
7.219636496456456598e+02 2.034024300593630281e-04 2.123848891311117589e-04
7.219641501461461530e+02 2.199091565409264733e-04 2.124174398910106439e-04
7.219646506466466462e+02 1.550785591341918357e-04 2.124466164817226095e-04
7.219651511471471395e+02 1.984077743706214448e-04 2.124724147953451067e-04
7.219656516476476327e+02 2.630311034621404353e-04 2.124948311524541553e-04
7.219661521481481259e+02 2.360709197907158224e-04 2.125138623132118870e-04
7.219666526486486191e+02 2.210992067499527346e-04 2.125295054886256049e-04
7.219671531491491123e+02 2.415345894187791739e-04 2.125417583519566538e-04
7.219676536496496055e+02 1.821364097841053631e-04 2.125506190502788012e-04
7.219681541501500988e+02 1.941479496109839323e-04 2.125560862161841511e-04
7.219686546506505920e+02 2.192638670130622064e-04 2.125581589796359406e-04
7.219691551511510852e+02 1.756061730811594838e-04 2.125568369799662397e-04
7.219696556516515784e+02 2.124151576232820532e-04 2.125521203780165222e-04
7.219701561521520716e+02 2.262115061085882590e-04 2.125440098684201306e-04
7.219706566526526785e+02 1.815521895993098842e-04 2.125325066920210541e-04
7.219711571531531717e+02 1.905945688629665912e-04 2.125176126484434088e-04
7.219716576536536650e+02 1.965703062372054584e-04 2.124993301087696647e-04
7.219721581541541582e+02 2.202836697670261469e-04 2.124776620283754035e-04
7.219726586546546514e+02 1.660535948187335923e-04 2.124526119598821739e-04
7.219731591551551446e+02 1.990003975174526154e-04 2.124241840662381741e-04
7.219736596556556378e+02 2.252615978708390556e-04 2.123923831339223699e-04
7.219741601561561311e+02 1.922580377574970272e-04 2.123572145862681203e-04
7.219746606566566243e+02 2.482977756529167581e-04 2.123186844969027849e-04
7.219751611571571175e+02 2.562187153559821926e-04 2.122767996032989769e-04
7.219756616576576107e+02 2.142125118423819023e-04 2.122315673204343994e-04
7.219761621581581039e+02 2.401763563495887927e-04 2.121829957545548701e-04
7.219766626586585971e+02 2.270118634980697857e-04 2.121310937170361175e-04
7.219771631591590904e+02 2.438597534156199283e-04 2.120758707383401461e-04
7.219776636596595836e+02 1.956529613928001843e-04 2.120173370820602893e-04
7.219781641601601905e+02 1.844212843964655670e-04 2.119555037590356247e-04
7.219786646606606837e+02 2.229095668196799814e-04 2.118903825416148460e-04
7.219791651611611769e+02 1.885209936457023846e-04 2.118219859778506923e-04
7.219796656616616701e+02 2.050646776089025283e-04 2.117503274059003482e-04
7.219801661621621633e+02 2.196928640027100447e-04 2.116754209684160865e-04
7.219806666626626566e+02 2.232717150975800115e-04 2.115972816270022096e-04
7.219811671631631498e+02 2.115227883761049707e-04 2.115159251767177988e-04
7.219816676636636430e+02 2.308967015532057397e-04 2.114313682606175999e-04
7.219821681641641362e+02 2.164398539466176748e-04 2.113436283843235378e-04
7.219826686646646294e+02 2.193217405247944215e-04 2.112527239306192432e-04
7.219831691651651226e+02 2.050808180948292747e-04 2.111586741740587557e-04
7.219836696656656159e+02 2.261279242982788774e-04 2.110614992955809179e-04
7.219841701661661091e+02 2.054471400260549194e-04 2.109612203971210332e-04
7.219846706666666023e+02 2.013961710586720905e-04 2.108578595162102982e-04
7.219851711671670955e+02 2.118118246322151150e-04 2.107514396405529822e-04
7.219856716676675887e+02 1.949909303321064116e-04 2.106419847225721653e-04
7.219861721681681956e+02 2.341792120400992870e-04 2.105295196938877127e-04
7.219866726686686889e+02 2.041002842229253881e-04 2.104140704798701175e-04
7.219871731691691821e+02 2.224359282060397471e-04 2.102956640138754513e-04
7.219876736696696753e+02 2.365293214130146098e-04 2.101743282516599950e-04
7.219881741701701685e+02 2.124153079332196997e-04 2.100500921855819048e-04
7.219886746706706617e+02 2.111712655956160447e-04 2.099229858587303721e-04
7.219891751711711549e+02 2.052669968447275953e-04 2.097930403789442224e-04
7.219896756716716482e+02 2.527591859800461119e-04 2.096602879327074298e-04
7.219901761721721414e+02 2.167208767742720258e-04 2.095247617989090788e-04
7.219906766726726346e+02 2.588037120471443865e-04 2.093864963624536796e-04
7.219911771731731278e+02 1.893213137773171705e-04 2.092455271277091240e-04
7.219916776736736210e+02 1.928507085576818458e-04 2.091018907317777268e-04
7.219921781741741142e+02 2.045978348860535403e-04 2.089556249575760946e-04
7.219926786746746075e+02 2.043421085668141923e-04 2.088067687467094302e-04
7.219931791751751007e+02 2.124818262972258333e-04 2.086553622121250942e-04
7.219936796756755939e+02 2.498783510457761969e-04 2.085014466505307308e-04
7.219941801761762008e+02 2.153911528403455755e-04 2.083450645545240239e-04
7.219946806766766940e+02 2.012833704936286053e-04 2.081862596246347133e-04
7.219951811771771872e+02 1.935229078048983462e-04 2.080250767807261740e-04
7.219956816776776805e+02 2.325311908652416483e-04 2.078615621734522610e-04
7.219961821781781737e+02 2.211905178219962889e-04 2.076957631952196508e-04
7.219966826786786669e+02 2.467780300419213850e-04 2.075277284908520813e-04
7.219971831791791601e+02 2.099265246668997789e-04 2.073575079679023606e-04
7.219976836796796533e+02 2.235310880494502839e-04 2.071851528065962364e-04
7.219981841801801465e+02 2.453705426510626657e-04 2.070107154693881198e-04
7.219986846806806398e+02 1.988139584016974091e-04 2.068342497101129443e-04
7.219991851811811330e+02 2.063549411703319465e-04 2.066558105827134514e-04
7.219996856816816262e+02 2.292168834777286331e-04 2.064754544495262596e-04
7.220001861821821194e+02 2.412655239233621072e-04 2.062932389891066062e-04
7.220006866826826126e+02 2.085062972734161551e-04 2.061092232035736265e-04
7.220011871831831058e+02 2.292411554437540696e-04 2.059234674254564951e-04
7.220016876836837127e+02 2.601889887280489340e-04 2.057360333239801958e-04
7.220021881841842060e+02 2.608769826347449492e-04 2.055469839110262483e-04
7.220026886846846992e+02 1.741236546740907224e-04 2.053563835461110398e-04
7.220031891851851924e+02 2.107303107369662518e-04 2.051642979412126385e-04
7.220036896856856856e+02 2.308460746733163502e-04 2.049707941647887111e-04
7.220041901861861788e+02 2.255515217842360670e-04 2.047759406452208440e-04
7.220046906866866721e+02 2.182591975113766102e-04 2.045798071736233041e-04
7.220051911871871653e+02 2.314692070118426069e-04 2.043824649059955054e-04
7.220056916876876585e+02 2.242176240722402265e-04 2.041839863647000749e-04
7.220061921881881517e+02 2.299291364028666497e-04 2.039844454392451042e-04
7.220066926886886449e+02 2.228851339879592416e-04 2.037839173863521564e-04
7.220071931891891381e+02 2.252350485463907649e-04 2.035824788292900508e-04
7.220076936896896314e+02 2.262406474140439810e-04 2.033802077564553169e-04
7.220081941901901246e+02 1.986420078330561302e-04 2.031771835191798295e-04
7.220086946906906178e+02 2.135857799843785400e-04 2.029734868287467043e-04
7.220091951911911110e+02 2.003295116285934809e-04 2.027691997525957266e-04
7.220096956916917179e+02 2.411922496821955367e-04 2.025644057096536918e-04
7.220101961921922111e+02 2.709722060719945585e-04 2.023591894650495166e-04
7.220106966926927043e+02 2.494246903634678245e-04 2.021536371234994398e-04
7.220111971931931976e+02 2.473888090209507874e-04 2.019478361222747250e-04
7.220116976936936908e+02 2.251784020862407994e-04 2.017418752230366419e-04
7.220121981941941840e+02 2.491297831996153568e-04 2.015358445028020537e-04
7.220126986946946772e+02 2.296038784538065943e-04 2.013298353439757233e-04
7.220131991951951704e+02 2.377435087822734770e-04 2.011239404234344843e-04
7.220136996956956636e+02 2.207457196826935681e-04 2.009182537006475294e-04
7.220142001961961569e+02 2.498275927817680537e-04 2.007128704048185858e-04
7.220147006966966501e+02 1.870743095163356214e-04 2.005078870210357477e-04
7.220152011971971433e+02 2.064827842365741649e-04 2.003034012754158189e-04
7.220157016976976365e+02 2.012420504359541552e-04 2.000995121192302925e-04
7.220162021981981297e+02 2.439307925689761919e-04 1.998963197120014190e-04
7.220167026986986230e+02 2.510753989220986058e-04 1.996939254035570341e-04
7.220172031991991162e+02 2.079285522938018841e-04 1.994924317150339273e-04
7.220177036996997231e+02 1.849958102941352291e-04 1.992919423187748088e-04
7.220182042002002163e+02 2.534788828085139147e-04 1.990925620173832316e-04
7.220187047007007095e+02 2.309734745793535571e-04 1.988943967212464812e-04
7.220192052012012027e+02 2.574765202919269730e-04 1.986975534254299528e-04
7.220197057017016959e+02 2.412860145794163216e-04 1.985021401852550646e-04
7.220202062022021892e+02 2.211322884631185140e-04 1.983082660908280954e-04
7.220207067027026824e+02 2.201321553483065647e-04 1.981160412404722986e-04
7.220212072032031756e+02 2.413321735838359168e-04 1.979255767130603367e-04
7.220217077037036688e+02 2.222217587077191675e-04 1.977369845392457082e-04
7.220222082042041620e+02 2.005646285830733411e-04 1.975503776715934932e-04
7.220227087047046552e+02 2.732209231887621609e-04 1.973658699536115003e-04
7.220232092052051485e+02 2.332445426725093785e-04 1.971835760876843643e-04
7.220237097057056417e+02 2.055481012991048240e-04 1.970036116019144420e-04
7.220242102062061349e+02 2.187583651647517302e-04 1.968260928158741972e-04
7.220247107067066281e+02 2.523320013742846066e-04 1.966511368052774723e-04
7.220252112072072350e+02 2.232936489154916586e-04 1.964788613655373396e-04
7.220257117077077282e+02 2.441502856273838852e-04 1.963093849744546927e-04
7.220262122082082215e+02 2.076509620525876379e-04 1.961428267534618406e-04
7.220267127087087147e+02 1.882767027426085688e-04 1.959793064282159874e-04
7.220272132092092079e+02 2.001752382412803281e-04 1.958189442879682679e-04
7.220277137097097011e+02 2.247058621388051277e-04 1.956618611439586545e-04
7.220282142102101943e+02 2.178258580949314236e-04 1.955081782868142118e-04
7.220287147107106875e+02 2.481828829606506697e-04 1.953580174429688041e-04
7.220292152112111808e+02 2.701512969488716292e-04 1.952115007301235281e-04
7.220297157117116740e+02 2.366660063409737941e-04 1.950687506117693647e-04
7.220302162122121672e+02 2.728417578804307343e-04 1.949298898507942227e-04
7.220307167127126604e+02 2.973834067913872187e-04 1.947950414621990654e-04
7.220312172132131536e+02 2.193152008368226872e-04 1.946643286649484656e-04
7.220317177137136468e+02 2.240007122260531691e-04 1.945378748329823937e-04
7.220322182142141401e+02 2.240433357502969727e-04 1.944158034454192188e-04
7.220327187147146333e+02 2.462288774452566181e-04 1.942982380359787068e-04
7.220332192152152402e+02 2.336057952751675350e-04 1.941853021416326615e-04
7.220337197157157334e+02 2.366436265272824243e-04 1.940771192506678719e-04
7.220342202162162266e+02 2.876630814482947912e-04 1.939738127498135843e-04
7.220347207167167198e+02 2.464001952994192952e-04 1.938755058709834046e-04
7.220352212172172131e+02 1.918354870674912204e-04 1.937823216372809457e-04
7.220357217177177063e+02 2.416642727741527346e-04 1.936943828084648918e-04
7.220362222182181995e+02 1.953114856381932751e-04 1.936118118258868428e-04
7.220367227187186927e+02 1.754273390807930383e-04 1.935347307569441672e-04
7.220372232192191859e+02 2.386986743124616867e-04 1.934632612390903381e-04
7.220377237197196791e+02 2.013562447248246350e-04 1.933975244234469070e-04
7.220382242202201724e+02 2.419183601531423185e-04 1.933376409180623788e-04
7.220387247207206656e+02 2.217504417205924726e-04 1.932837307308646379e-04
7.220392252212211588e+02 2.522343445455631390e-04 1.932359132123541413e-04
7.220397257217216520e+02 3.164175878043540627e-04 1.931943069980865597e-04
7.220402262222221452e+02 2.498780320569171068e-04 1.931590299509943875e-04
7.220407267227227521e+02 2.418797446801972464e-04 1.931301991035918382e-04
7.220412272232232453e+02 2.784203785390018280e-04 1.931079306001515239e-04
7.220417277237237386e+02 2.610327605073655961e-04 1.930923396388092785e-04
7.220422282242242318e+02 2.441964206481714783e-04 1.930835404137814409e-04
7.220427287247247250e+02 2.350123664797485856e-04 1.930816460576465117e-04
7.220432292252252182e+02 1.987695223198662937e-04 1.930867685837864322e-04
7.220437297257257114e+02 2.339147185361793648e-04 1.930990188290356772e-04
7.220442302262262046e+02 2.671710807292363050e-04 1.931185063965923463e-04
7.220447307267266979e+02 2.610588258477930306e-04 1.931453395992466270e-04
7.220452312272271911e+02 2.147348747421031412e-04 1.931796254029824141e-04
7.220457317277276843e+02 1.733510680796656038e-04 1.932214693710070260e-04
7.220462322282281775e+02 2.322878738115417537e-04 1.932709756082658570e-04
7.220467327287286707e+02 2.399377474861126287e-04 1.933282467064960147e-04
7.220472332292291640e+02 2.151472813598531188e-04 1.933933836898763762e-04
7.220477337297296572e+02 2.334697259941224143e-04 1.934664859613277317e-04
7.220482342302301504e+02 2.384230209023221136e-04 1.935476512495198020e-04
7.220487347307307573e+02 2.294604521569520322e-04 1.936369755566592324e-04
7.220492352312312505e+02 2.875948895010628243e-04 1.937345531069892583e-04
7.220497357317317437e+02 1.883626229317311512e-04 1.938404762963626485e-04
7.220502362322322369e+02 2.074563382284222803e-04 1.939548356425352372e-04
7.220507367327327302e+02 2.230103422547530159e-04 1.940777197365328157e-04
7.220512372332332234e+02 2.062709319531437686e-04 1.942092151950241370e-04
7.220517377337337166e+02 2.032519153752248339e-04 1.943494066137704509e-04
7.220522382342342098e+02 2.274231152849995178e-04 1.944983765222012284e-04
7.220527387347347030e+02 1.963750442330420502e-04 1.946562053391641845e-04
7.220532392352351962e+02 1.881035396041993611e-04 1.948229713298972512e-04
7.220537397357356895e+02 1.651850003434344940e-04 1.949987505642691485e-04
7.220542402362361827e+02 2.092493211252806655e-04 1.951836168763322469e-04
7.220547407367366759e+02 1.912604328565445074e-04 1.953776418252317658e-04
7.220552412372371691e+02 1.904092559035295402e-04 1.955808946575128895e-04
7.220557417377376623e+02 1.812654359160563238e-04 1.957934422708668620e-04
7.220562422382381556e+02 1.657673317423384205e-04 1.960153491793529526e-04
7.220567427387387625e+02 1.806338342393952869e-04 1.962466774801893438e-04
7.220572432392392557e+02 1.637331107272821059e-04 1.964874868218257893e-04
7.220577437397397489e+02 1.676153875050718405e-04 1.967378343741273496e-04
7.220582442402402421e+02 1.637202615522465065e-04 1.969977747996481845e-04
7.220587447407407353e+02 1.596680484059736095e-04 1.972673602268082014e-04
7.220592452412412285e+02 1.192648020384301787e-04 1.975466402246889058e-04
7.220597457417417218e+02 9.763663102543311740e-05 1.978356617795260278e-04
7.220602462422422150e+02 1.204597590218342963e-04 1.981344692729207989e-04
7.220607467427427082e+02 1.113253770454342850e-04 1.984431044617924306e-04
7.220612472432432014e+02 1.186243074469529413e-04 1.987616064600907135e-04
7.220617477437436946e+02 1.134179748720222348e-04 1.990900117222839979e-04
7.220622482442441878e+02 8.793184920502335384e-05 1.994283540286394144e-04
7.220627487447446811e+02 9.576527194264369879e-05 1.997766644723059331e-04
7.220632492452451743e+02 8.659728447606442037e-05 2.001349714482110497e-04
7.220637497457456675e+02 7.768240012977090255e-05 2.005033006437786859e-04
7.220642502462462744e+02 5.105124892604401255e-05 2.008816750315611690e-04
7.220647507467467676e+02 4.872403195955233083e-05 2.012701148632677713e-04
7.220652512472472608e+02 3.957699039036215736e-05 2.016686376664860825e-04
7.220657517477477541e+02 3.114310875893872070e-05 2.020772582423755056e-04
7.220662522482482473e+02 2.350165956307841299e-05 2.024959886656131820e-04
7.220667527487487405e+02 2.102805501102608169e-05 2.029248382860746947e-04
7.220672532492492337e+02 2.162615111764644809e-05 2.033638137323269611e-04
7.220677537497497269e+02 1.757710527462753462e-05 2.038129189169224191e-04
7.220682542502502201e+02 1.924951582453471571e-05 2.042721550434815241e-04
7.220687547507507134e+02 2.531900263722751930e-05 2.047415206155504905e-04
7.220692552512512066e+02 2.034424288497410662e-05 2.052210114472149537e-04
7.220697557517516998e+02 2.936678474604360200e-05 2.057106206754533422e-04
7.220702562522521930e+02 2.776225710551838318e-05 2.062103387742062442e-04
7.220707567527526862e+02 3.527840976903263303e-05 2.067201535701413307e-04
7.220712572532531794e+02 5.095860310628960260e-05 2.072400502600873801e-04
7.220717577537536727e+02 5.686697618478633322e-05 2.077700114301104909e-04
7.220722582542542796e+02 8.784591723457904437e-05 2.083100170763292993e-04
7.220727587547547728e+02 7.292401933005373377e-05 2.088600446266961129e-04
7.220732592552552660e+02 7.076953358866127871e-05 2.094200689655594026e-04
7.220737597557557592e+02 9.296459083842024875e-05 2.099900624585193274e-04
7.220742602562562524e+02 1.163858176704054962e-04 2.105699949793760669e-04
7.220747607567567456e+02 1.247834510589001383e-04 2.111598339384023718e-04
7.220752612572572389e+02 1.214020118868507032e-04 2.117595443120242487e-04
7.220757617577577321e+02 1.416581670343809740e-04 2.123690886738687704e-04
7.220762622582582253e+02 1.706566237935590031e-04 2.129884272271400595e-04
7.220767627587587185e+02 1.495317317240397060e-04 2.136175178382803785e-04
7.220772632592592117e+02 1.477009611631682740e-04 2.142563160718730911e-04
7.220777637597597050e+02 1.684135235426410316e-04 2.149047752267438567e-04
7.220782642602601982e+02 1.596120487879692726e-04 2.155628463732147391e-04
7.220787647607606914e+02 1.764048534439284705e-04 2.162304783914655016e-04
7.220792652612611846e+02 1.663088682927259623e-04 2.169076180109544120e-04
7.220797657617617915e+02 1.800145200466803758e-04 2.175942098510099591e-04
7.220802662622622847e+02 1.992240359081076933e-04 2.182901964616033863e-04
7.220807667627627779e+02 2.150694197229910604e-04 2.189955183665995763e-04
7.220812672632632712e+02 2.555891811982213802e-04 2.197101141063171909e-04
7.220817677637637644e+02 2.475868756549832539e-04 2.204339202816841322e-04
7.220822682642642576e+02 2.569487625994405799e-04 2.211668715990047112e-04
7.220827687647647508e+02 2.437235354344141158e-04 2.219089009154463744e-04
7.220832692652652440e+02 2.488784797981885501e-04 2.226599392851935123e-04
7.220837697657657372e+02 2.361109145293158163e-04 2.234199160062201042e-04
7.220842702662662305e+02 2.425143314939612576e-04 2.241887586676301585e-04
7.220847707667667237e+02 2.314976930252287800e-04 2.249663931975164034e-04
7.220852712672672169e+02 2.385591121227592149e-04 2.257527439112872695e-04
7.220857717677677101e+02 2.563975721433820474e-04 2.265477335604130539e-04
7.220862722682682033e+02 2.192690971173588232e-04 2.273512833815419861e-04
7.220867727687686966e+02 2.441033131115299666e-04 2.281633131459369736e-04
7.220872732692691898e+02 2.204177383054552793e-04 2.289837412091856215e-04
7.220877737697697967e+02 2.489745155200728702e-04 2.298124845613238199e-04
7.220882742702702899e+02 2.616364914614536055e-04 2.306494588761938045e-04
7.220887747707707831e+02 2.455060406930710277e-04 2.314945785628172599e-04
7.220892752712712763e+02 2.368083950888912363e-04 2.323477568149733376e-04
7.220897757717717695e+02 2.873382859095121493e-04 2.332089056617554638e-04
7.220902762722722628e+02 2.516987102730959417e-04 2.340779360179368127e-04
7.220907767727727560e+02 2.362213678639728449e-04 2.349547577342883469e-04
7.220912772732732492e+02 2.564904992788470043e-04 2.358392796478067860e-04
7.220917777737737424e+02 2.709807950373172144e-04 2.367314096318109279e-04
7.220922782742742356e+02 3.104737071581780100e-04 2.376310546458658781e-04
7.220927787747747288e+02 2.443233956982035992e-04 2.385381207854953467e-04
7.220932792752752221e+02 2.598916159257230176e-04 2.394525133316437095e-04
7.220937797757757153e+02 2.531188094991280329e-04 2.403741367998495917e-04
7.220942802762762085e+02 2.903275233614199032e-04 2.413028949890963580e-04
7.220947807767767017e+02 2.619018041274006107e-04 2.422386910303018896e-04
7.220952812772771949e+02 2.735392907557772542e-04 2.431814274344159339e-04
7.220957817777778018e+02 3.010497703221469553e-04 2.441310061403067935e-04
7.220962822782782951e+02 2.604092404974669051e-04 2.450873285611095869e-04
7.220967827787787883e+02 3.007725856926480668e-04 2.460502956322445866e-04
7.220972832792792815e+02 3.403466080878402781e-04 2.470198078567622949e-04
7.220977837797797747e+02 2.733116782671520645e-04 2.479957653512188023e-04
7.220982842802802679e+02 2.915407029933473086e-04 2.489780678907643134e-04
7.220987847807807611e+02 3.267297477820979026e-04 2.499666149536334376e-04
7.220992852812812544e+02 2.779962500238733220e-04 2.509613057650134180e-04
7.220997857817817476e+02 2.810654435256713696e-04 2.519620393402674779e-04
7.221002862822822408e+02 2.859174835025458960e-04 2.529687145274911648e-04
7.221007867827827340e+02 3.377791538682453675e-04 2.539812300493817995e-04
7.221012872832832272e+02 2.795472547956632452e-04 2.549994845444011329e-04
7.221017877837837204e+02 3.589903025840812754e-04 2.560233766072134306e-04
7.221022882842842137e+02 2.847788606317441101e-04 2.570528048283835898e-04
7.221027887847847069e+02 3.100785921463234925e-04 2.580876678333170193e-04
7.221032892852853138e+02 2.818473875223903168e-04 2.591278643206664173e-04
7.221037897857858070e+02 3.248970769416542636e-04 2.601732930987709388e-04
7.221042902862863002e+02 2.860245140200640460e-04 2.612238531236633909e-04
7.221047907867867934e+02 3.151362646241199117e-04 2.622794435339086843e-04
7.221052912872872867e+02 2.821603144047693046e-04 2.633399636858056551e-04
7.221057917877877799e+02 3.056535260944203834e-04 2.644053131875281036e-04
7.221062922882882731e+02 3.498359851456767327e-04 2.654753919324329484e-04
7.221067927887887663e+02 3.030497956870543356e-04 2.665501001315295337e-04
7.221072932892892595e+02 3.120594025334207143e-04 2.676293383451051021e-04
7.221077937897897527e+02 3.339088592784706993e-04 2.687130075135010657e-04
7.221082942902902460e+02 3.803707059623312285e-04 2.698010089870374740e-04
7.221087947907907392e+02 2.912616002058707513e-04 2.708932445550833474e-04
7.221092952912912324e+02 3.459772861265141084e-04 2.719896164742713579e-04
7.221097957917917256e+02 3.381003034044829394e-04 2.730900274958559908e-04
7.221102962922922188e+02 3.020865148628374438e-04 2.741943808922161076e-04
7.221107967927927120e+02 2.959456311812667982e-04 2.753025804825027243e-04
7.221112972932933189e+02 3.161831867561714455e-04 2.764145306576875510e-04
7.221117977937938122e+02 2.715286201063839863e-04 2.775301364034976626e-04
7.221122982942943054e+02 3.034035832880129912e-04 2.786493033250305742e-04
7.221127987947947986e+02 3.624652295260446752e-04 2.797719376680029234e-04
7.221132992952952918e+02 3.227209667199933628e-04 2.808979463404242681e-04
7.221137997957957850e+02 3.351120310485944539e-04 2.820272369331880370e-04
7.221143002962962782e+02 2.957795021210238794e-04 2.831597177398377822e-04
7.221148007967967715e+02 3.247869255268954428e-04 2.842952977755166481e-04
7.221153012972972647e+02 3.448112704642132976e-04 2.854338867951065071e-04
7.221158017977977579e+02 2.655460635744970885e-04 2.865753953105665752e-04
7.221163022982982511e+02 3.109351625995195999e-04 2.877197346074781203e-04
7.221168027987987443e+02 3.070336968690226239e-04 2.888668167608063764e-04
7.221173032992992376e+02 3.395190955781761106e-04 2.900165546498886630e-04
7.221178037997997308e+02 3.661273747145996267e-04 2.911688619726581959e-04
7.221183043003002240e+02 3.051550619474845106e-04 2.923236532591152450e-04
7.221188048008008309e+02 3.508570555237492186e-04 2.934808438843193460e-04
7.221193053013013241e+02 3.201210193559570838e-04 2.946403500793348630e-04
7.221198058018018173e+02 3.166167987131527240e-04 2.958020889440875125e-04
7.221203063023023105e+02 3.530504001721520776e-04 2.969659784568842004e-04
7.221208068028028038e+02 3.469817814242425369e-04 2.981319374845525349e-04
7.221213073033032970e+02 3.279842483345139998e-04 2.992998857916346982e-04
7.221218078038037902e+02 3.230341529404461530e-04 3.004697440489116612e-04
7.221223083043042834e+02 3.165855670769185501e-04 3.016414338412701538e-04
7.221228088048047766e+02 3.105145928573769761e-04 3.028148776749265965e-04
7.221233093053052698e+02 4.025037604361843095e-04 3.039899989840206206e-04
7.221238098058057631e+02 3.357721213444712785e-04 3.051667221365905952e-04
7.221243103063062563e+02 3.092884746031133851e-04 3.063449724399476917e-04
7.221248108068067495e+02 3.032394076233985375e-04 3.075246761454581367e-04
7.221253113073072427e+02 3.492599819205394369e-04 3.087057604527516518e-04
7.221258118078077359e+02 3.481617384488918678e-04 3.098881535133660528e-04
7.221263123083082291e+02 3.882876145812821510e-04 3.110717844338446530e-04
7.221268128088088361e+02 3.282151256097530414e-04 3.122565832785686871e-04
7.221273133093093293e+02 3.488971391262682626e-04 3.134424810707226849e-04
7.221278138098098225e+02 3.794557955746828519e-04 3.146294097954455420e-04
7.221283143103103157e+02 3.458893030187138481e-04 3.158173023997973435e-04
7.221288148108108089e+02 3.471193564660305839e-04 3.170060927935938202e-04
7.221293153113113021e+02 3.391401615454465437e-04 3.181957158495056070e-04
7.221298158118117954e+02 3.264767713319939048e-04 3.193861074027071786e-04
7.221303163123122886e+02 3.903409022234336379e-04 3.205772042500882007e-04
7.221308168128127818e+02 3.596667997193162361e-04 3.217689441490406330e-04
7.221313173133132750e+02 3.983032248447324303e-04 3.229612658158357869e-04
7.221318178138137682e+02 3.570691226828527610e-04 3.241541089236041318e-04
7.221323183143142614e+02 3.357022786478183122e-04 3.253474140999312934e-04
7.221328188148147547e+02 3.600067167604626230e-04 3.265411229240834179e-04
7.221333193153152479e+02 3.481298968292027797e-04 3.277351779238751287e-04
7.221338198158157411e+02 2.608337211608632053e-04 3.289295225721918935e-04
7.221343203163162343e+02 3.107669296217612691e-04 3.301241012831808972e-04
7.221348208168168412e+02 3.673389795988624075e-04 3.313188594083935046e-04
7.221353213173173344e+02 3.626895084861957727e-04 3.325137432312627681e-04
7.221358218178178277e+02 3.523880358254426843e-04 3.337086999640006039e-04
7.221363223183183209e+02 3.501050845190078098e-04 3.349036777414975824e-04
7.221368228188188141e+02 4.194415149788376746e-04 3.360986256163076805e-04
7.221373233193193073e+02 3.412724818257133284e-04 3.372934935531026954e-04
7.221378238198198005e+02 3.710438107789474976e-04 3.384882324228774011e-04
7.221383243203202937e+02 3.837973976888843313e-04 3.396827939969182400e-04
7.221388248208207870e+02 4.382593753795220419e-04 3.408771309405456335e-04
7.221393253213212802e+02 3.980219948982800012e-04 3.420711968066404273e-04
7.221398258218217734e+02 3.758356156743495918e-04 3.432649460289656398e-04
7.221403263223222666e+02 3.528985600048150707e-04 3.444583339152942469e-04
7.221408268228227598e+02 3.849925976935422451e-04 3.456513166403520011e-04
7.221413273233232530e+02 3.518999535184136676e-04 3.468438512385858580e-04
7.221418278238237463e+02 3.328524989479962723e-04 3.480358955967681445e-04
7.221423283243243532e+02 3.911126364031432831e-04 3.492274084467155999e-04
7.221428288248248464e+02 3.957636038933908993e-04 3.504183493565092892e-04
7.221433293253253396e+02 3.527723296082314994e-04 3.516086787242849983e-04
7.221438298258258328e+02 3.483638055501243522e-04 3.527983577691874099e-04
7.221443303263263260e+02 3.639352783996448269e-04 3.539873485235593481e-04
7.221448308268268192e+02 3.243791441839458892e-04 3.551756138247485713e-04
7.221453313273273125e+02 3.305043609413592311e-04 3.563631173068125416e-04
7.221458318278278057e+02 3.497269270884664533e-04 3.575498233921268077e-04
7.221463323283282989e+02 4.366096852661631705e-04 3.587356972829076288e-04
7.221468328288287921e+02 3.540735628020051911e-04 3.599207049526534992e-04
7.221473333293292853e+02 4.007526770335034664e-04 3.611048131375157121e-04
7.221478338298297786e+02 4.243224535036901478e-04 3.622879893276018115e-04
7.221483343303302718e+02 4.010900262865912816e-04 3.634702017582230990e-04
7.221488348308307650e+02 3.729718514891564095e-04 3.646514194010874428e-04
7.221493353313312582e+02 3.676010129805711056e-04 3.658316119554488812e-04
7.221498358318317514e+02 3.696093353001899209e-04 3.670107498392175438e-04
7.221503363323323583e+02 3.522154977617242689e-04 3.681888041803043580e-04
7.221508368328328515e+02 3.748685395895856760e-04 3.693657468066001469e-04
7.221513373333333448e+02 4.248532443437189705e-04 3.705415502386101567e-04
7.221518378338338380e+02 3.960321158286701608e-04 3.717161876793958044e-04
7.221523383343343312e+02 3.755970324296811487e-04 3.728896330058440855e-04
7.221528388348348244e+02 3.886719999770252222e-04 3.740618607596642511e-04
7.221533393353353176e+02 3.925841853246925164e-04 3.752328461383830751e-04
7.221538398358358108e+02 4.776481417202186816e-04 3.764025649863447830e-04
7.221543403363363041e+02 3.867167515537937015e-04 3.775709937857194931e-04
7.221548408368367973e+02 4.360784713704097810e-04 3.787381096475247208e-04
7.221553413373372905e+02 4.171798515093053388e-04 3.799038903026641769e-04
7.221558418378377837e+02 3.724747197843075947e-04 3.810683140929874905e-04
7.221563423383382769e+02 4.102693216286693880e-04 3.822313599623761160e-04
7.221568428388387701e+02 3.680574918692519561e-04 3.833930074478570488e-04
7.221573433393392634e+02 4.138749672480564450e-04 3.845532366707498815e-04
7.221578438398397566e+02 3.762977848794791646e-04 3.857120283278493125e-04
7.221583443403403635e+02 3.907494513263450259e-04 3.868693636829094971e-04
7.221588448408408567e+02 4.559946363603646700e-04 3.880252245568575507e-04
7.221593453413413499e+02 3.660615817382787416e-04 3.891795933206793935e-04
7.221598458418418431e+02 4.225675426485961915e-04 3.903324528857261702e-04
7.221603463423423364e+02 3.870087883574790618e-04 3.914837866953853546e-04
7.221608468428428296e+02 3.756065700898274045e-04 3.926335787165423320e-04
7.221613473433433228e+02 3.854416805208201813e-04 3.937818134310979812e-04
7.221618478438438160e+02 4.362291594031306153e-04 3.949284758275442607e-04
7.221623483443443092e+02 3.121408304257556427e-04 3.960735513926000773e-04
7.221628488448448024e+02 4.165585084648267531e-04 3.972170261029099830e-04
7.221633493453452957e+02 3.502051123159809231e-04 3.983588864168059740e-04
7.221638498458457889e+02 4.443532052279199236e-04 3.994991192661368341e-04
7.221643503463462821e+02 4.085067317321745763e-04 4.006377120481646455e-04
7.221648508468467753e+02 3.943483367840476842e-04 4.017746526175307959e-04
7.221653513473472685e+02 4.025914228839361968e-04 4.029099292782933276e-04
7.221658518478478754e+02 4.092929258545151901e-04 4.040435307762934485e-04
7.221663523483483687e+02 3.360740387019824906e-04 4.051754462903097440e-04
7.221668528488488619e+02 3.897478736864017838e-04 4.063056654258608773e-04
7.221673533493493551e+02 3.780132234202410353e-04 4.074341782065099625e-04
7.221678538498498483e+02 4.183438836449990261e-04 4.085609750665336777e-04
7.221683543503503415e+02 3.599702480374336209e-04 4.096860468434122132e-04
7.221688548508508347e+02 3.904028012030542395e-04 4.108093847703967404e-04
7.221693553513513280e+02 3.915463661917982334e-04 4.119309804691597137e-04
7.221698558518518212e+02 3.804063026849487366e-04 4.130508259425218795e-04
7.221703563523523144e+02 4.011769797769364448e-04 4.141689135672633115e-04
7.221708568528528076e+02 4.613962951687813289e-04 4.152852360870146219e-04
7.221713573533533008e+02 4.583526863702644220e-04 4.163997866052314943e-04
7.221718578538537940e+02 4.041053689438768950e-04 4.175125585782503684e-04
7.221723583543542873e+02 4.231154475991107740e-04 4.186235458084286388e-04
7.221728588548547805e+02 4.155859882686998934e-04 4.197327424373672533e-04
7.221733593553552737e+02 3.971751110871173064e-04 4.208401429392170110e-04
7.221738598558558806e+02 4.144284460384602868e-04 4.219457421143198790e-04
7.221743603563563738e+02 3.853896220020940153e-04 4.230495350816789379e-04
7.221748608568568670e+02 4.319682022387621089e-04 4.241515172740227676e-04
7.221753613573573602e+02 3.841400531411400801e-04 4.252516844304431187e-04
7.221758618578578535e+02 4.188854864511714162e-04 4.263500325903715185e-04
7.221763623583583467e+02 4.419972708607158721e-04 4.274465580873898322e-04
7.221768628588588399e+02 3.564471609715919834e-04 4.285412575431233316e-04
7.221773633593593331e+02 3.627932405345434897e-04 4.296341278612190355e-04
7.221778638598598263e+02 4.450395207721417651e-04 4.307251662214048251e-04
7.221783643603603196e+02 4.530628889505981436e-04 4.318143700736350762e-04
7.221788648608608128e+02 4.019365156047864955e-04 4.329017371323167418e-04
7.221793653613613060e+02 4.062385280126689703e-04 4.339872653706194580e-04
7.221798658618617992e+02 4.509068060087116463e-04 4.350709530148668043e-04
7.221803663623622924e+02 4.427172650788906106e-04 4.361527985390106668e-04
7.221808668628627856e+02 4.211054983721265136e-04 4.372328006591867005e-04
7.221813673633633925e+02 4.842286094359825408e-04 4.383109583285947804e-04
7.221818678638638858e+02 5.025980033666943353e-04 4.393872707312378428e-04
7.221823683643643790e+02 3.669007199328161353e-04 4.404617372781881096e-04
7.221828688648648722e+02 4.469072942284035453e-04 4.415343576014836807e-04
7.221833693653653654e+02 4.297579480289938077e-04 4.426051315493301805e-04
7.221838698658658586e+02 4.020064334921962402e-04 4.436740591811353285e-04
7.221843703663663518e+02 3.787569795000771339e-04 4.447411407626211395e-04
7.221848708668668451e+02 4.361929641384478581e-04 4.458063767610136977e-04
7.221853713673673383e+02 4.087510864174735497e-04 4.468697678403107769e-04
7.221858718678678315e+02 4.437500670324430983e-04 4.479313148566237829e-04
7.221863723683683247e+02 3.839928351342977546e-04 4.489910188535964027e-04
7.221868728688688179e+02 4.362550459650284176e-04 4.500488810578978476e-04
7.221873733693693111e+02 4.634102173729059537e-04 4.511049028747899292e-04
7.221878738698698044e+02 4.579913992906200311e-04 4.521590858837681338e-04
7.221883743703702976e+02 3.868705681332244807e-04 4.532114318342747410e-04
7.221888748708707908e+02 3.506868636082759389e-04 4.542619426414848003e-04
7.221893753713713977e+02 4.573525208555601334e-04 4.553106203824008359e-04
7.221898758718718909e+02 3.933965336961483227e-04 4.563574672908279482e-04
7.221903763723723841e+02 3.847731457987698506e-04 4.574024857548000269e-04
7.221908768728728774e+02 4.634426600494584480e-04 4.584456783116937391e-04
7.221913773733733706e+02 3.607373948329437095e-04 4.594870476446010605e-04
7.221918778738738638e+02 4.473314527496492711e-04 4.605265965785319110e-04
7.221923783743743570e+02 4.609743308650521613e-04 4.615643280766834698e-04
7.221928788748748502e+02 3.847794656488020930e-04 4.626002452367750832e-04
7.221933793753753434e+02 4.234457537104688698e-04 4.636343512874491484e-04
7.221938798758758367e+02 4.148019582030162424e-04 4.646666495847360709e-04
7.221943803763763299e+02 4.169336706918774435e-04 4.656971436085830299e-04
7.221948808768768231e+02 4.321212492147827539e-04 4.667258369594455168e-04
7.221953813773773163e+02 4.557929870860960770e-04 4.677527333549416503e-04
7.221958818778778095e+02 3.604444474498485693e-04 4.687778366265667185e-04
7.221963823783783027e+02 4.462503068717245153e-04 4.698011507164697917e-04
7.221968828788787960e+02 4.891823082443705730e-04 4.708226796742887737e-04
7.221973833793794029e+02 3.939271685640048475e-04 4.718424276542768862e-04
7.221978838798798961e+02 3.853665777997269514e-04 4.728603989113291223e-04
7.221983843803803893e+02 4.694253601740641158e-04 4.738765977993823438e-04
7.221988848808808825e+02 4.562405911218318311e-04 4.748910287675556837e-04
7.221993853813813757e+02 4.155940752351390067e-04 4.759036963575051472e-04
7.221998858818818690e+02 4.392428285552020485e-04 4.769146052006014878e-04
7.222003863823823622e+02 4.383238613924736373e-04 4.779237600151626185e-04
7.222008868828828554e+02 4.614465450268135705e-04 4.789311656037399082e-04
7.222013873833833486e+02 5.046225214564018565e-04 4.799368268504560853e-04
7.222018878838838418e+02 4.606280080487226399e-04 4.809407487183970818e-04
7.222023883843843350e+02 4.796122249992717385e-04 4.819429362470532070e-04
7.222028888848848283e+02 4.574423777587663408e-04 4.829433945498122559e-04
7.222033893853853215e+02 5.218969126342125515e-04 4.839421288115018931e-04
7.222038898858858147e+02 4.808669896945163224e-04 4.849391442859808275e-04
7.222043903863863079e+02 4.218852122548639571e-04 4.859344462937785036e-04
7.222048908868869148e+02 5.448794990598718364e-04 4.869280402200083921e-04
7.222053913873874080e+02 4.986084929993547668e-04 4.879199315111989207e-04
7.222058918878879012e+02 4.993869078275881609e-04 4.889101256744288236e-04
7.222063923883883945e+02 4.405169686770401194e-04 4.898986282742486030e-04
7.222068928888888877e+02 4.345932535213328785e-04 4.908854449307778088e-04
7.222073933893893809e+02 4.433746414914448847e-04 4.918705813176181118e-04
7.222078938898898741e+02 4.514688432467830635e-04 4.928540431598119140e-04
7.222083943903903673e+02 4.636330878912860165e-04 4.938358362318418871e-04
7.222088948908908606e+02 4.053766563141847920e-04 4.948159663556735534e-04
7.222093953913913538e+02 5.029164075921388130e-04 4.957944393988376582e-04
7.222098958918918470e+02 4.615387243001497488e-04 4.967712612725551499e-04
7.222103963923923402e+02 4.954655432046401776e-04 4.977464379298998914e-04
7.222108968928928334e+02 5.087628755560233591e-04 4.987199753640022453e-04
7.222113973933933266e+02 5.258203580023165704e-04 4.996918796062901728e-04
7.222118978938938199e+02 5.112330719219787241e-04 5.006621567247689303e-04
7.222123983943943131e+02 4.509204937213213667e-04 5.016308128223375198e-04
7.222128988948949200e+02 4.873488018392272553e-04 5.025978540353620962e-04
7.222133993953954132e+02 4.634986570839679789e-04 5.035632865311859881e-04
7.222138998958959064e+02 5.113246667004234507e-04 5.045271165078739350e-04
7.222144003963963996e+02 4.481362424655166519e-04 5.054893501917916056e-04
7.222149008968968928e+02 4.459830844819292128e-04 5.064499938363198426e-04
7.222154013973973861e+02 4.742661830186025405e-04 5.074090537203818823e-04
7.222159018978978793e+02 4.321757815693386823e-04 5.083665361470040764e-04
7.222164023983983725e+02 4.658251948960751964e-04 5.093224474419087060e-04
7.222169028988988657e+02 5.595437782451322031e-04 5.102767939521387795e-04
7.222174033993993589e+02 4.923162489497180661e-04 5.112295820447142723e-04
7.222179038998998521e+02 4.923154079689185270e-04 5.121808181053191583e-04
7.222184044004003454e+02 4.798505349686555104e-04 5.131305085370180393e-04
7.222189049009008386e+02 5.256007662279358998e-04 5.140786597590035669e-04
7.222194054014013318e+02 5.169910724824755988e-04 5.150252782053718354e-04
7.222199059019018250e+02 5.259488804542125076e-04 5.159703703239270495e-04
7.222204064024024319e+02 4.637022568004176546e-04 5.169139425752286186e-04
7.222209069029029251e+02 4.832861624532932025e-04 5.178560014305934062e-04
7.222214074034034184e+02 4.800793442727820039e-04 5.187965533722700695e-04
7.222219079039039116e+02 4.561342630867811681e-04 5.197356048914947594e-04
7.222224084044044048e+02 5.166315885503371900e-04 5.206731624876447927e-04
7.222229089049048980e+02 4.746575708112614500e-04 5.216092326672050819e-04
7.222234094054053912e+02 5.211477038489712018e-04 5.225438219427579840e-04
7.222239099059058844e+02 4.849906889036916099e-04 5.234769368319991704e-04
7.222244104064063777e+02 5.302810052577209762e-04 5.244085838567761563e-04
7.222249109069068709e+02 5.169633350421593302e-04 5.253387695421520920e-04
7.222254114074073641e+02 5.567869312602554115e-04 5.262675004154917808e-04
7.222259119079078573e+02 4.727429765215561712e-04 5.271947830055707896e-04
7.222264124084083505e+02 4.426450564258762070e-04 5.281206238417073288e-04
7.222269129089088437e+02 4.796963606720689214e-04 5.290450294529153814e-04
7.222274134094093370e+02 4.812978592205506079e-04 5.299680063670801676e-04
7.222279139099098302e+02 4.720436228122662308e-04 5.308895611101539921e-04
7.222284144104104371e+02 5.023341429272660565e-04 5.318097002055820503e-04
7.222289149109109303e+02 5.468200982556044440e-04 5.327284301727043146e-04
7.222294154114114235e+02 4.832134925845232160e-04 5.336457575272658682e-04
7.222299159119119167e+02 4.977751361118406539e-04 5.345616887798581478e-04
7.222304164124124100e+02 5.291395892186648298e-04 5.354762304354235714e-04
7.222309169129129032e+02 4.734311082675469605e-04 5.363893889925691301e-04
7.222314174134133964e+02 5.032445162570162167e-04 5.373011709429010132e-04
7.222319179139138896e+02 5.466502235041210056e-04 5.382115827703740866e-04
7.222324184144143828e+02 5.402286938100800450e-04 5.391206309506614298e-04
7.222329189149148760e+02 5.066331152532585827e-04 5.400283219505395927e-04
7.222334194154153693e+02 5.655810978034032932e-04 5.409346622272919597e-04
7.222339199159158625e+02 5.422210355496346994e-04 5.418396582281278335e-04
7.222344204164163557e+02 5.234269581685868037e-04 5.427433163896187591e-04
7.222349209169168489e+02 5.134656026953407417e-04 5.436456431371495916e-04
7.222354214174173421e+02 4.575898231069973278e-04 5.445466448843864788e-04
7.222359219179178353e+02 5.660317089505455561e-04 5.454463280327587205e-04
7.222364224184184422e+02 5.847649182592747031e-04 5.463446989711614804e-04
7.222369229189189355e+02 5.341901304840974106e-04 5.472417640746509489e-04
7.222374234194194287e+02 5.678216008524814137e-04 5.481375297051962374e-04
7.222379239199199219e+02 4.783053046810257385e-04 5.490320022104034888e-04
7.222384244204204151e+02 5.334591672063202037e-04 5.499251879232746427e-04
7.222389249209209083e+02 5.536925136760792628e-04 5.508170931617752727e-04
7.222394254214214016e+02 5.237568672691252265e-04 5.517077242284163007e-04
7.222399259219218948e+02 4.801263102562145901e-04 5.525970874098481804e-04
7.222404264224223880e+02 5.338575060442024133e-04 5.534851889764674402e-04
7.222409269229228812e+02 6.106748981372672096e-04 5.543720351820365620e-04
7.222414274234233744e+02 4.874256667302786150e-04 5.552576322633152438e-04
7.222419279239238676e+02 5.730648097447500668e-04 5.561419864397038060e-04
7.222424284244243609e+02 5.181947869163062385e-04 5.570251039128977641e-04
7.222429289249248541e+02 5.158761168028252976e-04 5.579069908665548706e-04
7.222434294254253473e+02 5.150848107907176222e-04 5.587876534659720227e-04
7.222439299259259542e+02 5.803610585196610633e-04 5.596670978579739147e-04
7.222444304264264474e+02 5.187203324474572250e-04 5.605453301698125725e-04
7.222449309269269406e+02 4.917534056151036176e-04 5.614223565100759155e-04
7.222454314274274338e+02 4.839163984618649367e-04 5.622981829676079995e-04
7.222459319279279271e+02 5.789369877571407842e-04 5.631728156114383264e-04
7.222464324284284203e+02 5.690475861428198699e-04 5.640462604905219614e-04
7.222469329289289135e+02 5.219712392008334914e-04 5.649185236334874557e-04
7.222474334294294067e+02 5.714333159895495107e-04 5.657896110483959370e-04
7.222479339299298999e+02 5.139039568746806355e-04 5.666595287225082225e-04
7.222484344304303931e+02 5.879062370524450751e-04 5.675282826220610401e-04
7.222489349309308864e+02 5.467299675150680922e-04 5.683958786920524642e-04
7.222494354314313796e+02 5.752401906447179771e-04 5.692623228560350504e-04
7.222499359319318728e+02 5.001955922799545097e-04 5.701276210159179686e-04
7.222504364324323660e+02 5.236898870137087197e-04 5.709917790517772670e-04
7.222509369329328592e+02 5.767558447237090347e-04 5.718548028216736186e-04
7.222514374334333525e+02 5.415389658750856868e-04 5.727166981614779809e-04
7.222519379339339594e+02 5.373340090471863829e-04 5.735774708849008694e-04
7.222524384344344526e+02 5.858280836351016001e-04 5.744371267825509452e-04
7.222529389349349458e+02 5.778308198157607305e-04 5.752956716229567667e-04
7.222534394354354390e+02 5.993548184844832817e-04 5.761531111516388212e-04
7.222539399359359322e+02 5.737614508889827235e-04 5.770094510911681802e-04
7.222544404364364254e+02 4.657155182641023244e-04 5.778646971410349859e-04
7.222549409369369187e+02 6.580020001288910177e-04 5.787188549775235504e-04
7.222554414374374119e+02 5.815820637548633435e-04 5.795719302535952628e-04
7.222559419379379051e+02 5.198335394267183896e-04 5.804239285987757230e-04
7.222564424384383983e+02 5.959690196368870726e-04 5.812748556190502252e-04
7.222569429389388915e+02 6.026444874391153825e-04 5.821247168967634686e-04
7.222574434394393847e+02 5.568640697525084702e-04 5.829735179905257744e-04
7.222579439399398780e+02 5.670288713567679011e-04 5.838212644351256989e-04
7.222584444404403712e+02 5.785098473637712187e-04 5.846679617414469836e-04
7.222589449409408644e+02 5.847528813900961225e-04 5.855136153963917938e-04
7.222594454414414713e+02 5.073437056061229529e-04 5.863582308630012818e-04
7.222599459419419645e+02 5.385550212810694863e-04 5.872018135796209680e-04
7.222604464424424577e+02 6.150070389047360836e-04 5.880443689609912315e-04
7.222609469429429510e+02 5.439777913204769857e-04 5.888859023974234250e-04
7.222614474434434442e+02 5.326926501659383145e-04 5.897264192549389779e-04
7.222619479439439374e+02 5.503579472721085346e-04 5.905659248752239679e-04
7.222624484444444306e+02 5.621887441077589491e-04 5.914044245755855364e-04
7.222629489449449238e+02 5.861085653434809119e-04 5.922419236489144838e-04
7.222634494454454170e+02 6.457356017804245741e-04 5.930784273636523088e-04
7.222639499459459103e+02 6.030797450873945234e-04 5.939139409637605267e-04
7.222644504464464035e+02 5.766570398695349247e-04 5.947484696686968159e-04
7.222649509469468967e+02 6.339893400519546439e-04 5.955820186733930093e-04
7.222654514474473899e+02 5.151224238722446145e-04 5.964145931482385055e-04
7.222659519479478831e+02 6.099312606177018699e-04 5.972461982390663915e-04
7.222664524484483763e+02 6.311168445443686090e-04 5.980768390671441182e-04
7.222669529489488696e+02 5.851987340988580805e-04 5.989065207291671038e-04
7.222674534494494765e+02 6.461246234262568895e-04 5.997352482974446742e-04
7.222679539499499697e+02 6.113871126880662549e-04 6.005630268191482777e-04
7.222684544504504629e+02 6.010755387983009656e-04 6.013898613174449093e-04
7.222689549509509561e+02 6.361503606749417759e-04 6.022157567907516140e-04
7.222694554514514493e+02 5.967888296072713407e-04 6.030407182129349794e-04
7.222699559519519426e+02 6.520703181906103985e-04 6.038647505333240382e-04
7.222704564524524358e+02 5.960777132033842412e-04 6.046878586767280486e-04
7.222709569529529290e+02 5.669747878747235072e-04 6.055100475434553597e-04
7.222714574534534222e+02 6.025675005761168320e-04 6.063313220093367222e-04
7.222719579539539154e+02 6.000504856480754412e-04 6.071516869257500074e-04
7.222724584544544086e+02 6.011781092184677756e-04 6.079711471196485055e-04
7.222729589549549019e+02 7.069384622781210020e-04 6.087897073935917168e-04
7.222734594554553951e+02 5.870717092287959082e-04 6.096073725257783113e-04
7.222739599559558883e+02 5.558707033771387350e-04 6.104241472700814740e-04
7.222744604564563815e+02 6.217350428516533198e-04 6.112400363560875020e-04
7.222749609569568747e+02 5.666460778719843282e-04 6.120550444891353784e-04
7.222754614574574816e+02 6.124870495850659718e-04 6.128691763505453218e-04
7.222759619579579748e+02 6.468168505768814251e-04 6.136824365969227287e-04
7.222764624584584681e+02 6.034993048864641281e-04 6.144948298613156674e-04
7.222769629589589613e+02 5.264551289898199106e-04 6.153063607525233744e-04
7.222774634594594545e+02 5.481987871754047869e-04 6.161170338553325016e-04
7.222779639599599477e+02 6.528282512103444554e-04 6.169268537305700253e-04
7.222784644604604409e+02 7.519687112518501620e-04 6.177358249151575654e-04
7.222789649609609341e+02 6.356109627224588218e-04 6.185439519221688472e-04
7.222794654614614274e+02 6.411917329390806781e-04 6.193512392408874901e-04
7.222799659619619206e+02 6.180725068326069173e-04 6.201576913368666384e-04
7.222804664624624138e+02 6.225711715823348605e-04 6.209633126519919534e-04
7.222809669629629070e+02 6.888216557964410743e-04 6.217681076045438468e-04
7.222814674634634002e+02 6.421351955203197194e-04 6.225720805892629665e-04
7.222819679639638935e+02 6.112458345731309334e-04 6.233752359774160073e-04
7.222824684644643867e+02 6.143453883110631822e-04 6.241775781168641245e-04
7.222829689649649936e+02 6.113264069814861989e-04 6.249791113323139267e-04
7.222834694654654868e+02 5.869431473620768946e-04 6.257798399246597984e-04
7.222839699659659800e+02 6.335290596893939155e-04 6.265797681721486587e-04
7.222844704664664732e+02 5.944860060150447718e-04 6.273789003297239103e-04
7.222849709669669664e+02 5.627828606234813952e-04 6.281772406292828294e-04
7.222854714674674597e+02 6.312088175903490112e-04 6.289747932797513756e-04
7.222859719679679529e+02 6.672090852914910886e-04 6.297715624671612784e-04
7.222864724684684461e+02 5.607709144837145967e-04 6.305675523547278833e-04
7.222869729689689393e+02 6.101573426568187783e-04 6.313627670829285391e-04
7.222874734694694325e+02 6.048639355275767108e-04 6.321572107695828295e-04
7.222879739699699257e+02 6.236908754062675357e-04 6.329508875099332374e-04
7.222884744704704190e+02 6.294422501681696223e-04 6.337438013767266766e-04
7.222889749709709122e+02 6.478532268371099603e-04 6.345359564202976508e-04
7.222894754714714054e+02 5.999962025286867395e-04 6.353273566686509777e-04
7.222899759719718986e+02 6.521417074416523130e-04 6.361180061275466821e-04
7.222904764724723918e+02 7.045329042429770549e-04 6.369079087805854314e-04
7.222909769729729987e+02 7.164012123322327161e-04 6.376970685894721045e-04
7.222914774734734920e+02 6.955185721588558884e-04 6.384854894933873889e-04
7.222919779739739852e+02 7.367034533759403165e-04 6.392731754101493944e-04
7.222924784744744784e+02 7.402709724896211789e-04 6.400601302355848161e-04
7.222929789749749716e+02 6.082299958357708942e-04 6.408463578437966239e-04
7.222934794754754648e+02 6.770117603001081768e-04 6.416318620872537258e-04
7.222939799759759580e+02 6.757076048143819541e-04 6.424166467968799813e-04
7.222944804764764513e+02 6.059251120310719160e-04 6.432007157821453824e-04
7.222949809769769445e+02 7.503979540983323274e-04 6.439840728311561511e-04
7.222954814774774377e+02 6.775155594615070226e-04 6.447667217107463542e-04
7.222959819779779309e+02 6.190295627136297059e-04 6.455486661665694103e-04
7.222964824784784241e+02 7.350381186886676506e-04 6.463299099231911140e-04
7.222969829789789173e+02 6.457306161056670935e-04 6.471104566841811429e-04
7.222974834794794106e+02 6.298071756578195847e-04 6.478903101322068406e-04
7.222979839799799038e+02 6.888501429045735570e-04 6.486694739291261336e-04
7.222984844804805107e+02 6.798088545411223871e-04 6.494479517162585810e-04
7.222989849809810039e+02 6.327088901464348073e-04 6.502257471137716082e-04
7.222994854814814971e+02 6.683582631059822865e-04 6.510028637218360495e-04
7.222999859819819903e+02 7.632281994228138928e-04 6.517793051200134651e-04
7.223004864824824836e+02 6.530614275635263869e-04 6.525550748675277343e-04
7.223009869829829768e+02 6.575834662539122109e-04 6.533301765033602479e-04
7.223014874834834700e+02 7.506754494629567804e-04 6.541046135463449932e-04
7.223019879839839632e+02 7.172811488881023195e-04 6.548783894952642888e-04
7.223024884844844564e+02 5.852464513615423126e-04 6.556515078289446279e-04
7.223029889849849496e+02 6.266055638576369276e-04 6.564239720063520887e-04
7.223034894854854429e+02 6.757228173558530501e-04 6.571957854666882854e-04
7.223039899859859361e+02 6.956810729267218132e-04 6.579669516294869716e-04
7.223044904864864293e+02 6.253551249889612029e-04 6.587374738947100999e-04
7.223049909869869225e+02 6.782539826399288166e-04 6.595073556428433402e-04
7.223054914874874157e+02 6.854554614794479330e-04 6.602766002349934413e-04
7.223059919879879089e+02 7.151616254766795296e-04 6.610452110129845082e-04
7.223064924884885158e+02 6.908753542646043884e-04 6.618131912996279677e-04
7.223069929889890091e+02 6.961651193701190411e-04 6.625805443981225718e-04
7.223074934894895023e+02 7.681854868073672085e-04 6.633472735931964957e-04
7.223079939899899955e+02 7.380896123749226215e-04 6.641133821505066899e-04
7.223084944904904887e+02 8.375261468190135479e-04 6.648788733169093889e-04
7.223089949909909819e+02 6.655017832416902385e-04 6.656437503205570386e-04
7.223094954914914751e+02 6.418175233418518810e-04 6.664080163709938144e-04
7.223099959919919684e+02 7.079369961627789403e-04 6.671716746592528747e-04
7.223104964924924616e+02 6.593989639394734394e-04 6.679347283579522036e-04
7.223109969929929548e+02 6.742569110347350955e-04 6.686971806213908888e-04
7.223114974934934480e+02 7.352867049007561807e-04 6.694590345856447477e-04
7.223119979939939412e+02 7.758963725988477032e-04 6.702202933686631468e-04
7.223124984944944345e+02 7.492488541100332348e-04 6.709809600703644118e-04
7.223129989949949277e+02 8.171441245415143710e-04 6.717410377727314535e-04
7.223134994954954209e+02 6.586178902204427310e-04 6.725005295399075038e-04
7.223139999959959141e+02 7.532595046885674599e-04 6.732594384182915247e-04
7.223145004964965210e+02 7.081476295911813892e-04 6.740177674368061150e-04
7.223150009969970142e+02 7.824470839717960133e-04 6.747755196063030423e-04
7.223155014974975074e+02 7.466080491274751504e-04 6.755326979206924395e-04
7.223160019979980007e+02 7.337643376759405171e-04 6.762893053563475776e-04
7.223165024984984939e+02 6.868527968858224690e-04 6.770453448723729893e-04
7.223170029989989871e+02 7.177508783021110169e-04 6.778008194106977099e-04
7.223175034994994803e+02 7.552988665493056775e-04 6.785557318961699287e-04
7.223180039999999735e+02 6.978233968191404572e-04 6.793100852366510973e-04
