7.301889929999999822e+02 1.323908341960259747e-04 9.816939440575595378e-05
7.301894935005004754e+02 1.134635777010352105e-04 9.867686182761322322e-05
7.301899940010009686e+02 1.125105493322812338e-04 9.918378503327687139e-05
7.301904945015014619e+02 1.563574530812337799e-04 9.969016012194928530e-05
7.301909950020019551e+02 1.149729762859308922e-04 1.001959831619696819e-04
7.301914955025024483e+02 1.245080325657330501e-04 1.007012501905614618e-04
7.301919960030029415e+02 1.256769412011561236e-04 1.012059572135786821e-04
7.301924965035034347e+02 1.306475220400960858e-04 1.017101002052498733e-04
7.301929970040040416e+02 1.223598079018331866e-04 1.022136751080351681e-04
7.301934975045045348e+02 1.146677836701204739e-04 1.027166778319091425e-04
7.301939980050050281e+02 1.288462590070528447e-04 1.032191042547857420e-04
7.301944985055055213e+02 1.420565272650791148e-04 1.037209502217976525e-04
7.301949990060060145e+02 1.076414972457934854e-04 1.042222115451457866e-04
7.301954995065065077e+02 1.094979237072919693e-04 1.047228840038320544e-04
7.301960000070070009e+02 1.342202051179123461e-04 1.052229633433910235e-04
7.301965005075074941e+02 1.426453719895593548e-04 1.057224452756189500e-04
7.301970010080079874e+02 1.067081949926406006e-04 1.062213254783019012e-04
7.301975015085084806e+02 1.362951482840162054e-04 1.067195995949406662e-04
7.301980020090089738e+02 1.133803869211565883e-04 1.072172632344752874e-04
7.301985025095094670e+02 1.222335508989165118e-04 1.077143119710064747e-04
7.301990030100099602e+02 1.417822391376559856e-04 1.082107413435161796e-04
7.301995035105104535e+02 1.241514802037983268e-04 1.087065468555853637e-04
7.302000040110109467e+02 1.300355922199080392e-04 1.092017239751108591e-04
7.302005045115114399e+02 1.333502517487982018e-04 1.096962681340192617e-04
7.302010050120120468e+02 1.246800172584583671e-04 1.101901747280922925e-04
7.302015055125125400e+02 1.563959667740045568e-04 1.106834391162285513e-04
7.302020060130130332e+02 1.108128778167740314e-04 1.111760566208258875e-04
7.302025065135135264e+02 1.255576681699822786e-04 1.116680225270392504e-04
7.302030070140140197e+02 1.510678525463932998e-04 1.121593320825985698e-04
7.302035075145145129e+02 1.341287786540626284e-04 1.126499804975118209e-04
7.302040080150150061e+02 1.169876121774890497e-04 1.131399629437668681e-04
7.302045085155154993e+02 1.518447877691105150e-04 1.136292745550308159e-04
7.302050090160159925e+02 1.340305479335978159e-04 1.141179104263482347e-04
7.302055095165164857e+02 1.417838717080055640e-04 1.146058656138371239e-04
7.302060100170169790e+02 1.384106984788274276e-04 1.150931351343831527e-04
7.302065105175174722e+02 1.260141760341306350e-04 1.155797139653322076e-04
7.302070110180179654e+02 1.501488126700547990e-04 1.160655970441807716e-04
7.302075115185184586e+02 1.476634456507358497e-04 1.165507792682654088e-04
7.302080120190189518e+02 1.384115593524276437e-04 1.170352554944491312e-04
7.302085125195194450e+02 1.123946557766708487e-04 1.175190205388074009e-04
7.302090130200200520e+02 1.462912654281945594e-04 1.180020691764207896e-04
7.302095135205205452e+02 1.297091400394435434e-04 1.184843961406187611e-04
7.302100140210210384e+02 1.333898406545271976e-04 1.189659961233173870e-04
7.302105145215215316e+02 1.296314441863027629e-04 1.194468637742594563e-04
7.302110150220220248e+02 1.490607951819724730e-04 1.199269937008004132e-04
7.302115155225225180e+02 1.248141204223296886e-04 1.204063804675837066e-04
7.302120160230230113e+02 1.254371224973901326e-04 1.208850185962141737e-04
7.302125165235235045e+02 1.161809372221935324e-04 1.213629025649297171e-04
7.302130170240239977e+02 1.392014713694921153e-04 1.218400268082713543e-04
7.302135175245244909e+02 1.363908298134455105e-04 1.223163857167518589e-04
7.302140180250249841e+02 1.369939542538491919e-04 1.227919736365227750e-04
7.302145185255254773e+02 1.407189421025219071e-04 1.232667848690395475e-04
7.302150190260259706e+02 1.556916505845993605e-04 1.237408136707253382e-04
7.302155195265264638e+02 1.550677489965740432e-04 1.242140542526338663e-04
7.302160200270269570e+02 1.242867900833541101e-04 1.246865007801094564e-04
7.302165205275275639e+02 1.884200265135658808e-04 1.251581473725541524e-04
7.302170210280280571e+02 1.425149524220356589e-04 1.256289881026568763e-04
7.302175215285285503e+02 1.472184299471282595e-04 1.260990169966931019e-04
7.302180220290290436e+02 1.036569800610931787e-04 1.265682280337508431e-04
7.302185225295295368e+02 1.382937233860809072e-04 1.270366151454923188e-04
7.302190230300300300e+02 1.167908841489472910e-04 1.275041722158059242e-04
7.302195235305305232e+02 1.231780663748566391e-04 1.279708930804578765e-04
7.302200240310310164e+02 1.637973745088124207e-04 1.284367715267420451e-04
7.302205245315315096e+02 1.255578077481786915e-04 1.289018012931288050e-04
7.302210250320320029e+02 1.609276352617697553e-04 1.293659760689126444e-04
7.302215255325324961e+02 1.402545464174196146e-04 1.298292894938589859e-04
7.302220260330329893e+02 1.414461286084457388e-04 1.302917351578493810e-04
7.302225265335334825e+02 1.280150732767859113e-04 1.307533066005259464e-04
7.302230270340339757e+02 1.417472346643650983e-04 1.312139973109351489e-04
7.302235275345344689e+02 1.144296295032762458e-04 1.316738007271698837e-04
7.302240280350349622e+02 1.377455057117323272e-04 1.321327102360116601e-04
7.302245285355355691e+02 1.377442715021335207e-04 1.325907191726747301e-04
7.302250290360360623e+02 1.312950023987040880e-04 1.330478208200307211e-04
7.302255295365365555e+02 1.196272157399061085e-04 1.335040084088719072e-04
7.302260300370370487e+02 1.499783189863219143e-04 1.339592751171334571e-04
7.302265305375375419e+02 1.215423984147040426e-04 1.344136140696356374e-04
7.302270310380380351e+02 1.590275247841580581e-04 1.348670183377214998e-04
7.302275315385385284e+02 1.194940833024370154e-04 1.353194809388934294e-04
7.302280320390390216e+02 1.244006450917568558e-04 1.357709948364502889e-04
7.302285325395395148e+02 1.459111715641527019e-04 1.362215529391231001e-04
7.302290330400400080e+02 1.333626075253737460e-04 1.366711481007113751e-04
7.302295335405405012e+02 1.572391530491775965e-04 1.371197731197185805e-04
7.302300340410409945e+02 1.628976290194423366e-04 1.375674207389880621e-04
7.302305345415414877e+02 1.370581639767210510e-04 1.380140836453382655e-04
7.302310350420419809e+02 1.700732424638377947e-04 1.384597544691985253e-04
7.302315355425424741e+02 1.206187596050580017e-04 1.389044257842446373e-04
7.302320360430430810e+02 1.510457171235398733e-04 1.393480901071355064e-04
7.302325365435435742e+02 1.495112968058354825e-04 1.397907398967463712e-04
7.302330370440440674e+02 1.408469616174210263e-04 1.402323675544100122e-04
7.302335375445445607e+02 1.597432836054290498e-04 1.406729654231503291e-04
7.302340380450450539e+02 1.582609701367189165e-04 1.411125257874211024e-04
7.302345385455455471e+02 1.548096608979420330e-04 1.415510408727438157e-04
7.302350390460460403e+02 1.329929733120738310e-04 1.419885028453470499e-04
7.302355395465465335e+02 1.380931555930575835e-04 1.424249038118060673e-04
7.302360400470470267e+02 1.509723478992471479e-04 1.428602358186838324e-04
7.302365405475475200e+02 1.679252630005371495e-04 1.432944908521729542e-04
7.302370410480480132e+02 1.865142157283510189e-04 1.437276608377389291e-04
7.302375415485485064e+02 1.570668383295967447e-04 1.441597376397645231e-04
7.302380420490489996e+02 1.600487561345903618e-04 1.445907130611958876e-04
7.302385425495494928e+02 1.647338974377917200e-04 1.450205788431898420e-04
7.302390430500499860e+02 1.339462936737736076e-04 1.454493266647636758e-04
7.302395435505504793e+02 1.527148231600106696e-04 1.458769481424457379e-04
7.302400440510510862e+02 1.444351132431970957e-04 1.463034348300256630e-04
7.302405445515515794e+02 1.270592065447750756e-04 1.467287782178220204e-04
7.302410450520520726e+02 1.439891539372508246e-04 1.471529697329217060e-04
7.302415455525525658e+02 1.823499952528228349e-04 1.475760007384515477e-04
7.302420460530530590e+02 1.594889045371711864e-04 1.479978625333381009e-04
7.302425465535535523e+02 1.286840982045631642e-04 1.484185463519731177e-04
7.302430470540540455e+02 1.161281576291821511e-04 1.488380433638814557e-04
7.302435475545545387e+02 1.184988708667498238e-04 1.492563446733927547e-04
7.302440480550550319e+02 1.341120760569637930e-04 1.496734413193156338e-04
7.302445485555555251e+02 1.506894946382971389e-04 1.500893242746159271e-04
7.302450490560560183e+02 1.444698346794779211e-04 1.505039844460982269e-04
7.302455495565565116e+02 1.213786232160989553e-04 1.509174126740913833e-04
7.302460500570570048e+02 1.272168454889832515e-04 1.513295997321378536e-04
7.302465505575574980e+02 1.476276105138950550e-04 1.517405363266874688e-04
7.302470510580579912e+02 1.147220869574044156e-04 1.521502130967951317e-04
7.302475515585584844e+02 1.394347032126418378e-04 1.525586206138241242e-04
7.302480520590590913e+02 1.601328274497830940e-04 1.529657493812452594e-04
7.302485525595595846e+02 1.127129765150803464e-04 1.533715898339804240e-04
7.302490530600600778e+02 1.502715730857413225e-04 1.537761323386746591e-04
7.302495535605605710e+02 1.560279980022836945e-04 1.541793671930500025e-04
7.302500540610610642e+02 1.419687489836642807e-04 1.545812846257268124e-04
7.302505545615615574e+02 1.359118734297756423e-04 1.549818747959589237e-04
7.302510550620620506e+02 1.426007645887003464e-04 1.553811277933751474e-04
7.302515555625625439e+02 1.536626271819398399e-04 1.557790336377273290e-04
7.302520560630630371e+02 1.468146989346805252e-04 1.561755822786446951e-04
7.302525565635635303e+02 1.364044575155324483e-04 1.565707635953958714e-04
7.302530570640640235e+02 1.653327344538906582e-04 1.569645673966580020e-04
7.302535575645645167e+02 1.409531248353133415e-04 1.573569834202933216e-04
7.302540580650650099e+02 1.343683576584610870e-04 1.577480013331337798e-04
7.302545585655655032e+02 1.158935501776786533e-04 1.581376107307743101e-04
7.302550590660659964e+02 1.331320762835299743e-04 1.585258011373736351e-04
7.302555595665666033e+02 1.687557412334912319e-04 1.589125620055527853e-04
7.302560600670670965e+02 1.648803585339662491e-04 1.592978827158629453e-04
7.302565605675675897e+02 1.668498895424151522e-04 1.596817525771419670e-04
7.302570610680680829e+02 1.468831868172785484e-04 1.600641608260011618e-04
7.302575615685685761e+02 1.453895460941187099e-04 1.604450966267623364e-04
7.302580620690690694e+02 1.597885021920794071e-04 1.608245490713175235e-04
7.302585625695695626e+02 1.114209483443286445e-04 1.612025071789992845e-04
7.302590630700700558e+02 1.449533361112331580e-04 1.615789598964627750e-04
7.302595635705705490e+02 1.793221507957052296e-04 1.619538960975787346e-04
7.302600640710710422e+02 1.646124463808890006e-04 1.623273045833398113e-04
7.302605645715715355e+02 1.423598309687086887e-04 1.626991740817780000e-04
7.302610650720720287e+02 1.461327352965020063e-04 1.630694932478958493e-04
7.302615655725725219e+02 1.690047710466590259e-04 1.634382506636109509e-04
7.302620660730730151e+02 1.388451117487793818e-04 1.638054348377137638e-04
7.302625665735735083e+02 1.533074472112944326e-04 1.641710342058400485e-04
7.302630670740740015e+02 1.313596799503628874e-04 1.645350371304578026e-04
7.302635675745746084e+02 1.483780818503601837e-04 1.648974319009513404e-04
7.302640680750751017e+02 1.391783138341271713e-04 1.652582067333103978e-04
7.302645685755755949e+02 1.292017218739871932e-04 1.656173497706574889e-04
7.302650690760760881e+02 1.745437252541279520e-04 1.659748490829688586e-04
7.302655695765765813e+02 1.525722766660784363e-04 1.663306926672242388e-04
7.302660700770770745e+02 1.409829855971914527e-04 1.666848684474923643e-04
7.302665705775775677e+02 1.478599523238173204e-04 1.670373642750335927e-04
7.302670710780780610e+02 1.683249393352707771e-04 1.673881679284225550e-04
7.302675715785785542e+02 1.917157085860780408e-04 1.677372671136887763e-04
7.302680720790790474e+02 1.640885923110003281e-04 1.680846494644781407e-04
7.302685725795795406e+02 1.691112810556658563e-04 1.684303025422338989e-04
7.302690730800800338e+02 1.299727594101057445e-04 1.687742138363996852e-04
7.302695735805805271e+02 1.682488043177536683e-04 1.691163707646429711e-04
7.302700740810810203e+02 1.434305435398949239e-04 1.694567606731017491e-04
7.302705745815815135e+02 1.532183532486670484e-04 1.697953708366536311e-04
7.302710750820821204e+02 1.675457084987883201e-04 1.701321884592846669e-04
7.302715755825826136e+02 1.617226086890966518e-04 1.704672006741006745e-04
7.302720760830831068e+02 1.791419762709359849e-04 1.708003945441280858e-04
7.302725765835836000e+02 1.756984147763763419e-04 1.711317570623745263e-04
7.302730770840840933e+02 1.551553679220076399e-04 1.714612751522991694e-04
7.302735775845845865e+02 1.909637448119487642e-04 1.717889356682331895e-04
7.302740780850850797e+02 1.673292578949862061e-04 1.721147253958278634e-04
7.302745785855855729e+02 1.556188885673065935e-04 1.724386310525312393e-04
7.302750790860860661e+02 1.557534922620326884e-04 1.727606392880939173e-04
7.302755795865865593e+02 1.385366412606627647e-04 1.730807366851050519e-04
7.302760800870870526e+02 1.476923450226534814e-04 1.733989097595584950e-04
7.302765805875875458e+02 1.693794236542100129e-04 1.737151449614516825e-04
7.302770810880880390e+02 1.868340678550892305e-04 1.740294286754157451e-04
7.302775815885885322e+02 1.892010294574728447e-04 1.743417472213797993e-04
7.302780820890890254e+02 1.512201625985548517e-04 1.746520868552687937e-04
7.302785825895895186e+02 1.451232709841149618e-04 1.749604337697366200e-04
7.302790830900901256e+02 1.807205259974551911e-04 1.752667740950046885e-04
7.302795835905906188e+02 1.898347537407064857e-04 1.755710938993897184e-04
7.302800840910911120e+02 1.285634184023964107e-04 1.758733791905646372e-04
7.302805845915916052e+02 1.669191935010969465e-04 1.761736159161625089e-04
7.302810850920920984e+02 1.633645184545137123e-04 1.764717899647679552e-04
7.302815855925925916e+02 1.510485878798695485e-04 1.767678871668796833e-04
7.302820860930930849e+02 1.669419414343757820e-04 1.770618932959151890e-04
7.302825865935935781e+02 1.585745962357511230e-04 1.773537940692571199e-04
7.302830870940940713e+02 1.542719513870747128e-04 1.776435751493441731e-04
7.302835875945945645e+02 1.463033094363800550e-04 1.779312221448064708e-04
7.302840880950950577e+02 1.655820992405869680e-04 1.782167206116466642e-04
7.302845885955955509e+02 1.488224472193277114e-04 1.785000560544679812e-04
7.302850890960960442e+02 1.607030848284629620e-04 1.787812139277506580e-04
7.302855895965965374e+02 1.371199736781077583e-04 1.790601796371768886e-04
7.302860900970970306e+02 1.602395751839183794e-04 1.793369385410068938e-04
7.302865905975975238e+02 1.543089772830667013e-04 1.796114759515056772e-04
7.302870910980981307e+02 1.560832935720379659e-04 1.798837771364845170e-04
7.302875915985986239e+02 1.486286070689772415e-04 1.801538273205880217e-04
7.302880920990991171e+02 1.547656236256136463e-04 1.804216116872535555e-04
7.302885925995996104e+02 1.356940049437735320e-04 1.806871153801088551e-04
7.302890931001001036e+02 1.834584483126545007e-04 1.809503235047367866e-04
7.302895936006005968e+02 1.891614992164739864e-04 1.812112211304367938e-04
7.302900941011010900e+02 1.830949833062682161e-04 1.814697932920473339e-04
7.302905946016015832e+02 1.558178509466019354e-04 1.817260249918286219e-04
7.302910951021020765e+02 1.913371010104132240e-04 1.819799012014094509e-04
7.302915956026025697e+02 1.580230120554725341e-04 1.822314068637975195e-04
7.302920961031030629e+02 2.137188520436274144e-04 1.824805268954554898e-04
7.302925966036035561e+02 1.832006681845107674e-04 1.827272461884445632e-04
7.302930971041040493e+02 1.616575604360437107e-04 1.829715496126357920e-04
7.302935976046045425e+02 1.953009540390318610e-04 1.832134220179918642e-04
7.302940981051050358e+02 1.721530733033251102e-04 1.834528482369197954e-04
7.302945986056056427e+02 1.468305132113227249e-04 1.836898130867504445e-04
7.302950991061061359e+02 1.686225549787362789e-04 1.839243013720237140e-04
7.302955996066066291e+02 1.965758268573618436e-04 1.841562978873875170e-04
7.302961001071071223e+02 1.312737690916084075e-04 1.843857874200350905e-04
7.302966006076076155e+02 1.796586380598828359e-04 1.846127547524915847e-04
7.302971011081081087e+02 1.626030376223885638e-04 1.848371846654265379e-04
7.302976016086086020e+02 1.545890641021878929e-04 1.850590619405489403e-04
7.302981021091090952e+02 2.173252889287995431e-04 1.852783713635858351e-04
7.302986026096095884e+02 1.795423207017238134e-04 1.854950977273457592e-04
7.302991031101100816e+02 1.721277672865848278e-04 1.857092258348701935e-04
7.302996036106105748e+02 1.684377758397320453e-04 1.859207405026726441e-04
7.303001041111110681e+02 1.660475084625653505e-04 1.861296265640683626e-04
7.303006046116115613e+02 1.783220024869140404e-04 1.863358688725961696e-04
7.303011051121120545e+02 1.752247035708399362e-04 1.865394523055337902e-04
7.303016056126125477e+02 1.711623874408922067e-04 1.867403617675085731e-04
7.303021061131130409e+02 1.990494307543762579e-04 1.869385821942054341e-04
7.303026066136136478e+02 1.597715147412936824e-04 1.871340985562173467e-04
7.303031071141141410e+02 1.681973940079090383e-04 1.873268958627760542e-04
7.303036076146146343e+02 1.512594532397719632e-04 1.875169591660276751e-04
7.303041081151151275e+02 1.682002311099121820e-04 1.877042735649686015e-04
7.303046086156156207e+02 1.640328024225929618e-04 1.878888242097096113e-04
7.303051091161161139e+02 2.053828307325307456e-04 1.880705963058032721e-04
7.303056096166166071e+02 1.688056458040180445e-04 1.882495751186806314e-04
7.303061101171171003e+02 1.783868751342188854e-04 1.884257459781996081e-04
7.303066106176175936e+02 1.960093627368104507e-04 1.885990942833058411e-04
7.303071111181180868e+02 1.787199197471871649e-04 1.887696055068088178e-04
7.303076116186185800e+02 1.562025094378182441e-04 1.889372652002749048e-04
7.303081121191190732e+02 1.419102509210365274e-04 1.891020589990384494e-04
7.303086126196195664e+02 1.806479196493905018e-04 1.892639726273333354e-04
7.303091131201200596e+02 2.152116215172382115e-04 1.894229919035468374e-04
7.303096136206205529e+02 1.776019611859580246e-04 1.895791027455977240e-04
7.303101141211211598e+02 1.810848511698697513e-04 1.897322911764736308e-04
7.303106146216216530e+02 1.687295502345729419e-04 1.898825433297241709e-04
7.303111151221221462e+02 1.356191413296964712e-04 1.900298454554297115e-04
7.303116156226226394e+02 2.083489862830120395e-04 1.901741839259536357e-04
7.303121161231231326e+02 1.729461792510578926e-04 1.903155452420014879e-04
7.303126166236236259e+02 1.485323895011585063e-04 1.904539160387804615e-04
7.303131171241241191e+02 1.816006140033812020e-04 1.905892830922949275e-04
7.303136176246246123e+02 1.319016160980761168e-04 1.907216333257801444e-04
7.303141181251251055e+02 1.504638406024135357e-04 1.908509538162758842e-04
7.303146186256255987e+02 1.884086482134347948e-04 1.909772318013418723e-04
7.303151191261260919e+02 1.727798752991955579e-04 1.911004546859154207e-04
7.303156196266265852e+02 1.826589961895179600e-04 1.912206100493155092e-04
7.303161201271270784e+02 1.923164271677967334e-04 1.913376856523918521e-04
7.303166206276275716e+02 1.895563944736890509e-04 1.914516694448226901e-04
7.303171211281280648e+02 2.155111340752064396e-04 1.915625495725621207e-04
7.303176216286285580e+02 2.102252879347179528e-04 1.916703143854381331e-04
7.303181221291291649e+02 1.832655989326956495e-04 1.917749524449274216e-04
7.303186226296296581e+02 1.299528164598353871e-04 1.918764525319650296e-04
7.303191231301301514e+02 1.615407621100880381e-04 1.919748036551475589e-04
7.303196236306306446e+02 1.674293757183655982e-04 1.920699950588541146e-04
7.303201241311311378e+02 1.896653265355795757e-04 1.921620162316449150e-04
7.303206246316316310e+02 1.808233576633943847e-04 1.922508569147952635e-04
7.303211251321321242e+02 1.560175374795751634e-04 1.923365071109896577e-04
7.303216256326326175e+02 2.143044502540831901e-04 1.924189570931770913e-04
7.303221261331331107e+02 2.328665998615913376e-04 1.924981974135894216e-04
7.303226266336336039e+02 1.700277207144738900e-04 1.925742189129219862e-04
7.303231271341340971e+02 1.672606734021278097e-04 1.926470127296799409e-04
7.303236276346345903e+02 2.167705132088002993e-04 1.927165703096881224e-04
7.303241281351350835e+02 1.769870931875515928e-04 1.927828834157678506e-04
7.303246286356355768e+02 1.874010392579453818e-04 1.928459441375795060e-04
7.303251291361360700e+02 1.563575672902078992e-04 1.929057449016321276e-04
7.303256296366365632e+02 2.205898773109855079e-04 1.929622784814606564e-04
7.303261301371371701e+02 1.839466675708831115e-04 1.930155380079821804e-04
7.303266306376376633e+02 1.800532283467284943e-04 1.930655169799611146e-04
7.303271311381381565e+02 1.530034152941845923e-04 1.931122092747623181e-04
7.303276316386386497e+02 1.776719877015282725e-04 1.931556091591508592e-04
7.303281321391391430e+02 1.838023685036109533e-04 1.931957113003211974e-04
7.303286326396396362e+02 1.829183095944688351e-04 1.932325107770814065e-04
7.303291331401401294e+02 1.686491509770830669e-04 1.932660030912047714e-04
7.303296336406406226e+02 2.071195162495423760e-04 1.932961841789487042e-04
7.303301341411411158e+02 1.869212796114914801e-04 1.933230504227386219e-04
7.303306346416416091e+02 2.044945864343313772e-04 1.933465986630183303e-04
7.303311351421421023e+02 1.802862175282262140e-04 1.933668262102639600e-04
7.303316356426425955e+02 1.573751022249113057e-04 1.933837308571614269e-04
7.303321361431430887e+02 1.762589660959574026e-04 1.933973108909456558e-04
7.303326366436435819e+02 1.728443082043454142e-04 1.934075651059005642e-04
7.303331371441440751e+02 1.625993004677527627e-04 1.934144928160171767e-04
7.303336376446446820e+02 1.756434544113285375e-04 1.934180938678099250e-04
7.303341381451451753e+02 1.857967088173799344e-04 1.934183686532841119e-04
7.303346386456456685e+02 2.044408469229685380e-04 1.934153181230642180e-04
7.303351391461461617e+02 2.264834298320294865e-04 1.934089437996628822e-04
7.303356396466466549e+02 1.977596678954194871e-04 1.933992477909032978e-04
7.303361401471471481e+02 2.216709994484643211e-04 1.933862328034845332e-04
7.303366406476476413e+02 1.659583138843604376e-04 1.933699021566890187e-04
7.303371411481481346e+02 1.845712630843072066e-04 1.933502597962280523e-04
7.303376416486486278e+02 1.912790888947433284e-04 1.933273103082220983e-04
7.303381421491491210e+02 1.850417662274960221e-04 1.933010589333120587e-04
7.303386426496496142e+02 2.115574211264037354e-04 1.932715115808975037e-04
7.303391431501501074e+02 2.388967519472098182e-04 1.932386748434973902e-04
7.303396436506506006e+02 1.654256719594705653e-04 1.932025560112282810e-04
7.303401441511510939e+02 1.770792804399751598e-04 1.931631630863967300e-04
7.303406446516515871e+02 1.690686114909428707e-04 1.931205047981984346e-04
7.303411451521520803e+02 1.376898014939776618e-04 1.930745906175207124e-04
7.303416456526526872e+02 2.075872617360797123e-04 1.930254307718297629e-04
7.303421461531531804e+02 2.245973031172635124e-04 1.929730362602060300e-04
7.303426466536536736e+02 2.403221760612633405e-04 1.929174188683509435e-04
7.303431471541541669e+02 1.877151338987754776e-04 1.928585911837833939e-04
7.303436476546546601e+02 1.930049714919727347e-04 1.927965666110509812e-04
7.303441481551551533e+02 2.197371715340377203e-04 1.927313593870168046e-04
7.303446486556556465e+02 1.367776127605514823e-04 1.926629845962013834e-04
7.303451491561561397e+02 1.528359653054083434e-04 1.925914581861726098e-04
7.303456496566566329e+02 1.806969459990191837e-04 1.925167969829755981e-04
7.303461501571571262e+02 1.704019763039981328e-04 1.924390187065931374e-04
7.303466506576576194e+02 2.033499023290967977e-04 1.923581419864284507e-04
7.303471511581581126e+02 2.072126117799875033e-04 1.922741863768000431e-04
7.303476516586586058e+02 1.654693340298115528e-04 1.921871723724398028e-04
7.303481521591590990e+02 1.997721003809236771e-04 1.920971214239836750e-04
7.303486526596595922e+02 1.547669662597532558e-04 1.920040559534444738e-04
7.303491531601601991e+02 1.646456713525663602e-04 1.919079993696340620e-04
7.303496536606606924e+02 1.843236702635690295e-04 1.918089760836557594e-04
7.303501541611611856e+02 1.724447058517628939e-04 1.917070115241261352e-04
7.303506546616616788e+02 2.038226504733923409e-04 1.916021321525513256e-04
7.303511551621621720e+02 1.882324629906882241e-04 1.914943654785190917e-04
7.303516556626626652e+02 2.189473321977876050e-04 1.913837400748233852e-04
7.303521561631631585e+02 1.766332166829019960e-04 1.912702855924876776e-04
7.303526566636636517e+02 1.851123838618058389e-04 1.911540327756724956e-04
7.303531571641641449e+02 2.111370392584322202e-04 1.910350134764533954e-04
7.303536576646646381e+02 2.154800577579720606e-04 1.909132606694554691e-04
7.303541581651651313e+02 1.823940319937424016e-04 1.907888084663293953e-04
7.303546586656656245e+02 1.779524347244257484e-04 1.906616921300533125e-04
7.303551591661661178e+02 2.203234744595488769e-04 1.905319480890463129e-04
7.303556596666666110e+02 2.168936598809740397e-04 1.903996139510757740e-04
7.303561601671671042e+02 2.168996705410719116e-04 1.902647285169445444e-04
7.303566606676675974e+02 2.049341011161050316e-04 1.901273317939387365e-04
7.303571611681682043e+02 1.860863533461334604e-04 1.899874650089893990e-04
7.303576616686686975e+02 1.993467921683800856e-04 1.898451706217206189e-04
7.303581621691691907e+02 1.835571643276256624e-04 1.897004923368894949e-04
7.303586626696696840e+02 2.011378493211631719e-04 1.895534751168342956e-04
7.303591631701701772e+02 2.283986520330232679e-04 1.894041651934383601e-04
7.303596636706706704e+02 1.901198096371236343e-04 1.892526100797789284e-04
7.303601641711711636e+02 2.430081889113905064e-04 1.890988585814117615e-04
7.303606646716716568e+02 2.068220568654106071e-04 1.889429608072710326e-04
7.303611651721721501e+02 2.065579932355974277e-04 1.887849681801654885e-04
7.303616656726726433e+02 1.834466892900217939e-04 1.886249334468500637e-04
7.303621661731731365e+02 1.876948352081796579e-04 1.884629106876533797e-04
7.303626666736736297e+02 1.873818822649983096e-04 1.882989553256403099e-04
7.303631671741741229e+02 1.944479834129322134e-04 1.881331241352884431e-04
7.303636676746746161e+02 2.025112667735802768e-04 1.879654752506579535e-04
7.303641681751751094e+02 1.848779337460000204e-04 1.877960681730335727e-04
7.303646686756756026e+02 2.187239903277532743e-04 1.876249637780166000e-04
7.303651691761762095e+02 2.003479895219201028e-04 1.874522243220066151e-04
7.303656696766767027e+02 2.205106872493869171e-04 1.872779134482875120e-04
7.303661701771771959e+02 2.077957181839079452e-04 1.871020961921055219e-04
7.303666706776776891e+02 2.174624264410656186e-04 1.869248389855030206e-04
7.303671711781781823e+02 2.118315172876430574e-04 1.867462096612979841e-04
7.303676716786786756e+02 1.993222444956242268e-04 1.865662774564217860e-04
7.303681721791791688e+02 2.052313807965071746e-04 1.863851130145543242e-04
7.303686726796796620e+02 1.697389549727895198e-04 1.862027883880343034e-04
7.303691731801801552e+02 1.815380332752471908e-04 1.860193770390228284e-04
7.303696736806806484e+02 1.896909330857013236e-04 1.858349538398978637e-04
7.303701741811811416e+02 1.734452408419793524e-04 1.856495950728587706e-04
7.303706746816816349e+02 1.898499638652954846e-04 1.854633784287179914e-04
7.303711751821821281e+02 1.955054133246850580e-04 1.852763830048593065e-04
7.303716756826826213e+02 1.724622002372566698e-04 1.850886893023408468e-04
7.303721761831831145e+02 2.331690930062136008e-04 1.849003792221223677e-04
7.303726766836837214e+02 2.107934413351062364e-04 1.847115360603522767e-04
7.303731771841842146e+02 2.033229659327433800e-04 1.845222445029524232e-04
7.303736776846847079e+02 1.650119877242739897e-04 1.843325906188363051e-04
7.303741781851852011e+02 1.922873778213510525e-04 1.841426618525992967e-04
7.303746786856856943e+02 1.778242019628170048e-04 1.839525470160182329e-04
7.303751791861861875e+02 1.815625354367090974e-04 1.837623362785992254e-04
7.303756796866866807e+02 2.068629597998934656e-04 1.835721211571122394e-04
7.303761801871871739e+02 2.187556387656695920e-04 1.833819945040951894e-04
7.303766806876876672e+02 2.390446414303665549e-04 1.831920504953106141e-04
7.303771811881881604e+02 2.262275945029244969e-04 1.830023846161380721e-04
7.303776816886886536e+02 2.022523186371884534e-04 1.828130936468875666e-04
7.303781821891891468e+02 2.250291466973185076e-04 1.826242756470184943e-04
7.303786826896896400e+02 1.671455514521370464e-04 1.824360299382504053e-04
7.303791831901901332e+02 2.184899265040249642e-04 1.822484570865522634e-04
7.303796836906906265e+02 2.392844881338926084e-04 1.820616588829984987e-04
7.303801841911911197e+02 2.316219472894688147e-04 1.818757383234792752e-04
7.303806846916917266e+02 2.289298006007199453e-04 1.816907995872145312e-04
7.303811851921922198e+02 2.186810620397141344e-04 1.815069480143124850e-04
7.303816856926927130e+02 1.896013591800401919e-04 1.813242900817361254e-04
7.303821861931932062e+02 1.992868244098972984e-04 1.811429333785095409e-04
7.303826866936936995e+02 2.040631131771901820e-04 1.809629865795290974e-04
7.303831871941941927e+02 2.093699571438301435e-04 1.807845594182254975e-04
7.303836876946946859e+02 2.219151284317025480e-04 1.806077626580331085e-04
7.303841881951951791e+02 1.856608247296954333e-04 1.804327080626624673e-04
7.303846886956956723e+02 2.165587797497414691e-04 1.802595083651770992e-04
7.303851891961961655e+02 1.855272392554390564e-04 1.800882772358739750e-04
7.303856896966966588e+02 2.459315145209887629e-04 1.799191292489703959e-04
7.303861901971971520e+02 2.015708196321756439e-04 1.797521798481001266e-04
7.303866906976976452e+02 2.277033372917149285e-04 1.795875453106250111e-04
7.303871911981981384e+02 2.215021364710939144e-04 1.794253427107671110e-04
7.303876916986986316e+02 1.783110041272644830e-04 1.792656898815709905e-04
7.303881921991991248e+02 2.108778234540897129e-04 1.791087053757044135e-04
7.303886926996997317e+02 2.133973228317735649e-04 1.789545084250755268e-04
7.303891932002002250e+02 2.004389301947496983e-04 1.788032188994873246e-04
7.303896937007007182e+02 2.363965458812889743e-04 1.786549572638207700e-04
7.303901942012012114e+02 2.196011289385072104e-04 1.785098445344632310e-04
7.303906947017017046e+02 2.051083887111940804e-04 1.783680022344737929e-04
7.303911952022021978e+02 1.937580555976919612e-04 1.782295523477157059e-04
7.303916957027026911e+02 1.870733469649797534e-04 1.780946172719433910e-04
7.303921962032031843e+02 2.065559415567288549e-04 1.779633197708662838e-04
7.303926967037036775e+02 2.013221195407578616e-04 1.778357829252147793e-04
7.303931972042041707e+02 2.173773303249098296e-04 1.777121300828358964e-04
7.303936977047046639e+02 2.318133209624570902e-04 1.775924848078455241e-04
7.303941982052051571e+02 1.935080717753711872e-04 1.774769708288693147e-04
7.303946987057056504e+02 1.730347752218899067e-04 1.773657119864030149e-04
7.303951992062061436e+02 2.081526276464229215e-04 1.772588321793265229e-04
7.303956997067066368e+02 2.055286402126240320e-04 1.771564553106071247e-04
7.303962002072072437e+02 2.197137762172298846e-04 1.770587052322072517e-04
7.303967007077077369e+02 1.867843492188822521e-04 1.769657056893667350e-04
7.303972012082082301e+02 2.039037681170809970e-04 1.768775802639695584e-04
7.303977017087087233e+02 1.875530849137700511e-04 1.767944523174817296e-04
7.303982022092092166e+02 2.046139971984599836e-04 1.767164449331673156e-04
7.303987027097097098e+02 2.119021750153703924e-04 1.766436808577644102e-04
7.303992032102102030e+02 1.924166599753282351e-04 1.765762824426437205e-04
7.303997037107106962e+02 2.145441127515839732e-04 1.765143715844988859e-04
7.304002042112111894e+02 2.565715351371578739e-04 1.764580696656178351e-04
7.304007047117116826e+02 1.957029152526077972e-04 1.764074974937856490e-04
7.304012052122121759e+02 2.168461019580971609e-04 1.763627752418718401e-04
7.304017057127126691e+02 2.422260943524866066e-04 1.763240223871546312e-04
7.304022062132131623e+02 2.502754926960776196e-04 1.762913576504378265e-04
7.304027067137136555e+02 2.302520666147116755e-04 1.762648989350144846e-04
7.304032072142141487e+02 2.164626619845979455e-04 1.762447632655357512e-04
7.304037077147146420e+02 2.065708188027231022e-04 1.762310667268411212e-04
7.304042082152152489e+02 2.213023391393081516e-04 1.762239244028080808e-04
7.304047087157157421e+02 2.150892432196841527e-04 1.762234503152876460e-04
7.304052092162162353e+02 1.924151784623653351e-04 1.762297573631639873e-04
7.304057097167167285e+02 2.045291469086712153e-04 1.762429572616325756e-04
7.304062102172172217e+02 1.885215636012143973e-04 1.762631604817281833e-04
7.304067107177177149e+02 2.008403600944908549e-04 1.762904761901784969e-04
7.304072112182182082e+02 1.943215535852710059e-04 1.763250121896409151e-04
7.304077117187187014e+02 2.294608986382927821e-04 1.763668748593865256e-04
7.304082122192191946e+02 2.678077419992819013e-04 1.764161690964915694e-04
7.304087127197196878e+02 1.558516877523417670e-04 1.764729982575993588e-04
7.304092132202201810e+02 2.075822936524625273e-04 1.765374641013147186e-04
7.304097137207206742e+02 1.571927023949156225e-04 1.766096667312920727e-04
7.304102142212211675e+02 2.353739039872540691e-04 1.766897045400794906e-04
7.304107147217216607e+02 2.496179589433489819e-04 1.767776741537791928e-04
7.304112152222221539e+02 1.849142885106546015e-04 1.768736703775852022e-04
7.304117157227227608e+02 1.859328230370028707e-04 1.769777861422830358e-04
7.304122162232232540e+02 1.865771629553108113e-04 1.770901124516242658e-04
7.304127167237237472e+02 1.929723753924703859e-04 1.772107383309949136e-04
7.304132172242242405e+02 1.889451426100490557e-04 1.773397507769605295e-04
7.304137177247247337e+02 1.921049932298262005e-04 1.774772347080962964e-04
7.304142182252252269e+02 2.083163692520047618e-04 1.776232729170172360e-04
7.304147187257257201e+02 1.869262099151204615e-04 1.777779460236874763e-04
7.304152192262262133e+02 1.646964709827046427e-04 1.779413324300588046e-04
7.304157197267267065e+02 1.759987809842421388e-04 1.781135082760916327e-04
7.304162202272271998e+02 1.844703118107870977e-04 1.782945473972073530e-04
7.304167207277276930e+02 1.682465851168386220e-04 1.784845212832193294e-04
7.304172212282281862e+02 1.666159813884898993e-04 1.786834990387904719e-04
7.304177217287286794e+02 1.633760031710312975e-04 1.788915473454600854e-04
7.304182222292291726e+02 1.721551923315963492e-04 1.791087304252839574e-04
7.304187227297296658e+02 1.640412194389110224e-04 1.793351100061270950e-04
7.304192232302301591e+02 1.414783657954481611e-04 1.795707452886489822e-04
7.304197237307307660e+02 1.810709058460793254e-04 1.798156929150730558e-04
7.304202242312312592e+02 1.977471243894551867e-04 1.800700069394376877e-04
7.304207247317317524e+02 1.899782491253305700e-04 1.803337388001993724e-04
7.304212252322322456e+02 2.097652119093604696e-04 1.806069372941065986e-04
7.304217257327327388e+02 1.723742153751190928e-04 1.808896485521990826e-04
7.304222262332332321e+02 2.094725849091880763e-04 1.811819160176288677e-04
7.304227267337337253e+02 1.589801844657738996e-04 1.814837804253800247e-04
7.304232272342342185e+02 1.680378623575404153e-04 1.817952797839063057e-04
7.304237277347347117e+02 1.441758621229035243e-04 1.821164493587049116e-04
7.304242282352352049e+02 1.589135625976690822e-04 1.824473216578406860e-04
7.304247287357356981e+02 1.538912581618398002e-04 1.827879264194321991e-04
7.304252292362361914e+02 1.265588801896577894e-04 1.831382906011114870e-04
7.304257297367366846e+02 1.887947586449411881e-04 1.834984383714613476e-04
7.304262302372371778e+02 1.344451882318006613e-04 1.838683911034376763e-04
7.304267307377376710e+02 1.324797261203442076e-04 1.842481673697760535e-04
7.304272312382381642e+02 1.368662424637863808e-04 1.846377829403834524e-04
7.304277317387387711e+02 1.016400520201833906e-04 1.850372507818019924e-04
7.304282322392392643e+02 1.146280373650302603e-04 1.854465810581913351e-04
7.304287327397397576e+02 1.280090737247417795e-04 1.858657811351858416e-04
7.304292332402402508e+02 8.289740110578313898e-05 1.862948555848028642e-04
7.304297337407407440e+02 9.004128875943540381e-05 1.867338061927412162e-04
7.304302342412412372e+02 1.005142964086968020e-04 1.871826319675165236e-04
7.304307347417417304e+02 8.106602202797308647e-05 1.876413291515019270e-04
7.304312352422422236e+02 7.214148240387296420e-05 1.881098912338551325e-04
7.304317357427427169e+02 7.121203620992979798e-05 1.885883089653073901e-04
7.304322362432432101e+02 8.122878651822105123e-05 1.890765703747887853e-04
7.304327367437437033e+02 6.958588629482037710e-05 1.895746607878631186e-04
7.304332372442441965e+02 4.913255260032498570e-05 1.900825628469408760e-04
7.304337377447446897e+02 5.101938942281787951e-05 1.906002565332393919e-04
7.304342382452451830e+02 2.995436507990657761e-05 1.911277191904557529e-04
7.304347387457456762e+02 4.514003476132516409e-05 1.916649255501164746e-04
7.304352392462462831e+02 2.588698024852508758e-05 1.922118477586915006e-04
7.304357397467467763e+02 1.784930546706402549e-05 1.927684554056831702e-04
7.304362402472472695e+02 2.750904849943350408e-05 1.933347155545171172e-04
7.304367407477477627e+02 2.978639594480386271e-05 1.939105927737093957e-04
7.304372412482482559e+02 2.389659190035612726e-05 1.944960491701209397e-04
7.304377417487487492e+02 2.850180772875675754e-05 1.950910444235144203e-04
7.304382422492492424e+02 3.435254631919748759e-05 1.956955358224886626e-04
7.304387427497497356e+02 5.583675802795542683e-05 1.963094783017424851e-04
7.304392432502502288e+02 7.448340391977842779e-05 1.969328244806179242e-04
7.304397437507507220e+02 5.910125292399520598e-05 1.975655247028728354e-04
7.304402442512512152e+02 9.255303642214399379e-05 1.982075270776313995e-04
7.304407447517517085e+02 6.116487983406823084e-05 1.988587775214591894e-04
7.304412452522522017e+02 9.813775747000621900e-05 1.995192198015110835e-04
7.304417457527526949e+02 9.362917007309851569e-05 2.001887955796968093e-04
7.304422462532531881e+02 1.281528500292153123e-04 2.008674444578112124e-04
7.304427467537536813e+02 1.029192290342349184e-04 2.015551040235728406e-04
7.304432472542542882e+02 1.290713622754387853e-04 2.022517098976768014e-04
7.304437477547547815e+02 1.719331494425441773e-04 2.029571957808510056e-04
7.304442482552552747e+02 1.561804174094930499e-04 2.036714935032406823e-04
7.304447487557557679e+02 1.495359120154887754e-04 2.043945330728992398e-04
7.304452492562562611e+02 1.692389394688267835e-04 2.051262427256994310e-04
7.304457497567567543e+02 1.621919130398451247e-04 2.058665489756630754e-04
7.304462502572572475e+02 1.519588158875409295e-04 2.066153766658117676e-04
7.304467507577577408e+02 2.359368426620399577e-04 2.073726490194828433e-04
7.304472512582582340e+02 2.281909039858341821e-04 2.081382876920569364e-04
7.304477517587587272e+02 2.347352246887080636e-04 2.089122128230413978e-04
7.304482522592592204e+02 2.110134380572449586e-04 2.096943430884569382e-04
7.304487527597597136e+02 2.035575396146740599e-04 2.104845957534736659e-04
7.304492532602602068e+02 2.179338727180258456e-04 2.112828867252443117e-04
7.304497537607607001e+02 2.232963251357079871e-04 2.120891306058827932e-04
7.304502542612611933e+02 2.793156766252322750e-04 2.129032407455365612e-04
7.304507547617618002e+02 2.771754644513124807e-04 2.137251292956910201e-04
7.304512552622622934e+02 2.625291184971758371e-04 2.145547072615325626e-04
7.304517557627627866e+02 2.172931651594975366e-04 2.153918845561267760e-04
7.304522562632632798e+02 2.118827944832773862e-04 2.162365700526306365e-04
7.304527567637637731e+02 2.339638122453325262e-04 2.170886716372893966e-04
7.304532572642642663e+02 2.636014866603337485e-04 2.179480962620547859e-04
7.304537577647647595e+02 2.372511605490920693e-04 2.188147499969686732e-04
7.304542582652652527e+02 2.922673381048017231e-04 2.196885380822671124e-04
7.304547587657657459e+02 2.387090811775862537e-04 2.205693649801658768e-04
7.304552592662662391e+02 2.854262382406667518e-04 2.214571344262851709e-04
7.304557597667667324e+02 2.436616567986750416e-04 2.223517494806763050e-04
7.304562602672672256e+02 2.535243167742634303e-04 2.232531125784117606e-04
7.304567607677677188e+02 2.308431062115495096e-04 2.241611255797031142e-04
7.304572612682682120e+02 2.389777890110773384e-04 2.250756898195123662e-04
7.304577617687687052e+02 3.253822147180682862e-04 2.259967061566219015e-04
7.304582622692691984e+02 3.274407595307945095e-04 2.269240750221334551e-04
7.304587627697698053e+02 2.590012862271246527e-04 2.278576964675759235e-04
7.304592632702702986e+02 2.730423792278836664e-04 2.287974702113194101e-04
7.304597637707707918e+02 2.906519958792158501e-04 2.297432956864517493e-04
7.304602642712712850e+02 2.474180965752726356e-04 2.306950720858497671e-04
7.304607647717717782e+02 3.060075573092499771e-04 2.316526984075985968e-04
7.304612652722722714e+02 2.908963981899985668e-04 2.326160734994653541e-04
7.304617657727727646e+02 3.029201265480678485e-04 2.335850961026170961e-04
7.304622662732732579e+02 2.972376227906977026e-04 2.345596648945628710e-04
7.304627667737737511e+02 2.494966171159577117e-04 2.355396785312993126e-04
7.304632672742742443e+02 2.618235615963818695e-04 2.365250356886443306e-04
7.304637677747747375e+02 2.882502056417677607e-04 2.375156351027404638e-04
7.304642682752752307e+02 2.779929087709373178e-04 2.385113756097139933e-04
7.304647687757757240e+02 2.987858065966884002e-04 2.395121561844760713e-04
7.304652692762762172e+02 3.178684705590660098e-04 2.405178759786534798e-04
7.304657697767767104e+02 2.941352632140236583e-04 2.415284343576381502e-04
7.304662702772772036e+02 2.619305997203205043e-04 2.425437309367447093e-04
7.304667707777778105e+02 2.872201514213521597e-04 2.435636656167022710e-04
7.304672712782783037e+02 2.564844261806748633e-04 2.445881386170778958e-04
7.304677717787787969e+02 2.818452886566172409e-04 2.456170505111054470e-04
7.304682722792792902e+02 3.018500726144359944e-04 2.466503022572816544e-04
7.304687727797797834e+02 2.983989584725436407e-04 2.476877952311965555e-04
7.304692732802802766e+02 2.885823356008121237e-04 2.487294312562088544e-04
7.304697737807807698e+02 2.886985960240479802e-04 2.497751126331960504e-04
7.304702742812812630e+02 2.950979944390429090e-04 2.508247421693774641e-04
7.304707747817817562e+02 3.518884193762146528e-04 2.518782232062123324e-04
7.304712752822822495e+02 2.972517644355656330e-04 2.529354596463728603e-04
7.304717757827827427e+02 3.168854520359317296e-04 2.539963559797961358e-04
7.304722762832832359e+02 3.317537331096146336e-04 2.550608173088162616e-04
7.304727767837837291e+02 3.075273478550962750e-04 2.561287493723837512e-04
7.304732772842842223e+02 3.510396688014847180e-04 2.572000585693735982e-04
7.304737777847847155e+02 2.618480008833311322e-04 2.582746519809911282e-04
7.304742782852853225e+02 3.154148259907660454e-04 2.593524373925258099e-04
7.304747787857858157e+02 2.765454495685772465e-04 2.604333233129893553e-04
7.304752792862863089e+02 3.055214645582050056e-04 2.615172189963220093e-04
7.304757797867868021e+02 3.034369547208049358e-04 2.626040344592779283e-04
7.304762802872872953e+02 3.236009060859848388e-04 2.636936804996697545e-04
7.304767807877877885e+02 2.858820499310760362e-04 2.647860687135151657e-04
7.304772812882882818e+02 3.262720000910966818e-04 2.658811115113400765e-04
7.304777817887887750e+02 2.885564698660889960e-04 2.669787221336489573e-04
7.304782822892892682e+02 2.704071319545765665e-04 2.680788146655751700e-04
7.304787827897897614e+02 2.984643434031430736e-04 2.691813040507212967e-04
7.304792832902902546e+02 2.615342740518575488e-04 2.702861061042035554e-04
7.304797837907907478e+02 3.143740981263772722e-04 2.713931375249121754e-04
7.304802842912912411e+02 2.988225006166860920e-04 2.725023159070011206e-04
7.304807847917917343e+02 3.178037971564267174e-04 2.736135597506203910e-04
7.304812852922922275e+02 3.186272811602738658e-04 2.747267884719049391e-04
7.304817857927927207e+02 3.632704542708369943e-04 2.758419224122342990e-04
7.304822862932933276e+02 3.594028018160500644e-04 2.769588828470307242e-04
7.304827867937938208e+02 2.986807185214627666e-04 2.780775919925878182e-04
7.304832872942943141e+02 3.265885798212703672e-04 2.791979730147510367e-04
7.304837877947948073e+02 3.025142357970882190e-04 2.803199500343893304e-04
7.304842882952953005e+02 2.995850094056804976e-04 2.814434481334806637e-04
7.304847887957957937e+02 3.606122227172570810e-04 2.825683933603015483e-04
7.304852892962962869e+02 3.949115071191254610e-04 2.836947127339920762e-04
7.304857897967967801e+02 3.197368657644089921e-04 2.848223342485104934e-04
7.304862902972972734e+02 3.268822717470100045e-04 2.859511868759928165e-04
7.304867907977977666e+02 3.404180225367243236e-04 2.870812005695333783e-04
7.304872912982982598e+02 3.389598265298976974e-04 2.882123062654014245e-04
7.304877917987987530e+02 3.172239525822181786e-04 2.893444358847092131e-04
7.304882922992992462e+02 2.839649979969677751e-04 2.904775223345470113e-04
7.304887927997997394e+02 3.284114299841018421e-04 2.916114995086005490e-04
7.304892933003002327e+02 3.663453563168789055e-04 2.927463022872662146e-04
7.304897938008008396e+02 3.114996275772800947e-04 2.938818665375369436e-04
7.304902943013013328e+02 3.202710560133964599e-04 2.950181291111264397e-04
7.304907948018018260e+02 3.123737390632005712e-04 2.961550278447161021e-04
7.304912953023023192e+02 3.336462519677836571e-04 2.972925015571806608e-04
7.304917958028028124e+02 3.249827720652601667e-04 2.984304900476765108e-04
7.304922963033033056e+02 3.396348260442840351e-04 2.995689340930592515e-04
7.304927968038037989e+02 3.371947881073718138e-04 3.007077754449038109e-04
7.304932973043042921e+02 3.031190061601335157e-04 3.018469568261408168e-04
7.304937978048047853e+02 3.483232505040490825e-04 3.029864219273236889e-04
7.304942983053052785e+02 3.133702474495569283e-04 3.041261154025404374e-04
7.304947988058057717e+02 2.616709488720998507e-04 3.052659828649839386e-04
7.304952993063062650e+02 3.340445243819004529e-04 3.064059708821946179e-04
7.304957998068067582e+02 3.266295052315571585e-04 3.075460269709877391e-04
7.304963003073072514e+02 3.716996065308140378e-04 3.086860995920811287e-04
7.304968008078077446e+02 2.955186217267664634e-04 3.098261381444327670e-04
7.304973013083082378e+02 3.386966153026754398e-04 3.109660929593044561e-04
7.304978018088088447e+02 3.449413659686322736e-04 3.121059152943205547e-04
7.304983023093093379e+02 3.359558970888711560e-04 3.132455573259821041e-04
7.304988028098098312e+02 3.376838253327053624e-04 3.143849721445308000e-04
7.304993033103103244e+02 3.395696971640063352e-04 3.155241137459979957e-04
7.304998038108108176e+02 4.004682024469898515e-04 3.166629370253325952e-04
7.305003043113113108e+02 3.322349113725482747e-04 3.178013977690666422e-04
7.305008048118118040e+02 3.077652928489250602e-04 3.189394526477875419e-04
7.305013053123122972e+02 2.767859241364656895e-04 3.200770592084293837e-04
7.305018058128127905e+02 3.384520999418992571e-04 3.212141758663926341e-04
7.305023063133132837e+02 2.868341714700922739e-04 3.223507618975027180e-04
7.305028068138137769e+02 3.173747632055833544e-04 3.234867774298182206e-04
7.305033073143142701e+02 3.272663108123079049e-04 3.246221834352983060e-04
7.305038078148147633e+02 3.134935034902948414e-04 3.257569417213380795e-04
7.305043083153152566e+02 3.242967729678375910e-04 3.268910149221830076e-04
7.305048088158157498e+02 3.556123104543468510e-04 3.280243664902300930e-04
7.305053093163162430e+02 3.544777152052255701e-04 3.291569606872240985e-04
7.305058098168168499e+02 3.539195581307635679e-04 3.302887625756174318e-04
7.305063103173173431e+02 3.907761440093996883e-04 3.314197380085556950e-04
7.305068108178178363e+02 2.867173721377831263e-04 3.325498536223563573e-04
7.305073113183183295e+02 3.370573609136392882e-04 3.336790768263451731e-04
7.305078118188188228e+02 3.362808213899664590e-04 3.348073757939139532e-04
7.305083123193193160e+02 3.781908233539064122e-04 3.359347194532666283e-04
7.305088128198198092e+02 2.522696555573950505e-04 3.370610774781153309e-04
7.305093133203203024e+02 3.471901445380454199e-04 3.381864202783347348e-04
7.305098138208207956e+02 3.109686397759342785e-04 3.393107189905821344e-04
7.305103143213212888e+02 2.937671050412803695e-04 3.404339454688870580e-04
7.305108148218217821e+02 3.298157261781896419e-04 3.415560722752203349e-04
7.305113153223222753e+02 3.790360660924522247e-04 3.426770726700454901e-04
7.305118158228227685e+02 3.267265217237865166e-04 3.437969206028595689e-04
7.305123163233232617e+02 3.283966293290733964e-04 3.449155907027301655e-04
7.305128168238237549e+02 3.794976188685474615e-04 3.460330582688309889e-04
7.305133173243243618e+02 3.730492168267883209e-04 3.471492992612382330e-04
7.305138178248248551e+02 3.713085295991197564e-04 3.482642902904691646e-04
7.305143183253253483e+02 3.570959530382639569e-04 3.493780086095716751e-04
7.305148188258258415e+02 3.750961725893892876e-04 3.504904321036981596e-04
7.305153193263263347e+02 3.231101129546331565e-04 3.516015392809721429e-04
7.305158198268268279e+02 3.777109144356962322e-04 3.527113092631292842e-04
7.305163203273273211e+02 3.389239537650242957e-04 3.538197217761919911e-04
7.305168208278278144e+02 3.759068220832399851e-04 3.549267571411799218e-04
7.305173213283283076e+02 3.651054461891472158e-04 3.560323962648613604e-04
7.305178218288288008e+02 3.681520632280018898e-04 3.571366206305481785e-04
7.305183223293292940e+02 3.410032573172287100e-04 3.582394122889382294e-04
7.305188228298297872e+02 3.543158191379238982e-04 3.593407538490076708e-04
7.305193233303302804e+02 3.551953213503848228e-04 3.604406284689576595e-04
7.305198238308307737e+02 2.879528716711099771e-04 3.615390198472167747e-04
7.305203243313312669e+02 3.357873373284250558e-04 3.626359122135026924e-04
7.305208248318317601e+02 4.194530956523870226e-04 3.637312903199461478e-04
7.305213253323323670e+02 3.344542818553558204e-04 3.648251394325265507e-04
7.305218258328328602e+02 3.426380747119463547e-04 3.659174453213332487e-04
7.305223263333333534e+02 3.573933489066534724e-04 3.670081942533790008e-04
7.305228268338338466e+02 4.144063803494824625e-04 3.680973729830002350e-04
7.305233273343343399e+02 3.192547837216594994e-04 3.691849687435718461e-04
7.305238278348348331e+02 3.728302503585126685e-04 3.702709692390490095e-04
7.305243283353353263e+02 3.968669657198062653e-04 3.713553626355840212e-04
7.305248288358358195e+02 3.327464674646179879e-04 3.724381375532226650e-04
7.305253293363363127e+02 3.903129279572874807e-04 3.735192830576778821e-04
7.305258298368368060e+02 3.725622429726755639e-04 3.745987886521860580e-04
7.305263303373372992e+02 3.945856217956769359e-04 3.756766442694441902e-04
7.305268308378377924e+02 3.733289371639398496e-04 3.767528402636302685e-04
7.305273313383382856e+02 3.259651627414898267e-04 3.778273674025078984e-04
7.305278318388387788e+02 3.377009218162947061e-04 3.789002168596165214e-04
7.305283323393392720e+02 3.611137054907558584e-04 3.799713802065468539e-04
7.305288328398397653e+02 3.412595414497277251e-04 3.810408494053041471e-04
7.305293333403403722e+02 3.602307054992547313e-04 3.821086168010002842e-04
7.305298338408408654e+02 4.156986606206036750e-04 3.831746751134223203e-04
7.305303343413413586e+02 4.064722659198005640e-04 3.842390174311151774e-04
7.305308348418418518e+02 3.955372914465542320e-04 3.853016372031269629e-04
7.305313353423423450e+02 3.523560585428320529e-04 3.863625282320577161e-04
7.305318358428428382e+02 4.442586412184606538e-04 3.874216846669549562e-04
7.305323363433433315e+02 3.669111457535793831e-04 3.884791009962993281e-04
7.305328368438438247e+02 3.692762153778093165e-04 3.895347720410807248e-04
7.305333373443443179e+02 4.027323043382847090e-04 3.905886929479653199e-04
7.305338378448448111e+02 3.396990177021675327e-04 3.916408591825520469e-04
7.305343383453453043e+02 3.706452237638144568e-04 3.926912665227204769e-04
7.305348388458457976e+02 3.849629505949863847e-04 3.937399110520694440e-04
7.305353393463462908e+02 4.208438146348169153e-04 3.947867891534449542e-04
7.305358398468467840e+02 3.794436622574533908e-04 3.958318975025595476e-04
7.305363403473472772e+02 3.817472304473440848e-04 3.968752330617009985e-04
7.305368408478478841e+02 4.006601986556301972e-04 3.979167930737676851e-04
7.305373413483483773e+02 3.769576584874569742e-04 3.989565750552108675e-04
7.305378418488488705e+02 3.526315544386290739e-04 3.999945767914324119e-04
7.305383423493493638e+02 3.965320797273008289e-04 4.010307963299037390e-04
7.305388428498498570e+02 3.789504304712615237e-04 4.020652319745582760e-04
7.305393433503503502e+02 3.732503511261085413e-04 4.030978822800345058e-04
7.305398438508508434e+02 4.480671528784583918e-04 4.041287460460066196e-04
7.305403443513513366e+02 4.006515198647946823e-04 4.051578223116022851e-04
7.305408448518518298e+02 4.359173431388954113e-04 4.061851103499075849e-04
7.305413453523523231e+02 4.044615730273660656e-04 4.072106096625565221e-04
7.305418458528528163e+02 4.476453234854428469e-04 4.082343199744077502e-04
7.305423463533533095e+02 4.239582564177963881e-04 4.092562412283050582e-04
7.305428468538538027e+02 3.784364461038330256e-04 4.102763735799220429e-04
7.305433473543542959e+02 4.198482784625162927e-04 4.112947173926910244e-04
7.305438478548547891e+02 4.122136840671668766e-04 4.123112732328140361e-04
7.305443483553552824e+02 4.221067727104596914e-04 4.133260418643564839e-04
7.305448488558558893e+02 3.942243523457797079e-04 4.143390242446515930e-04
7.305453493563563825e+02 3.606736213728463998e-04 4.153502215186370239e-04
7.305458498568568757e+02 4.797561188600832534e-04 4.163596350155704439e-04
7.305463503573573689e+02 4.392618943180921103e-04 4.173672662435232985e-04
7.305468508578578621e+02 4.568811793614573459e-04 4.183731168851054769e-04
7.305473513583583554e+02 4.100124073756555246e-04 4.193771887930354786e-04
7.305478518588588486e+02 3.863154412712815899e-04 4.203794839857881546e-04
7.305483523593593418e+02 3.705622777183229010e-04 4.213800046433194822e-04
7.305488528598598350e+02 4.293783178059477987e-04 4.223787531028647927e-04
7.305493533603603282e+02 4.533800810738754499e-04 4.233757318548125154e-04
7.305498538608608214e+02 4.006713038708270601e-04 4.243709435386512673e-04
7.305503543613613147e+02 4.281926940620507617e-04 4.253643909389899090e-04
7.305508548618618079e+02 4.389284784427249959e-04 4.263560769816486713e-04
7.305513553623623011e+02 4.455281586267057317e-04 4.273460047298224341e-04
7.305518558628627943e+02 4.023832042205781378e-04 4.283341773803129617e-04
7.305523563633634012e+02 3.846370181110135133e-04 4.293205982600552814e-04
7.305528568638638944e+02 3.859741824799482269e-04 4.303052708215924409e-04
7.305533573643643876e+02 4.096652373471183339e-04 4.312881986408577720e-04
7.305538578648648809e+02 4.544613313850942495e-04 4.322693854127834388e-04
7.305543583653653741e+02 3.855510375421713934e-04 4.332488349480949396e-04
7.305548588658658673e+02 4.281248287982048124e-04 4.342265511699475319e-04
7.305553593663663605e+02 4.196259723971664446e-04 4.352025381106249999e-04
7.305558598668668537e+02 4.366694784924013981e-04 4.361767999083036363e-04
7.305563603673673470e+02 4.681889428176973103e-04 4.371493408038767763e-04
7.305568608678678402e+02 4.744216641617979768e-04 4.381201651378427040e-04
7.305573613683683334e+02 3.985830815039177527e-04 4.390892773472507803e-04
7.305578618688688266e+02 4.578894855182335339e-04 4.400566819627100743e-04
7.305583623693693198e+02 3.990035448815403203e-04 4.410223836054548625e-04
7.305588628698698130e+02 4.148262053410876416e-04 4.419863869844692698e-04
7.305593633703703063e+02 3.769775736858987187e-04 4.429486968936683440e-04
7.305598638708707995e+02 4.071035219131911810e-04 4.439093182091366475e-04
7.305603643713714064e+02 4.848686432602821242e-04 4.448682558866387656e-04
7.305608648718718996e+02 4.309793190035437495e-04 4.458255149580966806e-04
7.305613653723723928e+02 4.544529963776313807e-04 4.467811005302990278e-04
7.305618658728728860e+02 4.463887582584027177e-04 4.477350177814841794e-04
7.305623663733733792e+02 4.294426158808279845e-04 4.486872719590658041e-04
7.305628668738738725e+02 3.768936596031387080e-04 4.496378683771910822e-04
7.305633673743743657e+02 4.197639786737261246e-04 4.505868124143507436e-04
7.305638678748748589e+02 4.939340347356268278e-04 4.515341095110381674e-04
7.305643683753753521e+02 5.127491109740678864e-04 4.524797651674566197e-04
7.305648688758758453e+02 4.286382392618934582e-04 4.534237849412767977e-04
7.305653693763763386e+02 5.051780193912003497e-04 4.543661744454400740e-04
7.305658698768768318e+02 4.225372184301106520e-04 4.553069393460088487e-04
7.305663703773773250e+02 4.565159824271230538e-04 4.562460853600636308e-04
7.305668708778778182e+02 4.726459553231023621e-04 4.571836182536438676e-04
7.305673713783783114e+02 4.876752831553628404e-04 4.581195438397346349e-04
7.305678718788788046e+02 3.986569179106600781e-04 4.590538679762953952e-04
7.305683723793794115e+02 5.060806484779869184e-04 4.599865965645454405e-04
7.305688728798799048e+02 4.331193300136939282e-04 4.609177355462300762e-04
7.305693733803803980e+02 4.479306439921390505e-04 4.618472909030495719e-04
7.305698738808808912e+02 4.446209676057551858e-04 4.627752686540068778e-04
7.305703743813813844e+02 5.020847384016296350e-04 4.637016748538581369e-04
7.305708748818818776e+02 4.696323797328937760e-04 4.646265155913876653e-04
7.305713753823823708e+02 3.854424076708414752e-04 4.655497969877242948e-04
7.305718758828828641e+02 5.302410167719393951e-04 4.664715251946935479e-04
7.305723763833833573e+02 4.215690516139651654e-04 4.673917063932089529e-04
7.305728768838838505e+02 4.991237310674496042e-04 4.683103467916981079e-04
7.305733773843843437e+02 4.340986623535273889e-04 4.692274526245665827e-04
7.305738778848848369e+02 4.379702024807284014e-04 4.701430301506960281e-04
7.305743783853853301e+02 4.428066069423443806e-04 4.710570856519776298e-04
7.305748788858858234e+02 4.490205274965898725e-04 4.719696254318787930e-04
7.305753793863863166e+02 4.920425703700714208e-04 4.728806558140449551e-04
7.305758798868869235e+02 4.513269667282540296e-04 4.737901831411388395e-04
7.305763803873874167e+02 4.522862838697993973e-04 4.746982137726802361e-04
7.305768808878879099e+02 4.059494089226349696e-04 4.756047540849841484e-04
7.305773813883884031e+02 4.962769029640697570e-04 4.765098104690615064e-04
7.305778818888888964e+02 4.752605693103836935e-04 4.774133893295861393e-04
7.305783823893893896e+02 5.025293047800930219e-04 4.783154970836831789e-04
7.305788828898898828e+02 4.070997274457478039e-04 4.792161401597479307e-04
7.305793833903903760e+02 4.547142279440920926e-04 4.801153249962928781e-04
7.305798838908908692e+02 4.868196114746990971e-04 4.810130580408236906e-04
7.305803843913913624e+02 4.094056179685591382e-04 4.819093457487420113e-04
7.305808848918918557e+02 5.317441679897842027e-04 4.828041945822763247e-04
7.305813853923923489e+02 4.733061971414414615e-04 4.836976110094390086e-04
7.305818858928928421e+02 4.085665824617006883e-04 4.845896015030095151e-04
7.305823863933933353e+02 4.139245184269762373e-04 4.854801725395439522e-04
7.305828868938938285e+02 4.751892492510731165e-04 4.863693305984084629e-04
7.305833873943943217e+02 3.738548569714249909e-04 4.872570821608385714e-04
7.305838878948949286e+02 4.952947839716521005e-04 4.881434337092235560e-04
7.305843883953954219e+02 3.920920958270986698e-04 4.890283917254077206e-04
7.305848888958959151e+02 4.970713521970990386e-04 4.899119626910283408e-04
7.305853893963964083e+02 4.541262223725688269e-04 4.907941530858635562e-04
7.305858898968969015e+02 4.502174115427243673e-04 4.916749693872081960e-04
7.305863903973973947e+02 4.890357520852079906e-04 4.925544180690707638e-04
7.305868908978978880e+02 5.104441301097197448e-04 4.934325056013925959e-04
7.305873913983983812e+02 4.466522864519715912e-04 4.943092384492867508e-04
7.305878918988988744e+02 4.740712107369628820e-04 4.951846230722979332e-04
7.305883923993993676e+02 4.326215246671330397e-04 4.960586659236832343e-04
7.305888928998998608e+02 4.427960617858150917e-04 4.969313734497118450e-04
7.305893934004003540e+02 4.924372473888354116e-04 4.978027520889842863e-04
7.305898939009008473e+02 4.730084547389253025e-04 4.986728082717711537e-04
7.305903944014013405e+02 4.682351733058086199e-04 4.995415484193695349e-04
7.305908949019018337e+02 4.678401772084021066e-04 5.004089789434785097e-04
7.305913954024024406e+02 5.047429176581006306e-04 5.012751062457882368e-04
7.305918959029029338e+02 3.769319808778784863e-04 5.021399367166042103e-04
7.305923964034034270e+02 4.643010260951930352e-04 5.030034767354546292e-04
7.305928969039039202e+02 4.101181582623396001e-04 5.038657326697478303e-04
7.305933974044044135e+02 5.527826971431356803e-04 5.047267108744288126e-04
7.305938979049049067e+02 5.160134877512979629e-04 5.055864176914571942e-04
7.305943984054053999e+02 5.191613861233274020e-04 5.064448594492982876e-04
7.305948989059058931e+02 4.328311494819421274e-04 5.073020424624314142e-04
7.305953994064063863e+02 4.537641579372003200e-04 5.081579730308723132e-04
7.305958999069068796e+02 5.298033536984463141e-04 5.090126574397105122e-04
7.305964004074073728e+02 4.787718312877602134e-04 5.098661019586612272e-04
7.305969009079078660e+02 5.210160686725768620e-04 5.107183128416314640e-04
7.305974014084083592e+02 4.671081641034329239e-04 5.115692963262992400e-04
7.305979019089088524e+02 4.546479148408556032e-04 5.124190586337068996e-04
7.305984024094093456e+02 4.379422632427700055e-04 5.132676059678677660e-04
7.305989029099098389e+02 5.273976982973873403e-04 5.141149445153848268e-04
7.305994034104104458e+02 4.599462798264239991e-04 5.149610804452753104e-04
7.305999039109109390e+02 4.630390580906346750e-04 5.158060199078458264e-04
7.306004044114114322e+02 5.145873978261250679e-04 5.166497690355024812e-04
7.306009049119119254e+02 5.577771665001364553e-04 5.174923339416494369e-04
7.306014054124124186e+02 5.516919924992964939e-04 5.183337207205606506e-04
7.306019059129129118e+02 5.605234481831056995e-04 5.191739354470720691e-04
7.306024064134134051e+02 4.948302291735792334e-04 5.200129841762822806e-04
7.306029069139138983e+02 4.684168372465099509e-04 5.208508729432661773e-04
7.306034074144143915e+02 4.560065405242618082e-04 5.216876077627976161e-04
7.306039079149148847e+02 4.644577457232042586e-04 5.225231946290836808e-04
7.306044084154153779e+02 4.365652246141730509e-04 5.233576395155084852e-04
7.306049089159158711e+02 4.863048172521000439e-04 5.241909483743860832e-04
7.306054094164163644e+02 4.892115499611223535e-04 5.250231271367241130e-04
7.306059099169168576e+02 5.584393665441797581e-04 5.258541817119968733e-04
7.306064104174173508e+02 4.859827669933468016e-04 5.266841179879259895e-04
7.306069109179178440e+02 5.553109451860137064e-04 5.275129418302724636e-04
7.306074114184184509e+02 4.466210217430351256e-04 5.283406590828232299e-04
7.306079119189189441e+02 4.849508478039525269e-04 5.291672755664480077e-04
7.306084124194194374e+02 5.488200478160588317e-04 5.299927970800437501e-04
7.306089129199199306e+02 5.221962850187151714e-04 5.308172293996065664e-04
7.306094134204204238e+02 5.041915453591657836e-04 5.316405782782534064e-04
7.306099139209209170e+02 5.515214006039347028e-04 5.324628494460615985e-04
7.306104144214214102e+02 4.740284968467610351e-04 5.332840486099177119e-04
7.306109149219219034e+02 5.521232934989271602e-04 5.341041814533721652e-04
7.306114154224223967e+02 5.144742890224116971e-04 5.349232536365030504e-04
7.306119159229228899e+02 5.194356666152550239e-04 5.357412707957847275e-04
7.306124164234233831e+02 4.642680120896284460e-04 5.365582385439654186e-04
7.306129169239238763e+02 5.357120823181450676e-04 5.373741624699505471e-04
7.306134174244243695e+02 5.119821981560866101e-04 5.381890481386921495e-04
7.306139179249248627e+02 5.323571215910297919e-04 5.390029010910864183e-04
7.306144184254253560e+02 5.736695621609646557e-04 5.398157268438751478e-04
7.306149189259259629e+02 5.382495195711793504e-04 5.406275308897398428e-04
7.306154194264264561e+02 5.312309918168765062e-04 5.414383186964788095e-04
7.306159199269269493e+02 6.227124389009355441e-04 5.422480957080336780e-04
7.306164204274274425e+02 5.413592424644473287e-04 5.430568673436786354e-04
7.306169209279279357e+02 4.770828309141766943e-04 5.438646389981358943e-04
7.306174214284284290e+02 5.234379628419026393e-04 5.446714160415134587e-04
7.306179219289289222e+02 5.762676406576067081e-04 5.454772038192474450e-04
7.306184224294294154e+02 4.874322113687886197e-04 5.462820076520489556e-04
7.306189229299299086e+02 4.977721654824356469e-04 5.470858328358573506e-04
7.306194234304304018e+02 4.935512250424769001e-04 5.478886846417974207e-04
7.306199239309308950e+02 6.144425745785237402e-04 5.486905683161411159e-04
7.306204244314313883e+02 5.482261514227550507e-04 5.494914890802744768e-04
7.306209249319318815e+02 5.157526597492818627e-04 5.502914521306690116e-04
7.306214254324323747e+02 5.884893049927578113e-04 5.510904626388570850e-04
7.306219259329328679e+02 6.039959740595739592e-04 5.518885257514116434e-04
7.306224264334333611e+02 4.920483738162428552e-04 5.526856465899299522e-04
7.306229269339339680e+02 4.752330032199808497e-04 5.534818302512031643e-04
7.306234274344344612e+02 5.783024425630450696e-04 5.542770818064841594e-04
7.306239279349349545e+02 5.064536557650130624e-04 5.550714063025692516e-04
7.306244284354354477e+02 5.208491657547932325e-04 5.558648087610730754e-04
7.306249289359359409e+02 4.608776139022096111e-04 5.566572941786133337e-04
7.306254294364364341e+02 6.063221904738491088e-04 5.574488675268173031e-04
7.306259299369369273e+02 4.588983128082959858e-04 5.582395337523317000e-04
7.306264304374374206e+02 5.947298877766720587e-04 5.590292977768363415e-04
7.306269309379379138e+02 5.090159271698191422e-04 5.598181644970603001e-04
7.306274314384384070e+02 5.771506803699687129e-04 5.606061387848020701e-04
7.306279319389389002e+02 5.051805657098416402e-04 5.613932254869520100e-04
7.306284324394393934e+02 5.052754140577505595e-04 5.621794294255185809e-04
7.306289329399398866e+02 5.910348436216412331e-04 5.629647553976566436e-04
7.306294334404403799e+02 5.355152857970778149e-04 5.637492081756989007e-04
7.306299339409408731e+02 6.108398453658921536e-04 5.645327925071905910e-04
7.306304344414414800e+02 5.422332578734780344e-04 5.653155131151030776e-04
7.306309349419419732e+02 4.267621183527622875e-04 5.660973746971634853e-04
7.306314354424424664e+02 5.911575429613976631e-04 5.668783819269623218e-04
7.306319359429429596e+02 5.414740336241860227e-04 5.676585394532869099e-04
7.306324364434434528e+02 6.229108498393375309e-04 5.684378519003456011e-04
7.306329369439439461e+02 6.121023170702320510e-04 5.692163238678173229e-04
7.306334374444444393e+02 5.247979875702038065e-04 5.699939599309017781e-04
7.306339379449449325e+02 5.677460468314227951e-04 5.707707646403735458e-04
7.306344384454454257e+02 5.240673684612568621e-04 5.715467425226370508e-04
7.306349389459459189e+02 5.426635252481885625e-04 5.723218980797837013e-04
7.306354394464464121e+02 5.049717064333807603e-04 5.730962357896511941e-04
7.306359399469469054e+02 6.051105398989561207e-04 5.738697601058853149e-04
7.306364404474473986e+02 6.231873362189487139e-04 5.746424754580018454e-04
7.306369409479478918e+02 5.946939005737736286e-04 5.754143862514521585e-04
7.306374414484483850e+02 5.378986336363538682e-04 5.761854968676888115e-04
7.306379419489488782e+02 6.027341215844402760e-04 5.769558116642346107e-04
7.306384424494494851e+02 5.684220428084623550e-04 5.777253349749259057e-04
7.306389429499499784e+02 6.079334019809389412e-04 5.784940711092857041e-04
7.306394434504504716e+02 5.243161340000772417e-04 5.792620243536443026e-04
7.306399439509509648e+02 6.495908674730849208e-04 5.800291989705145699e-04
7.306404444514514580e+02 5.573704444523420749e-04 5.807955991988418554e-04
7.306409449519519512e+02 5.675854553683825493e-04 5.815612292540811839e-04
7.306414454524524444e+02 6.310488637369340197e-04 5.823260933282754272e-04
7.306419459529529377e+02 5.572005025682476428e-04 5.830901955901336914e-04
7.306424464534534309e+02 5.738269751432977525e-04 5.838535401851129578e-04
7.306429469539539241e+02 5.597365492737532396e-04 5.846161312354990723e-04
7.306434474544544173e+02 5.891981925343927045e-04 5.853779728404897957e-04
7.306439479549549105e+02 5.546497037957546887e-04 5.861390690762779618e-04
7.306444484554554037e+02 5.650544619616726383e-04 5.868994239961374546e-04
7.306449489559558970e+02 5.942438922662891159e-04 5.876590416305078847e-04
7.306454494564563902e+02 5.560772983847515677e-04 5.884179259870819757e-04
7.306459499569568834e+02 6.193711929899293383e-04 5.891760810508924091e-04
7.306464504574574903e+02 5.412876163499527344e-04 5.899335107845734422e-04
7.306469509579579835e+02 5.913626616879704822e-04 5.906902191277612355e-04
7.306474514584584767e+02 5.778130387159317654e-04 5.914462099982166531e-04
7.306479519589589700e+02 5.405809018291168411e-04 5.922014872912275416e-04
7.306484524594594632e+02 5.471483696820847627e-04 5.929560548798725166e-04
7.306489529599599564e+02 7.019122637167741780e-04 5.937099166151127948e-04
7.306494534604604496e+02 5.756920077050898654e-04 5.944630763258860855e-04
7.306499539609609428e+02 5.419973575758489301e-04 5.952155378191987482e-04
7.306504544614614360e+02 6.858498875023701915e-04 5.959673048802212022e-04
7.306509549619619293e+02 6.707353241911312913e-04 5.967183812723811679e-04
7.306514554624624225e+02 4.966107558235687480e-04 5.974687707374601612e-04
7.306519559629629157e+02 6.196291312892810007e-04 5.982184769956883606e-04
7.306524564634634089e+02 5.644833494101557120e-04 5.989675037458409932e-04
7.306529569639639021e+02 6.551210057941629378e-04 5.997158546653348285e-04
7.306534574644643953e+02 5.457145487543560696e-04 6.004635334103248893e-04
7.306539579649650022e+02 5.841985160912714636e-04 6.012105436159721414e-04
7.306544584654654955e+02 5.580236962511355694e-04 6.019568888958620355e-04
7.306549589659659887e+02 6.136432105078686028e-04 6.027025728431210190e-04
7.306554594664664819e+02 5.745301443711261277e-04 6.034475990298354036e-04
7.306559599669669751e+02 6.094710503643402952e-04 6.041919710073208978e-04
7.306564604674674683e+02 5.928498546703013300e-04 6.049356923062206189e-04
7.306569609679679616e+02 6.643731057387118437e-04 6.056787664366047310e-04
7.306574614684684548e+02 6.217412694533196648e-04 6.064211968880696500e-04
7.306579619689689480e+02 5.832584297526347559e-04 6.071629871298374640e-04
7.306584624694694412e+02 5.698279831782762780e-04 6.079041406108567653e-04
7.306589629699699344e+02 6.815543472680426779e-04 6.086446607599012033e-04
7.306594634704704276e+02 6.481143520173571941e-04 6.093845509856703159e-04
7.306599639709709209e+02 6.410919745862817855e-04 6.101238146768898181e-04
7.306604644714714141e+02 6.483098922806008763e-04 6.108624552024117822e-04
7.306609649719719073e+02 6.328014174992646537e-04 6.116004759113150349e-04
7.306614654724724005e+02 5.265459833414090672e-04 6.123378801330054463e-04
7.306619659729730074e+02 6.975970954265558674e-04 6.130746711774843778e-04
7.306624664734735006e+02 5.485301177170911558e-04 6.138108523347791511e-04
7.306629669739739938e+02 5.599007990376752208e-04 6.145464268760482841e-04
7.306634674744744871e+02 6.928320620637380429e-04 6.152813980530123924e-04
7.306639679749749803e+02 5.927948461460090567e-04 6.160157690982224219e-04
7.306644684754754735e+02 6.537103611978627984e-04 6.167495432251593945e-04
7.306649689759759667e+02 6.660572517794975970e-04 6.174827236283362154e-04
7.306654694764764599e+02 6.220914635463194566e-04 6.182153134833968770e-04
7.306659699769769531e+02 6.061281818830393858e-04 6.189473159472175072e-04
7.306664704774774464e+02 5.907234110138073280e-04 6.196787341580064406e-04
7.306669709779779396e+02 7.167921068788509886e-04 6.204095712354049412e-04
7.306674714784784328e+02 6.710178566696987099e-04 6.211398302805864070e-04
7.306679719789789260e+02 6.283339051292686443e-04 6.218695143763566585e-04
7.306684724794794192e+02 5.882955999800014088e-04 6.225986265872545528e-04
7.306689729799799125e+02 5.830017092135095181e-04 6.233271699596506458e-04
7.306694734804805194e+02 6.286059455564031034e-04 6.240551475220124968e-04
7.306699739809810126e+02 6.655713102582364211e-04 6.247825622843426177e-04
7.306704744814815058e+02 6.593890516841014685e-04 6.255094172392701565e-04
7.306709749819819990e+02 6.773462418650566313e-04 6.262357153614877625e-04
7.306714754824824922e+02 6.817336917973699454e-04 6.269614596080163487e-04
7.306719759829829854e+02 6.915608911818533827e-04 6.276866529183037537e-04
7.306724764834834787e+02 7.525967299556763235e-04 6.284112982143226457e-04
7.306729769839839719e+02 6.144865181282000918e-04 6.291353984006686426e-04
7.306734774844844651e+02 7.832539463954078188e-04 6.298589563646596248e-04
7.306739779849849583e+02 6.456746390508444127e-04 6.305819749764311451e-04
7.306744784854854515e+02 6.031090579766407427e-04 6.313044570890362838e-04
7.306749789859859447e+02 6.149668779674749737e-04 6.320264055385408416e-04
7.306754794864864380e+02 6.529684668556569706e-04 6.327478231441221101e-04
7.306759799869869312e+02 7.139234697505534395e-04 6.334687127081633064e-04
7.306764804874874244e+02 6.509718689959590387e-04 6.341890770163524519e-04
7.306769809879879176e+02 6.248073142991535534e-04 6.349089188377765895e-04
7.306774814884885245e+02 6.783211487004507829e-04 6.356282409251822092e-04
7.306779819889890177e+02 6.416282860151526326e-04 6.363470460144157997e-04
7.306784824894895110e+02 6.354495580500109939e-04 6.370653368255013282e-04
7.306789829899900042e+02 7.052839871635866766e-04 6.377831160620798167e-04
7.306794834904904974e+02 6.644749359435937535e-04 6.385003864116682495e-04
7.306799839909909906e+02 6.182557919598957296e-04 6.392171505457534646e-04
7.306804844914914838e+02 6.778685592586785203e-04 6.399334111198865882e-04
7.306809849919919770e+02 6.667864747424441909e-04 6.406491707737756256e-04
7.306814854924924703e+02 7.393792568039074271e-04 6.413644321313802200e-04
7.306819859929929635e+02 6.004649146241208954e-04 6.420791978010031596e-04
7.306824864934934567e+02 6.777165335884689562e-04 6.427934703753839440e-04
7.306829869939939499e+02 7.633767510012475898e-04 6.435072524317899658e-04
7.306834874944944431e+02 7.870371834710926818e-04 6.442205465321098603e-04
7.306839879949949363e+02 7.367377334668626619e-04 6.449333552229438195e-04
7.306844884954954296e+02 6.408882083946406761e-04 6.456456810356952071e-04
7.306849889959959228e+02 7.806859816984804655e-04 6.463575264866608730e-04
7.306854894964965297e+02 6.333439329907644775e-04 6.470688940772843139e-04
7.306859899969970229e+02 7.275086401487401971e-04 6.477797862935980684e-04
7.306864904974975161e+02 7.570208098448042398e-04 6.484902056072838501e-04
7.306869909979980093e+02 6.543075896291728746e-04 6.492001544751147251e-04
7.306874914984985026e+02 6.832001618445036374e-04 6.499096353392064306e-04
7.306879919989989958e+02 7.229415680405182169e-04 6.506186506271050864e-04
7.306884924994994890e+02 7.707757778050585524e-04 6.513272027518760996e-04
7.306889929999999822e+02 7.498659675457706661e-04 6.520352941121912264e-04
