7.221240219999999681e+02 1.491526635621300185e-04 1.051542998171833447e-04
7.221245225005004613e+02 1.014897720461596317e-04 1.056819361264007688e-04
7.221250230010009545e+02 1.231154243957604535e-04 1.062092439359546190e-04
7.221255235015014478e+02 1.431062843966372301e-04 1.067362207066595346e-04
7.221260240020019410e+02 1.507720630834146305e-04 1.072628638765257516e-04
7.221265245025024342e+02 1.283761516295364063e-04 1.077891708605285327e-04
7.221270250030029274e+02 1.373558379707319227e-04 1.083151390503749153e-04
7.221275255035034206e+02 1.372693909231845872e-04 1.088407658142679789e-04
7.221280260040040275e+02 1.516261826999509539e-04 1.093660484967878263e-04
7.221285265045045207e+02 1.381736913428298060e-04 1.098909844181734219e-04
7.221290270050050140e+02 1.591442363326532963e-04 1.104155708747947350e-04
7.221295275055055072e+02 1.518394298872301641e-04 1.109398051384293460e-04
7.221300280060060004e+02 1.575556903925965854e-04 1.114636844561325320e-04
7.221305285065064936e+02 1.240815131303464071e-04 1.119872060499856915e-04
7.221310290070069868e+02 1.280568765404042875e-04 1.125103671168417195e-04
7.221315295075074800e+02 1.598670649034330843e-04 1.130331648280676445e-04
7.221320300080079733e+02 1.706641269390929221e-04 1.135555963292846917e-04
7.221325305085084665e+02 1.635540611311872702e-04 1.140776587401048892e-04
7.221330310090089597e+02 1.240108318950844488e-04 1.145993491538653167e-04
7.221335315095094529e+02 1.244213309108040686e-04 1.151206646373591962e-04
7.221340320100099461e+02 1.297335819839236313e-04 1.156416022305642178e-04
7.221345325105104394e+02 1.451658461284592594e-04 1.161621589463672206e-04
7.221350330110109326e+02 1.186499429779152301e-04 1.166823317702868806e-04
7.221355335115114258e+02 1.672602748399764283e-04 1.172021176601922382e-04
7.221360340120120327e+02 1.502059543205748102e-04 1.177215135461369237e-04
7.221365345125125259e+02 1.299772373072105363e-04 1.182405163296001483e-04
7.221370350130130191e+02 1.550470457133573156e-04 1.187591228839038912e-04
7.221375355135135123e+02 1.609125966483538315e-04 1.192773300534476292e-04
7.221380360140140056e+02 1.073352246221294512e-04 1.197951346535291995e-04
7.221385365145144988e+02 1.538735961905412532e-04 1.203125334700451529e-04
7.221390370150149920e+02 1.522082319049459067e-04 1.208295232591869068e-04
7.221395375155154852e+02 1.351303379102178619e-04 1.213461007471341730e-04
7.221400380160159784e+02 1.517263437523634921e-04 1.218622626297446998e-04
7.221405385165164716e+02 1.543824662444078552e-04 1.223780055722406665e-04
7.221410390170169649e+02 1.548087801795242145e-04 1.228933262088917171e-04
7.221415395175174581e+02 1.914199590612268023e-04 1.234082211426942258e-04
7.221420400180179513e+02 1.590681888351232133e-04 1.239226869450472295e-04
7.221425405185184445e+02 1.326101815976854221e-04 1.244367201554246729e-04
7.221430410190189377e+02 1.645577829213188033e-04 1.249503172810443208e-04
7.221435415195194309e+02 1.430618806129887435e-04 1.254634747965321971e-04
7.221440420200200379e+02 1.457423972881006667e-04 1.259761891437008658e-04
7.221445425205205311e+02 1.548001003059319312e-04 1.264884567307409410e-04
7.221450430210210243e+02 1.249451817955090976e-04 1.270002739325735888e-04
7.221455435215215175e+02 1.766725097699596212e-04 1.275116370900347186e-04
7.221460440220220107e+02 1.448998006274141207e-04 1.280225425096372994e-04
7.221465445225225039e+02 1.477069994461865628e-04 1.285329864632136815e-04
7.221470450230229972e+02 1.596693452479253062e-04 1.290429651875536624e-04
7.221475455235234904e+02 1.737317993498861896e-04 1.295524748840388399e-04
7.221480460240239836e+02 1.500327134095655562e-04 1.300615117182725737e-04
7.221485465245244768e+02 1.467771203020233693e-04 1.305700718197062068e-04
7.221490470250249700e+02 1.369110231454198569e-04 1.310781512812609500e-04
7.221495475255254632e+02 1.345484926055539091e-04 1.315857461589455652e-04
7.221500480260259565e+02 1.677223764846590723e-04 1.320928524714701452e-04
7.221505485265264497e+02 1.539541028542443105e-04 1.325994661998551236e-04
7.221510490270269429e+02 1.560891566613137934e-04 1.331055832870363810e-04
7.221515495275275498e+02 1.634942600752864244e-04 1.336111996375807234e-04
7.221520500280280430e+02 1.349527961698807608e-04 1.341163111168226134e-04
7.221525505285285362e+02 1.613174554123414514e-04 1.346209135511454121e-04
7.221530510290290295e+02 1.317349155971531854e-04 1.351250027271087048e-04
7.221535515295295227e+02 1.567895383973854371e-04 1.356285743911462692e-04
7.221540520300300159e+02 1.739921575263657415e-04 1.361316242491440775e-04
7.221545525305305091e+02 1.442365383273364629e-04 1.366341479660138243e-04
7.221550530310310023e+02 1.429463334366684363e-04 1.371361411652620118e-04
7.221555535315314955e+02 1.527702769662246023e-04 1.376375994285534488e-04
7.221560540320319888e+02 1.594424679571631546e-04 1.381385182952712552e-04
7.221565545325324820e+02 1.442102886340510979e-04 1.386388932620709021e-04
7.221570550330329752e+02 1.341811406665800092e-04 1.391387197824299970e-04
7.221575555335334684e+02 1.839663873739645367e-04 1.396379932661928646e-04
7.221580560340339616e+02 1.370364528461772173e-04 1.401367090791103031e-04
7.221585565345344548e+02 1.403749739031490932e-04 1.406348625423742716e-04
7.221590570350349481e+02 1.530651451506116897e-04 1.411324489321472923e-04
7.221595575355355550e+02 1.955708200828085456e-04 1.416294634792000285e-04
7.221600580360360482e+02 1.331505140402155694e-04 1.421259013679787900e-04
7.221605585365365414e+02 1.366883355988224844e-04 1.426217577367970297e-04
7.221610590370370346e+02 1.425128669228355139e-04 1.431170276768924403e-04
7.221615595375375278e+02 1.703715759266307664e-04 1.436117062320433637e-04
7.221620600380380210e+02 1.655788361571924145e-04 1.441057883980665613e-04
7.221625605385385143e+02 1.241203518856562717e-04 1.445992691223099160e-04
7.221630610390390075e+02 1.169990050212442668e-04 1.450921433031394686e-04
7.221635615395395007e+02 1.512065726167009924e-04 1.455844057894209800e-04
7.221640620400399939e+02 1.544651622935932567e-04 1.460760513799958275e-04
7.221645625405404871e+02 1.848552023146722762e-04 1.465670748231510739e-04
7.221650630410409804e+02 1.528756973171894399e-04 1.470574708160842512e-04
7.221655635415414736e+02 2.056879096454284240e-04 1.475472340043619101e-04
7.221660640420419668e+02 1.457519081694399674e-04 1.480363589813727483e-04
7.221665645425424600e+02 1.727020475348853171e-04 1.485248402877746132e-04
7.221670650430430669e+02 1.572348219092962573e-04 1.490126724110462926e-04
7.221675655435435601e+02 1.448327971316199739e-04 1.494998497844798847e-04
7.221680660440440533e+02 1.961315985925854346e-04 1.499863667872744185e-04
7.221685665445445466e+02 1.547486844203823915e-04 1.504722177435157283e-04
7.221690670450450398e+02 1.724675878990377070e-04 1.509573969217041479e-04
7.221695675455455330e+02 1.847863744723188381e-04 1.514418985341652740e-04
7.221700680460460262e+02 1.385426418799789539e-04 1.519257167364543868e-04
7.221705685465465194e+02 1.630015216056530047e-04 1.524088456267546634e-04
7.221710690470470126e+02 1.896602860413679160e-04 1.528912792452687510e-04
7.221715695475475059e+02 1.480085684280011305e-04 1.533730115736042679e-04
7.221720700480479991e+02 1.327549584119485824e-04 1.538540365341527184e-04
7.221725705485484923e+02 1.601431867170215791e-04 1.543343479894617397e-04
7.221730710490489855e+02 1.546720341864135867e-04 1.548139397416010879e-04
7.221735715495494787e+02 1.601559058919400349e-04 1.552928055315214943e-04
7.221740720500499719e+02 1.457626751573022086e-04 1.557709390384073975e-04
7.221745725505504652e+02 1.804942719385860803e-04 1.562483338790224372e-04
7.221750730510510721e+02 1.942926641195375100e-04 1.567249836071568636e-04
7.221755735515515653e+02 1.674626043396038088e-04 1.572008817125263133e-04
7.221760740520520585e+02 1.686961498411335321e-04 1.576760216207471435e-04
7.221765745525525517e+02 1.616506722130786838e-04 1.581503966922208424e-04
7.221770750530530449e+02 1.627973545875073395e-04 1.586240002215540622e-04
7.221775755535535382e+02 1.749510487496437931e-04 1.590968254368625885e-04
7.221780760540540314e+02 1.644814649555229893e-04 1.595688654990684520e-04
7.221785765545545246e+02 1.469892353075645693e-04 1.600401135011899386e-04
7.221790770550550178e+02 1.442594514667884758e-04 1.605105624676240919e-04
7.221795775555555110e+02 1.867931838862974773e-04 1.609802053534225197e-04
7.221800780560560042e+02 1.490787388537288480e-04 1.614490350435592871e-04
7.221805785565564975e+02 1.607215418173460432e-04 1.619170443521917343e-04
7.221810790570569907e+02 1.495484601643341533e-04 1.623842260219141389e-04
7.221815795575574839e+02 1.677406274976256276e-04 1.628505727230033281e-04
7.221820800580579771e+02 1.650311061945228469e-04 1.633160770526576500e-04
7.221825805585584703e+02 1.468916185787582708e-04 1.637807315342273528e-04
7.221830810590590772e+02 1.618750649372284911e-04 1.642445286165437619e-04
7.221835815595595705e+02 1.794626204560874653e-04 1.647074606727134299e-04
7.221840820600600637e+02 1.362883549740268507e-04 1.651695199999585694e-04
7.221845825605605569e+02 1.625773443911138108e-04 1.656306988183958620e-04
7.221850830610610501e+02 1.482424240757205115e-04 1.660909892703344370e-04
7.221855835615615433e+02 1.889324291998325210e-04 1.665503834194609041e-04
7.221860840620620365e+02 1.608013435986288726e-04 1.670088732500162813e-04
7.221865845625625298e+02 1.285710851307405775e-04 1.674664506659653601e-04
7.221870850630630230e+02 1.453653852723603489e-04 1.679231074901580756e-04
7.221875855635635162e+02 1.853323090561636026e-04 1.683788354634827987e-04
7.221880860640640094e+02 1.959836041460089333e-04 1.688336262440119845e-04
7.221885865645645026e+02 1.755292602514789023e-04 1.692874714061395273e-04
7.221890870650649958e+02 1.734873706309858639e-04 1.697403624397107150e-04
7.221895875655654891e+02 1.785716842525509500e-04 1.701922907491430228e-04
7.221900880660659823e+02 1.670934643717188336e-04 1.706432476525402385e-04
7.221905885665665892e+02 1.798006945150180664e-04 1.710932243808997754e-04
7.221910890670670824e+02 1.513725250672025399e-04 1.715422120768011940e-04
7.221915895675675756e+02 1.659776582414949073e-04 1.719902017941088326e-04
7.221920900680680688e+02 1.816272242109155546e-04 1.724371844966441204e-04
7.221925905685685620e+02 1.623182208809962463e-04 1.728831510573603100e-04
7.221930910690690553e+02 1.637744300942776238e-04 1.733280922574079218e-04
7.221935915695695485e+02 2.043995388028090835e-04 1.737719987851912449e-04
7.221940920700700417e+02 1.326776807247472857e-04 1.742148612354168949e-04
7.221945925705705349e+02 1.787927546217156927e-04 1.746566701081344306e-04
7.221950930710710281e+02 1.800987011862938516e-04 1.750974158077685684e-04
7.221955935715715214e+02 1.473166319203999695e-04 1.755370886421435080e-04
7.221960940720720146e+02 1.788426332396517344e-04 1.759756788214991285e-04
7.221965945725725078e+02 1.445978457626033420e-04 1.764131764574986981e-04
7.221970950730730010e+02 1.739557184792373922e-04 1.768495715622292138e-04
7.221975955735734942e+02 1.732413050118754337e-04 1.772848540471928759e-04
7.221980960740739874e+02 1.741180736057731308e-04 1.777190137222915158e-04
7.221985965745745943e+02 1.751528499939415304e-04 1.781520402949001455e-04
7.221990970750750876e+02 1.625433636921181074e-04 1.785839233684418553e-04
7.221995975755755808e+02 1.670007074771384442e-04 1.790146524419382486e-04
7.222000980760760740e+02 2.230312484631186772e-04 1.794442169085673727e-04
7.222005985765765672e+02 1.675391540658185572e-04 1.798726060547069911e-04
7.222010990770770604e+02 1.720998534068757051e-04 1.802998090588706830e-04
7.222015995775775536e+02 1.970397916632648182e-04 1.807258149906369770e-04
7.222021000780780469e+02 1.689038053257298818e-04 1.811506128095702447e-04
7.222026005785785401e+02 1.702379776065853954e-04 1.815741913641346012e-04
7.222031010790790333e+02 1.703557391983129027e-04 1.819965393905997007e-04
7.222036015795795265e+02 1.834598649850533304e-04 1.824176455119396487e-04
7.222041020800800197e+02 1.598276443386193249e-04 1.828374982367243231e-04
7.222046025805805129e+02 1.700007422163527079e-04 1.832560859580034055e-04
7.222051030810810062e+02 1.642582576740545094e-04 1.836733969521838795e-04
7.222056035815814994e+02 1.916932830211184186e-04 1.840894193778992889e-04
7.222061040820821063e+02 1.457256776458533355e-04 1.845041412749678738e-04
7.222066045825825995e+02 1.478157322220711230e-04 1.849175505628716516e-04
7.222071050830830927e+02 2.101443585898662958e-04 1.853296350401720325e-04
7.222076055835835859e+02 1.955484404352099013e-04 1.857403823829756730e-04
7.222081060840840792e+02 1.424579887491460295e-04 1.861497801438661572e-04
7.222086065845845724e+02 1.779396944039023315e-04 1.865578157507342787e-04
7.222091070850850656e+02 1.947544908323710030e-04 1.869644765056037406e-04
7.222096075855855588e+02 1.522481211436265802e-04 1.873697495834492674e-04
7.222101080860860520e+02 1.693908330763248596e-04 1.877736220310109207e-04
7.222106085865865452e+02 1.751571678796807552e-04 1.881760807656015317e-04
7.222111090870870385e+02 1.916229266773772106e-04 1.885771125739097961e-04
7.222116095875875317e+02 1.798045913839361131e-04 1.889767041107982186e-04
7.222121100880880249e+02 1.776385515816843619e-04 1.893748418980958817e-04
7.222126105885885181e+02 1.528030850582746264e-04 1.897715123233876622e-04
7.222131110890890113e+02 1.477259478404542082e-04 1.901667016387979738e-04
7.222136115895895045e+02 1.710219533108332563e-04 1.905603959597719607e-04
7.222141120900901115e+02 1.686029683124070191e-04 1.909525812639404469e-04
7.222146125905906047e+02 1.782867337791980413e-04 1.913432433895380846e-04
7.222151130910910979e+02 1.703736145588299086e-04 1.917323680347075951e-04
7.222156135915915911e+02 1.472684728255028042e-04 1.921199407559113039e-04
7.222161140920920843e+02 2.315628772349495742e-04 1.925059469667851934e-04
7.222166145925925775e+02 2.148657648467842247e-04 1.928903719369025327e-04
7.222171150930930708e+02 1.878137699783173783e-04 1.932732007905350955e-04
7.222176155935935640e+02 1.659580405259553798e-04 1.936544185054140256e-04
7.222181160940940572e+02 1.816619730355271598e-04 1.940340099114887501e-04
7.222186165945945504e+02 1.418508185153078381e-04 1.944119596896865985e-04
7.222191170950950436e+02 1.466182098318311077e-04 1.947882523706717434e-04
7.222196175955955368e+02 1.716593900075869125e-04 1.951628723336047645e-04
7.222201180960960301e+02 1.557305589369815252e-04 1.955358038049034603e-04
7.222206185965965233e+02 1.884939495823494376e-04 1.959070308570047970e-04
7.222211190970970165e+02 2.098563561693241682e-04 1.962765374071293251e-04
7.222216195975975097e+02 1.754285536101082648e-04 1.966443072160475468e-04
7.222221200980981166e+02 1.869946549063078195e-04 1.970103238869331012e-04
7.222226205985986098e+02 1.831587660122575552e-04 1.973745708638038443e-04
7.222231210990991030e+02 1.840381861238266125e-04 1.977370314307989841e-04
7.222236215995995963e+02 2.133574961225608501e-04 1.980976887106287261e-04
7.222241221001000895e+02 1.671711673171740614e-04 1.984565256634466483e-04
7.222246226006005827e+02 2.081244156478775139e-04 1.988135250856444211e-04
7.222251231011010759e+02 1.879853908852641218e-04 1.991686696086538181e-04
7.222256236016015691e+02 1.921830249072268746e-04 1.995219416977569125e-04
7.222261241021020624e+02 1.639261516297071378e-04 1.998733236509042427e-04
7.222266246026025556e+02 1.868508655198010274e-04 2.002227975975428979e-04
7.222271251031030488e+02 1.413189376700619074e-04 2.005703454974549582e-04
7.222276256036035420e+02 2.096403119100117944e-04 2.009159491396063704e-04
7.222281261041040352e+02 1.389172485612209340e-04 2.012595901410084811e-04
7.222286266046045284e+02 1.551588954593375604e-04 2.016012499455925263e-04
7.222291271051050217e+02 1.871517190664073130e-04 2.019409098230974574e-04
7.222296276056056286e+02 1.944267055404150571e-04 2.022785508680500859e-04
7.222301281061061218e+02 1.713858732877917711e-04 2.026141539983774946e-04
7.222306286066066150e+02 1.898249565397984906e-04 2.029476999548035705e-04
7.222311291071071082e+02 1.931837320337820177e-04 2.032791692994963273e-04
7.222316296076076014e+02 1.922218759533757672e-04 2.036085424151183880e-04
7.222321301081080946e+02 1.617533512185608208e-04 2.039357995038210624e-04
7.222326306086085879e+02 2.223408608831908676e-04 2.042609205862608670e-04
7.222331311091090811e+02 1.848877849927345318e-04 2.045838855006381631e-04
7.222336316096095743e+02 1.967437568401804080e-04 2.049046739017609483e-04
7.222341321101100675e+02 1.877265796983366270e-04 2.052232652601337741e-04
7.222346326106105607e+02 1.973740990969190636e-04 2.055396388610744736e-04
7.222351331111110539e+02 2.034752454798100353e-04 2.058537738038591057e-04
7.222356336116115472e+02 1.676149435969501536e-04 2.061656490008970664e-04
7.222361341121120404e+02 1.877012654041921647e-04 2.064752431769383478e-04
7.222366346126125336e+02 1.991616731108579853e-04 2.067825348683135936e-04
7.222371351131130268e+02 2.201396967255501926e-04 2.070875024222097163e-04
7.222376356136136337e+02 1.788848830398634296e-04 2.073901239960502759e-04
7.222381361141141269e+02 1.952575970274404292e-04 2.076903775565723087e-04
7.222386366146146202e+02 1.538742253848192853e-04 2.079882408796291651e-04
7.222391371151151134e+02 1.755876941081570167e-04 2.082836915493492232e-04
7.222396376156156066e+02 2.030702940924694990e-04 2.085767069576821499e-04
7.222401381161160998e+02 1.720033509922488013e-04 2.088672643039232344e-04
7.222406386166165930e+02 1.684598364295387572e-04 2.091553405942859687e-04
7.222411391171170862e+02 1.980136200628163892e-04 2.094409126415252328e-04
7.222416396176175795e+02 1.765177807634520774e-04 2.097239570646128749e-04
7.222421401181180727e+02 1.859376786751827898e-04 2.100044502884694519e-04
7.222426406186185659e+02 1.815100883570393926e-04 2.102823685437524585e-04
7.222431411191190591e+02 1.799819818470708337e-04 2.105576878667048634e-04
7.222436416196195523e+02 1.903834746633968817e-04 2.108303840990668012e-04
7.222441421201200455e+02 1.599629908638374159e-04 2.111004328880509615e-04
7.222446426206205388e+02 2.030221406819775914e-04 2.113678096863873929e-04
7.222451431211211457e+02 1.781824712800316921e-04 2.116324897524973552e-04
7.222456436216216389e+02 2.071308232625673881e-04 2.118944481504417385e-04
7.222461441221221321e+02 1.646371631991295061e-04 2.121536597505459970e-04
7.222466446226226253e+02 1.737986893785098083e-04 2.124100992295028232e-04
7.222471451231231185e+02 1.888281574210721244e-04 2.126637410708586838e-04
7.222476456236236118e+02 1.940967841723240464e-04 2.129145595655258609e-04
7.222481461241241050e+02 1.747763974692420846e-04 2.131625288123830731e-04
7.222486466246245982e+02 1.762873362936387845e-04 2.134076227189690667e-04
7.222491471251250914e+02 2.049961227746854246e-04 2.136498150022715355e-04
7.222496476256255846e+02 2.076522025829086019e-04 2.138890791896157597e-04
7.222501481261260778e+02 1.588449659030063943e-04 2.141253886196563532e-04
7.222506486266265711e+02 1.637111730297764387e-04 2.143587164434762919e-04
7.222511491271270643e+02 2.413017622316017288e-04 2.145890356257962057e-04
7.222516496276275575e+02 1.989660642696381603e-04 2.148163189462990569e-04
7.222521501281280507e+02 2.370747444490839081e-04 2.150405390010737283e-04
7.222526506286285439e+02 2.147469088329506085e-04 2.152616682041818034e-04
7.222531511291291508e+02 2.077655498612321762e-04 2.154796787894011536e-04
7.222536516296296440e+02 2.075181651145276964e-04 2.156945428118550603e-04
7.222541521301301373e+02 2.040546326060949307e-04 2.159062321502728035e-04
7.222546526306306305e+02 1.556306607078162564e-04 2.161147185088951200e-04
7.222551531311311237e+02 1.945834276884022889e-04 2.163199734197752597e-04
7.222556536316316169e+02 1.757661016248483450e-04 2.165219682451810360e-04
7.222561541321321101e+02 1.839989923825600753e-04 2.167206741801533799e-04
7.222566546326326034e+02 2.398757603887368556e-04 2.169160622552259257e-04
7.222571551331330966e+02 1.912817381721492610e-04 2.171081033393124039e-04
7.222576556336335898e+02 1.788728488699884388e-04 2.172967681427655554e-04
7.222581561341340830e+02 1.869154866461096489e-04 2.174820272206147756e-04
7.222586566346345762e+02 2.144871845846014775e-04 2.176638509759870437e-04
7.222591571351350694e+02 1.416757377948596182e-04 2.178422096637179658e-04
7.222596576356355627e+02 2.014327437613634296e-04 2.180170733941586263e-04
7.222601581361360559e+02 2.133552348975627244e-04 2.181884121371838018e-04
7.222606586366365491e+02 2.026233956779141814e-04 2.183561957264095886e-04
7.222611591371371560e+02 1.873961150307172576e-04 2.185203938636617253e-04
7.222616596376376492e+02 1.900484651319406476e-04 2.186809761234809950e-04
7.222621601381381424e+02 2.194251517935541605e-04 2.188379119582283807e-04
7.222626606386386356e+02 1.850706310367369585e-04 2.189911707030523652e-04
7.222631611391391289e+02 2.012598395918398372e-04 2.191407215812855467e-04
7.222636616396396221e+02 2.143699553233769175e-04 2.192865337100539491e-04
7.222641621401401153e+02 2.239192623111826443e-04 2.194285761061427992e-04
7.222646626406406085e+02 2.370801278668972193e-04 2.195668176921273650e-04
7.222651631411411017e+02 1.988784454040897929e-04 2.197012273027755763e-04
7.222656636416415949e+02 1.931683984732218576e-04 2.198317736917316156e-04
7.222661641421420882e+02 2.054174733160365671e-04 2.199584255384872842e-04
7.222666646426425814e+02 2.148886158669356217e-04 2.200811514556501411e-04
7.222671651431430746e+02 2.015385679521876068e-04 2.201999199965164113e-04
7.222676656436435678e+02 1.745614650260932869e-04 2.203146996629572554e-04
7.222681661441440610e+02 1.714702776432153403e-04 2.204254589136276710e-04
7.222686666446446679e+02 1.752094509940692205e-04 2.205321661725291691e-04
7.222691671451451612e+02 2.252960203796829054e-04 2.206347898377934648e-04
7.222696676456456544e+02 1.905977677870192429e-04 2.207332982910564627e-04
7.222701681461461476e+02 2.060212583317474848e-04 2.208276599069471395e-04
7.222706686466466408e+02 2.350642959399904474e-04 2.209178430630670293e-04
7.222711691471471340e+02 2.031108125017125289e-04 2.210038161503230492e-04
7.222716696476476272e+02 1.845195607603522016e-04 2.210855475836463291e-04
7.222721701481481205e+02 2.182309444429733744e-04 2.211630058131096202e-04
7.222726706486486137e+02 2.100339087977252928e-04 2.212361593354507925e-04
7.222731711491491069e+02 1.883550610661182214e-04 2.213049767060144813e-04
7.222736716496496001e+02 1.633010733974692283e-04 2.213694265511208009e-04
7.222741721501500933e+02 1.971573161884348330e-04 2.214294775808728355e-04
7.222746726506505865e+02 1.890512866143721857e-04 2.214850986024119591e-04
7.222751731511510798e+02 2.290808531799563667e-04 2.215362585336335625e-04
7.222756736516515730e+02 1.898584034761136821e-04 2.215829264173718868e-04
7.222761741521520662e+02 1.847263693131009541e-04 2.216250714360667041e-04
7.222766746526526731e+02 2.022355103382800895e-04 2.216626629269293543e-04
7.222771751531531663e+02 2.143879000538355178e-04 2.216956703975712483e-04
7.222776756536536595e+02 1.951905876656622602e-04 2.217240635422304984e-04
7.222781761541541528e+02 2.178021320625099478e-04 2.217478122584379220e-04
7.222786766546546460e+02 1.967657224664748599e-04 2.217668866642637704e-04
7.222791771551551392e+02 2.071671212870303497e-04 2.217812571161030630e-04
7.222796776556556324e+02 1.964921169294324063e-04 2.217908942270212637e-04
7.222801781561561256e+02 2.394969451724781651e-04 2.217957688856693531e-04
7.222806786566566188e+02 2.283245687102128656e-04 2.217958522757822561e-04
7.222811791571571121e+02 2.420447714399750398e-04 2.217911158962695419e-04
7.222816796576576053e+02 2.058052231285914351e-04 2.217815315819120030e-04
7.222821801581580985e+02 2.223226361151649406e-04 2.217670715246736006e-04
7.222826806586585917e+02 2.010778675754307395e-04 2.217477082956410275e-04
7.222831811591590849e+02 2.327613824012116648e-04 2.217234148676018926e-04
7.222836816596595781e+02 2.363795923466501317e-04 2.216941646382722896e-04
7.222841821601601850e+02 1.945174174149395081e-04 2.216599314541767827e-04
7.222846826606606783e+02 1.893975003925801306e-04 2.216206896352404163e-04
7.222851831611611715e+02 1.677031852800307961e-04 2.215764139999835134e-04
7.222856836616616647e+02 2.252388933583380441e-04 2.215270798914861761e-04
7.222861841621621579e+02 2.359052325783393580e-04 2.214726632040181617e-04
7.222866846626626511e+02 2.000101562680938470e-04 2.214131404103885324e-04
7.222871851631631444e+02 2.007712728365092507e-04 2.213484885900186860e-04
7.222876856636636376e+02 2.382826129172678899e-04 2.212786854577463000e-04
7.222881861641641308e+02 1.741997801927967239e-04 2.212037093933717660e-04
7.222886866646646240e+02 2.166784901291347214e-04 2.211235394719536713e-04
7.222891871651651172e+02 2.630649994584466963e-04 2.210381554948629508e-04
7.222896876656656104e+02 2.003234704164465457e-04 2.209475380216036793e-04
7.222901881661661037e+02 2.182676213672999689e-04 2.208516684024070074e-04
7.222906886666665969e+02 2.076716373226285750e-04 2.207505288116065362e-04
7.222911891671670901e+02 1.907868531377989851e-04 2.206441022818006340e-04
7.222916896676675833e+02 2.367064123434344284e-04 2.205323727388080080e-04
7.222921901681681902e+02 2.112673922464404963e-04 2.204153250373939012e-04
7.222926906686686834e+02 1.916883936224944877e-04 2.202929449979344214e-04
7.222931911691691766e+02 1.764510488024559408e-04 2.201652194436204239e-04
7.222936916696696699e+02 2.090306723318879943e-04 2.200321362387351609e-04
7.222941921701701631e+02 1.952682472735978799e-04 2.198936843276134599e-04
7.222946926706706563e+02 2.226129306883393999e-04 2.197498537744395060e-04
7.222951931711711495e+02 1.780935336975355372e-04 2.196006358038586701e-04
7.222956936716716427e+02 2.318882010707450417e-04 2.194460228424021905e-04
7.222961941721721359e+02 2.224607101335599282e-04 2.192860085607235420e-04
7.222966946726726292e+02 2.056463387658131201e-04 2.191205879166434854e-04
7.222971951731731224e+02 1.787204656695843240e-04 2.189497571989994316e-04
7.222976956736736156e+02 2.075906800856303449e-04 2.187735140722955429e-04
7.222981961741741088e+02 1.687681097766888184e-04 2.185918576221456582e-04
7.222986966746746020e+02 2.153630903279195059e-04 2.184047884015015049e-04
7.222991971751750953e+02 2.549843512271044582e-04 2.182123084776581214e-04
7.222996976756755885e+02 2.005009722160720743e-04 2.180144214800246183e-04
7.223001981761761954e+02 2.232728567482448849e-04 2.178111326486016218e-04
7.223006986766766886e+02 2.355225530125328200e-04 2.176024488834318708e-04
7.223011991771771818e+02 2.068148464852268996e-04 2.173883787943111301e-04
7.223016996776776750e+02 2.286071712753710850e-04 2.171689327516672775e-04
7.223022001781781682e+02 1.873798070303162142e-04 2.169441229378980904e-04
7.223027006786786615e+02 2.273591120566909149e-04 2.167139633994204033e-04
7.223032011791791547e+02 2.161585713039083554e-04 2.164784700993643396e-04
7.223037016796796479e+02 2.220290717813540792e-04 2.162376609708848059e-04
7.223042021801801411e+02 2.461628928440244817e-04 2.159915559710645281e-04
7.223047026806806343e+02 2.050019400568391320e-04 2.157401771353793535e-04
7.223052031811811275e+02 2.352991006941864804e-04 2.154835486326923738e-04
7.223057036816816208e+02 2.317610723112085947e-04 2.152216968207446653e-04
7.223062041821821140e+02 2.271607830910045715e-04 2.149546503021044857e-04
7.223067046826826072e+02 2.432159702814868513e-04 2.146824399805368421e-04
7.223072051831831004e+02 2.149918251398058090e-04 2.144050991177503347e-04
7.223077056836837073e+02 2.368059782673153876e-04 2.141226633904141561e-04
7.223082061841842005e+02 2.220373768373548205e-04 2.138351709477832202e-04
7.223087066846846938e+02 2.473023870989408176e-04 2.135426624689170402e-04
7.223092071851851870e+02 2.169094655252468162e-04 2.132451812207234408e-04
7.223097076856856802e+02 1.712995916203812938e-04 2.129427731158102847e-04
7.223102081861861734e+02 2.293288373461796145e-04 2.126354867704701227e-04
7.223107086866866666e+02 2.414873292030045380e-04 2.123233735626720269e-04
7.223112091871871598e+02 2.520149925201051687e-04 2.120064876899957983e-04
7.223117096876876531e+02 2.237975513357365310e-04 2.116848862274395119e-04
7.223122101881881463e+02 2.236824533555908652e-04 2.113586291850305513e-04
7.223127106886886395e+02 2.362427932738785574e-04 2.110277795651641552e-04
7.223132111891891327e+02 2.296841939655671510e-04 2.106924034195924449e-04
7.223137116896896259e+02 2.294570260774806108e-04 2.103525699059820200e-04
7.223142121901901191e+02 2.421279196407364687e-04 2.100083513439563419e-04
7.223147126906906124e+02 2.311440704359570019e-04 2.096598232705345689e-04
7.223152131911911056e+02 2.282448852494956210e-04 2.093070644948754439e-04
7.223157136916917125e+02 2.505717785368777577e-04 2.089501571521501630e-04
7.223162141921922057e+02 2.725081159371654403e-04 2.085891867569354555e-04
7.223167146926926989e+02 2.191670349844633352e-04 2.082242422548050468e-04
7.223172151931931921e+02 2.158555032096461383e-04 2.078554160736394445e-04
7.223177156936936854e+02 2.381566569607577143e-04 2.074828041733288290e-04
7.223182161941941786e+02 2.472479316691538528e-04 2.071065060942458354e-04
7.223187166946946718e+02 2.033813200988953166e-04 2.067266250042909558e-04
7.223192171951951650e+02 2.059993485929351208e-04 2.063432677443950952e-04
7.223197176956956582e+02 2.143630803994469409e-04 2.059565448723573073e-04
7.223202181961961514e+02 2.390766195169076219e-04 2.055665707048956849e-04
7.223207186966966447e+02 1.812131358047130167e-04 2.051734633577849843e-04
7.223212191971971379e+02 2.334014720891815458e-04 2.047773447839522376e-04
7.223217196976976311e+02 2.320671815708195496e-04 2.043783408093991893e-04
7.223222201981981243e+02 2.294230838341738445e-04 2.039765811668183644e-04
7.223227206986986175e+02 2.489070718477836707e-04 2.035721995267663470e-04
7.223232211991991107e+02 2.117723563446385752e-04 2.031653335262570653e-04
7.223237216996997176e+02 2.459476519539255195e-04 2.027561247945424382e-04
7.223242222002002109e+02 2.426386610290221998e-04 2.023447189764970714e-04
7.223247227007007041e+02 2.344340488777505328e-04 2.019312657520701455e-04
7.223252232012011973e+02 2.076198316436069316e-04 2.015159188535191619e-04
7.223257237017016905e+02 2.089355078645072756e-04 2.010988360788882560e-04
7.223262242022021837e+02 2.194625807894328166e-04 2.006801793021435092e-04
7.223267247027026770e+02 2.366846733970651324e-04 2.002601144797261108e-04
7.223272252032031702e+02 2.181146937483259768e-04 1.998388116533799839e-04
7.223277257037036634e+02 2.229316608603254990e-04 1.994164449491078077e-04
7.223282262042041566e+02 2.451828680251651313e-04 1.989931925721125365e-04
7.223287267047046498e+02 2.446688852444334444e-04 1.985692367975817624e-04
7.223292272052051430e+02 2.051886928972436789e-04 1.981447639571731084e-04
7.223297277057056363e+02 1.977881566589442916e-04 1.977199644210633636e-04
7.223302282062061295e+02 2.406806686441320122e-04 1.972950325754222595e-04
7.223307287067066227e+02 2.470816995460711502e-04 1.968701667951797769e-04
7.223312292072072296e+02 1.912631698465404252e-04 1.964455694118580581e-04
7.223317297077077228e+02 2.363937963623254741e-04 1.960214466769211715e-04
7.223322302082082160e+02 2.335015961698163668e-04 1.955980087190727795e-04
7.223327307087087092e+02 2.448223518613577669e-04 1.951754694973140602e-04
7.223332312092092025e+02 2.459858740068539208e-04 1.947540467482016902e-04
7.223337317097096957e+02 2.885493029595243616e-04 1.943339619277789242e-04
7.223342322102101889e+02 2.631571006657516961e-04 1.939154401479822052e-04
7.223347327107106821e+02 2.150027122888302120e-04 1.934987101074304137e-04
7.223352332112111753e+02 2.491552486142285241e-04 1.930840040165108075e-04
7.223357337117116685e+02 2.484549037803248880e-04 1.926715575166822333e-04
7.223362342122121618e+02 2.313193202180303270e-04 1.922616095939276852e-04
7.223367347127126550e+02 2.365448986513710270e-04 1.918544024862933273e-04
7.223372352132131482e+02 2.537118803457709968e-04 1.914501815854641046e-04
7.223377357137136414e+02 2.231946873377502378e-04 1.910491953323340951e-04
7.223382362142141346e+02 2.006288402244158723e-04 1.906516951065399964e-04
7.223387367147146279e+02 2.137194610605546623e-04 1.902579351099394783e-04
7.223392372152152348e+02 2.448027807264668387e-04 1.898681722439362284e-04
7.223397377157157280e+02 2.856067564834039027e-04 1.894826659811861460e-04
7.223402382162162212e+02 2.475732409042039300e-04 1.891016782303736685e-04
7.223407387167167144e+02 2.248501455641438722e-04 1.887254731958596320e-04
7.223412392172172076e+02 2.452670294172828677e-04 1.883543172309108443e-04
7.223417397177177008e+02 2.272611436264660313e-04 1.879884786851013939e-04
7.223422402182181941e+02 2.211232356033797320e-04 1.876282277458659622e-04
7.223427407187186873e+02 2.335946233642371820e-04 1.872738362742904113e-04
7.223432412192191805e+02 2.276938102052448575e-04 1.869255776352372260e-04
7.223437417197196737e+02 2.137206360371127689e-04 1.865837265219207888e-04
7.223442422202201669e+02 2.201350495929062711e-04 1.862485587750602894e-04
7.223447427207206601e+02 2.662249833101029564e-04 1.859203511967557406e-04
7.223452432212211534e+02 2.288644084800799030e-04 1.855993813592450418e-04
7.223457437217216466e+02 2.019149507149072768e-04 1.852859274087184367e-04
7.223462442222221398e+02 2.693138067901601528e-04 1.849802678643799360e-04
7.223467447227227467e+02 2.201005752594124626e-04 1.846826814128952709e-04
7.223472452232232399e+02 2.604388002095056349e-04 1.843934466988494405e-04
7.223477457237237331e+02 2.215011146716274241e-04 1.841128421104408161e-04
7.223482462242242264e+02 1.722232294528176343e-04 1.838411455620155292e-04
7.223487467247247196e+02 2.202134335692201047e-04 1.835786342726895696e-04
7.223492472252252128e+02 2.357605514226895254e-04 1.833255845417487695e-04
7.223497477257257060e+02 2.178503314129892924e-04 1.830822715210527049e-04
7.223502482262261992e+02 2.653832936711914264e-04 1.828489689847509936e-04
7.223507487267266924e+02 2.156420586071353866e-04 1.826259490966341094e-04
7.223512492272271857e+02 2.234085066848909837e-04 1.824134821754516689e-04
7.223517497277276789e+02 2.133282746372678305e-04 1.822118364585458407e-04
7.223522502282281721e+02 2.192585404778336108e-04 1.820212778641559304e-04
7.223527507287286653e+02 2.313190775366966395e-04 1.818420697527631203e-04
7.223532512292291585e+02 1.940776556922021588e-04 1.816744726878525597e-04
7.223537517297296517e+02 2.166945162709279409e-04 1.815187441964797828e-04
7.223542522302301450e+02 2.079490581295345220e-04 1.813751385300358624e-04
7.223547527307307519e+02 2.289666829116772297e-04 1.812439064255849392e-04
7.223552532312312451e+02 2.404594572660685389e-04 1.811252948683548831e-04
7.223557537317317383e+02 1.973959436201054238e-04 1.810195468553537615e-04
7.223562542322322315e+02 2.301771347527137909e-04 1.809269011611257380e-04
7.223567547327327247e+02 2.257281273542540594e-04 1.808475921056107015e-04
7.223572552332332180e+02 1.828527135051760612e-04 1.807818493247139141e-04
7.223577557337337112e+02 2.043332705137703028e-04 1.807298975439762859e-04
7.223582562342342044e+02 2.044917729548028696e-04 1.806919563557657610e-04
7.223587567347346976e+02 2.167195535482160636e-04 1.806682400004088547e-04
7.223592572352351908e+02 2.380634458484416898e-04 1.806589571516781375e-04
7.223597577357356840e+02 1.527855086933067787e-04 1.806643107070465208e-04
7.223602582362361773e+02 1.756374570847849513e-04 1.806844975831147057e-04
7.223607587367366705e+02 1.444616299129555890e-04 1.807197085166086393e-04
7.223612592372371637e+02 1.699527213192856753e-04 1.807701278713390791e-04
7.223617597377376569e+02 1.691985513468827695e-04 1.808359334515024402e-04
7.223622602382381501e+02 1.444478709779368217e-04 1.809172963216936121e-04
7.223627607387387570e+02 1.845032503659840535e-04 1.810143806340130360e-04
7.223632612392392502e+02 1.387005092786316464e-04 1.811273434624724682e-04
7.223637617397397435e+02 1.882724311155283838e-04 1.812563346453713374e-04
7.223642622402402367e+02 1.381461238913788336e-04 1.814014966355173314e-04
7.223647627407407299e+02 1.157640525382987694e-04 1.815629643589124079e-04
7.223652632412412231e+02 1.698842181783152328e-04 1.817408650820616269e-04
7.223657637417417163e+02 1.323402898303754080e-04 1.819353182881877835e-04
7.223662642422422095e+02 1.445232870427902785e-04 1.821464355625968955e-04
7.223667647427427028e+02 1.125056639970932107e-04 1.823743204874196829e-04
7.223672652432431960e+02 9.191877509400348933e-05 1.826190685459318913e-04
7.223677657437436892e+02 1.102711588479473166e-04 1.828807670366369622e-04
7.223682662442441824e+02 8.388441898318879956e-05 1.831594949972713748e-04
7.223687667447446756e+02 7.507446634176573373e-05 1.834553231388710056e-04
7.223692672452451689e+02 8.947369351828480784e-05 1.837683137900141071e-04
7.223697677457456621e+02 6.379966390106651779e-05 1.840985208513326566e-04
7.223702682462462690e+02 4.821639300609310326e-05 1.844459897604424823e-04
7.223707687467467622e+02 6.011404854013194341e-05 1.848107574668543637e-04
7.223712692472472554e+02 3.488065606816839769e-05 1.851928524180833694e-04
7.223717697477477486e+02 9.563542807889897007e-06 1.855922945553732239e-04
7.223722702482482418e+02 3.850677536322140936e-05 1.860090953201853936e-04
7.223727707487487351e+02 1.924538081175429847e-05 1.864432576709368914e-04
7.223732712492492283e+02 2.827569844515047322e-05 1.868947761099914355e-04
7.223737717497497215e+02 3.630230249160604905e-05 1.873636367208080108e-04
7.223742722502502147e+02 2.254643629760857675e-05 1.878498172151287350e-04
7.223747727507507079e+02 1.414614370377178910e-05 1.883532869900666573e-04
7.223752732512512011e+02 1.305478252460249841e-05 1.888740071949310739e-04
7.223757737517516944e+02 3.254691186574641410e-05 1.894119308076094626e-04
7.223762742522521876e+02 4.376651174291228813e-05 1.899670027203022337e-04
7.223767747527526808e+02 5.471843517332874182e-05 1.905391598343907176e-04
7.223772752532531740e+02 5.003844383188911233e-05 1.911283311641971021e-04
7.223777757537536672e+02 6.622548897291060700e-05 1.917344379493800938e-04
7.223782762542542741e+02 7.378061284821321904e-05 1.923573937758348441e-04
7.223787767547547674e+02 6.525066675952827288e-05 1.929971047039521690e-04
7.223792772552552606e+02 9.221949177275167700e-05 1.936534694060645120e-04
7.223797777557557538e+02 1.172550608377537137e-04 1.943263793099316451e-04
7.223802782562562470e+02 9.849181931971334129e-05 1.950157187500487518e-04
7.223807787567567402e+02 1.172315444737099768e-04 1.957213651255959824e-04
7.223812792572572334e+02 1.137207047315363538e-04 1.964431890648166211e-04
7.223817797577577267e+02 1.537217081323515315e-04 1.971810545954648896e-04
7.223822802582582199e+02 1.524466944953212883e-04 1.979348193209562738e-04
7.223827807587587131e+02 1.657941563915571535e-04 1.987043346018447804e-04
7.223832812592592063e+02 1.495723606838056548e-04 1.994894457422496296e-04
7.223837817597596995e+02 2.144398506045081323e-04 2.002899921808464130e-04
7.223842822602601927e+02 1.900351962336282432e-04 2.011058076860367926e-04
7.223847827607606860e+02 1.695154756790254852e-04 2.019367205549078403e-04
7.223852832612611792e+02 1.758785386091235277e-04 2.027825538155923551e-04
7.223857837617617861e+02 1.854222289843813435e-04 2.036431254328376344e-04
7.223862842622622793e+02 1.741480691774767626e-04 2.045182485152166748e-04
7.223867847627627725e+02 2.282845542066080534e-04 2.054077315265366186e-04
7.223872852632632657e+02 2.097773907553214588e-04 2.063113784971533620e-04
7.223877857637637590e+02 1.913910067874576243e-04 2.072289892377398484e-04
7.223882862642642522e+02 2.468972736587337399e-04 2.081603595539691575e-04
7.223887867647647454e+02 2.642950205876835250e-04 2.091052814619413032e-04
7.223892872652652386e+02 2.345994896862072952e-04 2.100635434039953287e-04
7.223897877657657318e+02 2.238209861541970750e-04 2.110349304645559618e-04
7.223902882662662250e+02 2.456057059419779740e-04 2.120192245856729796e-04
7.223907887667667183e+02 2.344411560946965765e-04 2.130162047819206229e-04
7.223912892672672115e+02 2.342691040521073195e-04 2.140256473543341307e-04
7.223917897677677047e+02 2.427739921073715176e-04 2.150473261030714698e-04
7.223922902682681979e+02 2.527697713518583275e-04 2.160810125384983362e-04
7.223927907687686911e+02 2.656223149993854884e-04 2.171264760904076786e-04
7.223932912692691843e+02 2.529358912896720888e-04 2.181834843150940188e-04
7.223937917697697912e+02 2.565974869546393819e-04 2.192518031002632444e-04
7.223942922702702845e+02 2.586132856117153616e-04 2.203311968660611202e-04
7.223947927707707777e+02 2.566748942962238014e-04 2.214214287656288431e-04
7.223952932712712709e+02 2.284251846144716414e-04 2.225222608801028206e-04
7.223957937717717641e+02 2.381278965059704315e-04 2.236334544114805761e-04
7.223962942722722573e+02 2.642982587455331876e-04 2.247547698716981538e-04
7.223967947727727505e+02 2.686211026105886205e-04 2.258859672679761066e-04
7.223972952732732438e+02 2.628816205945946134e-04 2.270268062842570160e-04
7.223977957737737370e+02 2.640629960046466176e-04 2.281770464585751944e-04
7.223982962742742302e+02 2.698940230621036740e-04 2.293364473562115242e-04
7.223987967747747234e+02 2.789532123426282598e-04 2.305047687384966339e-04
7.223992972752752166e+02 3.006874052273317277e-04 2.316817707271441270e-04
7.223997977757757099e+02 3.564123416601098875e-04 2.328672139640023504e-04
7.224002982762762031e+02 2.662611908441247415e-04 2.340608597661306231e-04
7.224007987767766963e+02 2.884313567359899949e-04 2.352624702761149504e-04
7.224012992772771895e+02 2.705899906681758101e-04 2.364718086075531008e-04
7.224017997777777964e+02 2.343146873296786121e-04 2.376886389859241553e-04
7.224023002782782896e+02 2.984673685196021636e-04 2.389127268831356377e-04
7.224028007787787828e+02 3.069091543688229123e-04 2.401438391498578987e-04
7.224033012792792761e+02 2.936370252538876525e-04 2.413817441400940118e-04
7.224038017797797693e+02 2.812216587648904667e-04 2.426262118321088380e-04
7.224043022802802625e+02 2.953345451837395856e-04 2.438770139440582117e-04
7.224048027807807557e+02 2.613801024072222637e-04 2.451339240445952615e-04
7.224053032812812489e+02 3.019748231208934318e-04 2.463967176584682599e-04
7.224058037817817421e+02 3.093865120948693665e-04 2.476651723671309795e-04
7.224063042822822354e+02 3.125329880105661784e-04 2.489390679043947227e-04
7.224068047827827286e+02 3.428809701820683059e-04 2.502181862471612164e-04
7.224073052832832218e+02 3.289052566443411915e-04 2.515023117012796065e-04
7.224078057837837150e+02 3.015450112307368948e-04 2.527912309825826559e-04
7.224083062842842082e+02 3.047917009458239561e-04 2.540847332931576563e-04
7.224088067847847014e+02 3.304211739203454781e-04 2.553826103929200350e-04
7.224093072852853084e+02 3.623031286534799766e-04 2.566846566668547062e-04
7.224098077857858016e+02 2.769969872502857020e-04 2.579906691862264936e-04
7.224103082862862948e+02 2.818278505065503975e-04 2.593004477682777113e-04
7.224108087867867880e+02 2.763977981078814361e-04 2.606137950285849375e-04
7.224113092872872812e+02 3.379134776148874338e-04 2.619305164305974040e-04
7.224118097877877744e+02 3.135752204695481274e-04 2.632504203306787124e-04
7.224123102882882677e+02 2.754528300228315852e-04 2.645733180190427297e-04
7.224128107887887609e+02 2.778708815850052406e-04 2.658990237566848211e-04
7.224133112892892541e+02 2.673928858754629151e-04 2.672273548084093051e-04
7.224138117897897473e+02 3.475040985844313072e-04 2.685581314720587301e-04
7.224143122902902405e+02 3.014137811890395041e-04 2.698911771040506309e-04
7.224148127907907337e+02 3.312947785449087612e-04 2.712263181413302913e-04
7.224153132912912270e+02 2.876327855446648117e-04 2.725633841198489647e-04
7.224158137917917202e+02 2.990930074619220893e-04 2.739022076896774891e-04
7.224163142922922134e+02 2.862887872363723300e-04 2.752426246268666467e-04
7.224168147927927066e+02 2.725249648901899996e-04 2.765844738421652325e-04
7.224173152932933135e+02 2.915891410996438804e-04 2.779275973870143921e-04
7.224178157937938067e+02 3.623482702568555443e-04 2.792718404550958620e-04
7.224183162942943000e+02 3.179560711209731953e-04 2.806170513841258363e-04
7.224188167947947932e+02 3.352999155115651614e-04 2.819630816519003939e-04
7.224193172952952864e+02 3.276809392151704332e-04 2.833097858712813879e-04
7.224198177957957796e+02 3.010614882350235734e-04 2.846570217823982140e-04
7.224203182962962728e+02 3.836483979242940982e-04 2.860046502424836313e-04
7.224208187967967660e+02 3.344029053101226314e-04 2.873525352134450109e-04
7.224213192972972593e+02 3.512634956162547840e-04 2.887005437472807867e-04
7.224218197977977525e+02 3.798212532584020100e-04 2.900485459694452707e-04
7.224223202982982457e+02 3.057382807089271373e-04 2.913964150602620117e-04
7.224228207987987389e+02 3.398799561218335784e-04 2.927440272344894586e-04
7.224233212992992321e+02 3.479270896675075680e-04 2.940912617191354726e-04
7.224238217997997253e+02 3.534260969005326289e-04 2.954380007296192453e-04
7.224243223003002186e+02 3.441475998748657066e-04 2.967841294443732667e-04
7.224248228008008255e+02 3.266125819039549221e-04 2.981295359782855760e-04
7.224253233013013187e+02 3.620460700885795081e-04 2.994741113532383022e-04
7.224258238018018119e+02 3.727636078398268880e-04 3.008177494704151892e-04
7.224263243023023051e+02 3.649731406692022966e-04 3.021603470783507540e-04
7.224268248028027983e+02 2.514180300589818309e-04 3.035018037413904119e-04
7.224273253033032915e+02 3.388438020608504830e-04 3.048420218068078171e-04
7.224278258038037848e+02 3.832852812618169243e-04 3.061809063709657747e-04
7.224283263043042780e+02 3.422708935220413373e-04 3.075183652445942321e-04
7.224288268048047712e+02 3.524136381451623522e-04 3.088543089172623838e-04
7.224293273053052644e+02 3.252863552348634864e-04 3.101886505211146018e-04
7.224298278058057576e+02 2.827542206626699095e-04 3.115213057939407752e-04
7.224303283063062509e+02 3.214811168863087720e-04 3.128521930416467063e-04
7.224308288068067441e+02 3.309193508878824916e-04 3.141812331001890730e-04
7.224313293073072373e+02 3.697358694303362614e-04 3.155083492970387100e-04
7.224318298078077305e+02 3.168627650617693650e-04 3.168334674122292899e-04
7.224323303083082237e+02 2.928776843413694151e-04 3.181565156390509289e-04
7.224328308088088306e+02 2.785635539104018761e-04 3.194774245447421662e-04
7.224333313093093238e+02 3.629533166581432350e-04 3.207961270294348052e-04
7.224338318098098171e+02 3.270712950545464552e-04 3.221125582879001714e-04
7.224343323103103103e+02 3.303108187242098474e-04 3.234266557681467918e-04
7.224348328108108035e+02 3.899923311900138113e-04 3.247383591314137148e-04
7.224353333113112967e+02 3.740808346056400746e-04 3.260476102118063679e-04
7.224358338118117899e+02 3.408437566945054652e-04 3.273543529759137126e-04
7.224363343123122831e+02 3.354439647411912783e-04 3.286585334824489819e-04
7.224368348128127764e+02 3.688354765337826776e-04 3.299600998419504813e-04
7.224373353133132696e+02 3.654771949371126327e-04 3.312590021765791015e-04
7.224378358138137628e+02 3.825288107723543449e-04 3.325551925800465311e-04
7.224383363143142560e+02 3.477701151046417053e-04 3.338486250777059376e-04
7.224388368148147492e+02 3.193572214473364731e-04 3.351392555868363946e-04
7.224393373153152424e+02 3.509335818574849325e-04 3.364270418771482703e-04
7.224398378158157357e+02 3.617083177987597204e-04 3.377119435315390113e-04
7.224403383163162289e+02 3.126755305226665933e-04 3.389939219071213877e-04
7.224408388168168358e+02 3.587574852748202404e-04 3.402729400968413807e-04
7.224413393173173290e+02 3.705487702494702747e-04 3.415489628899638381e-04
7.224418398178178222e+02 3.497155574005842479e-04 3.428219567358037974e-04
7.224423403183183154e+02 3.825139202592302713e-04 3.440918897049120482e-04
7.224428408188188087e+02 3.285304089742004802e-04 3.453587314520929416e-04
7.224433413193193019e+02 3.755379726885033163e-04 3.466224531795252537e-04
7.224438418198197951e+02 3.207547034260834666e-04 3.478830276002933646e-04
7.224443423203202883e+02 3.392125095103221480e-04 3.491404289023424695e-04
7.224448428208207815e+02 3.304790626914541922e-04 3.503946327128705063e-04
7.224453433213212747e+02 3.895787004967680295e-04 3.516456160631691052e-04
7.224458438218217680e+02 3.573210932412564751e-04 3.528933573539225058e-04
7.224463443223222612e+02 3.725272833059319836e-04 3.541378363209768550e-04
7.224468448228227544e+02 3.944109723865181884e-04 3.553790340015849274e-04
7.224473453233232476e+02 3.808543596004623322e-04 3.566169327011379240e-04
7.224478458238237408e+02 4.367087822006932756e-04 3.578515159603863540e-04
7.224483463243243477e+02 3.504998291480822714e-04 3.590827685234395912e-04
7.224488468248248410e+02 3.609114347133551576e-04 3.603106763048691740e-04
7.224493473253253342e+02 3.875829045799776855e-04 3.615352263601153988e-04
7.224498478258258274e+02 3.503913454828456466e-04 3.627564068536055959e-04
7.224503483263263206e+02 3.758109912238255350e-04 3.639742070287849390e-04
7.224508488268268138e+02 3.898744034862737040e-04 3.651886171783816034e-04
7.224513493273273070e+02 3.493346794703979419e-04 3.663996286151875183e-04
7.224518498278278003e+02 3.580381669877030467e-04 3.676072336433561195e-04
7.224523503283282935e+02 3.656566584575559600e-04 3.688114255302167251e-04
7.224528508288287867e+02 3.617553799724554722e-04 3.700121984786058590e-04
7.224533513293292799e+02 3.699980564805603177e-04 3.712095475997121059e-04
7.224538518298297731e+02 3.298427474011816928e-04 3.724034688864380233e-04
7.224543523303302663e+02 4.113537609638554492e-04 3.735939591872714655e-04
7.224548528308307596e+02 4.194230933100337303e-04 3.747810161806688673e-04
7.224553533313312528e+02 3.208237111661037906e-04 3.759646383499440922e-04
7.224558538318317460e+02 3.909370775297810446e-04 3.771448249586628436e-04
7.224563543323323529e+02 3.499201747019771522e-04 3.783215760268037690e-04
7.224568548328328461e+02 4.133077389683829234e-04 3.794948923060819648e-04
7.224573553333333393e+02 3.671798625239078490e-04 3.806647752584362368e-04
7.224578558338338325e+02 3.577784307104813887e-04 3.818312270323332650e-04
7.224583563343343258e+02 3.963610621817163413e-04 3.829942504408913860e-04
7.224588568348348190e+02 3.976599061118138044e-04 3.841538489402168775e-04
7.224593573353353122e+02 3.722585843773321547e-04 3.853100266082139865e-04
7.224598578358358054e+02 4.127599710381627028e-04 3.864627881238637654e-04
7.224603583363362986e+02 3.455305860139131565e-04 3.876121387469665136e-04
7.224608588368367919e+02 3.963757491553164753e-04 3.887580842983408302e-04
7.224613593373372851e+02 3.990472776429312453e-04 3.899006311404758641e-04
7.224618598378377783e+02 3.323616970962582520e-04 3.910397861586286826e-04
7.224623603383382715e+02 3.389213406520627677e-04 3.921755567423620970e-04
7.224628608388387647e+02 3.425792871499281581e-04 3.933079507675155736e-04
7.224633613393392579e+02 4.177835131329722240e-04 3.944369765786041870e-04
7.224638618398397512e+02 3.900585732046676348e-04 3.955626429716384068e-04
7.224643623403403581e+02 3.910357701095167103e-04 3.966849591776135955e-04
7.224648628408408513e+02 4.030443115748946000e-04 3.978039348451337717e-04
7.224653633413413445e+02 3.589915713135485181e-04 3.989195800259863001e-04
7.224658638418418377e+02 4.222288821048265440e-04 4.000319051585606999e-04
7.224663643423423309e+02 4.006109282429919398e-04 4.011409210529333293e-04
7.224668648428428241e+02 3.946551352801370223e-04 4.022466388760774047e-04
7.224673653433433174e+02 4.175854461619216921e-04 4.033490701374492374e-04
7.224678658438438106e+02 3.733195860065412468e-04 4.044482266749430989e-04
7.224683663443443038e+02 4.018652896152898144e-04 4.055441206412079935e-04
7.224688668448447970e+02 4.131999176855414343e-04 4.066367644903200488e-04
7.224693673453452902e+02 3.931733064138359527e-04 4.077261709648042362e-04
7.224698678458457834e+02 4.059322857055757501e-04 4.088123530829983741e-04
7.224703683463462767e+02 4.181959909990228636e-04 4.098953241267520409e-04
7.224708688468467699e+02 3.857226565027697539e-04 4.109750976294564411e-04
7.224713693473472631e+02 3.852939022617989507e-04 4.120516873643956831e-04
7.224718698478478700e+02 3.411248124226762745e-04 4.131251073336591854e-04
7.224723703483483632e+02 4.322101986992462220e-04 4.141953717561453049e-04
7.224728708488488564e+02 3.286574085662660456e-04 4.152624950583062619e-04
7.224733713493493497e+02 4.715699347117439022e-04 4.163264918627523079e-04
7.224738718498498429e+02 3.400069881344876016e-04 4.173873769783669461e-04
7.224743723503503361e+02 3.946268369159422820e-04 4.184451653904628092e-04
7.224748728508508293e+02 3.827318139122384746e-04 4.194998722512174242e-04
7.224753733513513225e+02 3.911044579121955491e-04 4.205515128703816541e-04
7.224758738518518157e+02 4.708657134062717189e-04 4.216001027062547444e-04
7.224763743523523090e+02 4.505741971231358748e-04 4.226456573569220727e-04
7.224768748528528022e+02 3.749113740663717522e-04 4.236881925517471431e-04
7.224773753533532954e+02 3.645027520963463026e-04 4.247277241431141395e-04
7.224778758538537886e+02 4.397479695837816331e-04 4.257642680984139913e-04
7.224783763543542818e+02 3.475546866004377731e-04 4.267978404922698307e-04
7.224788768548547750e+02 4.338140762452190454e-04 4.278284574989954991e-04
7.224793773553552683e+02 3.907970265705173986e-04 4.288561353852813024e-04
7.224798778558558752e+02 4.129702558679161271e-04 4.298808905033355107e-04
7.224803783563563684e+02 4.101386146320005642e-04 4.309027392830790245e-04
7.224808788568568616e+02 3.225330922685753316e-04 4.319216982268812475e-04
7.224813793573573548e+02 4.517928656756459811e-04 4.329377839021723872e-04
7.224818798578578480e+02 4.044873231629168148e-04 4.339510129354244529e-04
7.224823803583583413e+02 3.857028992389126363e-04 4.349614020060960399e-04
7.224828808588588345e+02 4.728815800271809902e-04 4.359689678407686940e-04
7.224833813593593277e+02 4.217692824209633585e-04 4.369737272074719799e-04
7.224838818598598209e+02 4.120016301257114306e-04 4.379756969101914008e-04
7.224843823603603141e+02 3.574006924114654172e-04 4.389748937835551579e-04
7.224848828608608073e+02 4.221678764460398605e-04 4.399713346876946520e-04
7.224853833613613006e+02 4.640059867307575131e-04 4.409650365032742841e-04
7.224858838618617938e+02 4.679405484238300804e-04 4.419560161266884940e-04
7.224863843623622870e+02 3.671955261835349593e-04 4.429442904654178515e-04
7.224868848628627802e+02 4.024189393265626942e-04 4.439298764335444705e-04
7.224873853633633871e+02 3.921193656754002970e-04 4.449127909476413654e-04
7.224878858638638803e+02 4.392389380015870458e-04 4.458930509216975716e-04
7.224883863643643735e+02 4.105326308838219826e-04 4.468706732644189697e-04
7.224888868648648668e+02 4.093656283101646063e-04 4.478456748744386062e-04
7.224893873653653600e+02 4.718675204080004389e-04 4.488180726367808925e-04
7.224898878658658532e+02 4.665622310956008901e-04 4.497878834192376601e-04
7.224903883663663464e+02 4.628031491822756031e-04 4.507551240688732882e-04
7.224908888668668396e+02 4.303192264536199866e-04 4.517198114086584193e-04
7.224913893673673329e+02 4.411300622420383189e-04 4.526819622342260260e-04
7.224918898678678261e+02 4.731529850566160958e-04 4.536415933107487458e-04
7.224923903683683193e+02 5.240585101656502738e-04 4.545987213699333109e-04
7.224928908688688125e+02 3.835484129540311536e-04 4.555533631071275705e-04
7.224933913693693057e+02 4.250996085642425818e-04 4.565055351785401094e-04
7.224938918698697989e+02 4.450064258077075221e-04 4.574552541985663339e-04
7.224943923703702922e+02 4.010957189066009917e-04 4.584025367372198344e-04
7.224948928708707854e+02 4.088799610147815468e-04 4.593473993176650123e-04
7.224953933713713923e+02 4.557472420937574206e-04 4.602898584140632039e-04
7.224958938718718855e+02 3.636738564136246001e-04 4.612299304484452451e-04
7.224963943723723787e+02 4.266263004447004136e-04 4.621676317898169503e-04
7.224968948728728719e+02 4.794882467310303828e-04 4.631029787512153410e-04
7.224973953733733651e+02 4.568819934259774583e-04 4.640359875879235068e-04
7.224978958738738584e+02 4.586724461475331720e-04 4.649666744955567718e-04
7.224983963743743516e+02 4.823021195368597854e-04 4.658950556082329950e-04
7.224988968748748448e+02 3.969236225111112161e-04 4.668211469968223969e-04
7.224993973753753380e+02 4.390759598159288098e-04 4.677449646672769668e-04
7.224998978758758312e+02 4.314743884215797810e-04 4.686665245590355467e-04
7.225003983763763244e+02 4.384322469472350060e-04 4.695858425435029673e-04
7.225008988768768177e+02 4.189480121252541845e-04 4.705029344226005776e-04
7.225013993773773109e+02 4.122709187193255589e-04 4.714178159273878449e-04
7.225018998778778041e+02 4.561820702120659423e-04 4.723305027167494399e-04
7.225024003783782973e+02 3.850721477027311515e-04 4.732410103761491090e-04
7.225029008788787905e+02 4.355999727948787776e-04 4.741493544164477312e-04
7.225034013793793974e+02 4.593419874359353102e-04 4.750555502729867340e-04
7.225039018798798907e+02 3.814134683951935509e-04 4.759596133037044541e-04
7.225044023803803839e+02 5.624989059480203042e-04 4.768615587893680488e-04
7.225049028808808771e+02 4.765576831902969355e-04 4.777614019318021806e-04
7.225054033813813703e+02 3.653945118761134413e-04 4.786591578532020121e-04
7.225059038818818635e+02 4.205080629131448472e-04 4.795548415952939256e-04
7.225064043823823567e+02 4.241068346413783040e-04 4.804484681185462779e-04
7.225069048828828500e+02 3.734258720629966138e-04 4.813400523014299201e-04
7.225074053833833432e+02 3.726236391188807433e-04 4.822296089397268564e-04
7.225079058838838364e+02 4.458038878228222455e-04 4.831171527458851434e-04
7.225084063843843296e+02 5.084306144718966870e-04 4.840026983484188388e-04
7.225089068848848228e+02 5.161839333736530262e-04 4.848862602913515344e-04
7.225094073853853160e+02 4.416894075823221059e-04 4.857678530337016854e-04
7.225099078858858093e+02 4.630117247385260714e-04 4.866474909490085972e-04
7.225104083863863025e+02 4.548819224398071258e-04 4.875251883248984735e-04
7.225109088868869094e+02 4.675908405708919580e-04 4.884009593628867120e-04
7.225114093873874026e+02 4.729581633491925646e-04 4.892748181772229579e-04
7.225119098878878958e+02 4.640556589334581461e-04 4.901467787957612850e-04
7.225124103883883890e+02 4.408762016992751054e-04 4.910168551588740956e-04
7.225129108888888823e+02 4.417854785806296473e-04 4.918850611193956342e-04
7.225134113893893755e+02 4.830238141475929432e-04 4.927514104423975569e-04
7.225139118898898687e+02 5.057671815968539392e-04 4.936159168049967030e-04
7.225144123903903619e+02 4.322814652585019353e-04 4.944785937961912719e-04
7.225149128908908551e+02 4.630381330859864933e-04 4.953394549167274659e-04
7.225154133913913483e+02 5.119224330116044870e-04 4.961985135789933471e-04
7.225159138918918416e+02 4.892711565442843698e-04 4.970557831069388234e-04
7.225164143923923348e+02 4.374982804437758726e-04 4.979112767360240402e-04
7.225169148928928280e+02 4.125202105083990026e-04 4.987650076131902154e-04
7.225174153933933212e+02 4.896086759333989798e-04 4.996169887968560618e-04
7.225179158938938144e+02 5.132087788269606293e-04 5.004672332569370854e-04
7.225184163943943076e+02 4.812424287705407717e-04 5.013157538748880867e-04
7.225189168948949145e+02 3.989872825844345376e-04 5.021625634439577310e-04
7.225194173953954078e+02 4.481801629888905133e-04 5.030076746685050674e-04
7.225199178958959010e+02 4.676195149929154014e-04 5.038511001652568782e-04
7.225204183963963942e+02 4.153320310904525599e-04 5.046928524626624699e-04
7.225209188968968874e+02 4.117824490939385462e-04 5.055329440012276080e-04
7.225214193973973806e+02 5.410690310978427588e-04 5.063713871336754119e-04
7.225219198978978739e+02 4.603227393401391207e-04 5.072081941251227553e-04
7.225224203983983671e+02 5.458803163880461854e-04 5.080433771532747713e-04
7.225229208988988603e+02 4.023405794287316121e-04 5.088769483086331286e-04
7.225234213993993535e+02 4.967248380695387169e-04 5.097089195947219781e-04
7.225239218998998467e+02 4.674194847072311713e-04 5.105393029283262617e-04
7.225244224004003399e+02 5.260163076560003120e-04 5.113681101397454147e-04
7.225249229009008332e+02 5.227800066694786958e-04 5.121953529730599716e-04
7.225254234014013264e+02 5.225444846500809214e-04 5.130210430864105310e-04
7.225259239019018196e+02 4.447056695543797050e-04 5.138451920522900569e-04
7.225264244024024265e+02 5.198201379249834395e-04 5.146678113580333957e-04
7.225269249029029197e+02 5.376221690240212030e-04 5.154889124053855468e-04
7.225274254034034129e+02 5.660363572144881455e-04 5.163085065119479887e-04
7.225279259039039061e+02 4.781278729066759355e-04 5.171266049107662481e-04
7.225284264044043994e+02 4.773398288573879079e-04 5.179432187508633276e-04
7.225289269049048926e+02 5.030234174923419246e-04 5.187583590975934807e-04
7.225294274054053858e+02 5.503250225519253341e-04 5.195720369330068290e-04
7.225299279059058790e+02 4.623749151398665437e-04 5.203842631562212440e-04
7.225304284064063722e+02 4.506610896688315916e-04 5.211950485838021422e-04
7.225309289069068654e+02 5.309207706214144921e-04 5.220044039501518232e-04
7.225314294074073587e+02 5.246543086700340263e-04 5.228123399079030341e-04
7.225319299079078519e+02 4.468813111513944645e-04 5.236188670283222933e-04
7.225324304084083451e+02 5.109193738387192906e-04 5.244239958017175504e-04
7.225329309089088383e+02 5.255189788730247301e-04 5.252277366378543030e-04
7.225334314094093315e+02 4.654686115018800258e-04 5.260300998663749658e-04
7.225339319099098248e+02 4.864355739765130341e-04 5.268310957372255047e-04
7.225344324104104317e+02 5.389072118237971457e-04 5.276307344212689864e-04
7.225349329109109249e+02 5.173209668644613646e-04 5.284290260099944701e-04
7.225354334114114181e+02 5.434661109669141959e-04 5.292259805170482266e-04
7.225359339119119113e+02 5.197646262651065387e-04 5.300216078779522791e-04
7.225364344124124045e+02 4.508793400904411645e-04 5.308159179507346498e-04
7.225369349129128977e+02 4.668839969181325404e-04 5.316089205163826653e-04
7.225374354134133910e+02 4.921689441945469512e-04 5.324006252792992970e-04
7.225379359139138842e+02 5.458102339728318660e-04 5.331910418677625373e-04
7.225384364144143774e+02 4.950050077706647216e-04 5.339801798343880293e-04
7.225389369149148706e+02 6.015640838191672803e-04 5.347680486565946226e-04
7.225394374154153638e+02 5.094028815978388384e-04 5.355546577370715565e-04
7.225399379159158570e+02 5.199910898144275177e-04 5.363400164042495455e-04
7.225404384164163503e+02 5.305512459553110051e-04 5.371241339127714315e-04
7.225409389169168435e+02 4.821238060043270203e-04 5.379070194439679320e-04
7.225414394174173367e+02 5.447851687348495477e-04 5.386886821063323035e-04
7.225419399179178299e+02 5.948384977098792638e-04 5.394691309359976074e-04
7.225424404184184368e+02 5.299451516939512191e-04 5.402483748973922187e-04
7.225429409189189300e+02 5.341428847842167411e-04 5.410264228830121433e-04
7.225434414194194233e+02 4.720034824818481758e-04 5.418032837149625372e-04
7.225439419199199165e+02 4.480431727137683287e-04 5.425789661447316496e-04
7.225444424204204097e+02 5.817188836548436905e-04 5.433534788538494763e-04
7.225449429209209029e+02 5.680348415823303302e-04 5.441268304543702295e-04
7.225454434214213961e+02 4.586099947014642218e-04 5.448990294893551328e-04
7.225459439219218893e+02 5.596934044605503342e-04 5.456700844333547832e-04
7.225464444224223826e+02 5.554236632398073517e-04 5.464400036928929215e-04
7.225469449229228758e+02 5.844943278210662637e-04 5.472087956069484694e-04
7.225474454234233690e+02 5.607478592849475616e-04 5.479764684474379985e-04
7.225479459239238622e+02 5.573683185279319297e-04 5.487430304196985265e-04
7.225484464244243554e+02 5.526881194651720938e-04 5.495084896629690106e-04
7.225489469249248486e+02 5.497905065462962071e-04 5.502728542508710831e-04
7.225494474254253419e+02 4.844667360284449719e-04 5.510361321918894615e-04
7.225499479259259488e+02 6.337072703312932216e-04 5.517983314300252884e-04
7.225504484264264420e+02 5.022711104550028807e-04 5.525594598445816765e-04
7.225509489269269352e+02 5.620817757895217896e-04 5.533195252516803992e-04
7.225514494274274284e+02 5.305317815480572758e-04 5.540785354040461338e-04
7.225519499279279216e+02 5.369104436969363231e-04 5.548364979916545984e-04
7.225524504284284149e+02 5.369249475634589423e-04 5.555934206422064557e-04
7.225529509289289081e+02 5.749822826675141021e-04 5.563493109216006765e-04
7.225534514294294013e+02 5.816806631643789893e-04 5.571041763344052999e-04
7.225539519299298945e+02 4.735520033093253297e-04 5.578580243243276516e-04
7.225544524304303877e+02 5.239340531763724733e-04 5.586108622746823946e-04
7.225549529309308809e+02 5.350092929400886632e-04 5.593626975088574101e-04
7.225554534314313742e+02 5.134491995900634671e-04 5.601135372907793545e-04
7.225559539319318674e+02 5.325605385957928126e-04 5.608633888253766134e-04
7.225564544324323606e+02 5.503011675161802911e-04 5.616122592590401964e-04
7.225569549329328538e+02 6.399736312688947487e-04 5.623601556800832211e-04
7.225574554334333470e+02 5.165865306582275145e-04 5.631070851191974716e-04
7.225579559339339539e+02 5.495540516897581091e-04 5.638530545500793079e-04
7.225584564344344471e+02 6.161896107133497426e-04 5.645980708892042602e-04
7.225589569349349404e+02 5.956557371483589026e-04 5.653421409972952559e-04
7.225594574354354336e+02 6.300911858139501050e-04 5.660852716790933103e-04
7.225599579359359268e+02 5.698290099717940021e-04 5.668274696839742215e-04
7.225604584364364200e+02 6.060647845240578219e-04 5.675687417063922250e-04
7.225609589369369132e+02 5.507480053662542003e-04 5.683090943863235416e-04
7.225614594374374065e+02 5.441820356781540500e-04 5.690485343097051538e-04
7.225619599379378997e+02 4.864442485197507243e-04 5.697870680088728233e-04
7.225624604384383929e+02 6.025179342456812555e-04 5.705247019629960730e-04
7.225629609389388861e+02 5.648668809661388200e-04 5.712614425985114344e-04
7.225634614394393793e+02 5.255837284631629863e-04 5.719972962895518995e-04
7.225639619399398725e+02 5.959297985184341343e-04 5.727322693583759405e-04
7.225644624404403658e+02 5.716007081087432070e-04 5.734663680757916488e-04
7.225649629409408590e+02 5.739910678992411752e-04 5.741995986615804418e-04
7.225654634414414659e+02 4.933193621946603156e-04 5.749319672850832907e-04
7.225659639419419591e+02 5.988011725562751922e-04 5.756634800649531973e-04
7.225664644424424523e+02 5.486386802238650291e-04 5.763941430705687768e-04
7.225669649429429455e+02 5.249746737945169177e-04 5.771239623217808796e-04
7.225674654434434387e+02 5.971843749639768129e-04 5.778529437894892786e-04
7.225679659439439320e+02 5.613713784522189609e-04 5.785810933960496786e-04
7.225684664444444252e+02 5.856561611852403306e-04 5.793084170156788826e-04
7.225689669449449184e+02 5.948258324735565582e-04 5.800349204748562722e-04
7.225694674454454116e+02 5.269018092387673345e-04 5.807606095527238776e-04
7.225699679459459048e+02 6.026524918732509674e-04 5.814854899814823289e-04
7.225704684464463980e+02 5.611405379145316136e-04 5.822095674467855052e-04
7.225709689469468913e+02 5.809412227805279324e-04 5.829328475881313896e-04
7.225714694474473845e+02 5.776406258591821122e-04 5.836553359992511895e-04
7.225719699479478777e+02 5.446499578085430048e-04 5.843770382284948790e-04
7.225724704484483709e+02 5.657459496393966178e-04 5.850979597792146806e-04
7.225729709489488641e+02 5.821546168858642055e-04 5.858181061101452956e-04
7.225734714494494710e+02 5.122649053687235816e-04 5.865374826359456796e-04
7.225739719499499643e+02 5.783242857062938702e-04 5.872560947269198604e-04
7.225744724504504575e+02 6.121748372006463167e-04 5.879739477103703479e-04
7.225749729509509507e+02 5.406580313869811891e-04 5.886910468703137472e-04
7.225754734514514439e+02 5.954205048845435033e-04 5.894073974480111512e-04
7.225759739519519371e+02 4.997589060848242441e-04 5.901230046423330822e-04
7.225764744524524303e+02 5.697739716144071837e-04 5.908378736101196644e-04
7.225769749529529236e+02 5.543822194302327382e-04 5.915520094665410126e-04
7.225774754534534168e+02 5.601545771181683491e-04 5.922654172854519830e-04
7.225779759539539100e+02 5.910594230962376312e-04 5.929781020997464906e-04
7.225784764544544032e+02 5.485588477033849063e-04 5.936900689017080316e-04
7.225789769549548964e+02 6.928114357140293007e-04 5.944013226433574959e-04
7.225794774554553896e+02 5.614291164569045660e-04 5.951118682367987018e-04
7.225799779559558829e+02 5.379924115085625179e-04 5.958217105545608955e-04
7.225804784564563761e+02 5.568998699670959975e-04 5.965308544299388659e-04
7.225809789569568693e+02 6.048031593339786311e-04 5.972393046573306729e-04
7.225814794574574762e+02 5.965854818107128085e-04 5.979470659927321524e-04
7.225819799579579694e+02 5.907474647866340668e-04 5.986541431534267259e-04
7.225824804584584626e+02 6.040455772301262134e-04 5.993605408192790706e-04
7.225829809589589559e+02 6.217083812087594421e-04 6.000662636324188576e-04
7.225834814594594491e+02 6.139195675191977484e-04 6.007713161977257157e-04
7.225839819599599423e+02 5.806701958942301267e-04 6.014757030831505884e-04
7.225844824604604355e+02 6.559209646888557567e-04 6.021794288200345985e-04
7.225849829609609287e+02 6.214495990700516417e-04 6.028824979034258513e-04
7.225854834614614219e+02 5.755393929254115203e-04 6.035849147923926612e-04
7.225859839619619152e+02 6.290438028758517678e-04 6.042866839103351508e-04
7.225864844624624084e+02 6.197468993943853685e-04 6.049878096452935986e-04
7.225869849629629016e+02 6.288345096670944342e-04 6.056882963502546171e-04
7.225874854634633948e+02 6.051160641774531177e-04 6.063881483434550553e-04
7.225879859639638880e+02 6.808616952343403113e-04 6.070873699086823221e-04
7.225884864644643812e+02 6.210448882702264287e-04 6.077859652955737348e-04
7.225889869649649881e+02 6.239531629110948866e-04 6.084839387200702580e-04
7.225894874654654814e+02 6.528199915584819270e-04 6.091812943640768224e-04
7.225899879659659746e+02 6.618968099605422465e-04 6.098780363767041706e-04
7.225904884664664678e+02 6.292149127027163663e-04 6.105741688739231045e-04
7.225909889669669610e+02 6.363535915828293652e-04 6.112696959390098760e-04
7.225914894674674542e+02 6.065254830291420861e-04 6.119646216228292719e-04
7.225919899679679475e+02 6.104915247266894064e-04 6.126589499441166152e-04
7.225924904684684407e+02 6.439225073193567770e-04 6.133526848897560791e-04
7.225929909689689339e+02 7.247002495655412982e-04 6.140458304150580270e-04
7.225934914694694271e+02 6.215842355281285796e-04 6.147383904440326639e-04
7.225939919699699203e+02 5.962723543370871369e-04 6.154303688696622808e-04
7.225944924704704135e+02 6.845996054970059780e-04 6.161217695541703525e-04
7.225949929709709068e+02 6.107069504796863073e-04 6.168125963292889029e-04
7.225954934714714000e+02 5.638042533277366070e-04 6.175028529965239169e-04
7.225959939719718932e+02 6.184706337029579259e-04 6.181925433274175008e-04
7.225964944724723864e+02 7.196760454441064169e-04 6.188816710638076575e-04
7.225969949729729933e+02 6.730556281979206430e-04 6.195702399182439687e-04
7.225974954734734865e+02 7.056878681784341809e-04 6.202582535736164736e-04
7.225979959739739797e+02 6.897016703032569397e-04 6.209457156843493746e-04
7.225984964744744730e+02 6.479102747980677868e-04 6.216326298760247110e-04
7.225989969749749662e+02 6.615437349291682003e-04 6.223189997457899110e-04
7.225994974754754594e+02 6.625759991428115548e-04 6.230048288626031461e-04
7.225999979759759526e+02 6.067646511244976148e-04 6.236901207674789031e-04
7.226004984764764458e+02 5.875510948653438377e-04 6.243748789737309539e-04
7.226009989769769390e+02 6.406939530783444491e-04 6.250591069672121807e-04
7.226014994774774323e+02 6.417378689651775632e-04 6.257428082065533180e-04
7.226019999779779255e+02 6.747993292342025244e-04 6.264259861233993079e-04
7.226025004784784187e+02 6.490173446121304951e-04 6.271086441226428375e-04
7.226030009789789119e+02 6.397458309430532376e-04 6.277907855826577680e-04
7.226035014794794051e+02 7.033408645812769039e-04 6.284724138555275756e-04
7.226040019799798984e+02 6.687951943810630266e-04 6.291535322672746604e-04
7.226045024804805053e+02 6.848918835291458677e-04 6.298341441182403596e-04
7.226050029809809985e+02 6.253044337971183728e-04 6.305142526826901890e-04
7.226055034814814917e+02 6.778686628882936091e-04 6.311938612099638564e-04
7.226060039819819849e+02 6.538504580561609091e-04 6.318729729240771427e-04
7.226065044824824781e+02 7.433870279003102930e-04 6.325515910240936748e-04
7.226070049829829713e+02 6.241147720399473206e-04 6.332297186843415492e-04
7.226075054834834646e+02 7.134547706878318881e-04 6.339073590546272447e-04
7.226080059839839578e+02 7.707743036301079303e-04 6.345845152604478014e-04
7.226085064844844510e+02 7.101141158281542220e-04 6.352611904032012639e-04
7.226090069849849442e+02 6.857119530134361601e-04 6.359373875603948484e-04
7.226095074854854374e+02 6.191898078804700112e-04 6.366131097858516996e-04
7.226100079859859306e+02 6.987347067024588226e-04 6.372883601099151550e-04
7.226105084864864239e+02 6.668950344617917414e-04 6.379631415396524660e-04
7.226110089869869171e+02 6.454323186453882156e-04 6.386374570590545082e-04
7.226115094874874103e+02 6.885640178629619940e-04 6.393113096292358166e-04
7.226120099879879035e+02 6.550765872715786850e-04 6.399847021886315851e-04
7.226125104884885104e+02 6.238631310391458970e-04 6.406576376533464545e-04
7.226130109889890036e+02 7.013789704643758581e-04 6.413301189167365524e-04
7.226135114894894969e+02 7.230367097377563392e-04 6.420021488505188488e-04
7.226140119899899901e+02 7.100815473964840370e-04 6.426737303043500524e-04
7.226145124904904833e+02 6.512533086582129958e-04 6.433448661061680254e-04
7.226150129909909765e+02 6.527395251304090457e-04 6.440155590623784830e-04
7.226155134914914697e+02 6.241254257573561337e-04 6.446858119580403928e-04
7.226160139919919629e+02 7.658778030568165604e-04 6.453556275570495292e-04
7.226165144924924562e+02 7.651376325392509475e-04 6.460250086023202947e-04
7.226170149929929494e+02 6.134757038017465275e-04 6.466939578159651555e-04
7.226175154934934426e+02 7.325813848133548448e-04 6.473624778994748353e-04
7.226180159939939358e+02 6.247159647487772558e-04 6.480305715338933060e-04
7.226185164944944290e+02 6.458343981757643567e-04 6.486982413799945125e-04
7.226190169949949222e+02 6.540549487803717010e-04 6.493654900784551947e-04
7.226195174954954155e+02 7.325847670771466931e-04 6.500323202500279257e-04
7.226200179959959087e+02 6.226355199308528923e-04 6.506987344957103564e-04
7.226205184964965156e+02 7.577394692502277627e-04 6.513647353970667894e-04
7.226210189969970088e+02 7.665578333680562713e-04 6.520303255157899446e-04
7.226215194974975020e+02 7.089301949794441339e-04 6.526955073947744278e-04
7.226220199979979952e+02 6.379767862377045589e-04 6.533602835576762195e-04
7.226225204984984885e+02 7.360463941726888126e-04 6.540246565092267678e-04
7.226230209989989817e+02 7.746206865507569532e-04 6.546886287353947519e-04
7.226235214994994749e+02 6.991482999947470564e-04 6.553522027035455682e-04
7.226240219999999681e+02 7.429209514967510678e-04 6.560153808626000569e-04
