7.219053860000000213e+02 1.444123411613023732e-04 1.056286044360989088e-04
7.219058865005005146e+02 1.014231749646434487e-04 1.061479949070291017e-04
7.219063870010010078e+02 1.420352517404689294e-04 1.066666140455851833e-04
7.219068875015015010e+02 1.420357966310366272e-04 1.071844571521125340e-04
7.219073880020019942e+02 1.471883795817991532e-04 1.077015194977605148e-04
7.219078885025024874e+02 1.296057832033575320e-04 1.082177963243322510e-04
7.219083890030029806e+02 1.262671167146791023e-04 1.087332828441341451e-04
7.219088895035034739e+02 1.198551055771530281e-04 1.092479742398250365e-04
7.219093900040040808e+02 1.208386628094216435e-04 1.097618656643829988e-04
7.219098905045045740e+02 1.487281996180154120e-04 1.102749522404882382e-04
7.219103910050050672e+02 1.118214840787617613e-04 1.107872290610736112e-04
7.219108915055055604e+02 1.361852795311765648e-04 1.112986911887075642e-04
7.219113920060060536e+02 1.560084167305769817e-04 1.118093336555617159e-04
7.219118925065065469e+02 1.062219702865236650e-04 1.123191514632615630e-04
7.219123930070070401e+02 1.428824891191597169e-04 1.128281395827372121e-04
7.219128935075075333e+02 1.153676232375869406e-04 1.133362929540751021e-04
7.219133940080080265e+02 1.353208928297090351e-04 1.138436064863695491e-04
7.219138945085085197e+02 1.393497872124395865e-04 1.143500750575747671e-04
7.219143950090090129e+02 1.374441697207354793e-04 1.148556935143574297e-04
7.219148955095095062e+02 1.635713656959439551e-04 1.153604566719495438e-04
7.219153960100099994e+02 1.624660889340160210e-04 1.158643593140020958e-04
7.219158965105104926e+02 1.445110665608128231e-04 1.163673961924384408e-04
7.219163970110109858e+02 1.119054505151757226e-04 1.168695620273092902e-04
7.219168975115114790e+02 1.361846500814440752e-04 1.173708515066474014e-04
7.219173980120120859e+02 1.501514333733962574e-04 1.178712592864369359e-04
7.219178985125125791e+02 1.275383641503987297e-04 1.183707799900152505e-04
7.219183990130130724e+02 1.318204790346516218e-04 1.188694082086116103e-04
7.219188995135135656e+02 1.224159697163637530e-04 1.193671385007505522e-04
7.219194000140140588e+02 1.611196177651596790e-04 1.198639653922236144e-04
7.219199005145145520e+02 1.112332864013527718e-04 1.203598833759486614e-04
7.219204010150150452e+02 1.450074468873798058e-04 1.208548869118303466e-04
7.219209015155155384e+02 1.353030167321740793e-04 1.213489704266205218e-04
7.219214020160160317e+02 1.476033763202574023e-04 1.218421283137805704e-04
7.219219025165165249e+02 1.352934290241337447e-04 1.223343549333442558e-04
7.219224030170170181e+02 1.448093056139896566e-04 1.228256446117813154e-04
7.219229035175175113e+02 1.219570109352110274e-04 1.233159916418627346e-04
7.219234040180180045e+02 1.559927680566727392e-04 1.238053902825266451e-04
7.219239045185184978e+02 9.198998449005710656e-05 1.242938347587454822e-04
7.219244050190189910e+02 1.241425933648627154e-04 1.247813192613946075e-04
7.219249055195194842e+02 1.576171079658272834e-04 1.252678379471219058e-04
7.219254060200200911e+02 1.562913284554080253e-04 1.257533849383288391e-04
7.219259065205205843e+02 1.224509110881993727e-04 1.262379543226018093e-04
7.219264070210210775e+02 1.641156750808323505e-04 1.267215401532478358e-04
7.219269075215215707e+02 1.561525848502131589e-04 1.272041364487283034e-04
7.219274080220220640e+02 1.530040104733557582e-04 1.276857371926460065e-04
7.219279085225225572e+02 1.431242541283356783e-04 1.281663363336234469e-04
7.219284090230230504e+02 1.257707094799276446e-04 1.286459277851829486e-04
7.219289095235235436e+02 1.295603502766676154e-04 1.291245054256281001e-04
7.219294100240240368e+02 1.136696259939980105e-04 1.296020630979270131e-04
7.219299105245245300e+02 1.544474464235593271e-04 1.300785946095980741e-04
7.219304110250250233e+02 1.475331351276959913e-04 1.305540937325961584e-04
7.219309115255255165e+02 1.367389865181660035e-04 1.310285542032024199e-04
7.219314120260260097e+02 1.497273605175798987e-04 1.315019697219146791e-04
7.219319125265265029e+02 1.393078730578813063e-04 1.319743339533411435e-04
7.219324130270269961e+02 1.809545751404966591e-04 1.324456405260950509e-04
7.219329135275276030e+02 1.148202441507833733e-04 1.329158830327990327e-04
7.219334140280280963e+02 1.428220564743890714e-04 1.333850550295578397e-04
7.219339145285285895e+02 1.735197770422390010e-04 1.338531500365012833e-04
7.219344150290290827e+02 1.049972631965692053e-04 1.343201615372612435e-04
7.219349155295295759e+02 1.556307332743827817e-04 1.347860829789852214e-04
7.219354160300300691e+02 1.412284902221514165e-04 1.352509077722468655e-04
7.219359165305305623e+02 1.540289264800487226e-04 1.357146292909569313e-04
7.219364170310310556e+02 1.274883626059471230e-04 1.361772408722792562e-04
7.219369175315315488e+02 1.270367680536668850e-04 1.366387358165481155e-04
7.219374180320320420e+02 1.492421911373780928e-04 1.370991073871888322e-04
7.219379185325325352e+02 1.347201679734674219e-04 1.375583488106416660e-04
7.219384190330330284e+02 1.462582151421644135e-04 1.380164532762885750e-04
7.219389195335335216e+02 1.437617008840471515e-04 1.384734139363827702e-04
7.219394200340340149e+02 1.126871587138644255e-04 1.389292239059821722e-04
7.219399205345345081e+02 1.394489188631567835e-04 1.393838762628859585e-04
7.219404210350350013e+02 1.874429572985329641e-04 1.398373640475742547e-04
7.219409215355356082e+02 1.819520370541452157e-04 1.402896802632542129e-04
7.219414220360361014e+02 1.373441586000593467e-04 1.407408178753965426e-04
7.219419225365365946e+02 1.619856318400571780e-04 1.411907698123027926e-04
7.219424230370370879e+02 1.503366270056814163e-04 1.416395289646486572e-04
7.219429235375375811e+02 1.455791121523255225e-04 1.420870881855450989e-04
7.219434240380380743e+02 1.239767040600117957e-04 1.425334402905017019e-04
7.219439245385385675e+02 1.238238951291550536e-04 1.429785780573926011e-04
7.219444250390390607e+02 1.659594011923947365e-04 1.434224942264278595e-04
7.219449255395395539e+02 1.397927408876924703e-04 1.438651815001289918e-04
7.219454260400400472e+02 1.249161255235162855e-04 1.443066325433082023e-04
7.219459265405405404e+02 1.231070789126701662e-04 1.447468399830532601e-04
7.219464270410410336e+02 1.631944044235811818e-04 1.451857964087164405e-04
7.219469275415415268e+02 1.366808138407938549e-04 1.456234943719082904e-04
7.219474280420420200e+02 1.404024078798136121e-04 1.460599263864967073e-04
7.219479285425425132e+02 1.671106695676898577e-04 1.464950849286106793e-04
7.219484290430431201e+02 1.352912126918258786e-04 1.469289624367480277e-04
7.219489295435436134e+02 1.266679056746680861e-04 1.473615513113954759e-04
7.219494300440441066e+02 1.271473013454921057e-04 1.477928439156403018e-04
7.219499305445445998e+02 1.538401038979198942e-04 1.482228325748009227e-04
7.219504310450450930e+02 1.208150846246804468e-04 1.486515095765570814e-04
7.219509315455455862e+02 1.326881235760076362e-04 1.490788671709864649e-04
7.219514320460460794e+02 1.406835473410658437e-04 1.495048975706080182e-04
7.219519325465465727e+02 1.514766234756328544e-04 1.499295929504310858e-04
7.219524330470470659e+02 1.387799650679862257e-04 1.503529454480104352e-04
7.219529335475475591e+02 1.632401118266605506e-04 1.507749471635085167e-04
7.219534340480480523e+02 1.393905374538309029e-04 1.511955901597636061e-04
7.219539345485485455e+02 1.599570694279091819e-04 1.516148664623651564e-04
7.219544350490490388e+02 1.826666049134582210e-04 1.520327680597353839e-04
7.219549355495495320e+02 1.209247181557696846e-04 1.524492869032188780e-04
7.219554360500500252e+02 1.396929675789445821e-04 1.528644149071783356e-04
7.219559365505505184e+02 1.724627811185594180e-04 1.532781439490983198e-04
7.219564370510511253e+02 1.816185833091625362e-04 1.536904658697901198e-04
7.219569375515516185e+02 1.249242356302957371e-04 1.541013724731357432e-04
7.219574380520521117e+02 1.417676699502417941e-04 1.545108555267770355e-04
7.219579385525526050e+02 2.068645175204301728e-04 1.549189067618749599e-04
7.219584390530530982e+02 1.501123595215868062e-04 1.553255178733467935e-04
7.219589395535535914e+02 1.485452650615508145e-04 1.557306805200171838e-04
7.219594400540540846e+02 1.424847917264937319e-04 1.561343863247779604e-04
7.219599405545545778e+02 1.675563399764971428e-04 1.565366268747568905e-04
7.219604410550550710e+02 1.545132902126858084e-04 1.569373937214952718e-04
7.219609415555555643e+02 1.812993134774736070e-04 1.573366783811347132e-04
7.219614420560560575e+02 1.498570549753578014e-04 1.577344723346130499e-04
7.219619425565565507e+02 1.503020661465306613e-04 1.581307670278699897e-04
7.219624430570570439e+02 1.751743950295035204e-04 1.585255538720625171e-04
7.219629435575575371e+02 1.891408203639677245e-04 1.589188242437900814e-04
7.219634440580580304e+02 1.806967370876615966e-04 1.593105694853300320e-04
7.219639445585585236e+02 1.425602949871396859e-04 1.597007809048832166e-04
7.219644450590591305e+02 1.782140730417161199e-04 1.600894497769188123e-04
7.219649455595596237e+02 1.514574702253269618e-04 1.604765673420880767e-04
7.219654460600601169e+02 1.601002331805636593e-04 1.608621248080327839e-04
7.219659465605606101e+02 1.124994679074540425e-04 1.612461133493204972e-04
7.219664470610611033e+02 1.612607235228537283e-04 1.616285241078342042e-04
7.219669475615615966e+02 1.632785657041291479e-04 1.620093481930846759e-04
7.219674480620620898e+02 1.281734731721649503e-04 1.623885766825347511e-04
7.219679485625625830e+02 1.544353039754122186e-04 1.627662006219359814e-04
7.219684490630630762e+02 1.292281639335909351e-04 1.631422110256775546e-04
7.219689495635635694e+02 1.629449227098749139e-04 1.635165988771479300e-04
7.219694500640640626e+02 1.848989425326340167e-04 1.638893551291089701e-04
7.219699505645645559e+02 1.527842318175917809e-04 1.642604707040841113e-04
7.219704510650650491e+02 1.355605484831068157e-04 1.646299364947586793e-04
7.219709515655655423e+02 1.389259059419551095e-04 1.649977433643951105e-04
7.219714520660660355e+02 1.636712222917170961e-04 1.653638821472609959e-04
7.219719525665666424e+02 1.489149091332488714e-04 1.657283436491547289e-04
7.219724530670671356e+02 1.659123538313191364e-04 1.660911186475318689e-04
7.219729535675676289e+02 1.672508212632408168e-04 1.664521978924734158e-04
7.219734540680681221e+02 1.573641441955119825e-04 1.668115721068415551e-04
7.219739545685686153e+02 1.409991161483639265e-04 1.671692319868644497e-04
7.219744550690691085e+02 1.445421096589506206e-04 1.675251682026542715e-04
7.219749555695696017e+02 1.293036984272201298e-04 1.678793713987403039e-04
7.219754560700700949e+02 1.728075546118197138e-04 1.682318321946189301e-04
7.219759565705705882e+02 1.693738181782481400e-04 1.685825411853196954e-04
7.219764570710710814e+02 1.449283579343050579e-04 1.689314889419878758e-04
7.219769575715715746e+02 1.764792638321792504e-04 1.692786660124848282e-04
7.219774580720720678e+02 1.563121248450219652e-04 1.696240629220044404e-04
7.219779585725725610e+02 1.447153646936781828e-04 1.699676701737088530e-04
7.219784590730730542e+02 1.716112797177873786e-04 1.703094782493803905e-04
7.219789595735735475e+02 1.773963114707903695e-04 1.706494776100933597e-04
7.219794600740740407e+02 1.437532526331038532e-04 1.709876586969030603e-04
7.219799605745746476e+02 1.806596953395741471e-04 1.713240119316310184e-04
7.219804610750751408e+02 1.658822217228082807e-04 1.716585277172875544e-04
7.219809615755756340e+02 1.723483310450737429e-04 1.719911964392773071e-04
7.219814620760761272e+02 1.443596470468484923e-04 1.723220084658610496e-04
7.219819625765766204e+02 1.639748228127988784e-04 1.726509541490194196e-04
7.219824630770771137e+02 1.676011873723051140e-04 1.729780238252614079e-04
7.219829635775776069e+02 1.737633882456102044e-04 1.733032078164531507e-04
7.219834640780781001e+02 1.865589256158574783e-04 1.736264964306690004e-04
7.219839645785785933e+02 1.641476626787153270e-04 1.739478799630628995e-04
7.219844650790790865e+02 1.657772403432970039e-04 1.742673486967629554e-04
7.219849655795795798e+02 1.580903553917541648e-04 1.745848929037877538e-04
7.219854660800800730e+02 1.565734597612677059e-04 1.749005028459855765e-04
7.219859665805805662e+02 1.609353163154235780e-04 1.752141687759967115e-04
7.219864670810810594e+02 1.561199548944126197e-04 1.755258809382393998e-04
7.219869675815815526e+02 1.596625429001764514e-04 1.758356295699193086e-04
7.219874680820821595e+02 1.509371254483609498e-04 1.761434049021330325e-04
7.219879685825826527e+02 1.447213635730468034e-04 1.764491971606479601e-04
7.219884690830831460e+02 1.677263309782774862e-04 1.767529965674044089e-04
7.219889695835836392e+02 1.047318903302107718e-04 1.770547933413451757e-04
7.219894700840841324e+02 1.747189759367263743e-04 1.773545776996199492e-04
7.219899705845846256e+02 1.974963455798344912e-04 1.776523398587462744e-04
7.219904710850851188e+02 1.819531950186369790e-04 1.779480700357970787e-04
7.219909715855856120e+02 1.484289661126247787e-04 1.782417584496150868e-04
7.219914720860861053e+02 1.551017345940148672e-04 1.785333953220545036e-04
7.219919725865865985e+02 1.495602107164833495e-04 1.788229708792506416e-04
7.219924730870870917e+02 1.807293259728291843e-04 1.791104753529179010e-04
7.219929735875875849e+02 1.746276935841864833e-04 1.793958989816759654e-04
7.219934740880880781e+02 1.933542822408223399e-04 1.796792320124054345e-04
7.219939745885885714e+02 1.359152211128482346e-04 1.799604647016325124e-04
7.219944750890890646e+02 1.363848183376375090e-04 1.802395873169439461e-04
7.219949755895895578e+02 1.564334640158587884e-04 1.805165901384320226e-04
7.219954760900901647e+02 1.363931215515427637e-04 1.807914634602323745e-04
7.219959765905906579e+02 1.405009041683681604e-04 1.810641975917819525e-04
7.219964770910911511e+02 1.564096608372601979e-04 1.813347828597316666e-04
7.219969775915916443e+02 1.592967798415761494e-04 1.816032096092670526e-04
7.219974780920921376e+02 1.997267952102096164e-04 1.818694682057735797e-04
7.219979785925926308e+02 1.553122772457409928e-04 1.821335490364725215e-04
7.219984790930931240e+02 1.794748211995921287e-04 1.823954425120899773e-04
7.219989795935936172e+02 1.798803845060703132e-04 1.826551390685596655e-04
7.219994800940941104e+02 1.863102355159686489e-04 1.829126291687599784e-04
7.219999805945946036e+02 1.841932054480683104e-04 1.831679033042852970e-04
7.220004810950950969e+02 1.746117461168060058e-04 1.834209519972529500e-04
7.220009815955955901e+02 1.428034141173363644e-04 1.836717658021451373e-04
7.220014820960960833e+02 1.824624251451281839e-04 1.839203353076870396e-04
7.220019825965965765e+02 1.709492244644155259e-04 1.841666511387609229e-04
7.220024830970970697e+02 1.734410556176828853e-04 1.844107039583579464e-04
7.220029835975975629e+02 1.761934734667187647e-04 1.846524844695659388e-04
7.220034840980981699e+02 1.507291319239166961e-04 1.848919834176499010e-04
7.220039845985986631e+02 1.592660635790197916e-04 1.851291915918994863e-04
7.220044850990991563e+02 1.733125791071607816e-04 1.853640998280576136e-04
7.220049855995996495e+02 1.600808590002521670e-04 1.855966990102446553e-04
7.220054861001001427e+02 1.943671156599425381e-04 1.858269800731937908e-04
7.220059866006006359e+02 1.398160212592640340e-04 1.860549340044724824e-04
7.220064871011011292e+02 1.916693150835859828e-04 1.862805518467434984e-04
7.220069876016016224e+02 1.797096375553007184e-04 1.865038247000671071e-04
7.220074881021021156e+02 1.483307793151945008e-04 1.867247437242443363e-04
7.220079886026026088e+02 1.575844023525613713e-04 1.869433001412011881e-04
7.220084891031031020e+02 1.493876240546294898e-04 1.871594852374161946e-04
7.220089896036035952e+02 1.977217364512229346e-04 1.873732903663884956e-04
7.220094901041040885e+02 1.799847114777856796e-04 1.875847069511505586e-04
7.220099906046045817e+02 1.972772252083412762e-04 1.877937264868226948e-04
7.220104911051050749e+02 1.832621961317471091e-04 1.880003405432120538e-04
7.220109916056056818e+02 1.942204231246349327e-04 1.882045407675011475e-04
7.220114921061061750e+02 1.571366672686736322e-04 1.884063188867501069e-04
7.220119926066066682e+02 1.533004200609242626e-04 1.886056667109067256e-04
7.220124931071071614e+02 1.863917317005916888e-04 1.888025761353974321e-04
7.220129936076076547e+02 1.614796669243587733e-04 1.889970391439963328e-04
7.220134941081081479e+02 1.794994625171797312e-04 1.891890478116937393e-04
7.220139946086086411e+02 1.397926886123037271e-04 1.893785943076106671e-04
7.220144951091091343e+02 1.783957900717101242e-04 1.895656708979601439e-04
7.220149956096096275e+02 1.579504303240588205e-04 1.897502699490554096e-04
7.220154961101101208e+02 2.377044207340010373e-04 1.899323839303651985e-04
7.220159966106106140e+02 1.691465155343377770e-04 1.901120054176170236e-04
7.220164971111111072e+02 1.712146119437212455e-04 1.902891270959477328e-04
7.220169976116116004e+02 2.138050771567151433e-04 1.904637417631028812e-04
7.220174981121120936e+02 1.448285674919162010e-04 1.906358423326842959e-04
7.220179986126125868e+02 1.958622543849160074e-04 1.908054218374464301e-04
7.220184991131130801e+02 1.762116621804284751e-04 1.909724734326417774e-04
7.220189996136136870e+02 1.737317519843685671e-04 1.911369903994525614e-04
7.220195001141141802e+02 1.981577087760430045e-04 1.912989661482865204e-04
7.220200006146146734e+02 1.750185796084088050e-04 1.914583942224945556e-04
7.220205011151151666e+02 2.207843898521386549e-04 1.916152683017649614e-04
7.220210016156156598e+02 1.623151302622488027e-04 1.917695822057552586e-04
7.220215021161161530e+02 1.596508740899912015e-04 1.919213298977367132e-04
7.220220026166166463e+02 1.859111469186028559e-04 1.920705054882893242e-04
7.220225031171171395e+02 1.577962986769770360e-04 1.922171032390474171e-04
7.220230036176176327e+02 1.629802377396297826e-04 1.923611175664965739e-04
7.220235041181181259e+02 1.896813742905170122e-04 1.925025430458204368e-04
7.220240046186186191e+02 1.825216473679037456e-04 1.926413744147999056e-04
7.220245051191191124e+02 1.758384804185257545e-04 1.927776065777618293e-04
7.220250056196196056e+02 1.970396263960134909e-04 1.929112346095804710e-04
7.220255061201200988e+02 1.779844219693542699e-04 1.930422537597287647e-04
7.220260066206205920e+02 1.708198357748380689e-04 1.931706594563816143e-04
7.220265071211211989e+02 1.904497501609311275e-04 1.932964473105984471e-04
7.220270076216216921e+02 1.617264914226610578e-04 1.934196131204143150e-04
7.220275081221221853e+02 1.955808415348946603e-04 1.935401528752685629e-04
7.220280086226226786e+02 2.023906610054723547e-04 1.936580627601964622e-04
7.220285091231231718e+02 2.175274155871652598e-04 1.937733391602169768e-04
7.220290096236236650e+02 1.597458150793163063e-04 1.938859786647415093e-04
7.220295101241241582e+02 2.038540004103577864e-04 1.939959780720334136e-04
7.220300106246246514e+02 1.823058397193354175e-04 1.941033343937181681e-04
7.220305111251251446e+02 1.740723536932931015e-04 1.942080448593430414e-04
7.220310116256256379e+02 1.416973957971535514e-04 1.943101069209879339e-04
7.220315121261261311e+02 1.620365014288334914e-04 1.944095182579238688e-04
7.220320126266266243e+02 1.593770134090694165e-04 1.945062767813230103e-04
7.220325131271271175e+02 1.785280915618521578e-04 1.946003806390158447e-04
7.220330136276276107e+02 1.728787275871021469e-04 1.946918282202979365e-04
7.220335141281281039e+02 1.745727661372693839e-04 1.947806181607841997e-04
7.220340146286285972e+02 1.952865406944464372e-04 1.948667493473117142e-04
7.220345151291292041e+02 1.911234856361090646e-04 1.949502209229073504e-04
7.220350156296296973e+02 1.818210035850529422e-04 1.950310322917089628e-04
7.220355161301301905e+02 1.439649242969662007e-04 1.951091831241212864e-04
7.220360166306306837e+02 1.629996183734763553e-04 1.951846733618273634e-04
7.220365171311311769e+02 1.936607351231847500e-04 1.952575032229403459e-04
7.220370176316316702e+02 1.979029448706320839e-04 1.953276732071802368e-04
7.220375181321321634e+02 1.670828375660249831e-04 1.953951841010942686e-04
7.220380186326326566e+02 2.253122235020152625e-04 1.954600369833194040e-04
7.220385191331331498e+02 1.911724663569412967e-04 1.955222332298872830e-04
7.220390196336336430e+02 1.673296807799762797e-04 1.955817745195699629e-04
7.220395201341341362e+02 1.920595570501561504e-04 1.956386628392652320e-04
7.220400206346346295e+02 1.715812263560480234e-04 1.956929004894219029e-04
7.220405211351351227e+02 1.942620769993040457e-04 1.957444900895022940e-04
7.220410216356356159e+02 2.041555399462128488e-04 1.957934345834824686e-04
7.220415221361361091e+02 2.299945159459309109e-04 1.958397372453875480e-04
7.220420226366366023e+02 1.961143534642191565e-04 1.958834016848632362e-04
7.220425231371372092e+02 2.008496029391599583e-04 1.959244318527878404e-04
7.220430236376377024e+02 1.993743666504550793e-04 1.959628320468729883e-04
7.220435241381381957e+02 1.854914471786037200e-04 1.959986069173863998e-04
7.220440246386386889e+02 1.550460274315287748e-04 1.960317614728111237e-04
7.220445251391391821e+02 1.830834321976182791e-04 1.960623010855803983e-04
7.220450256396396753e+02 2.190239891470153468e-04 1.960902314978291540e-04
7.220455261401401685e+02 1.739067923879028359e-04 1.961155588271712663e-04
7.220460266406406618e+02 1.669158964490083245e-04 1.961382895724996845e-04
7.220465271411411550e+02 1.869516609156292514e-04 1.961584306198087876e-04
7.220470276416416482e+02 2.242195266111278625e-04 1.961759892480368511e-04
7.220475281421421414e+02 1.892092196424572141e-04 1.961909731349265398e-04
7.220480286426426346e+02 1.771469220351146417e-04 1.962033903629020694e-04
7.220485291431431278e+02 1.917183280053331366e-04 1.962132494249611402e-04
7.220490296436436211e+02 1.881294081643955529e-04 1.962205592305790421e-04
7.220495301441441143e+02 1.943162050043801311e-04 1.962253291116232206e-04
7.220500306446447212e+02 1.909299778307622171e-04 1.962275688282771413e-04
7.220505311451452144e+02 1.809304520608702004e-04 1.962272885749677582e-04
7.220510316456457076e+02 1.990368837198766105e-04 1.962244989863026865e-04
7.220515321461462008e+02 2.183526652554325549e-04 1.962192111430018451e-04
7.220520326466466940e+02 1.821758479018898639e-04 1.962114365778331660e-04
7.220525331471471873e+02 1.972625940178498246e-04 1.962011872815436404e-04
7.220530336476476805e+02 2.017434062699601882e-04 1.961884757087848903e-04
7.220535341481481737e+02 2.210787992979475311e-04 1.961733147840302835e-04
7.220540346486486669e+02 2.020324454450057980e-04 1.961557179074814225e-04
7.220545351491491601e+02 1.847799231778321808e-04 1.961356989609606212e-04
7.220550356496496534e+02 1.497402517596436360e-04 1.961132723137870635e-04
7.220555361501501466e+02 2.160229360895012552e-04 1.960884528286336909e-04
7.220560366506506398e+02 1.942568197750154399e-04 1.960612558673615106e-04
7.220565371511511330e+02 2.109737485545147746e-04 1.960316972968289683e-04
7.220570376516516262e+02 2.127324157342153185e-04 1.959997934946723988e-04
7.220575381521521194e+02 2.455568304829004581e-04 1.959655613550554689e-04
7.220580386526527263e+02 1.570966380089979159e-04 1.959290182943747370e-04
7.220585391531532196e+02 2.059245441236834905e-04 1.958901822569693871e-04
7.220590396536537128e+02 2.089009277896022886e-04 1.958490717207066320e-04
7.220595401541542060e+02 1.981669922372372521e-04 1.958057057026035179e-04
7.220600406546546992e+02 1.569188943652374184e-04 1.957601037643602593e-04
7.220605411551551924e+02 1.489955770161173064e-04 1.957122860178491745e-04
7.220610416556556856e+02 2.046835465056369603e-04 1.956622731305483276e-04
7.220615421561561789e+02 1.953461762274255793e-04 1.956100863309149162e-04
7.220620426566566721e+02 1.866790492849591495e-04 1.955557474136958285e-04
7.220625431571571653e+02 1.570525758269763789e-04 1.954992787451709539e-04
7.220630436576576585e+02 1.814235959676958757e-04 1.954407032683252337e-04
7.220635441581581517e+02 1.958510493295820645e-04 1.953800445079454686e-04
7.220640446586586449e+02 1.594741009365567455e-04 1.953173265756380332e-04
7.220645451591591382e+02 1.746181654603066438e-04 1.952525741747630804e-04
7.220650456596596314e+02 1.789390100450354980e-04 1.951858126052812773e-04
7.220655461601602383e+02 1.892949684178469791e-04 1.951170677684924463e-04
7.220660466606607315e+02 2.140756552683478959e-04 1.950463661717571299e-04
7.220665471611612247e+02 1.971858222121178382e-04 1.949737349329606852e-04
7.220670476616617179e+02 1.736393924517662705e-04 1.948992017850278470e-04
7.220675481621622112e+02 1.852779517456543687e-04 1.948227950802506464e-04
7.220680486626627044e+02 1.763553792430825771e-04 1.947445437945172328e-04
7.220685491631631976e+02 2.540059512409106575e-04 1.946644775314220030e-04
7.220690496636636908e+02 1.825685819213007557e-04 1.945826265262519958e-04
7.220695501641641840e+02 2.037633159399609951e-04 1.944990216498454591e-04
7.220700506646646772e+02 2.253705617568814554e-04 1.944136944123171144e-04
7.220705511651651705e+02 2.084519508810547361e-04 1.943266769666456733e-04
7.220710516656656637e+02 1.741112074722559692e-04 1.942380021121185374e-04
7.220715521661661569e+02 2.321650140932680266e-04 1.941477032976293455e-04
7.220720526666666501e+02 2.116695447343390664e-04 1.940558146248221592e-04
7.220725531671671433e+02 1.990588048252296314e-04 1.939623708510791722e-04
7.220730536676676365e+02 2.134750361565818230e-04 1.938674073923449758e-04
7.220735541681682435e+02 2.252115711779098018e-04 1.937709603257617658e-04
7.220740546686687367e+02 2.095986179461897911e-04 1.936730663922417483e-04
7.220745551691692299e+02 1.845476683690566266e-04 1.935737629986424826e-04
7.220750556696697231e+02 2.226640975077885404e-04 1.934730882199781120e-04
7.220755561701702163e+02 2.002995988241975864e-04 1.933710808013338201e-04
7.220760566706707095e+02 1.908399708821489481e-04 1.932677801596087408e-04
7.220765571711712028e+02 2.227454349066455505e-04 1.931632263850608646e-04
7.220770576716716960e+02 2.300121510246404450e-04 1.930574602426487118e-04
7.220775581721721892e+02 2.114931124424190530e-04 1.929505231731642697e-04
7.220780586726726824e+02 1.869022406914851013e-04 1.928424572941529107e-04
7.220785591731731756e+02 2.070213592974473669e-04 1.927333054006137873e-04
7.220790596736736688e+02 2.261227999742568555e-04 1.926231109654774230e-04
7.220795601741741621e+02 2.016284538020385374e-04 1.925119181398538589e-04
7.220800606746746553e+02 2.214915435817352448e-04 1.923997717530468029e-04
7.220805611751751485e+02 1.780306983182303637e-04 1.922867173123293620e-04
7.220810616756756417e+02 2.305083476906447581e-04 1.921728010024752339e-04
7.220815621761762486e+02 1.879970503884641219e-04 1.920580696850153230e-04
7.220820626766767418e+02 1.813256361540583619e-04 1.919425708973708131e-04
7.220825631771772350e+02 2.140318922464327684e-04 1.918263528514673128e-04
7.220830636776777283e+02 2.086183726857063388e-04 1.917094644323450706e-04
7.220835641781782215e+02 2.160932858031577712e-04 1.915919551963719120e-04
7.220840646786787147e+02 1.809977018797921764e-04 1.914738753692087883e-04
7.220845651791792079e+02 2.253436833659899351e-04 1.913552758434978237e-04
7.220850656796797011e+02 2.206294681491697033e-04 1.912362081762686869e-04
7.220855661801801944e+02 1.940636183604460064e-04 1.911167245860581913e-04
7.220860666806806876e+02 1.877238000032989222e-04 1.909968779497396270e-04
7.220865671811811808e+02 1.809485526498684168e-04 1.908767217990563767e-04
7.220870676816816740e+02 1.967317367515566105e-04 1.907563103168571320e-04
7.220875681821821672e+02 2.374712284569663746e-04 1.906356983330274250e-04
7.220880686826826604e+02 2.022637751690376808e-04 1.905149413201142488e-04
7.220885691831831537e+02 2.437775274508910493e-04 1.903940953886400006e-04
7.220890696836837606e+02 1.925157104094526279e-04 1.902732172820739242e-04
7.220895701841842538e+02 2.056628663493749540e-04 1.901523643716234683e-04
7.220900706846847470e+02 2.302071563943833244e-04 1.900315946504287079e-04
7.220905711851852402e+02 2.344652503114728827e-04 1.899109667277078977e-04
7.220910716856857334e+02 1.966159896526849433e-04 1.897905398224364912e-04
7.220915721861862266e+02 1.778292855520474561e-04 1.896703737567243734e-04
7.220920726866867199e+02 1.904810682776893237e-04 1.895505289488587256e-04
7.220925731871872131e+02 2.679435587194966455e-04 1.894310664060113553e-04
7.220930736876877063e+02 2.291678585857068000e-04 1.893120477166073236e-04
7.220935741881881995e+02 1.860331399336294887e-04 1.891935350423535104e-04
7.220940746886886927e+02 2.362835378513842806e-04 1.890755911099238954e-04
7.220945751891891859e+02 2.361296619980140393e-04 1.889582792023012823e-04
7.220950756896896792e+02 1.728356370744108385e-04 1.888416631497721865e-04
7.220955761901901724e+02 2.182487876893584970e-04 1.887258073205752931e-04
7.220960766906906656e+02 2.070805699588662660e-04 1.886107766112004767e-04
7.220965771911911588e+02 2.187084078328234416e-04 1.884966364363391148e-04
7.220970776916917657e+02 1.858330802482203352e-04 1.883834527184583452e-04
7.220975781921922589e+02 2.216395382608540301e-04 1.882712918771529812e-04
7.220980786926927522e+02 2.213672190518103922e-04 1.881602208178896228e-04
7.220985791931932454e+02 2.200128099850807777e-04 1.880503069206576345e-04
7.220990796936937386e+02 2.110748236411933668e-04 1.879416180281403106e-04
7.220995801941942318e+02 1.912193487663230455e-04 1.878342224335625944e-04
7.221000806946947250e+02 2.213346234341365961e-04 1.877281888681886556e-04
7.221005811951952182e+02 2.044979679095422736e-04 1.876235864884724951e-04
7.221010816956957115e+02 1.943323677927546349e-04 1.875204848628613072e-04
7.221015821961962047e+02 1.875820019630794868e-04 1.874189539582540116e-04
7.221020826966966979e+02 2.408902120365284780e-04 1.873190641261164721e-04
7.221025831971971911e+02 2.229323544585992852e-04 1.872208860882561678e-04
7.221030836976976843e+02 2.324842902968730256e-04 1.871244909222582683e-04
7.221035841981981775e+02 2.041137453316821577e-04 1.870299500465862563e-04
7.221040846986986708e+02 2.126074688532974600e-04 1.869373352053501605e-04
7.221045851991991640e+02 2.168630166368728151e-04 1.868467184527454635e-04
7.221050856996997709e+02 2.135037420050386349e-04 1.867581721371474755e-04
7.221055862002002641e+02 2.122131935912745986e-04 1.866717688849832044e-04
7.221060867007007573e+02 2.135078471063190785e-04 1.865875815840868461e-04
7.221065872012012505e+02 2.819644758735560548e-04 1.865056833669434132e-04
7.221070877017017438e+02 1.865676343694249416e-04 1.864261475935244860e-04
7.221075882022022370e+02 2.272317950674571227e-04 1.863490478338420721e-04
7.221080887027027302e+02 2.350327938162435416e-04 1.862744578502054202e-04
7.221085892032032234e+02 1.835845696217964097e-04 1.862024515791881908e-04
7.221090897037037166e+02 2.238110371226590886e-04 1.861331031133102367e-04
7.221095902042042098e+02 2.183031077389209343e-04 1.860664866824419906e-04
7.221100907047047031e+02 2.490446584961895655e-04 1.860026766349380468e-04
7.221105912052051963e+02 2.113833683972864098e-04 1.859417474185063863e-04
7.221110917057056895e+02 2.421056573561724526e-04 1.858837735608212429e-04
7.221115922062061827e+02 2.198477604143347550e-04 1.858288296498878766e-04
7.221120927067066759e+02 2.710670052577694245e-04 1.857769903141660308e-04
7.221125932072072828e+02 2.059042100227365330e-04 1.857283302024510699e-04
7.221130937077077760e+02 2.035050635656674703e-04 1.856829239635853586e-04
7.221135942082082693e+02 2.502047565415872624e-04 1.856408462258460335e-04
7.221140947087087625e+02 1.842680392318083588e-04 1.856021715762378799e-04
7.221145952092092557e+02 2.280173234710694650e-04 1.855669745395347554e-04
7.221150957097097489e+02 1.709720240697688582e-04 1.855353295571465376e-04
7.221155962102102421e+02 2.461628599128393049e-04 1.855073109658102962e-04
7.221160967107107354e+02 2.426208183141703365e-04 1.854829929761156904e-04
7.221165972112112286e+02 2.400885003355883180e-04 1.854624496508767344e-04
7.221170977117117218e+02 1.946481065587358855e-04 1.854457548833585514e-04
7.221175982122122150e+02 2.642720619630258764e-04 1.854329823753726140e-04
7.221180987127127082e+02 2.417130276864310639e-04 1.854242056152497940e-04
7.221185992132132014e+02 2.094523711546625593e-04 1.854194978557049121e-04
7.221190997137136947e+02 2.338580612878939861e-04 1.854189320916024071e-04
7.221196002142141879e+02 2.312356984351504445e-04 1.854225810376376824e-04
7.221201007147146811e+02 2.278984837542661972e-04 1.854305171059440478e-04
7.221206012152152880e+02 2.408581983544376285e-04 1.854428123836426336e-04
7.221211017157157812e+02 2.045695086121608640e-04 1.854595386103287153e-04
7.221216022162162744e+02 2.007340581592693041e-04 1.854807671555515607e-04
7.221221027167167676e+02 2.226604947597909565e-04 1.855065689962452169e-04
7.221226032172172609e+02 2.365530137623273203e-04 1.855370146941622239e-04
7.221231037177177541e+02 2.064888973328127156e-04 1.855721743733100126e-04
7.221236042182182473e+02 2.162802215069384250e-04 1.856121176974044325e-04
7.221241047187187405e+02 1.998667572885498079e-04 1.856569138473547487e-04
7.221246052192192337e+02 2.114261569186288796e-04 1.857066314987934163e-04
7.221251057197197269e+02 1.962817733474421283e-04 1.857613387996651880e-04
7.221256062202202202e+02 2.270518916088852524e-04 1.858211033478875346e-04
7.221261067207207134e+02 2.478462481827674942e-04 1.858859921690992386e-04
7.221266072212212066e+02 1.868334901392462114e-04 1.859560716945081655e-04
7.221271077217216998e+02 2.426266736381585106e-04 1.860314077388540140e-04
7.221276082222221930e+02 2.375883419226020781e-04 1.861120654784998699e-04
7.221281087227227999e+02 2.396927928458914329e-04 1.861981094296860921e-04
7.221286092232232932e+02 2.126885409302522447e-04 1.862896034268416345e-04
7.221291097237237864e+02 2.516070614634273298e-04 1.863866106012624778e-04
7.221296102242242796e+02 2.523749407481837596e-04 1.864891933597811449e-04
7.221301107247247728e+02 2.313289088062924197e-04 1.865974133637299801e-04
7.221306112252252660e+02 1.784567234106559908e-04 1.867113315080987720e-04
7.221311117257257592e+02 2.109225158640876639e-04 1.868310079009185675e-04
7.221316122262262525e+02 1.815793775678117773e-04 1.869565018428856105e-04
7.221321127267267457e+02 2.205795535447986925e-04 1.870878718072390096e-04
7.221326132272272389e+02 1.937888678800834684e-04 1.872251754199061237e-04
7.221331137277277321e+02 1.895357627215124205e-04 1.873684694399282947e-04
7.221336142282282253e+02 2.061471678526666923e-04 1.875178097401802629e-04
7.221341147287287185e+02 2.542372586257012437e-04 1.876732512883973886e-04
7.221346152292292118e+02 1.859078836244291543e-04 1.878348481285217904e-04
7.221351157297297050e+02 2.262860132220452253e-04 1.880026533623819856e-04
7.221356162302301982e+02 2.222700392612344525e-04 1.881767191317165191e-04
7.221361167307308051e+02 2.302857991112565721e-04 1.883570966005976375e-04
7.221366172312312983e+02 1.956609981813607082e-04 1.885438359380167250e-04
7.221371177317317915e+02 2.443255541321594725e-04 1.887369863012617764e-04
7.221376182322322848e+02 1.926581929972361778e-04 1.889365958192801254e-04
7.221381187327327780e+02 2.453931736692267860e-04 1.891427115766464823e-04
7.221386192332332712e+02 1.667056089503245024e-04 1.893553795979068650e-04
7.221391197337337644e+02 1.883836469477748676e-04 1.895746448323468050e-04
7.221396202342342576e+02 1.991630657515545413e-04 1.898005511391962711e-04
7.221401207347347508e+02 1.615203535035799091e-04 1.900331412732796836e-04
7.221406212352352441e+02 1.628388789905586722e-04 1.902724568711219725e-04
7.221411217357357373e+02 1.568848562265542956e-04 1.905185384375191610e-04
7.221416222362362305e+02 1.989416624689723976e-04 1.907714253325827733e-04
7.221421227367367237e+02 1.718064003643208126e-04 1.910311557592665494e-04
7.221426232372372169e+02 1.348982995780187454e-04 1.912977667513839238e-04
7.221431237377377101e+02 1.996945289393455458e-04 1.915712941621238038e-04
7.221436242382382034e+02 1.787365342256042153e-04 1.918517726530722908e-04
7.221441247387388103e+02 1.558324092632182669e-04 1.921392356838132296e-04
7.221446252392393035e+02 1.882151024049325829e-04 1.924337155017196593e-04
7.221451257397397967e+02 1.638894293826830982e-04 1.927352431329254446e-04
7.221456262402402899e+02 1.570631795816865273e-04 1.930438483731771035e-04
7.221461267407407831e+02 1.183098168205054751e-04 1.933595597795462195e-04
7.221466272412412764e+02 1.326518778035879430e-04 1.936824046626197716e-04
7.221471277417417696e+02 1.416674632079752290e-04 1.940124090792361145e-04
7.221476282422422628e+02 1.197810941199748997e-04 1.943495978257714634e-04
7.221481287427427560e+02 7.947340165037507155e-05 1.946939944319803250e-04
7.221486292432432492e+02 1.086836566024222163e-04 1.950456211553923945e-04
7.221491297437437424e+02 8.996127482914094593e-05 1.954044989762698499e-04
7.221496302442442357e+02 1.252232410343412665e-04 1.957706475931253963e-04
7.221501307447447289e+02 9.921815914522516696e-05 1.961440854188047718e-04
7.221506312452452221e+02 6.465134856932855389e-05 1.965248295771337441e-04
7.221511317457457153e+02 5.227979874738505211e-05 1.969128959001306808e-04
7.221516322462463222e+02 7.259895525129061045e-05 1.973082989258756318e-04
7.221521327467468154e+02 5.349207825641575401e-05 1.977110518964942819e-04
7.221526332472473086e+02 2.537150147998031195e-05 1.981211667576067155e-04
7.221531337477478019e+02 3.065992373211755658e-05 1.985386541574439545e-04
7.221536342482482951e+02 2.661370129303829030e-05 1.989635234469741868e-04
7.221541347487487883e+02 1.841772169201625730e-05 1.993957826805008659e-04
7.221546352492492815e+02 1.005697880820120147e-05 1.998354386168197988e-04
7.221551357497497747e+02 2.612551994757524086e-05 2.002824967209311286e-04
7.221556362502502679e+02 3.851604522642057191e-05 2.007369611663053707e-04
7.221561367507507612e+02 2.995700857800928608e-05 2.011988348376967826e-04
7.221566372512512544e+02 2.086927084191088634e-05 2.016681193345028992e-04
7.221571377517517476e+02 3.570710286080543990e-05 2.021448149746637036e-04
7.221576382522522408e+02 3.593149219441064079e-05 2.026289207990962309e-04
7.221581387527527340e+02 4.293195915150694296e-05 2.031204345766600243e-04
7.221586392532532273e+02 6.059367861865343923e-05 2.036193528096458543e-04
7.221591397537537205e+02 6.302597417507009385e-05 2.041256707397836624e-04
7.221596402542543274e+02 6.741803190224339036e-05 2.046393823548794510e-04
7.221601407547548206e+02 8.093313513685211321e-05 2.051604803953714802e-04
7.221606412552553138e+02 9.193174077416424320e-05 2.056889563625525596e-04
7.221611417557558070e+02 9.650754527337353466e-05 2.062248005261173691e-04
7.221616422562563002e+02 1.169320663594372979e-04 2.067680019327733279e-04
7.221621427567567935e+02 8.453163685221859209e-05 2.073185484152096844e-04
7.221626432572572867e+02 1.033078817368076235e-04 2.078764266015320538e-04
7.221631437577577799e+02 1.339830998600277797e-04 2.084416219251536753e-04
7.221636442582582731e+02 1.460323872296429503e-04 2.090141186351349070e-04
7.221641447587587663e+02 1.620355339410594329e-04 2.095938998069602757e-04
7.221646452592592595e+02 1.531051308093576546e-04 2.101809473537445748e-04
7.221651457597597528e+02 1.656723422765854741e-04 2.107752420378572456e-04
7.221656462602602460e+02 1.743987503688779336e-04 2.113767634829556664e-04
7.221661467607607392e+02 1.855387734735316541e-04 2.119854901864161810e-04
7.221666472612612324e+02 1.684462862360538136e-04 2.126013995321527836e-04
7.221671477617618393e+02 1.908457517168244007e-04 2.132244678039545399e-04
7.221676482622623325e+02 1.905794349381232972e-04 2.138546701984788832e-04
7.221681487627628258e+02 1.950628908685807250e-04 2.144919808400158731e-04
7.221686492632633190e+02 2.026686276960976596e-04 2.151363727941821020e-04
7.221691497637638122e+02 2.122133591173911479e-04 2.157878180826511543e-04
7.221696502642643054e+02 2.248129194092915537e-04 2.164462876980636629e-04
7.221701507647647986e+02 2.015516350656742378e-04 2.171117516192447370e-04
7.221706512652652918e+02 1.877380664984428849e-04 2.177841788267184078e-04
7.221711517657657851e+02 1.955291800803548479e-04 2.184635373185058360e-04
7.221716522662662783e+02 2.315517421181034936e-04 2.191497941261958988e-04
7.221721527667667715e+02 2.260232952644152676e-04 2.198429153312755240e-04
7.221726532672672647e+02 2.236908495661825891e-04 2.205428660817085784e-04
7.221731537677677579e+02 2.095447315329011068e-04 2.212496106087492951e-04
7.221736542682682511e+02 2.530516190864012978e-04 2.219631122439799415e-04
7.221741547687687444e+02 3.017487645007495560e-04 2.226833334365590936e-04
7.221746552692692376e+02 2.443827008678176862e-04 2.234102357706685361e-04
7.221751557697698445e+02 2.274012830303395760e-04 2.241437799833140732e-04
7.221756562702703377e+02 2.297059042645205188e-04 2.248839259814652196e-04
7.221761567707708309e+02 2.423531883989419027e-04 2.256306328610242122e-04
7.221766572712713241e+02 2.538113358452515653e-04 2.263838589242801475e-04
7.221771577717718174e+02 2.811951372064702324e-04 2.271435616983311480e-04
7.221776582722723106e+02 2.252823988839821755e-04 2.279096979534665497e-04
7.221781587727728038e+02 2.503352450586794793e-04 2.286822237216620086e-04
7.221786592732732970e+02 2.463289456833946882e-04 2.294610943151758990e-04
7.221791597737737902e+02 2.498539700351025037e-04 2.302462643452357280e-04
7.221796602742742834e+02 2.948086165163373040e-04 2.310376877408019339e-04
7.221801607747747767e+02 2.593331652105573576e-04 2.318353177673980394e-04
7.221806612752752699e+02 2.802824065478512353e-04 2.326391070459952841e-04
7.221811617757757631e+02 2.919868113334014967e-04 2.334490075719405997e-04
7.221816622762762563e+02 2.596975906681917435e-04 2.342649707339168391e-04
7.221821627767767495e+02 2.966671798083152884e-04 2.350869473329233344e-04
7.221826632772772427e+02 2.954626695823390895e-04 2.359148876012672434e-04
7.221831637777778496e+02 2.362095891364229968e-04 2.367487412217434925e-04
7.221836642782783429e+02 2.872979618915208586e-04 2.375884573458548208e-04
7.221841647787788361e+02 2.956256023607637426e-04 2.384339846139053539e-04
7.221846652792793293e+02 3.169060672951854200e-04 2.392852711731689860e-04
7.221851657797798225e+02 3.212584311096979548e-04 2.401422646969618240e-04
7.221856662802803157e+02 2.663568385075503766e-04 2.410049124034725028e-04
7.221861667807808089e+02 3.652329656763288884e-04 2.418731610745326248e-04
7.221866672812813022e+02 2.983160267224289788e-04 2.427469570743149923e-04
7.221871677817817954e+02 2.594635610947983693e-04 2.436262463679525567e-04
7.221876682822822886e+02 2.802730102692464363e-04 2.445109745400675426e-04
7.221881687827827818e+02 2.704989119570379730e-04 2.454010868132033992e-04
7.221886692832832750e+02 2.550397989427719480e-04 2.462965280661497960e-04
7.221891697837837683e+02 2.513380770925560648e-04 2.471972428521526655e-04
7.221896702842842615e+02 2.828088757740385823e-04 2.481031754170028697e-04
7.221901707847847547e+02 3.294785147442076179e-04 2.490142697169917267e-04
7.221906712852853616e+02 2.699771358085000460e-04 2.499304694369396118e-04
7.221911717857858548e+02 2.359816146810691899e-04 2.508517180070344308e-04
7.221916722862863480e+02 3.304959898418543553e-04 2.517779586216013278e-04
7.221921727867868412e+02 2.631140223236001644e-04 2.527091342556315643e-04
7.221926732872873345e+02 2.890137890993204109e-04 2.536451876821843978e-04
7.221931737877878277e+02 2.625271962649058325e-04 2.545860614894094893e-04
7.221936742882883209e+02 2.796339293993178117e-04 2.555316980973887917e-04
7.221941747887888141e+02 3.128026909673612809e-04 2.564820397747959125e-04
7.221946752892893073e+02 3.101933702088545690e-04 2.574370286553631930e-04
7.221951757897898005e+02 3.030803604421764366e-04 2.583966067541543904e-04
7.221956762902902938e+02 3.114885337217445445e-04 2.593607159836357526e-04
7.221961767907907870e+02 3.264100797605302799e-04 2.603292981695416362e-04
7.221966772912912802e+02 2.721006907922251259e-04 2.613022950665293016e-04
7.221971777917917734e+02 2.580640419177515112e-04 2.622796483736193618e-04
7.221976782922922666e+02 3.167259068352448769e-04 2.632612997494165170e-04
7.221981787927927599e+02 2.799916044975340025e-04 2.642471908271077025e-04
7.221986792932933668e+02 2.905906779963508694e-04 2.652372632294584484e-04
7.221991797937938600e+02 3.289950896777626694e-04 2.662314585824537686e-04
7.221996802942943532e+02 3.166274408942893826e-04 2.672297185309547457e-04
7.222001807947948464e+02 3.357362190552733768e-04 2.682319847518709359e-04
7.222006812952953396e+02 2.945626887637481871e-04 2.692381989682167257e-04
7.222011817957958328e+02 3.407822142320998107e-04 2.702483029627012097e-04
7.222016822962963261e+02 3.219888821299604891e-04 2.712622385910737430e-04
7.222021827967968193e+02 3.207507671054699288e-04 2.722799477952235979e-04
7.222026832972973125e+02 2.645964681104967346e-04 2.733013726160308490e-04
7.222031837977978057e+02 3.067691321692258980e-04 2.743264552059680012e-04
7.222036842982982989e+02 2.929073214368778941e-04 2.753551378414494316e-04
7.222041847987987921e+02 2.878300982626417711e-04 2.763873629349284842e-04
7.222046852992992854e+02 3.176916570036058618e-04 2.774230730467409142e-04
7.222051857997997786e+02 3.109877796311666279e-04 2.784622108966930041e-04
7.222056863003002718e+02 2.652453630578930472e-04 2.795047193753948372e-04
7.222061868008008787e+02 3.230198062377140876e-04 2.805505415555753024e-04
7.222066873013013719e+02 3.409666139914544684e-04 2.815996207019514242e-04
7.222071878018018651e+02 3.161267901701310563e-04 2.826519002832182832e-04
7.222076883023023584e+02 3.465900174891051351e-04 2.837073239814070363e-04
7.222081888028028516e+02 3.416067739768224062e-04 2.847658357021735616e-04
7.222086893033033448e+02 3.058001784181401317e-04 2.858273795845936828e-04
7.222091898038038380e+02 3.416201872040063644e-04 2.868919000107030101e-04
7.222096903043043312e+02 3.297414124246994126e-04 2.879593416147822101e-04
7.222101908048048244e+02 3.916987575250158627e-04 2.890296492923874884e-04
7.222106913053053177e+02 3.039158753012501340e-04 2.901027682091286697e-04
7.222111918058058109e+02 3.184731854396655746e-04 2.911786438091952013e-04
7.222116923063063041e+02 3.138303122669898492e-04 2.922572218236307298e-04
7.222121928068067973e+02 3.353164531217903057e-04 2.933384482783587448e-04
7.222126933073072905e+02 3.673412194395519028e-04 2.944222695019602662e-04
7.222131938078077837e+02 3.164211572457449606e-04 2.955086321332048749e-04
7.222136943083082770e+02 3.300442559419603200e-04 2.965974831283368766e-04
7.222141948088088839e+02 3.663203402164141257e-04 2.976887697683680252e-04
7.222146953093093771e+02 3.016935105708510732e-04 2.987824396648865698e-04
7.222151958098098703e+02 3.415128136221059737e-04 2.998784407681102200e-04
7.222156963103103635e+02 3.241872779334360635e-04 3.009767213722209633e-04
7.222161968108108567e+02 3.042859519788274785e-04 3.020772301217054790e-04
7.222166973113113499e+02 3.068552196790181696e-04 3.031799160172163896e-04
7.222171978118118432e+02 3.388120242199223133e-04 3.042847284212018178e-04
7.222176983123123364e+02 3.532310163562183748e-04 3.053916170633095379e-04
7.222181988128128296e+02 3.362157507777905284e-04 3.065005320455653427e-04
7.222186993133133228e+02 2.875758640272134750e-04 3.076114238473296359e-04
7.222191998138138160e+02 3.133652820310281624e-04 3.087242433300347992e-04
7.222197003143143093e+02 3.627980073900975450e-04 3.098389417417056653e-04
7.222202008148148025e+02 3.395919911767955146e-04 3.109554707212664024e-04
7.222207013153152957e+02 3.818004189528692062e-04 3.120737823026364672e-04
7.222212018158157889e+02 3.337807916986284141e-04 3.131938289186189878e-04
7.222217023163162821e+02 3.721803810439536101e-04 3.143155634045832563e-04
7.222222028168168890e+02 3.454708725899716983e-04 3.154389390022015942e-04
7.222227033173173822e+02 4.163422664667014526e-04 3.165639093617107812e-04
7.222232038178178755e+02 3.189713531582968019e-04 3.176904285465295642e-04
7.222237043183183687e+02 3.594591804630011119e-04 3.188184510351321039e-04
7.222242048188188619e+02 3.125384104692051834e-04 3.199479317240081183e-04
7.222247053193193551e+02 3.521209287296197220e-04 3.210788259301808334e-04
7.222252058198198483e+02 3.507166386538217162e-04 3.222110893935429513e-04
7.222257063203203415e+02 3.602692152884725174e-04 3.233446782790120981e-04
7.222262068208208348e+02 3.023559124518320016e-04 3.244795491785101979e-04
7.222267073213213280e+02 3.144692353636271889e-04 3.256156591127697532e-04
7.222272078218218212e+02 3.169140464771073818e-04 3.267529655329702316e-04
7.222277083223223144e+02 3.546896631898929135e-04 3.278914263222078643e-04
7.222282088228228076e+02 3.463953527070197250e-04 3.290309997968017845e-04
7.222287093233233009e+02 3.455727288173444651e-04 3.301716447074411133e-04
7.222292098238237941e+02 3.236718166950667023e-04 3.313133202401750532e-04
7.222297103243244010e+02 3.079189673605091490e-04 3.324559860175087451e-04
7.222302108248248942e+02 3.427150310769092761e-04 3.335996020980523127e-04
7.222307113253253874e+02 4.132686925908577130e-04 3.347441289786174377e-04
7.222312118258258806e+02 3.089478544677855439e-04 3.358895275935771391e-04
7.222317123263263738e+02 3.261948415717263973e-04 3.370357593153809855e-04
7.222322128268268671e+02 3.694985436104257222e-04 3.381827859546756047e-04
7.222327133273273603e+02 3.296871776807031073e-04 3.393305697602904260e-04
7.222332138278278535e+02 3.874512124823731958e-04 3.404790734190947825e-04
7.222337143283283467e+02 3.475509893077662602e-04 3.416282600557256138e-04
7.222342148288288399e+02 3.854552780056908303e-04 3.427780932321935754e-04
7.222347153293293331e+02 3.263867942861895704e-04 3.439285369473674462e-04
7.222352158298298264e+02 3.451359936404538200e-04 3.450795556363407918e-04
7.222357163303303196e+02 3.614649977163085308e-04 3.462311141696851119e-04
7.222362168308308128e+02 3.711834510681281344e-04 3.473831778525911522e-04
7.222367173313313060e+02 3.462176093908266548e-04 3.485357124239021214e-04
7.222372178318317992e+02 3.982907462363433179e-04 3.496886840550421740e-04
7.222377183323324061e+02 4.096134004068607945e-04 3.508420593491042710e-04
7.222382188328328994e+02 3.960258249246528827e-04 3.519958053385299334e-04
7.222387193333333926e+02 3.235145390537450070e-04 3.531498894853118248e-04
7.222392198338338858e+02 3.009362762582155969e-04 3.543042796784837698e-04
7.222397203343343790e+02 3.912659873721650557e-04 3.554589442328307154e-04
7.222402208348348722e+02 3.302574090798729282e-04 3.566138518872488759e-04
7.222407213353353654e+02 3.650730185436183478e-04 3.577689718030216339e-04
7.222412218358358587e+02 4.078003393844267495e-04 3.589242735620135310e-04
7.222417223363363519e+02 3.368664142584269967e-04 3.600797271647852740e-04
7.222422228368368451e+02 3.290283123193435454e-04 3.612353030286323584e-04
7.222427233373373383e+02 4.273477211966786706e-04 3.623909719855509430e-04
7.222432238378378315e+02 3.767470468765506857e-04 3.635467052801312450e-04
7.222437243383383247e+02 3.841560831733254041e-04 3.647024745673839311e-04
7.222442248388388180e+02 3.803270517799146855e-04 3.658582519105001564e-04
7.222447253393393112e+02 3.846464310871515880e-04 3.670140097785483933e-04
7.222452258398398044e+02 3.569548836494947607e-04 3.681697210441105999e-04
7.222457263403404113e+02 3.777682947803661382e-04 3.693253589811225975e-04
7.222462268408409045e+02 3.546354688934776566e-04 3.704808972613452640e-04
7.222467273413413977e+02 3.559238994622963251e-04 3.716363099534088633e-04
7.222472278418418909e+02 3.780755191253227674e-04 3.727915715191792339e-04
7.222477283423423842e+02 3.719410039091202965e-04 3.739466568113884812e-04
7.222482288428428774e+02 3.632099535661511419e-04 3.751015410709565654e-04
7.222487293433433706e+02 3.597924025823751515e-04 3.762561999242677846e-04
7.222492298438438638e+02 3.478026102395926104e-04 3.774106093804050844e-04
7.222497303443443570e+02 3.310347582170879805e-04 3.785647458283443044e-04
7.222502308448448503e+02 3.920009078076495154e-04 3.797185860341099916e-04
7.222507313453453435e+02 3.969000028370118192e-04 3.808721071378945119e-04
7.222512318458458367e+02 3.560034383015686773e-04 3.820252866511445280e-04
7.222517323463463299e+02 3.708067715783439685e-04 3.831781024536130538e-04
7.222522328468468231e+02 4.124471030048432922e-04 3.843305327903827231e-04
7.222527333473473163e+02 3.477173032585974244e-04 3.854825562688600016e-04
7.222532338478479232e+02 4.021731239324819796e-04 3.866341518560046709e-04
7.222537343483484165e+02 3.882051499647667611e-04 3.877852988742250392e-04
7.222542348488489097e+02 3.718880001946876508e-04 3.889359769998681896e-04
7.222547353493494029e+02 3.967022397778290728e-04 3.900861662590711723e-04
7.222552358498498961e+02 3.625986108444336832e-04 3.912358470249003369e-04
7.222557363503503893e+02 4.275685251241937183e-04 3.923850000142115372e-04
7.222562368508508825e+02 4.449258041405475391e-04 3.935336062844939104e-04
7.222567373513513758e+02 3.938679815445130959e-04 3.946816472306971220e-04
7.222572378518518690e+02 4.501801285405502770e-04 3.958291045820472808e-04
7.222577383523523622e+02 3.520811145197400103e-04 3.969759603988479461e-04
7.222582388528528554e+02 4.106100360387710891e-04 3.981221970692732206e-04
7.222587393533533486e+02 4.007127595798859769e-04 3.992677973061497295e-04
7.222592398538538419e+02 4.216535752763139137e-04 4.004127441437311738e-04
7.222597403543543351e+02 3.982444280148281332e-04 4.015570209344661062e-04
7.222602408548548283e+02 4.470191260535601109e-04 4.027006113457605582e-04
7.222607413553553215e+02 5.030656227220567768e-04 4.038434993567367628e-04
7.222612418558559284e+02 4.749091205067901777e-04 4.049856692552471541e-04
7.222617423563564216e+02 3.711498711036526239e-04 4.061271056335914969e-04
7.222622428568569148e+02 4.284634559917931736e-04 4.072677933868259657e-04
7.222627433573574081e+02 4.951234456814852976e-04 4.084077177084790276e-04
7.222632438578579013e+02 3.566122453830158478e-04 4.095468640875660920e-04
7.222637443583583945e+02 3.747789493729200496e-04 4.106852183053474751e-04
7.222642448588588877e+02 4.544562266385304260e-04 4.118227664320896165e-04
7.222647453593593809e+02 3.934452761742613281e-04 4.129594948238313927e-04
7.222652458598598741e+02 4.153991862641058085e-04 4.140953901191551999e-04
7.222657463603603674e+02 4.143190026932926529e-04 4.152304392359652471e-04
7.222662468608608606e+02 4.148349047987414566e-04 4.163646293682730600e-04
7.222667473613613538e+02 4.561351929919652730e-04 4.174979479829903561e-04
7.222672478618618470e+02 3.680483201828615037e-04 4.186303828167324374e-04
7.222677483623623402e+02 3.897468178721615484e-04 4.197619218726297689e-04
7.222682488628628334e+02 3.957364731478340029e-04 4.208925534171513742e-04
7.222687493633634404e+02 4.160626823347942727e-04 4.220222659771953795e-04
7.222692498638639336e+02 3.822498642971296125e-04 4.231510483359089258e-04
7.222697503643644268e+02 4.410390925900647963e-04 4.242788895310872907e-04
7.222702508648649200e+02 3.259473467944077945e-04 4.254057788510191168e-04
7.222707513653654132e+02 3.980895957369382041e-04 4.265317058316297561e-04
7.222712518658659064e+02 4.070473938812944502e-04 4.276566602533821322e-04
7.222717523663663997e+02 4.431259280960687984e-04 4.287806321381932152e-04
7.222722528668668929e+02 3.717493201949299180e-04 4.299036117463657836e-04
7.222727533673673861e+02 4.346392167287101301e-04 4.310255895735371000e-04
7.222732538678678793e+02 3.926581911892373412e-04 4.321465563476434161e-04
7.222737543683683725e+02 4.695747191806213063e-04 4.332665030259032885e-04
7.222742548688688657e+02 4.222158641239254456e-04 4.343854207918173746e-04
7.222747553693693590e+02 4.850109803756109538e-04 4.355033010521869850e-04
7.222752558698698522e+02 4.057854640510264788e-04 4.366201354341513923e-04
7.222757563703703454e+02 3.969755913355100586e-04 4.377359157822440601e-04
7.222762568708708386e+02 3.858834199909916968e-04 4.388506341554687662e-04
7.222767573713714455e+02 4.040310575578333991e-04 4.399642828246475902e-04
7.222772578718719387e+02 4.485287508104870372e-04 4.410768542685253204e-04
7.222777583723724319e+02 4.384748694859686878e-04 4.421883411724237970e-04
7.222782588728729252e+02 5.122968463804620023e-04 4.432987364243868135e-04
7.222787593733734184e+02 4.287617822667795617e-04 4.444080331126115343e-04
7.222792598738739116e+02 3.964150339938087497e-04 4.455162245226483792e-04
7.222797603743744048e+02 3.664520306239277855e-04 4.466233041346225931e-04
7.222802608748748980e+02 3.424879697108930616e-04 4.477292656204768487e-04
7.222807613753753913e+02 5.268062929389773262e-04 4.488341028412382982e-04
7.222812618758758845e+02 4.502963726147107739e-04 4.499378098443048151e-04
7.222817623763763777e+02 4.358383579628111095e-04 4.510403808607564981e-04
7.222822628768768709e+02 4.190299376957174219e-04 4.521418103026887507e-04
7.222827633773773641e+02 4.027684653186906056e-04 4.532420927605681289e-04
7.222832638778778573e+02 4.678983602853354858e-04 4.543412230006118246e-04
7.222837643783783506e+02 4.201620201787911670e-04 4.554391959621904590e-04
7.222842648788788438e+02 4.505550069226760810e-04 4.565360067552529403e-04
7.222847653793794507e+02 3.805673925248152269e-04 4.576316506580255694e-04
7.222852658798799439e+02 4.245647727445092732e-04 4.587261231134888710e-04
7.222857663803804371e+02 4.547758674530739259e-04 4.598194197283683097e-04
7.222862668808809303e+02 4.133206703923055858e-04 4.609115362696577958e-04
7.222867673813814235e+02 4.393195986323674448e-04 4.620024686624133879e-04
7.222872678818819168e+02 4.466688504811607572e-04 4.630922129873214820e-04
7.222877683823824100e+02 4.246491619288647189e-04 4.641807654782900390e-04
7.222882688828829032e+02 4.527480180741233029e-04 4.652681225200650753e-04
7.222887693833833964e+02 5.006214512629287476e-04 4.663542806458708420e-04
7.222892698838838896e+02 4.325658993619253627e-04 4.674392365350725563e-04
7.222897703843843829e+02 4.859046745808185070e-04 4.685229870108656414e-04
7.222902708848848761e+02 3.961239751564456799e-04 4.696055290379867590e-04
7.222907713853853693e+02 4.324060648156413320e-04 4.706868597204505369e-04
7.222912718858858625e+02 4.327653447125662657e-04 4.717669762993087403e-04
7.222917723863863557e+02 4.623701895319963051e-04 4.728458761504348673e-04
7.222922728868869626e+02 5.255236866390045145e-04 4.739235567825763251e-04
7.222927733873874558e+02 5.112848218548931472e-04 4.750000158342075878e-04
7.222932738878879491e+02 5.511456072101806377e-04 4.760752510728544131e-04
7.222937743883884423e+02 4.884196655987495380e-04 4.771492603919937287e-04
7.222942748888889355e+02 4.400382320366845890e-04 4.782220418092020860e-04
7.222947753893894287e+02 4.373384816893164783e-04 4.792935934640820154e-04
7.222952758898899219e+02 4.476763446537231376e-04 4.803639136162129921e-04
7.222957763903904151e+02 4.168069004280034601e-04 4.814330006431249542e-04
7.222962768908909084e+02 4.460160971784540114e-04 4.825008530382959978e-04
7.222967773913914016e+02 4.434730750271089839e-04 4.835674694091730581e-04
7.222972778918918948e+02 5.189268448762885712e-04 4.846328484752154115e-04
7.222977783923923880e+02 3.880810165858605333e-04 4.856969890659623571e-04
7.222982788928928812e+02 4.491135119842176162e-04 4.867598901191230688e-04
7.222987793933933744e+02 4.846696930350287424e-04 4.878215506786897585e-04
7.222992798938938677e+02 5.598536186605194281e-04 4.888819698930733362e-04
7.222997803943943609e+02 4.139160678500835829e-04 4.899411470132621635e-04
7.223002808948949678e+02 5.589073278626304712e-04 4.909990813912431303e-04
7.223007813953954610e+02 4.430663172994553627e-04 4.920557724772445284e-04
7.223012818958959542e+02 5.345277053580439188e-04 4.931112198194033099e-04
7.223017823963964474e+02 4.793184314025456926e-04 4.941654230610516545e-04
7.223022828968969407e+02 5.027463116707938696e-04 4.952183819392280348e-04
7.223027833973974339e+02 5.099416144207889615e-04 4.962700962829680795e-04
7.223032838978979271e+02 5.313399542326393329e-04 4.973205660116192901e-04
7.223037843983984203e+02 5.081860639543466906e-04 4.983697911331754892e-04
7.223042848988989135e+02 4.733688445850086452e-04 4.994177717426338207e-04
7.223047853993994067e+02 4.711425675468424996e-04 5.004645080203726747e-04
7.223052858998999000e+02 5.312041834418714664e-04 5.015100002305508632e-04
7.223057864004003932e+02 5.200067056847408348e-04 5.025542487195275038e-04
7.223062869009008864e+02 4.717033481920053593e-04 5.035972539143030455e-04
7.223067874014013796e+02 4.657650977619850682e-04 5.046390163209807855e-04
7.223072879019018728e+02 4.426271339385427816e-04 5.056795365232489865e-04
7.223077884024024797e+02 4.662867960829256554e-04 5.067188151811189735e-04
7.223082889029029729e+02 4.449487204495720396e-04 5.077568530285036770e-04
7.223087894034034662e+02 4.290183650377234420e-04 5.087936508731767584e-04
7.223092899039039594e+02 5.052168200042148755e-04 5.098292095943901840e-04
7.223097904044044526e+02 5.036013289169190971e-04 5.108635301416927701e-04
7.223102909049049458e+02 4.729098640862703989e-04 5.118966135335305864e-04
7.223107914054054390e+02 5.419080167217805522e-04 5.129284608558692601e-04
7.223112919059059323e+02 4.577104108261256755e-04 5.139590732608326521e-04
7.223117924064064255e+02 4.002219380344935887e-04 5.149884519653622405e-04
7.223122929069069187e+02 4.593361884839299285e-04 5.160165982498945026e-04
7.223127934074074119e+02 5.026501750214162987e-04 5.170435134570574871e-04
7.223132939079079051e+02 4.683874742311011793e-04 5.180691989903847333e-04
7.223137944084083983e+02 4.943574527013169274e-04 5.190936563130494653e-04
7.223142949089088916e+02 5.035042164627471367e-04 5.201168869466140732e-04
7.223147954094093848e+02 4.422707782166667594e-04 5.211388924697997601e-04
7.223152959099098780e+02 5.037872378461301674e-04 5.221596745172734288e-04
7.223157964104104849e+02 4.515151745151234786e-04 5.231792347786825247e-04
7.223162969109109781e+02 4.426345150095668032e-04 5.241975749965508162e-04
7.223167974114114713e+02 4.886025661633682307e-04 5.252146969665065111e-04
7.223172979119119645e+02 5.501460493085544735e-04 5.262306025352118640e-04
7.223177984124124578e+02 5.394069547689112629e-04 5.272452935994662157e-04
7.223182989129129510e+02 4.994283927830224729e-04 5.282587721050958788e-04
7.223187994134134442e+02 5.219829842893418089e-04 5.292710400458599607e-04
7.223192999139139374e+02 5.703151810875093037e-04 5.302820994623716911e-04
7.223198004144144306e+02 5.695567910557704011e-04 5.312919524410366625e-04
7.223203009149149239e+02 5.005647702834503058e-04 5.323006011130071175e-04
7.223208014154154171e+02 5.488261644984221335e-04 5.333080476531510891e-04
7.223213019159159103e+02 4.890026873090491839e-04 5.343142942790380214e-04
7.223218024164164035e+02 4.973502932568338829e-04 5.353193432499396770e-04
7.223223029169168967e+02 5.329978954800851636e-04 5.363231968658454651e-04
7.223228034174173899e+02 4.987271262691176906e-04 5.373258574664942482e-04
7.223233039179178832e+02 5.794993897577945365e-04 5.383273274304194861e-04
7.223238044184184901e+02 5.222210400694526520e-04 5.393276091742378901e-04
7.223243049189189833e+02 5.347835205644960697e-04 5.403267051508148450e-04
7.223248054194194765e+02 4.702268037063029736e-04 5.413246178497182559e-04
7.223253059199199697e+02 5.128329778000934557e-04 5.423213497954127013e-04
7.223258064204204629e+02 5.732179570419891667e-04 5.433169035466046829e-04
7.223263069209209561e+02 4.831072718919116895e-04 5.443112816953741802e-04
7.223268074214214494e+02 4.693633338289544821e-04 5.453044868663204075e-04
7.223273079219219426e+02 5.638879257190507893e-04 5.462965217157201474e-04
7.223278084224224358e+02 4.614970489153658473e-04 5.472873889307009387e-04
7.223283089229229290e+02 5.345767316431969136e-04 5.482770912284253223e-04
7.223288094234234222e+02 5.801757858150077309e-04 5.492656313552905919e-04
7.223293099239239154e+02 5.219643309603812578e-04 5.502530120861397114e-04
7.223298104244244087e+02 6.132778654075697871e-04 5.512392362234852430e-04
7.223303109249249019e+02 4.992943639140349273e-04 5.522243065967466112e-04
7.223308114254253951e+02 5.709183269463052185e-04 5.532082260614986421e-04
7.223313119259260020e+02 4.835673986494774834e-04 5.541909974989568926e-04
7.223318124264264952e+02 5.267859986086959436e-04 5.551726238143573104e-04
7.223323129269269884e+02 5.418140086699277857e-04 5.561531079375822521e-04
7.223328134274274817e+02 5.264495418229952301e-04 5.571324528215633454e-04
7.223333139279279749e+02 5.324669360845398457e-04 5.581106614418148478e-04
7.223338144284284681e+02 5.226380750880142223e-04 5.590877367957532021e-04
7.223343149289289613e+02 5.466740095502598115e-04 5.600636819020284084e-04
7.223348154294294545e+02 5.376320117646134992e-04 5.610384997998678651e-04
7.223353159299299477e+02 5.016392331506045214e-04 5.620121935484295337e-04
7.223358164304304410e+02 5.905534357641588697e-04 5.629847662261668138e-04
7.223363169309309342e+02 4.043836846204404379e-04 5.639562209302040417e-04
7.223368174314314274e+02 5.651391698299213775e-04 5.649265607757226158e-04
7.223373179319319206e+02 5.492001638738051644e-04 5.658957888953578550e-04
7.223378184324324138e+02 5.617691732723688325e-04 5.668639084386052889e-04
7.223383189329329070e+02 6.590618879501266864e-04 5.678309225712382252e-04
7.223388194334334003e+02 5.534749224595693221e-04 5.687968344747345315e-04
7.223393199339340072e+02 5.184262155135154534e-04 5.697616473459330517e-04
7.223398204344345004e+02 5.645396876762005670e-04 5.707253643956036520e-04
7.223403209349349936e+02 5.753570705886815748e-04 5.716879888492186305e-04
7.223408214354354868e+02 5.177350259055487182e-04 5.726495239455417366e-04
7.223413219359359800e+02 5.893636948482525867e-04 5.736099729363231849e-04
7.223418224364364733e+02 5.801216658809452836e-04 5.745693390857834664e-04
7.223423229369369665e+02 5.435618485342463618e-04 5.755276256701072433e-04
7.223428234374374597e+02 6.253260771708056033e-04 5.764848359769464588e-04
7.223433239379379529e+02 5.380661970530381880e-04 5.774409733049307115e-04
7.223438244384384461e+02 6.237413413165074231e-04 5.783960409631889055e-04
7.223443249389389393e+02 5.246842200037088065e-04 5.793500422708765382e-04
7.223448254394394326e+02 5.021605004122946941e-04 5.803029805567141552e-04
7.223453259399399258e+02 6.165759255779752236e-04 5.812548591585323110e-04
7.223458264404404190e+02 5.034438769526828998e-04 5.822056814228261786e-04
7.223463269409409122e+02 6.060549156812300269e-04 5.831554507043164477e-04
7.223468274414415191e+02 4.844257527148880570e-04 5.841041703657358451e-04
7.223473279419420123e+02 5.988198962896052521e-04 5.850518437765447888e-04
7.223478284424425055e+02 5.166741856594844837e-04 5.859984743138101342e-04
7.223483289429429988e+02 5.564576830130697153e-04 5.869440653609363321e-04
7.223488294434434920e+02 5.404108956758521282e-04 5.878886203074817646e-04
7.223493299439439852e+02 5.910003325942617559e-04 5.888321425487678907e-04
7.223498304444444784e+02 5.997592295780326387e-04 5.897746354854938120e-04
7.223503309449449716e+02 6.194110364162056046e-04 5.907161025233598380e-04
7.223508314454454649e+02 5.794419355419431605e-04 5.916565470726978812e-04
7.223513319459459581e+02 6.246172952732197744e-04 5.925959725481074912e-04
7.223518324464464513e+02 6.220030955181155398e-04 5.935343823681008858e-04
7.223523329469469445e+02 5.679505395108630766e-04 5.944717799547526464e-04
7.223528334474474377e+02 6.718341589853771148e-04 5.954081687333586271e-04
7.223533339479479309e+02 6.371151947516967042e-04 5.963435521320982263e-04
7.223538344484484242e+02 5.714633444794343714e-04 5.972779335817069574e-04
7.223543349489489174e+02 5.565489853799610292e-04 5.982113165151514049e-04
7.223548354494495243e+02 5.868398959123373969e-04 5.991437043675256835e-04
7.223553359499500175e+02 5.560621383512553279e-04 6.000751005748936181e-04
7.223558364504505107e+02 5.486169663201996734e-04 6.010055085752547682e-04
7.223563369509510039e+02 6.757249605373895872e-04 6.019349318073990767e-04
7.223568374514514971e+02 5.968336891557932599e-04 6.028633737108258801e-04
7.223573379519519904e+02 6.791233684462075811e-04 6.037908377254581124e-04
7.223578384524524836e+02 5.644484202789743291e-04 6.047173272913608467e-04
7.223583389529529768e+02 6.137161792442102307e-04 6.056428458484659078e-04
7.223588394534534700e+02 6.287650439480471209e-04 6.065673968363034232e-04
7.223593399539539632e+02 5.515005309673163538e-04 6.074909836937363028e-04
7.223598404544544564e+02 5.961072466456182259e-04 6.084136098587025233e-04
7.223603409549549497e+02 5.593405551928409955e-04 6.093352787679614255e-04
7.223608414554554429e+02 6.176969235263960259e-04 6.102559938568455399e-04
7.223613419559559361e+02 6.790342281902114275e-04 6.111757585590176173e-04
7.223618424564564293e+02 5.489784865104420548e-04 6.120945763062327549e-04
7.223623429569569225e+02 6.325003395781615212e-04 6.130124505281056178e-04
7.223628434574575294e+02 6.539427683977451933e-04 6.139293846520900563e-04
7.223633439579580227e+02 6.496575780530792436e-04 6.148453821024237433e-04
7.223638444584585159e+02 5.363533267459487039e-04 6.157604463011590338e-04
7.223643449589590091e+02 6.307383812727228572e-04 6.166745806671157341e-04
7.223648454594595023e+02 5.841470768416272752e-04 6.175877886158807764e-04
7.223653459599599955e+02 6.118139973310050047e-04 6.185000735596035215e-04
7.223658464604604887e+02 5.107559874129793953e-04 6.194114389067952899e-04
7.223663469609609820e+02 6.355192125635233946e-04 6.203218880621338797e-04
7.223668474614614752e+02 6.753928266868115902e-04 6.212314244262724227e-04
7.223673479619619684e+02 6.659199060771493501e-04 6.221400513956518163e-04
7.223678484624624616e+02 6.198226334973991943e-04 6.230477723623176027e-04
7.223683489629629548e+02 6.519129050784578609e-04 6.239545907137415085e-04
7.223688494634634480e+02 6.083415505621243011e-04 6.248605098326464550e-04
7.223693499639639413e+02 6.122067238949062710e-04 6.257655330968355792e-04
7.223698504644644345e+02 5.921266432924232387e-04 6.266696638790253751e-04
7.223703509649650414e+02 6.443872704564456051e-04 6.275729055468875443e-04
7.223708514654655346e+02 7.030966526786976058e-04 6.284752614620698523e-04
7.223713519659660278e+02 5.754332178052853951e-04 6.293767349812704652e-04
7.223718524664665210e+02 5.823375879205548418e-04 6.302773294552657451e-04
7.223723529669670143e+02 5.870540028873882932e-04 6.311770482289677129e-04
7.223728534674675075e+02 7.368993897439838920e-04 6.320758946412782233e-04
7.223733539679680007e+02 6.593621651868988073e-04 6.329738720249485605e-04
7.223738544684684939e+02 6.778119748737814788e-04 6.338709837064408770e-04
7.223743549689689871e+02 5.590557247879715357e-04 6.347672330057939696e-04
7.223748554694694803e+02 7.646013361242568526e-04 6.356626232364924163e-04
7.223753559699699736e+02 6.408489800174335931e-04 6.365571577053382064e-04
7.223758564704704668e+02 6.872039249740561706e-04 6.374508397123260575e-04
7.223763569709709600e+02 7.691306519854671647e-04 6.383436725505217679e-04
7.223768574714714532e+02 6.515513712110632951e-04 6.392356595059441472e-04
7.223773579719719464e+02 6.182400933561102126e-04 6.401268038574493315e-04
7.223778584724724396e+02 6.779773438861016327e-04 6.410171088766174847e-04
7.223783589729730465e+02 6.553856483324555122e-04 6.419065778278464736e-04
7.223788594734735398e+02 6.122711839516673275e-04 6.427952139674369091e-04
7.223793599739740330e+02 6.513006980140246746e-04 6.436830205446999846e-04
7.223798604744745262e+02 6.650447806883475702e-04 6.445700008010484807e-04
7.223803609749750194e+02 6.922621210377332421e-04 6.454561579701006318e-04
7.223808614754755126e+02 6.453320471295691078e-04 6.463414952775848243e-04
7.223813619759760059e+02 6.784637644140265695e-04 6.472260159412459224e-04
7.223818624764764991e+02 6.506213031586991977e-04 6.481097231707554952e-04
7.223823629769769923e+02 6.431681452888390708e-04 6.489926201676238888e-04
7.223828634774774855e+02 6.854897202337370803e-04 6.498747101251147905e-04
7.223833639779779787e+02 6.909055140274451877e-04 6.507559962281626127e-04
7.223838644784784719e+02 7.542619349504195957e-04 6.516364816532918287e-04
7.223843649789789652e+02 6.816917743273104985e-04 6.525161695685392348e-04
7.223848654794794584e+02 7.625876562466925215e-04 6.533950631333782736e-04
7.223853659799799516e+02 7.154507800429948938e-04 6.542731654986454161e-04
7.223858664804805585e+02 6.963298142720006096e-04 6.551504798066682062e-04
7.223863669809810517e+02 6.203698370959307221e-04 6.560270091903997423e-04
7.223868674814815449e+02 6.253392499640927568e-04 6.569027567745472232e-04
7.223873679819820381e+02 6.739262350176837384e-04 6.577777256747105493e-04
7.223878684824825314e+02 7.480661867050452263e-04 6.586519189975183902e-04
7.223883689829830246e+02 5.739672225640846635e-04 6.595253398405684451e-04
7.223888694834835178e+02 6.425744411594777952e-04 6.603979912923690042e-04
7.223893699839840110e+02 6.659276739500635854e-04 6.612698764322821367e-04
7.223898704844845042e+02 6.564943285817195382e-04 6.621409983304691552e-04
7.223903709849849974e+02 7.018910697473123694e-04 6.630113600478385744e-04
7.223908714854854907e+02 6.577612724070803791e-04 6.638809646359951529e-04
7.223913719859859839e+02 7.739586723440399722e-04 6.647498151371905627e-04
7.223918724864864771e+02 6.714389518339394704e-04 6.656179145842772019e-04
7.223923729869869703e+02 7.082288264974904383e-04 6.664852660006625497e-04
7.223928734874874635e+02 7.092308222325098728e-04 6.673518724002654732e-04
7.223933739879879568e+02 7.542986329339988662e-04 6.682177367874747023e-04
7.223938744884885637e+02 7.502008648792357409e-04 6.690828621573048467e-04
7.223943749889890569e+02 6.410965105470035072e-04 6.699472514945727271e-04
7.223948754894895501e+02 6.756045210609948120e-04 6.708109077750384983e-04
7.223953759899900433e+02 5.949996571149454919e-04 6.716738339645854502e-04
7.223958764904905365e+02 7.213304538537135702e-04 6.725360330193817706e-04
7.223963769909910297e+02 7.372137106071738159e-04 6.733975078858492119e-04
7.223968774914915230e+02 5.836493847867741617e-04 6.742582615006317576e-04
7.223973779919920162e+02 6.070843269633937819e-04 6.751182967905668911e-04
7.223978784924925094e+02 7.314167118883504928e-04 6.759776166726578399e-04
7.223983789929930026e+02 7.296021161278639288e-04 6.768362240540465790e-04
7.223988794934934958e+02 7.356744994620335442e-04 6.776941218319904123e-04
7.223993799939939890e+02 6.193456325985970817e-04 6.785513128938362769e-04
7.223998804944944823e+02 7.571449307151581140e-04 6.794078001170001432e-04
7.224003809949949755e+02 7.313235883540539304e-04 6.802635863689455477e-04
7.224008814954954687e+02 7.853815360699940937e-04 6.811186745071637523e-04
7.224013819959959619e+02 6.526223027149125446e-04 6.819730673791554211e-04
7.224018824964965688e+02 7.273454068657202697e-04 6.828267678226075622e-04
7.224023829969970620e+02 6.496634212106151916e-04 6.836797786646019517e-04
7.224028834974975553e+02 6.802202069503392873e-04 6.845321027227635208e-04
7.224033839979980485e+02 7.778651779829087731e-04 6.853837428044713817e-04
7.224038844984985417e+02 7.301777763103871072e-04 6.862347017070401060e-04
7.224043849989990349e+02 7.341821926011278619e-04 6.870849822177087750e-04
7.224048854994995281e+02 7.233585405829934169e-04 6.879345871136300283e-04
7.224053860000000213e+02 7.260360144740872924e-04 6.887835191618612825e-04
