7.218403949999999440e+02 1.507236737783026418e-04 1.013125729054550862e-04
7.218408955005004373e+02 1.337347428329288936e-04 1.018729183602659969e-04
7.218413960010009305e+02 1.480178438594277992e-04 1.024328688658855549e-04
7.218418965015014237e+02 1.451203137007586405e-04 1.029924214513604702e-04
7.218423970020019169e+02 1.573072913613199212e-04 1.035515731200748883e-04
7.218428975025024101e+02 1.189277493334107321e-04 1.041103208495045349e-04
7.218433980030029034e+02 1.532510574112706976e-04 1.046686615909683241e-04
7.218438985035033966e+02 1.664485660142036899e-04 1.052265922693777187e-04
7.218443990040040035e+02 1.294331611215247650e-04 1.057841097831100139e-04
7.218448995045044967e+02 1.426185964543478894e-04 1.063412110032461972e-04
7.218454000050049899e+02 1.406752403841682634e-04 1.068978927740718636e-04
7.218459005055054831e+02 1.449019116238251892e-04 1.074541519123101694e-04
7.218464010060059763e+02 1.307655095664445673e-04 1.080099852069841388e-04
7.218469015065064696e+02 1.444281653018482121e-04 1.085653894191508716e-04
7.218474020070069628e+02 1.539196583062172653e-04 1.091203612816320917e-04
7.218479025075074560e+02 1.621084320171872696e-04 1.096748974987425549e-04
7.218484030080079492e+02 1.564732294271973915e-04 1.102289947460153658e-04
7.218489035085084424e+02 1.508550928444025540e-04 1.107826496699249914e-04
7.218494040090089356e+02 1.127045346641477913e-04 1.113358588876066699e-04
7.218499045095094289e+02 1.495077255208009657e-04 1.118886189865738671e-04
7.218504050100099221e+02 1.275035721479061490e-04 1.124409265244325081e-04
7.218509055105104153e+02 1.383992518075672978e-04 1.129927780285919155e-04
7.218514060110109085e+02 1.599770143286025439e-04 1.135441699959737958e-04
7.218519065115114017e+02 1.236344044009841242e-04 1.140950988927171060e-04
7.218524070120120086e+02 1.431245974970781344e-04 1.146455611540061673e-04
7.218529075125125019e+02 1.630739049785817803e-04 1.151955531832697915e-04
7.218534080130129951e+02 1.220956246589743562e-04 1.157450713526280946e-04
7.218539085135134883e+02 1.412795438577190191e-04 1.162941120020856200e-04
7.218544090140139815e+02 1.324598474422051142e-04 1.168426714393469291e-04
7.218549095145144747e+02 1.634902506153271783e-04 1.173907459395039853e-04
7.218554100150149679e+02 1.249410392728912494e-04 1.179383317447200004e-04
7.218559105155154612e+02 1.265639855574242465e-04 1.184854250639106525e-04
7.218564110160159544e+02 1.511442701145696021e-04 1.190320220724215897e-04
7.218569115165164476e+02 1.152245008614790207e-04 1.195781189117034406e-04
7.218574120170169408e+02 1.574328091412458875e-04 1.201237116889826504e-04
7.218579125175174340e+02 1.437121075805275982e-04 1.206687964769297561e-04
7.218584130180179272e+02 1.360143515275253527e-04 1.212133693133240152e-04
7.218589135185184205e+02 1.529519728051872279e-04 1.217574262007148909e-04
7.218594140190189137e+02 1.425236149703526132e-04 1.223009631060797422e-04
7.218599145195194069e+02 1.506754410751375310e-04 1.228439759604786684e-04
7.218604150200200138e+02 1.358856599360586039e-04 1.233864606588290220e-04
7.218609155205205070e+02 1.541993776968515425e-04 1.239284130590595956e-04
7.218614160210210002e+02 1.321704943653717764e-04 1.244698289824950255e-04
7.218619165215214935e+02 1.314023377155581823e-04 1.250107042130030126e-04
7.218624170220219867e+02 1.605513664323347399e-04 1.255510344967545244e-04
7.218629175225224799e+02 1.392061133376472999e-04 1.260908155418577405e-04
7.218634180230229731e+02 1.407179406408530791e-04 1.266300430179878253e-04
7.218639185235234663e+02 1.169764546919999662e-04 1.271687125560129862e-04
7.218644190240239595e+02 1.501105349759401049e-04 1.277068197476174157e-04
7.218649195245244528e+02 1.660839503094315990e-04 1.282443601449196789e-04
7.218654200250249460e+02 1.364382378819701278e-04 1.287813292600884451e-04
7.218659205255254392e+02 1.718157682717059856e-04 1.293177225649533410e-04
7.218664210260259324e+02 1.380234418737605936e-04 1.298535354906125777e-04
7.218669215265264256e+02 1.593457456864577854e-04 1.303887634270370268e-04
7.218674220270269188e+02 1.719967598700709161e-04 1.309234017226696355e-04
7.218679225275275257e+02 1.609303625626441791e-04 1.314574456841427204e-04
7.218684230280280190e+02 1.416895100574456796e-04 1.319908905753851270e-04
7.218689235285285122e+02 1.607500121175347088e-04 1.325237316179378412e-04
7.218694240290290054e+02 1.792290866758877005e-04 1.330559639900526377e-04
7.218699245295294986e+02 1.431045533299801602e-04 1.335875828263939787e-04
7.218704250300299918e+02 1.638625128324849986e-04 1.341185832176143859e-04
7.218709255305304850e+02 1.322942588297926453e-04 1.346489602099267230e-04
7.218714260310309783e+02 1.781572361693063017e-04 1.351787088046717614e-04
7.218719265315314715e+02 1.289597726218037982e-04 1.357078239578820872e-04
7.218724270320319647e+02 1.806954302464116896e-04 1.362363005798410479e-04
7.218729275325324579e+02 1.325708861023833761e-04 1.367641335346386083e-04
7.218734280330329511e+02 1.448312388721972464e-04 1.372913176397218683e-04
7.218739285335334444e+02 1.532143054593124805e-04 1.378178476654418115e-04
7.218744290340339376e+02 1.622008659313398831e-04 1.383437183345962330e-04
7.218749295345344308e+02 1.582168733150333311e-04 1.388689243219670287e-04
7.218754300350349240e+02 1.472470121566829765e-04 1.393934602538545852e-04
7.218759305355355309e+02 1.231830055796227991e-04 1.399173207077256576e-04
7.218764310360360241e+02 1.147816028485078868e-04 1.404405002112626597e-04
7.218769315365365173e+02 1.660979206199114189e-04 1.409629932425978522e-04
7.218774320370370106e+02 1.271288013174543192e-04 1.414847942293534435e-04
7.218779325375375038e+02 1.671771082447043668e-04 1.420058975482718774e-04
7.218784330380379970e+02 1.572232466763107345e-04 1.425262975247228734e-04
7.218789335385384902e+02 1.897458764410297572e-04 1.430459884322058588e-04
7.218794340390389834e+02 1.822529160611485299e-04 1.435649644918476041e-04
7.218799345395394766e+02 1.882231790719321180e-04 1.440832198718953853e-04
7.218804350400399699e+02 1.746520440164537247e-04 1.446007486872054576e-04
7.218809355405404631e+02 1.268812936627493034e-04 1.451175449987269475e-04
7.218814360410409563e+02 1.329639748133925714e-04 1.456336028129807860e-04
7.218819365415414495e+02 1.307756704002741607e-04 1.461489160815344392e-04
7.218824370420419427e+02 1.717495240707784577e-04 1.466634787004709474e-04
7.218829375425424359e+02 1.550710469858189423e-04 1.471772845098544410e-04
7.218834380430430429e+02 1.316504594569594322e-04 1.476903272933062169e-04
7.218839385435435361e+02 1.704626777860746565e-04 1.482026007769939372e-04
7.218844390440440293e+02 1.543570463242551546e-04 1.487140986297815198e-04
7.218849395445445225e+02 1.483551784548783415e-04 1.492248144622080643e-04
7.218854400450450157e+02 1.444720726945944661e-04 1.497347418260451990e-04
7.218859405455455089e+02 1.493230445377320703e-04 1.502438742137327270e-04
7.218864410460460022e+02 1.548138422386888496e-04 1.507522050578094465e-04
7.218869415465464954e+02 1.531130033152820183e-04 1.512597277303387141e-04
7.218874420470469886e+02 1.778431316058819926e-04 1.517664355423296700e-04
7.218879425475474818e+02 1.669917659435510033e-04 1.522723217431525824e-04
7.218884430480479750e+02 1.391733617465931608e-04 1.527773795199502340e-04
7.218889435485484682e+02 1.581048071187261047e-04 1.532816019970432639e-04
7.218894440490489615e+02 1.714874547068654829e-04 1.537849822353311465e-04
7.218899445495494547e+02 1.506795741275769129e-04 1.542875132316878296e-04
7.218904450500499479e+02 1.777808936646509293e-04 1.547891879183526027e-04
7.218909455505504411e+02 1.438635866759334077e-04 1.552899991623151918e-04
7.218914460510510480e+02 1.831040686429545616e-04 1.557899397648104399e-04
7.218919465515515412e+02 1.348755643984546608e-04 1.562890024602389021e-04
7.218924470520520345e+02 1.505535401390607775e-04 1.567871799162190503e-04
7.218929475525525277e+02 1.356722169701036790e-04 1.572844647324977041e-04
7.218934480530530209e+02 1.637765615393298722e-04 1.577808494404239488e-04
7.218939485535535141e+02 1.378081819758405168e-04 1.582763265023040349e-04
7.218944490540540073e+02 1.836101655838010503e-04 1.587708883107510471e-04
7.218949495545545005e+02 1.812060936761529886e-04 1.592645271880300997e-04
7.218954500550549938e+02 1.521789052506159964e-04 1.597572353853972448e-04
7.218959505555554870e+02 1.314399178919862274e-04 1.602490050824345038e-04
7.218964510560559802e+02 1.536988420115763937e-04 1.607398283863790717e-04
7.218969515565564734e+02 1.786227744724788226e-04 1.612296973314473439e-04
7.218974520570569666e+02 1.900642834347432203e-04 1.617186038781545524e-04
7.218979525575574598e+02 1.271404396022841866e-04 1.622065399126283844e-04
7.218984530580579531e+02 1.551821711558437763e-04 1.626934972459183185e-04
7.218989535585584463e+02 1.592402168578839451e-04 1.631794676132993773e-04
7.218994540590590532e+02 1.627840648021478518e-04 1.636644426736811285e-04
7.218999545595595464e+02 1.882212012366233657e-04 1.641484140084611683e-04
7.219004550600600396e+02 1.877024428912360142e-04 1.646313731214750855e-04
7.219009555605605328e+02 1.566218663351473279e-04 1.651133114378392386e-04
7.219014560610610260e+02 1.178425262926126272e-04 1.655942203033401597e-04
7.219019565615615193e+02 1.330478259966795984e-04 1.660740909837086273e-04
7.219024570620620125e+02 1.631645078913686493e-04 1.665529146638885887e-04
7.219029575625625057e+02 1.612251981033673443e-04 1.670306824473016913e-04
7.219034580630629989e+02 1.597886323998392645e-04 1.675073853551067187e-04
7.219039585635634921e+02 1.859324877773737845e-04 1.679830143254540658e-04
7.219044590640639854e+02 1.679050272729195855e-04 1.684575602127358774e-04
7.219049595645644786e+02 1.644921175613163369e-04 1.689310137868315796e-04
7.219054600650649718e+02 2.145228891043406919e-04 1.694033657323478262e-04
7.219059605655654650e+02 1.493874142109986555e-04 1.698746066478554109e-04
7.219064610660659582e+02 1.581675012296975772e-04 1.703447270451202147e-04
7.219069615665665651e+02 1.735560496681225098e-04 1.708137173484368561e-04
7.219074620670670583e+02 1.759281165503860417e-04 1.712815678934257683e-04
7.219079625675675516e+02 1.471037364927424071e-04 1.717482689268903827e-04
7.219084630680680448e+02 1.746997026122179206e-04 1.722138106056050454e-04
7.219089635685685380e+02 2.077642086602693591e-04 1.726781829956316983e-04
7.219094640690690312e+02 1.674502138875546447e-04 1.731413760715257014e-04
7.219099645695695244e+02 1.465727975883743392e-04 1.736033797155376159e-04
7.219104650700700176e+02 2.040223196339064932e-04 1.740641837168112197e-04
7.219109655705705109e+02 1.594970453667564749e-04 1.745237777705775661e-04
7.219114660710710041e+02 1.650122122088218835e-04 1.749821514773457079e-04
7.219119665715714973e+02 1.432309573929244561e-04 1.754392943420890851e-04
7.219124670720719905e+02 1.684167957204673900e-04 1.758951957734291476e-04
7.219129675725724837e+02 2.131153257243696177e-04 1.763498450828153462e-04
7.219134680730729769e+02 1.536991328957041866e-04 1.768032314837015998e-04
7.219139685735734702e+02 1.683425686856954942e-04 1.772553440907201057e-04
7.219144690740739634e+02 1.537412714299799638e-04 1.777061719188518716e-04
7.219149695745745703e+02 1.579140356706124526e-04 1.781557038826965316e-04
7.219154700750750635e+02 1.585752376784779923e-04 1.786039287952290926e-04
7.219159705755755567e+02 1.562498863475943200e-04 1.790508353675752864e-04
7.219164710760760499e+02 1.693323835551503525e-04 1.794964122077629765e-04
7.219169715765765432e+02 1.968607817790368069e-04 1.799406478199822707e-04
7.219174720770770364e+02 1.459449239315370559e-04 1.803835306037417682e-04
7.219179725775775296e+02 1.372963380550378692e-04 1.808250488530220416e-04
7.219184730780780228e+02 1.659611776946107674e-04 1.812651907554287123e-04
7.219189735785785160e+02 1.614420779311190270e-04 1.817039443913431678e-04
7.219194740790790092e+02 1.488427012911912111e-04 1.821412977330721949e-04
7.219199745795795025e+02 1.771140863262109081e-04 1.825772386439967457e-04
7.219204750800799957e+02 1.526038628456348554e-04 1.830117548777201336e-04
7.219209755805804889e+02 1.842012120713678930e-04 1.834448340772148751e-04
7.219214760810809821e+02 1.707849885232890733e-04 1.838764637739702357e-04
7.219219765815814753e+02 1.536659184432781771e-04 1.843066313871389358e-04
7.219224770820820822e+02 1.802285677407117258e-04 1.847353242227814342e-04
7.219229775825825755e+02 2.070801220546694341e-04 1.851625294726246527e-04
7.219234780830830687e+02 1.447856171177544168e-04 1.855882342137943949e-04
7.219239785835835619e+02 1.693285946564444767e-04 1.860124254075751541e-04
7.219244790840840551e+02 1.827858977997206408e-04 1.864350898986581653e-04
7.219249795845845483e+02 1.519218275455277479e-04 1.868562144142944803e-04
7.219254800850850415e+02 1.520666879847103702e-04 1.872757855634488025e-04
7.219259805855855348e+02 2.033509438631597320e-04 1.876937898359566279e-04
7.219264810860860280e+02 1.896481528592084157e-04 1.881102136016838528e-04
7.219269815865865212e+02 1.770132978533964956e-04 1.885250431096894446e-04
7.219274820870870144e+02 1.545876428213101544e-04 1.889382644873912026e-04
7.219279825875875076e+02 1.496489070600335843e-04 1.893498637397360177e-04
7.219284830880880008e+02 1.438312911077148371e-04 1.897598267483740359e-04
7.219289835885884941e+02 1.968577110119560606e-04 1.901681392708373208e-04
7.219294840890889873e+02 1.729716752352034525e-04 1.905747869397239917e-04
7.219299845895894805e+02 1.919895782456874651e-04 1.909797552618877278e-04
7.219304850900900874e+02 1.856151767281750671e-04 1.913830296177248787e-04
7.219309855905905806e+02 1.788463085671240023e-04 1.917845952600103290e-04
7.219314860910910738e+02 1.391435746250239611e-04 1.921844373136566430e-04
7.219319865915915670e+02 2.072974566065838189e-04 1.925825407745635365e-04
7.219324870920920603e+02 1.890279760572865131e-04 1.929788905089346938e-04
7.219329875925925535e+02 1.939827587548736965e-04 1.933734712525111553e-04
7.219334880930930467e+02 1.594548900433950052e-04 1.937662676098137859e-04
7.219339885935935399e+02 1.568169216679700774e-04 1.941572640533958797e-04
7.219344890940940331e+02 1.884457564993787676e-04 1.945464449231057945e-04
7.219349895945945264e+02 1.557078091088695494e-04 1.949337944253608614e-04
7.219354900950950196e+02 1.706593780701709344e-04 1.953192966324328957e-04
7.219359905955955128e+02 1.611909839471289811e-04 1.957029354817462028e-04
7.219364910960960060e+02 1.419104047957315227e-04 1.960846947751882158e-04
7.219369915965964992e+02 2.059304348502683716e-04 1.964645581784346879e-04
7.219374920970969924e+02 1.656194724669444616e-04 1.968425092202883558e-04
7.219379925975974857e+02 1.471362374407548515e-04 1.972185312920337588e-04
7.219384930980980926e+02 1.831403747099786335e-04 1.975926076468924536e-04
7.219389935985985858e+02 2.090858976993766342e-04 1.979647213990709499e-04
7.219394940990990790e+02 2.091330739699324385e-04 1.983348555236755999e-04
7.219399945995995722e+02 1.563289503718760158e-04 1.987029928557958788e-04
7.219404951001000654e+02 1.666957291943230765e-04 1.990691160900328379e-04
7.219409956006005586e+02 1.678086071439820388e-04 1.994332077799622349e-04
7.219414961011010519e+02 1.834912798430825265e-04 1.997952503376197004e-04
7.219419966016015451e+02 1.759902249164425132e-04 2.001552260330072633e-04
7.219424971021020383e+02 1.713601046127044710e-04 2.005131169936240267e-04
7.219429976026025315e+02 2.269778706243572269e-04 2.008689052040207239e-04
7.219434981031030247e+02 1.540669768568431490e-04 2.012225725053795350e-04
7.219439986036035179e+02 2.167156795907335695e-04 2.015741005951203328e-04
7.219444991041040112e+02 2.064985497107410387e-04 2.019234710265351430e-04
7.219449996046045044e+02 1.539545885988490329e-04 2.022706652084503348e-04
7.219455001051049976e+02 1.891661321802075866e-04 2.026156644049198453e-04
7.219460006056056045e+02 1.802599345175700683e-04 2.029584497350259847e-04
7.219465011061060977e+02 1.685896428998460387e-04 2.032990021723249483e-04
7.219470016066065909e+02 2.072993410474330874e-04 2.036373025451041245e-04
7.219475021071070842e+02 1.831870973405162284e-04 2.039733315358947731e-04
7.219480026076075774e+02 2.060122979903097201e-04 2.043070696814117441e-04
7.219485031081080706e+02 1.625370883919209045e-04 2.046384973724523751e-04
7.219490036086085638e+02 1.363877659102544833e-04 2.049675948538352344e-04
7.219495041091090570e+02 1.623654734102439844e-04 2.052943422243793314e-04
7.219500046096095502e+02 1.750510950941889133e-04 2.056187194369255022e-04
7.219505051101100435e+02 1.921432809111651855e-04 2.059407062984018144e-04
7.219510056106105367e+02 1.749425136851621759e-04 2.062602824699346434e-04
7.219515061111110299e+02 1.875607830548250022e-04 2.065774274670064239e-04
7.219520066116115231e+02 2.013887605404237062e-04 2.068921206596627867e-04
7.219525071121120163e+02 1.750654144070166963e-04 2.072043412727698943e-04
7.219530076126125095e+02 1.834137315688880697e-04 2.075140683863242784e-04
7.219535081131130028e+02 1.665017755497207681e-04 2.078212809358172947e-04
7.219540086136136097e+02 2.054941701827810564e-04 2.081259577127239895e-04
7.219545091141141029e+02 1.774364928729088001e-04 2.084280773647054935e-04
7.219550096146145961e+02 1.846100224152503837e-04 2.087276183965626041e-04
7.219555101151150893e+02 1.471659777322257667e-04 2.090245591705590952e-04
7.219560106156155825e+02 1.785908700832300835e-04 2.093188779071560740e-04
7.219565111161160758e+02 2.125748870539822849e-04 2.096105526857432210e-04
7.219570116166165690e+02 2.115278845974452712e-04 2.098995614454387962e-04
7.219575121171170622e+02 2.146202574181724188e-04 2.101858819859602531e-04
7.219580126176175554e+02 1.672059549269330151e-04 2.104694919685683619e-04
7.219585131181180486e+02 1.751519216116964811e-04 2.107503689170866308e-04
7.219590136186185418e+02 1.870634253916427360e-04 2.110284902189990606e-04
7.219595141191190351e+02 2.343361553588564226e-04 2.113038331266280220e-04
7.219600146196195283e+02 1.798020624935703067e-04 2.115763747583956705e-04
7.219605151201200215e+02 1.683624166470264216e-04 2.118460921001709049e-04
7.219610156206205147e+02 1.777655864164211761e-04 2.121129620067044991e-04
7.219615161211211216e+02 1.962720886388425433e-04 2.123769612032152079e-04
7.219620166216216148e+02 1.852608967163638402e-04 2.126380662867712306e-04
7.219625171221221080e+02 2.013061825333377559e-04 2.128962537283671632e-04
7.219630176226226013e+02 2.251955184792364336e-04 2.131514998745005903e-04
7.219635181231230945e+02 1.563875695079749507e-04 2.134037809491522999e-04
7.219640186236235877e+02 2.218321662619129149e-04 2.136530730558123311e-04
7.219645191241240809e+02 2.068952598449967466e-04 2.138993521796145249e-04
7.219650196246245741e+02 1.729806633380620920e-04 2.141425941895841564e-04
7.219655201251250674e+02 2.056892177714133446e-04 2.143827748410004114e-04
7.219660206256255606e+02 1.919543503938920550e-04 2.146198697778781790e-04
7.219665211261260538e+02 1.538185051869354262e-04 2.148538545355727937e-04
7.219670216266265470e+02 2.016180263986737267e-04 2.150847045435092431e-04
7.219675221271270402e+02 1.899033420350606757e-04 2.153123951280428621e-04
7.219680226276275334e+02 2.198331615245150165e-04 2.155369015154513790e-04
7.219685231281280267e+02 2.503660159479629155e-04 2.157581988350651696e-04
7.219690236286285199e+02 1.580502808872498400e-04 2.159762621225379698e-04
7.219695241291291268e+02 2.033979372624146703e-04 2.161910663233102513e-04
7.219700246296296200e+02 1.796701405777204909e-04 2.164025862959789758e-04
7.219705251301301132e+02 1.757903580517693545e-04 2.166107968163069749e-04
7.219710256306306064e+02 1.588464417802546076e-04 2.168156725809007265e-04
7.219715261311310996e+02 2.117319952743544099e-04 2.170171882112939207e-04
7.219720266316315929e+02 1.777105191463821104e-04 2.172153182581476052e-04
7.219725271321320861e+02 1.752744783689462373e-04 2.174100372056198449e-04
7.219730276326325793e+02 1.653910311415104071e-04 2.176013194759099118e-04
7.219735281331330725e+02 2.135052410312223889e-04 2.177891394339808795e-04
7.219740286336335657e+02 1.800453872596147447e-04 2.179734713924656655e-04
7.219745291341340589e+02 2.122158630996393393e-04 2.181542896167613444e-04
7.219750296346345522e+02 2.079603580145298410e-04 2.183315683303162333e-04
7.219755301351350454e+02 2.013106175633595633e-04 2.185052817201145177e-04
7.219760306356355386e+02 2.092125079390319152e-04 2.186754039423638950e-04
7.219765311361360318e+02 1.705862553954714774e-04 2.188419091283902733e-04
7.219770316366365250e+02 1.933394770205321784e-04 2.190047713907460850e-04
7.219775321371371319e+02 2.171049156362977670e-04 2.191639648295715180e-04
7.219780326376376252e+02 1.889721919508864797e-04 2.193194635389998193e-04
7.219785331381381184e+02 1.974824835697688808e-04 2.194712416141517814e-04
7.219790336386386116e+02 2.011377411247645269e-04 2.196192731580015611e-04
7.219795341391391048e+02 2.141571186254974759e-04 2.197635322886641444e-04
7.219800346396395980e+02 1.952632150084352000e-04 2.199039931468911135e-04
7.219805351401400912e+02 2.134577913799076362e-04 2.200406299038168108e-04
7.219810356406405845e+02 2.086751447498199220e-04 2.201734167689608352e-04
7.219815361411410777e+02 2.129529250355958689e-04 2.203023279984925623e-04
7.219820366416415709e+02 1.933501320472688547e-04 2.204273379037630575e-04
7.219825371421420641e+02 1.842321203647324978e-04 2.205484208601114261e-04
7.219830376426425573e+02 1.750260937088581113e-04 2.206655513159496687e-04
7.219835381431430505e+02 2.183247814444111521e-04 2.207787038021338745e-04
7.219840386436435438e+02 2.171088771137591553e-04 2.208878529416266579e-04
7.219845391441440370e+02 1.742872350284879301e-04 2.209929734594572362e-04
7.219850396446446439e+02 2.116927947883195005e-04 2.210940401930077976e-04
7.219855401451451371e+02 2.221742222627642145e-04 2.211910281024967060e-04
7.219860406456456303e+02 1.946841762545947492e-04 2.212839122820054881e-04
7.219865411461461235e+02 2.070835514306383434e-04 2.213726679705991423e-04
7.219870416466466168e+02 2.065995997749941202e-04 2.214572705638899138e-04
7.219875421471471100e+02 2.020564232656623922e-04 2.215376956259132663e-04
7.219880426476476032e+02 2.318423210129182403e-04 2.216139189013446712e-04
7.219885431481480964e+02 2.181581139603366176e-04 2.216859163280640479e-04
7.219890436486485896e+02 2.002969256963332075e-04 2.217536640500738967e-04
7.219895441491490828e+02 1.976317099090222251e-04 2.218171384307773602e-04
7.219900446496495761e+02 2.273350247450049320e-04 2.218763160666226912e-04
7.219905451501500693e+02 1.959605247645206431e-04 2.219311738011206037e-04
7.219910456506505625e+02 1.997996283558460767e-04 2.219816887392399036e-04
7.219915461511510557e+02 2.391037390777715895e-04 2.220278382621885518e-04
7.219920466516515489e+02 2.347126894997600334e-04 2.220696000425857188e-04
7.219925471521520421e+02 2.414354381065616302e-04 2.221069520600313884e-04
7.219930476526526490e+02 1.861341602620067534e-04 2.221398726170858442e-04
7.219935481531531423e+02 2.173239437960447138e-04 2.221683403556228269e-04
7.219940486536536355e+02 1.831942166785983169e-04 2.221923342736717476e-04
7.219945491541541287e+02 2.088292629549797874e-04 2.222118337426047042e-04
7.219950496546546219e+02 1.822909218770297558e-04 2.222268185247893259e-04
7.219955501551551151e+02 2.392948284458553223e-04 2.222372687916657034e-04
7.219960506556556084e+02 2.062360132857012291e-04 2.222431651422607669e-04
7.219965511561561016e+02 1.835042737172907189e-04 2.222444886221458049e-04
7.219970516566565948e+02 1.955850785271537112e-04 2.222412207428418407e-04
7.219975521571570880e+02 1.968133039866916411e-04 2.222333435016777430e-04
7.219980526576575812e+02 2.280888778040785186e-04 2.222208394021061694e-04
7.219985531581580744e+02 2.061740454522307598e-04 2.222036914744818670e-04
7.219990536586585677e+02 2.268977394199563817e-04 2.221818832973059910e-04
7.219995541591590609e+02 2.317517928800671414e-04 2.221553990189414267e-04
7.220000546596595541e+02 1.907549933752101981e-04 2.221242233798023159e-04
7.220005551601601610e+02 2.216013652789896541e-04 2.220883417350126619e-04
7.220010556606606542e+02 2.253881298356734126e-04 2.220477400775890391e-04
7.220015561611611474e+02 1.974773318902812828e-04 2.220024050620236702e-04
7.220020566616616406e+02 1.970713259252298362e-04 2.219523240284358430e-04
7.220025571621621339e+02 2.293947360078307785e-04 2.218974850271720513e-04
7.220030576626626271e+02 1.930642037144040494e-04 2.218378768439051123e-04
7.220035581631631203e+02 2.379670620995650535e-04 2.217734890252248074e-04
7.220040586636636135e+02 2.585836856460362585e-04 2.217043119047223227e-04
7.220045591641641067e+02 2.521146734270766411e-04 2.216303366295680019e-04
7.220050596646645999e+02 2.005574941766841092e-04 2.215515551875824648e-04
7.220055601651650932e+02 2.060545426038874967e-04 2.214679604348020680e-04
7.220060606656655864e+02 2.225887674161329370e-04 2.213795461235358076e-04
7.220065611661660796e+02 2.326314279643264824e-04 2.212863069309136635e-04
7.220070616666665728e+02 2.176546143632821580e-04 2.211882384879233494e-04
7.220075621671670660e+02 2.417094256109886719e-04 2.210853374089334633e-04
7.220080626676675593e+02 2.770222209669203034e-04 2.209776013216993248e-04
7.220085631681681662e+02 2.505102704721134141e-04 2.208650288978208432e-04
7.220090636686686594e+02 1.979719828069348940e-04 2.207476198838049641e-04
7.220095641691691526e+02 2.451438027927010433e-04 2.206253751323388032e-04
7.220100646696696458e+02 2.467447565268214072e-04 2.204982966342805225e-04
7.220105651701701390e+02 2.304524442449094358e-04 2.203663875509786650e-04
7.220110656706706322e+02 2.772183392744864087e-04 2.202296522470648522e-04
7.220115661711711255e+02 2.146672819125543458e-04 2.200880963236843100e-04
7.220120666716716187e+02 2.242743318059841923e-04 2.199417266521568493e-04
7.220125671721721119e+02 2.414262791604802568e-04 2.197905514080552647e-04
7.220130676726726051e+02 2.404291463737817864e-04 2.196345801056922610e-04
7.220135681731730983e+02 2.136005437850119887e-04 2.194738236330014320e-04
7.220140686736735915e+02 2.597189844227180207e-04 2.193082942867999611e-04
7.220145691741740848e+02 2.237227472135832273e-04 2.191380058084179707e-04
7.220150696746745780e+02 2.319736760694356332e-04 2.189629734196788555e-04
7.220155701751750712e+02 2.346345713966789450e-04 2.187832138592148514e-04
7.220160706756755644e+02 2.075916084573207403e-04 2.185987454190978902e-04
7.220165711761761713e+02 2.080543023308164933e-04 2.184095879817252140e-04
7.220170716766766645e+02 2.341414096034041663e-04 2.182157630571978963e-04
7.220175721771771578e+02 2.130499745334886420e-04 2.180172938205242360e-04
7.220180726776776510e+02 2.201476058780521474e-04 2.178142051494839470e-04
7.220185731781781442e+02 2.094902047162622272e-04 2.176065236624874402e-04
7.220190736786786374e+02 2.264074644654193885e-04 2.173942777566596990e-04
7.220195741791791306e+02 2.236141364575323573e-04 2.171774976460802799e-04
7.220200746796796238e+02 2.009422681844010797e-04 2.169562154001494596e-04
7.220205751801801171e+02 2.272793235624372501e-04 2.167304649820521770e-04
7.220210756806806103e+02 1.779532817442192993e-04 2.165002822872878145e-04
7.220215761811811035e+02 2.629886356650401602e-04 2.162657051822318801e-04
7.220220766816815967e+02 2.416880000377852800e-04 2.160267735426971765e-04
7.220225771821820899e+02 2.377832992190418880e-04 2.157835292924568590e-04
7.220230776826825831e+02 2.212115168454871104e-04 2.155360164416924131e-04
7.220235781831830764e+02 2.154930144072280469e-04 2.152842811253271671e-04
7.220240786836836833e+02 2.442503162191146421e-04 2.150283716411467325e-04
7.220245791841841765e+02 2.453327648457309272e-04 2.147683384880132000e-04
7.220250796846846697e+02 2.270967773420942942e-04 2.145042344032558571e-04
7.220255801851851629e+02 2.327100422176395808e-04 2.142361144003551829e-04
7.220260806856856561e+02 2.385438994166383852e-04 2.139640358060030463e-04
7.220265811861861494e+02 2.196228884141742776e-04 2.136880582968360724e-04
7.220270816866866426e+02 2.367480667449853836e-04 2.134082439357356251e-04
7.220275821871871358e+02 2.402192942969551715e-04 2.131246572076404150e-04
7.220280826876876290e+02 2.253561260441619126e-04 2.128373650548184685e-04
7.220285831881881222e+02 2.056818004381829235e-04 2.125464369115426786e-04
7.220290836886886154e+02 1.734078287961427064e-04 2.122519447381124183e-04
7.220295841891891087e+02 2.432456441854261725e-04 2.119539630541624809e-04
7.220300846896896019e+02 2.574937888265246854e-04 2.116525689711989575e-04
7.220305851901900951e+02 2.027373957924702842e-04 2.113478422242995466e-04
7.220310856906905883e+02 2.466188318299175988e-04 2.110398652029149514e-04
7.220315861911910815e+02 2.051970625879242442e-04 2.107287229807062328e-04
7.220320866916916884e+02 2.416426000503414477e-04 2.104145033442801507e-04
7.220325871921921816e+02 2.223371538114043912e-04 2.100972968211828036e-04
7.220330876926926749e+02 1.875224824543361636e-04 2.097771967060121771e-04
7.220335881931931681e+02 2.325292596986827610e-04 2.094542990860042851e-04
7.220340886936936613e+02 2.368188141788388993e-04 2.091287028649534076e-04
7.220345891941941545e+02 2.146217452102732002e-04 2.088005097858200367e-04
7.220350896946946477e+02 2.577375028984989019e-04 2.084698244518812217e-04
7.220355901951951410e+02 2.281116424739199565e-04 2.081367543463486923e-04
7.220360906956956342e+02 2.176467371975548688e-04 2.078014098503782974e-04
7.220365911961961274e+02 2.538054678867223812e-04 2.074639042593945111e-04
7.220370916966966206e+02 1.994150837221138643e-04 2.071243537976521902e-04
7.220375921971971138e+02 1.945256846863375729e-04 2.067828776309581142e-04
7.220380926976976070e+02 2.552750803569908212e-04 2.064395978774729733e-04
7.220385931981981003e+02 2.543348369341760372e-04 2.060946396165160379e-04
7.220390936986985935e+02 2.598080600163836713e-04 2.057481308952929051e-04
7.220395941991990867e+02 2.092910347699387312e-04 2.054002027334672262e-04
7.220400946996996936e+02 2.138678917628404283e-04 2.050509891254185852e-04
7.220405952002001868e+02 2.720321164942000425e-04 2.047006270405838323e-04
7.220410957007006800e+02 2.113744047251240601e-04 2.043492564206128971e-04
7.220415962012011732e+02 2.118828578821233737e-04 2.039970201748488845e-04
7.220420967017016665e+02 2.111705171621329957e-04 2.036440641728649154e-04
7.220425972022021597e+02 2.619401607305909489e-04 2.032905372344584851e-04
7.220430977027026529e+02 2.120344210997395472e-04 2.029365911169482464e-04
7.220435982032031461e+02 2.774053023250942578e-04 2.025823804997005199e-04
7.220440987037036393e+02 2.117526089920239928e-04 2.022280629658130538e-04
7.220445992042041325e+02 2.571445104679370209e-04 2.018737989808857213e-04
7.220450997047046258e+02 1.912628694279729070e-04 2.015197518688105580e-04
7.220456002052051190e+02 2.210623010521411752e-04 2.011660877845141055e-04
7.220461007057056122e+02 2.153781301482584460e-04 2.008129756835889902e-04
7.220466012062061054e+02 2.607594459607243511e-04 2.004605872887534512e-04
7.220471017067065986e+02 2.640778450248507515e-04 2.001090970530804885e-04
7.220476022072072055e+02 2.387553366533383447e-04 1.997586821198618634e-04
7.220481027077076988e+02 2.488535473503474980e-04 1.994095222795328013e-04
7.220486032082081920e+02 2.189662976004917120e-04 1.990617999224148437e-04
7.220491037087086852e+02 2.811357142743310450e-04 1.987156999888249848e-04
7.220496042092091784e+02 2.562891663859289998e-04 1.983714099153158043e-04
7.220501047097096716e+02 2.364554093375755256e-04 1.980291195774886012e-04
7.220506052102101648e+02 2.278629975663528815e-04 1.976890212292674461e-04
7.220511057107106581e+02 2.368951100045433038e-04 1.973513094386086493e-04
7.220516062112111513e+02 2.304769517283199534e-04 1.970161810196217086e-04
7.220521067117116445e+02 2.641462858709734741e-04 1.966838349610868842e-04
7.220526072122121377e+02 1.991689298892992976e-04 1.963544723513563903e-04
7.220531077127126309e+02 2.511876399563606828e-04 1.960282962996348394e-04
7.220536082132131241e+02 2.104617725482050986e-04 1.957055118536381528e-04
7.220541087137136174e+02 2.679402079051836148e-04 1.953863259136376059e-04
7.220546092142141106e+02 2.185920181460378783e-04 1.950709471429012596e-04
7.220551097147146038e+02 2.431718268441249403e-04 1.947595858745518316e-04
7.220556102152152107e+02 2.088039225043175097e-04 1.944524540147973704e-04
7.220561107157157039e+02 2.598947239810605291e-04 1.941497649429831834e-04
7.220566112162161971e+02 2.306229881169522087e-04 1.938517334074609942e-04
7.220571117167166904e+02 2.538559407299170755e-04 1.935585754187162078e-04
7.220576122172171836e+02 1.960289882959052920e-04 1.932705081387585259e-04
7.220581127177176768e+02 2.554382511274499198e-04 1.929877497672571646e-04
7.220586132182181700e+02 2.192578469905960862e-04 1.927105194244180448e-04
7.220591137187186632e+02 2.149398123829789043e-04 1.924390370306799328e-04
7.220596142192191564e+02 2.690307426406140070e-04 1.921735231833115792e-04
7.220601147197196497e+02 2.314946137280426736e-04 1.919141990300011721e-04
7.220606152202201429e+02 2.824271633523337465e-04 1.916612861395373913e-04
7.220611157207206361e+02 2.369708180621803097e-04 1.914150063696861738e-04
7.220616162212211293e+02 2.051886284552959156e-04 1.911755817323787922e-04
7.220621167217216225e+02 2.822726269577614474e-04 1.909432342563309448e-04
7.220626172222221157e+02 2.026425300840059888e-04 1.907181858472222543e-04
7.220631177227227226e+02 2.585509943632605372e-04 1.905006581455233187e-04
7.220636182232232159e+02 2.377514575713561519e-04 1.902908723824058663e-04
7.220641187237237091e+02 2.000946970757272448e-04 1.900890492331504906e-04
7.220646192242242023e+02 2.132139486754277852e-04 1.898954086691963944e-04
7.220651197247246955e+02 1.965370490554398781e-04 1.897101698082524724e-04
7.220656202252251887e+02 1.776460984147810714e-04 1.895335507629390562e-04
7.220661207257256820e+02 2.611060192338577148e-04 1.893657684880878497e-04
7.220666212262261752e+02 2.603823968417416797e-04 1.892070386268818779e-04
7.220671217267266684e+02 2.323463340155856719e-04 1.890575753560247213e-04
7.220676222272271616e+02 2.411868898287384752e-04 1.889175912301324861e-04
7.220681227277276548e+02 2.106417780866340144e-04 1.887872970255476514e-04
7.220686232282281480e+02 2.163630544520564318e-04 1.886669015837783502e-04
7.220691237287286413e+02 1.967953723029059951e-04 1.885566116547718503e-04
7.220696242292291345e+02 2.008053569049488181e-04 1.884566317402332724e-04
7.220701247297296277e+02 2.377818956088475610e-04 1.883671639372061979e-04
7.220706252302301209e+02 2.236148307100782173e-04 1.882884077821327649e-04
7.220711257307307278e+02 2.547262056619538167e-04 1.882205600956014465e-04
7.220716262312312210e+02 1.798982196985498031e-04 1.881638148280925392e-04
7.220721267317317142e+02 2.412139635853630267e-04 1.881183629067221467e-04
7.220726272322322075e+02 2.324467292200581205e-04 1.880843920835188743e-04
7.220731277327327007e+02 2.356216875965540345e-04 1.880620867852229319e-04
7.220736282332331939e+02 2.316679590669975749e-04 1.880516279649317962e-04
7.220741287337336871e+02 2.046273454942797014e-04 1.880531929558026591e-04
7.220746292342341803e+02 2.510850969356123816e-04 1.880669553270374462e-04
7.220751297347346735e+02 1.703979214244056629e-04 1.880930847423734000e-04
7.220756302352351668e+02 2.109259151581696135e-04 1.881317468213030602e-04
7.220761307357356600e+02 2.068741076699607141e-04 1.881831030032411604e-04
7.220766312362361532e+02 1.800993588547689507e-04 1.882473104148556058e-04
7.220771317367366464e+02 1.813475407940292380e-04 1.883245217407745749e-04
7.220776322372371396e+02 1.942781128443564573e-04 1.884148850978781026e-04
7.220781327377376329e+02 1.508046168847474279e-04 1.885185439133770251e-04
7.220786332382381261e+02 1.845996642859285908e-04 1.886356368068768555e-04
7.220791337387387330e+02 1.708953175568690480e-04 1.887662974766509663e-04
7.220796342392392262e+02 1.760784753349806358e-04 1.889106545901225633e-04
7.220801347397397194e+02 1.564042243440423282e-04 1.890688316791884623e-04
7.220806352402402126e+02 1.393195342248697169e-04 1.892409470399613691e-04
7.220811357407407058e+02 1.610802025127657487e-04 1.894271136375313654e-04
7.220816362412411991e+02 1.523610747815230424e-04 1.896274390157306350e-04
7.220821367417416923e+02 1.220029369511380557e-04 1.898420252120741982e-04
7.220826372422421855e+02 1.446601852200219242e-04 1.900709686780160566e-04
7.220831377427426787e+02 1.280511267461356250e-04 1.903143602046453479e-04
7.220836382432431719e+02 9.433664396718544325e-05 1.905722848539437547e-04
7.220841387437436651e+02 5.203965978956932783e-05 1.908448218957084649e-04
7.220846392442441584e+02 1.245303692697082108e-04 1.911320447502408112e-04
7.220851397447446516e+02 7.712323889647652137e-05 1.914340209368844254e-04
7.220856402452451448e+02 6.843345625381019133e-05 1.917508120284911052e-04
7.220861407457456380e+02 5.388977632704110277e-05 1.920824736118762475e-04
7.220866412462462449e+02 5.108670853359682990e-05 1.924290552543999428e-04
7.220871417467467381e+02 4.050136828692909457e-05 1.927906004762341952e-04
7.220876422472472314e+02 6.391707441438389367e-05 1.931671467295381899e-04
7.220881427477477246e+02 3.103886610932096452e-05 1.935587253829835304e-04
7.220886432482482178e+02 3.073549089825536405e-05 1.939653617128113319e-04
7.220891437487487110e+02 1.496024246997778025e-05 1.943870748999499516e-04
7.220896442492492042e+02 1.414951505766462577e-05 1.948238780332550181e-04
7.220901447497496974e+02 2.907282936445636264e-05 1.952757781188450359e-04
7.220906452502501907e+02 2.521853705650424019e-05 1.957427760954934780e-04
7.220911457507506839e+02 2.015287978479928245e-05 1.962248668560285516e-04
7.220916462512511771e+02 3.326581139870700665e-05 1.967220392746793793e-04
7.220921467517516703e+02 1.897640509690140989e-05 1.972342762402985012e-04
7.220926472522521635e+02 4.288514714594215287e-05 1.977615546953775949e-04
7.220931477527526567e+02 4.893716713084779235e-05 1.983038456807665326e-04
7.220936482532531500e+02 7.239928559664366087e-05 1.988611143859917731e-04
7.220941487537536432e+02 7.397539466817744792e-05 1.994333202050643946e-04
7.220946492542542501e+02 9.118814823424838448e-05 2.000204167977923239e-04
7.220951497547547433e+02 1.007476416318491225e-04 2.006223521556587644e-04
7.220956502552552365e+02 8.397688879629426368e-05 2.012390686741408934e-04
7.220961507557557297e+02 1.073132112278504037e-04 2.018705032286522067e-04
7.220966512562562230e+02 1.546190706745530880e-04 2.025165872559508149e-04
7.220971517567567162e+02 1.468172405177809987e-04 2.031772468400565290e-04
7.220976522572572094e+02 1.540674109773554465e-04 2.038524028026441031e-04
7.220981527577577026e+02 1.321153094814431358e-04 2.045419707977375056e-04
7.220986532582581958e+02 1.446295738714138907e-04 2.052458614105267891e-04
7.220991537587586890e+02 1.639404691863725395e-04 2.059639802601242998e-04
7.220996542592591823e+02 1.593296004105621076e-04 2.066962281060703290e-04
7.221001547597596755e+02 1.581862576129676261e-04 2.074425009583961955e-04
7.221006552602601687e+02 1.775903487990908053e-04 2.082026901910477839e-04
7.221011557607606619e+02 1.600884667816958318e-04 2.089766826584702928e-04
7.221016562612611551e+02 1.905581555539910077e-04 2.097643608151522035e-04
7.221021567617617620e+02 1.785668816051388648e-04 2.105656028381067862e-04
7.221026572622622552e+02 1.792270881499594018e-04 2.113802827509887999e-04
7.221031577627627485e+02 1.824823510525375766e-04 2.122082705523759385e-04
7.221036582632632417e+02 2.487900139403086326e-04 2.130494323443679204e-04
7.221041587637637349e+02 2.015041601889383408e-04 2.139036304640189786e-04
7.221046592642642281e+02 2.580588756614416606e-04 2.147707236163094561e-04
7.221051597647647213e+02 2.652742016323059800e-04 2.156505670086315450e-04
7.221056602652652145e+02 2.260578759752595538e-04 2.165430124865849574e-04
7.221061607657657078e+02 1.912275827027300386e-04 2.174479086708778065e-04
7.221066612662662010e+02 2.389816977793909165e-04 2.183651010951334723e-04
7.221071617667666942e+02 2.588900866867256787e-04 2.192944323444039620e-04
7.221076622672671874e+02 2.426357856119097515e-04 2.202357421941952571e-04
7.221081627677676806e+02 2.546409413088260667e-04 2.211888677498117953e-04
7.221086632682681739e+02 2.212028774008347810e-04 2.221536435858324397e-04
7.221091637687686671e+02 2.816949940896985014e-04 2.231299018855334567e-04
7.221096642692691603e+02 3.130667181193290578e-04 2.241174725800781746e-04
7.221101647697697672e+02 2.550909710679517156e-04 2.251161834875266905e-04
7.221106652702702604e+02 2.625288674104548151e-04 2.261258604501279585e-04
7.221111657707707536e+02 2.260182230777363539e-04 2.271463274731394088e-04
7.221116662712712468e+02 2.927660586403010791e-04 2.281774068604753582e-04
7.221121667717717401e+02 2.933106544302428753e-04 2.292189193504276545e-04
7.221126672722722333e+02 2.520010737401618328e-04 2.302706842499525994e-04
7.221131677727727265e+02 2.522391947153684714e-04 2.313325195676074980e-04
7.221136682732732197e+02 2.912973749528001313e-04 2.324042421449997364e-04
7.221141687737737129e+02 2.995429767326246028e-04 2.334856677866178236e-04
7.221146692742742061e+02 2.573336273138846463e-04 2.345766113879192802e-04
7.221151697747746994e+02 2.643326424703554430e-04 2.356768870615582798e-04
7.221156702752751926e+02 3.096779855319929924e-04 2.367863082616403951e-04
7.221161707757756858e+02 2.873678030864526599e-04 2.379046879058985221e-04
7.221166712762761790e+02 3.025629920021439298e-04 2.390318384956931891e-04
7.221171717767766722e+02 2.597986995469973100e-04 2.401675722337418700e-04
7.221176722772771654e+02 2.703567296853045545e-04 2.413117011394932195e-04
7.221181727777777724e+02 2.723426839138621907e-04 2.424640371623282156e-04
7.221186732782782656e+02 2.933711220025882150e-04 2.436243922909408989e-04
7.221191737787787588e+02 3.062364978041300437e-04 2.447925786627628045e-04
7.221196742792792520e+02 3.423494467982067611e-04 2.459684086681340016e-04
7.221201747797797452e+02 3.001239384459965438e-04 2.471516950530886305e-04
7.221206752802802384e+02 3.111839168251645939e-04 2.483422510191393684e-04
7.221211757807807317e+02 3.314081237424600134e-04 2.495398903202776910e-04
7.221216762812812249e+02 2.611687930975745294e-04 2.507444273571541237e-04
7.221221767817817181e+02 3.194467852177742422e-04 2.519556772684058499e-04
7.221226772822822113e+02 2.986734588617368609e-04 2.531734560191066280e-04
7.221231777827827045e+02 3.013483107624800417e-04 2.543975804863176618e-04
7.221236782832831977e+02 2.554627565939287040e-04 2.556278685417246767e-04
7.221241787837836910e+02 2.889160886509278088e-04 2.568641391313502523e-04
7.221246792842841842e+02 3.058056520894218244e-04 2.581062123523360989e-04
7.221251797847846774e+02 2.915139431686448275e-04 2.593539095267946267e-04
7.221256802852852843e+02 3.250939697620959155e-04 2.606070532730185314e-04
7.221261807857857775e+02 3.304062952288924879e-04 2.618654675723463068e-04
7.221266812862862707e+02 3.082106249067795398e-04 2.631289778359680183e-04
7.221271817867867640e+02 2.351566757597150679e-04 2.643974109659956461e-04
7.221276822872872572e+02 2.973983339893275556e-04 2.656705954150835255e-04
7.221281827877877504e+02 3.319239484609323243e-04 2.669483612429171776e-04
7.221286832882882436e+02 3.601353146981546138e-04 2.682305401698816417e-04
7.221291837887887368e+02 3.375751616144232934e-04 2.695169656279399395e-04
7.221296842892892300e+02 2.384807828563213338e-04 2.708074728087531114e-04
7.221301847897897233e+02 3.291434886408425809e-04 2.721018987090798274e-04
7.221306852902902165e+02 3.064075998224953523e-04 2.734000821734924348e-04
7.221311857907907097e+02 3.340135888582585161e-04 2.747018639344521061e-04
7.221316862912912029e+02 2.862721369530467895e-04 2.760070866497846666e-04
7.221321867917916961e+02 3.358854714429504473e-04 2.773155949376038851e-04
7.221326872922921893e+02 3.178194446233971828e-04 2.786272354087298230e-04
7.221331877927926826e+02 3.147690407717346293e-04 2.799418566966498947e-04
7.221336882932932895e+02 2.514625464978663145e-04 2.812593094853741349e-04
7.221341887937937827e+02 2.924366750529651090e-04 2.825794465334405194e-04
7.221346892942942759e+02 3.482820923968340501e-04 2.839021226986128193e-04
7.221351897947947691e+02 3.075140889398262039e-04 2.852271949573417591e-04
7.221356902952952623e+02 3.437017747060690655e-04 2.865545224235317430e-04
7.221361907957957555e+02 3.229582417324650795e-04 2.878839663648755532e-04
7.221366912962962488e+02 3.043868680816634326e-04 2.892153902171126930e-04
7.221371917967967420e+02 3.542009129692213175e-04 2.905486595962703542e-04
7.221376922972972352e+02 3.210844860677274266e-04 2.918836423089437681e-04
7.221381927977977284e+02 3.543034471061123187e-04 2.932202083606743779e-04
7.221386932982982216e+02 3.401965981927430817e-04 2.945582299624871438e-04
7.221391937987987149e+02 3.454495926170348232e-04 2.958975815356419507e-04
7.221396942992992081e+02 2.985335257742657280e-04 2.972381397146605926e-04
7.221401947997997013e+02 3.521356679272189612e-04 2.985797833486880421e-04
7.221406953003001945e+02 3.007107520942710701e-04 2.999223935012447647e-04
7.221411958008008014e+02 3.156700971464299435e-04 3.012658534487352362e-04
7.221416963013012946e+02 3.523086774888164736e-04 3.026100486759382034e-04
7.221421968018017878e+02 3.418009370553330814e-04 3.039548668731152257e-04
7.221426973023022811e+02 3.627091022453617672e-04 3.053001979286890035e-04
7.221431978028027743e+02 2.996878982466088539e-04 3.066459339221267832e-04
7.221436983033032675e+02 3.504495897553288469e-04 3.079919691152529712e-04
7.221441988038037607e+02 3.302955606382584008e-04 3.093381999423507468e-04
7.221446993043042539e+02 3.262959798673134202e-04 3.106845249991075915e-04
7.221451998048047471e+02 3.494663226920428369e-04 3.120308450304568287e-04
7.221457003053052404e+02 3.433926376010163449e-04 3.133770629173681928e-04
7.221462008058057336e+02 3.834801983926703012e-04 3.147230836626399553e-04
7.221467013063062268e+02 3.028888565052688538e-04 3.160688143757412914e-04
7.221472018068067200e+02 3.315428912700649038e-04 3.174141642567550282e-04
7.221477023073072132e+02 3.262308750167289403e-04 3.187590445794708134e-04
7.221482028078077064e+02 3.586262015065578776e-04 3.201033686736735884e-04
7.221487033083081997e+02 3.889182736221156664e-04 3.214470519066764268e-04
7.221492038088088066e+02 3.445684984075344398e-04 3.227900116644456048e-04
7.221497043093092998e+02 3.620627751660144568e-04 3.241321673305341193e-04
7.221502048098097930e+02 3.561737826876337190e-04 3.254734402674412165e-04
7.221507053103102862e+02 3.292163679234708378e-04 3.268137537943383800e-04
7.221512058108107794e+02 4.171822609032208398e-04 3.281530331657799373e-04
7.221517063113112727e+02 3.402809935969273785e-04 3.294912055496068562e-04
7.221522068118117659e+02 3.727144621194209730e-04 3.308282000043866666e-04
7.221527073123122591e+02 3.541494823131987116e-04 3.321639474564278861e-04
7.221532078128127523e+02 3.553440467485551729e-04 3.334983806764051095e-04
7.221537083133132455e+02 3.881617671955272532e-04 3.348314342556291297e-04
7.221542088138137387e+02 3.671560161228671400e-04 3.361630445819961351e-04
7.221547093143142320e+02 3.724142287854155823e-04 3.374931498156503529e-04
7.221552098148147252e+02 3.803655290848665976e-04 3.388216898643890305e-04
7.221557103153152184e+02 3.269647019715753861e-04 3.401486063588431510e-04
7.221562108158157116e+02 4.071340256802380691e-04 3.414738426274615277e-04
7.221567113163162048e+02 3.255022931230433904e-04 3.427973436713269021e-04
7.221572118168168117e+02 3.962094866253670238e-04 3.441190561391327201e-04
7.221577123173173050e+02 3.095892013266888067e-04 3.454389283005439054e-04
7.221582128178177982e+02 3.780717000672149789e-04 3.467569100224718055e-04
7.221587133183182914e+02 4.059048393675443911e-04 3.480729527422808992e-04
7.221592138188187846e+02 3.837982381908144848e-04 3.493870094424559800e-04
7.221597143193192778e+02 4.162157321582374649e-04 3.506990346249493355e-04
7.221602148198197710e+02 3.683128368936199764e-04 3.520089842855298802e-04
7.221607153203202643e+02 4.058190542902234384e-04 3.533168158881540787e-04
7.221612158208207575e+02 3.462770804924422794e-04 3.546224883393784503e-04
7.221617163213212507e+02 4.366018728814614501e-04 3.559259619628313775e-04
7.221622168218217439e+02 3.868023128444424098e-04 3.572271984737630866e-04
7.221627173223222371e+02 3.236521713387950508e-04 3.585261609536882191e-04
7.221632178228227303e+02 3.732343601964682039e-04 3.598228138251394247e-04
7.221637183233232236e+02 3.590378735156187092e-04 3.611171228265449337e-04
7.221642188238237168e+02 3.720385184630220715e-04 3.624090549872451775e-04
7.221647193243243237e+02 3.862166799640989593e-04 3.636985786029543126e-04
7.221652198248248169e+02 3.979229800893778089e-04 3.649856632099232482e-04
7.221657203253253101e+02 3.806405849319710382e-04 3.662702795622075594e-04
7.221662208258258033e+02 4.308278950843056113e-04 3.675523996061943197e-04
7.221667213263262965e+02 3.254879041625744103e-04 3.688319964567923705e-04
7.221672218268267898e+02 4.455237217757462365e-04 3.701090443735385654e-04
7.221677223273272830e+02 3.879158119109489154e-04 3.713835187369206379e-04
7.221682228278277762e+02 4.030388576477439877e-04 3.726553960249269384e-04
7.221687233283282694e+02 3.665423531770135423e-04 3.739246537898302503e-04
7.221692238288287626e+02 3.793964430223765397e-04 3.751912706352122993e-04
7.221697243293292559e+02 3.475746288845080168e-04 3.764552261932381711e-04
7.221702248298297491e+02 3.642671603853748900e-04 3.777165011021831856e-04
7.221707253303302423e+02 4.222661716700057649e-04 3.789750769842220937e-04
7.221712258308307355e+02 3.493434968182546193e-04 3.802309364234824946e-04
7.221717263313312287e+02 4.002315263455415574e-04 3.814840629443691403e-04
7.221722268318317219e+02 3.733040253962532722e-04 3.827344409901627608e-04
7.221727273323323288e+02 4.044900577498088123e-04 3.839820559021803973e-04
7.221732278328328221e+02 4.083720215957219548e-04 3.852268938978013887e-04
7.221737283333333153e+02 3.664016398658097285e-04 3.864689420516119033e-04
7.221742288338338085e+02 3.799238703744544764e-04 3.877081882740021374e-04
7.221747293343343017e+02 3.498405004307590313e-04 3.889446212914712949e-04
7.221752298348347949e+02 3.991056157709200070e-04 3.901782306269402649e-04
7.221757303353352881e+02 3.798624459182127987e-04 3.914090065803574130e-04
7.221762308358357814e+02 3.643628373707497991e-04 3.926369402095991135e-04
7.221767313363362746e+02 3.710864817529134583e-04 3.938620233116650214e-04
7.221772318368367678e+02 3.983378164339465089e-04 3.950842484041695488e-04
7.221777323373372610e+02 3.987740429091619692e-04 3.963036087071286780e-04
7.221782328378377542e+02 3.938017882044390471e-04 3.975200981250445503e-04
7.221787333383382474e+02 3.989951333649247056e-04 3.987337112292837116e-04
7.221792338388387407e+02 3.983308318728237887e-04 3.999444432407537296e-04
7.221797343393392339e+02 3.893009702433438681e-04 4.011522900128710288e-04
7.221802348398397271e+02 4.187498925732171043e-04 4.023572480148263921e-04
7.221807353403403340e+02 4.027289041238079226e-04 4.035593143154130556e-04
7.221812358408408272e+02 4.224947429616240100e-04 4.047584865657834490e-04
7.221817363413413204e+02 4.092543631420805426e-04 4.059547629852258721e-04
7.221822368418418137e+02 3.643037457467110320e-04 4.071481423444970552e-04
7.221827373423423069e+02 3.818974552805093846e-04 4.083386239508091575e-04
7.221832378428428001e+02 4.467843630402456895e-04 4.095262076328266311e-04
7.221837383433432933e+02 3.900590569009433216e-04 4.107108937259461713e-04
7.221842388438437865e+02 4.168720920101688415e-04 4.118926830578565528e-04
7.221847393443442797e+02 3.831386026932110289e-04 4.130715769343767268e-04
7.221852398448447730e+02 3.999640709083015231e-04 4.142475771255682213e-04
7.221857403453452662e+02 3.649058505902056954e-04 4.154206858521214646e-04
7.221862408458457594e+02 4.318462464255206127e-04 4.165909057720115880e-04
7.221867413463462526e+02 3.588194266208900580e-04 4.177582399674212668e-04
7.221872418468467458e+02 3.709350557037391187e-04 4.189226919319286491e-04
7.221877423473472390e+02 4.545948419559057161e-04 4.200842655579557100e-04
7.221882428478478460e+02 3.886931327981356745e-04 4.212429651247393534e-04
7.221887433483483392e+02 4.807902273118466827e-04 4.223987952852411350e-04
7.221892438488488324e+02 3.997742880198095383e-04 4.235517610559421547e-04
7.221897443493493256e+02 4.139987093801923397e-04 4.247018678042535178e-04
7.221902448498498188e+02 3.639418657472792088e-04 4.258491212374896739e-04
7.221907453503503120e+02 3.785907673034991051e-04 4.269935273918209931e-04
7.221912458508508053e+02 4.253813308669268049e-04 4.281350926214655709e-04
7.221917463513512985e+02 4.110199878034643400e-04 4.292738235881167399e-04
7.221922468518517917e+02 4.470315429100664819e-04 4.304097272506037376e-04
7.221927473523522849e+02 3.927796449723409446e-04 4.315428108547808171e-04
7.221932478528527781e+02 4.222147295086346188e-04 4.326730819236424669e-04
7.221937483533532713e+02 4.035926443275611214e-04 4.338005482476613812e-04
7.221942488538537646e+02 3.981937208249024533e-04 4.349252178753448958e-04
7.221947493543542578e+02 4.198014997397193069e-04 4.360470991040074520e-04
7.221952498548547510e+02 4.379311917500325379e-04 4.371662004707544259e-04
7.221957503553552442e+02 4.341767502158377337e-04 4.382825307436756415e-04
7.221962508558558511e+02 4.124727503836252357e-04 4.393960989134959843e-04
7.221967513563563443e+02 4.141624823040947027e-04 4.405069141841646890e-04
7.221972518568568375e+02 4.088563758980597799e-04 4.416149859661713415e-04
7.221977523573573308e+02 4.265652623804627947e-04 4.427203238675277023e-04
7.221982528578578240e+02 3.654684018450557979e-04 4.438229376862057210e-04
7.221987533583583172e+02 4.382166773176581842e-04 4.449228374025118011e-04
7.221992538588588104e+02 4.469554505025830115e-04 4.460200331716454320e-04
7.221997543593593036e+02 4.234888978546771845e-04 4.471145353164395885e-04
7.222002548598597969e+02 3.582694794205572709e-04 4.482063543202798061e-04
7.222007553603602901e+02 3.515656652852153447e-04 4.492955008201975965e-04
7.222012558608607833e+02 3.867784401489032754e-04 4.503819856001366846e-04
7.222017563613612765e+02 4.631979416811176763e-04 4.514658195843875683e-04
7.222022568618617697e+02 4.413153057031126304e-04 4.525470138311871475e-04
7.222027573623622629e+02 4.504796251058968901e-04 4.536255795264807129e-04
7.222032578628627562e+02 4.242752585043634765e-04 4.547015279778441796e-04
7.222037583633633631e+02 4.476145610832710318e-04 4.557748706088043857e-04
7.222042588638638563e+02 3.787687999766901729e-04 4.568456189520948125e-04
7.222047593643643495e+02 4.062152718463156670e-04 4.579137846454998375e-04
7.222052598648648427e+02 4.219380713173798560e-04 4.589793794254050873e-04
7.222057603653653359e+02 3.643948848296980989e-04 4.600424151217143718e-04
7.222062608658658291e+02 4.730577726183019991e-04 4.611029036526613435e-04
7.222067613663663224e+02 5.141013286076317633e-04 4.621608570197607477e-04
7.222072618668668156e+02 4.649032888964688853e-04 4.632162873028945467e-04
7.222077623673673088e+02 4.605304163711134336e-04 4.642692066555313473e-04
7.222082628678678020e+02 4.543045557031335125e-04 4.653196273000743065e-04
7.222087633683682952e+02 4.905899001897181654e-04 4.663675615233373517e-04
7.222092638688687884e+02 4.853218986905274155e-04 4.674130216721452172e-04
7.222097643693692817e+02 4.808977582498132389e-04 4.684560201490552914e-04
7.222102648698697749e+02 4.692407043879362168e-04 4.694965694081989420e-04
7.222107653703702681e+02 4.240406755612934151e-04 4.705346819512389056e-04
7.222112658708707613e+02 3.745990006213673063e-04 4.715703703234410066e-04
7.222117663713713682e+02 5.063803740233480599e-04 4.726036471100917907e-04
7.222122668718718614e+02 4.341916832771649409e-04 4.736345249318526097e-04
7.222127673723723547e+02 4.645131944154709210e-04 4.746630164425668773e-04
7.222132678728728479e+02 4.185001488565383504e-04 4.756891343248235136e-04
7.222137683733733411e+02 4.647026578338761277e-04 4.767128912867980134e-04
7.222142688738738343e+02 5.178729491450991635e-04 4.777343000589564181e-04
7.222147693743743275e+02 5.088894431598547322e-04 4.787533733908584904e-04
7.222152698748748207e+02 4.354105105147400268e-04 4.797701240480546202e-04
7.222157703753753140e+02 4.706108815108345916e-04 4.807845648090769463e-04
7.222162708758758072e+02 4.251759093963222648e-04 4.817967084625204128e-04
7.222167713763763004e+02 4.964062155428314305e-04 4.828065678042131647e-04
7.222172718768767936e+02 4.101087215103860618e-04 4.838141556344735701e-04
7.222177723773772868e+02 4.419509114491424330e-04 4.848194847554519195e-04
7.222182728778777800e+02 4.862338483596775158e-04 4.858225679685549032e-04
7.222187733783782733e+02 4.558442131345064713e-04 4.868234180719505371e-04
7.222192738788787665e+02 4.354685068395600664e-04 4.878220478581523430e-04
7.222197743793793734e+02 5.252113036638022571e-04 4.888184701119065645e-04
7.222202748798798666e+02 4.502159986996326618e-04 4.898126976070233144e-04
7.222207753803803598e+02 4.459914268827550759e-04 4.908047431055438540e-04
7.222212758808808530e+02 4.588949362738090260e-04 4.917946193547163185e-04
7.222217763813813463e+02 4.381473552195535920e-04 4.927823390851727948e-04
7.222222768818818395e+02 4.975326257476793326e-04 4.937679150089482666e-04
7.222227773823823327e+02 4.567001690257608236e-04 4.947513598175659133e-04
7.222232778828828259e+02 3.828201316413601092e-04 4.957326861801881123e-04
7.222237783833833191e+02 4.452032862269685856e-04 4.967119067418288058e-04
7.222242788838838123e+02 5.200710844864597001e-04 4.976890341216295109e-04
7.222247793843843056e+02 4.499353163644979610e-04 4.986640809111943110e-04
7.222252798848847988e+02 4.669237564550302358e-04 4.996370596729836095e-04
7.222257803853852920e+02 5.181012939840036772e-04 5.006079829387649139e-04
7.222262808858857852e+02 4.731702534807677592e-04 5.015768632081199973e-04
7.222267813863862784e+02 4.425315530544719788e-04 5.025437129470058375e-04
7.222272818868868853e+02 4.699416536621622452e-04 5.035085445865867138e-04
7.222277823873873785e+02 4.154794706832004884e-04 5.044713705210247118e-04
7.222282828878878718e+02 4.612651054005706863e-04 5.054322031075086713e-04
7.222287833883883650e+02 5.357681820704343015e-04 5.063910546641435702e-04
7.222292838888888582e+02 4.737835319327112849e-04 5.073479374689803803e-04
7.222297843893893514e+02 4.952216331922831187e-04 5.083028637588759202e-04
7.222302848898898446e+02 4.990470468937821188e-04 5.092558457283962933e-04
7.222307853903903379e+02 4.055876484499271141e-04 5.102068955287647782e-04
7.222312858908908311e+02 4.758961726781603028e-04 5.111560252668523275e-04
7.222317863913913243e+02 5.405778781875737521e-04 5.121032470042106771e-04
7.222322868918918175e+02 5.696405515703324316e-04 5.130485727561450273e-04
7.222327873923923107e+02 4.060177651729376513e-04 5.139920144908266238e-04
7.222332878928928039e+02 4.447921500470718333e-04 5.149335841284436105e-04
7.222337883933932972e+02 4.572645793253578457e-04 5.158732935403904799e-04
7.222342888938937904e+02 5.024300027381690655e-04 5.168111545484920010e-04
7.222347893943942836e+02 5.782929878137889898e-04 5.177471789242643358e-04
7.222352898948948905e+02 4.751179783339845152e-04 5.186813783884212936e-04
7.222357903953953837e+02 4.901452791091253421e-04 5.196137646093546046e-04
7.222362908958958769e+02 4.676539054968630407e-04 5.205443492037680701e-04
7.222367913963963701e+02 4.797221854711497492e-04 5.214731437352213700e-04
7.222372918968968634e+02 4.522866431880994461e-04 5.224001597137649042e-04
7.222377923973973566e+02 5.528495708787239645e-04 5.233254085953942215e-04
7.222382928978978498e+02 4.635266814692925834e-04 5.242489017815323135e-04
7.222387933983983430e+02 4.933559062977897541e-04 5.251706506185398800e-04
7.222392938988988362e+02 4.871689540052833627e-04 5.260906663972545437e-04
7.222397943993993294e+02 5.205267053230569008e-04 5.270089603525551086e-04
7.222402948998998227e+02 5.512278678741264594e-04 5.279255436629528165e-04
7.222407954004003159e+02 4.990215232050139189e-04 5.288404274502075389e-04
7.222412959009008091e+02 5.002396112168511991e-04 5.297536227789681473e-04
7.222417964014013023e+02 5.091209280912614536e-04 5.306651406564373867e-04
7.222422969019017955e+02 4.824239817812169245e-04 5.315749920320586488e-04
7.222427974024024024e+02 4.886053182402655490e-04 5.324831877974327060e-04
7.222432979029028957e+02 5.478080940800251260e-04 5.333897387852236426e-04
7.222437984034033889e+02 4.849272858948729483e-04 5.342946557701499241e-04
7.222442989039038821e+02 5.156754878248722383e-04 5.351979494679315287e-04
7.222447994044043753e+02 5.419180911703023844e-04 5.360996305352894046e-04
7.222452999049048685e+02 5.477764770752456634e-04 5.369997095697581204e-04
7.222458004054053617e+02 5.208475492981166043e-04 5.378981971095157539e-04
7.222463009059058550e+02 5.560315947014421879e-04 5.387951036332341631e-04
7.222468014064063482e+02 4.353052808301064911e-04 5.396904395599442204e-04
7.222473019069068414e+02 4.984840996950293517e-04 5.405842152489196946e-04
7.222478024074073346e+02 6.130065450959047528e-04 5.414764409995775039e-04
7.222483029079078278e+02 5.641968257991286130e-04 5.423671270513933653e-04
7.222488034084083210e+02 4.789670349134550042e-04 5.432562835838328393e-04
7.222493039089088143e+02 4.775216481751311465e-04 5.441439207162979868e-04
7.222498044094093075e+02 5.021783236980264338e-04 5.450300485080883384e-04
7.222503049099098007e+02 4.782106999099244686e-04 5.459146769583749816e-04
7.222508054104104076e+02 5.431994475542599975e-04 5.467978160063900793e-04
7.222513059109109008e+02 5.706045713718007305e-04 5.476794755306260785e-04
7.222518064114113940e+02 5.318820005892876393e-04 5.485596653500532686e-04
7.222523069119118873e+02 5.480012951797277746e-04 5.494383952233436019e-04
7.222528074124123805e+02 5.380005182716255524e-04 5.503156748491105183e-04
7.222533079129128737e+02 4.963761714462732811e-04 5.511915138659575185e-04
7.222538084134133669e+02 5.812137597596153758e-04 5.520659218525401793e-04
7.222543089139138601e+02 5.495925720142078160e-04 5.529389083276368445e-04
7.222548094144143533e+02 5.290162849938490411e-04 5.538104827502315659e-04
7.222553099149148466e+02 5.198216958636447645e-04 5.546806545196051761e-04
7.222558104154153398e+02 4.822960052247683227e-04 5.555494329754373127e-04
7.222563109159158330e+02 4.890059519735554710e-04 5.564168273979174396e-04
7.222568114164163262e+02 5.660901336352559604e-04 5.572828470078641100e-04
7.222573119169168194e+02 5.597728141806243346e-04 5.581475009668537693e-04
7.222578124174173126e+02 4.625172362891579077e-04 5.590107983773579068e-04
7.222583129179178059e+02 4.862185632713141525e-04 5.598727482828875796e-04
7.222588134184184128e+02 5.621214575998238717e-04 5.607333596683407913e-04
7.222593139189189060e+02 6.167229134493529361e-04 5.615926414593818946e-04
7.222598144194193992e+02 5.751138771642554364e-04 5.624506025237810142e-04
7.222603149199198924e+02 5.615130849121006008e-04 5.633072516708058104e-04
7.222608154204203856e+02 4.730951881726756661e-04 5.641625976515983465e-04
7.222613159209208789e+02 5.858515116503687460e-04 5.650166491593613559e-04
7.222618164214213721e+02 6.154065308018839831e-04 5.658694148295525302e-04
7.222623169219218653e+02 5.404119601646888323e-04 5.667209032400816280e-04
7.222628174224223585e+02 4.816405720448110731e-04 5.675711229115175567e-04
7.222633179229228517e+02 4.634878950173406797e-04 5.684200823072962146e-04
7.222638184234233449e+02 6.224945683681820750e-04 5.692677898339373313e-04
7.222643189239238382e+02 5.984000231115977220e-04 5.701142538412634761e-04
7.222648194244243314e+02 5.385551781937798505e-04 5.709594826226256810e-04
7.222653199249248246e+02 5.461009462749888063e-04 5.718034844151324240e-04
7.222658204254253178e+02 5.460669112768211462e-04 5.726462673998838166e-04
7.222663209259259247e+02 5.694447849599894827e-04 5.734878397023999725e-04
7.222668214264264179e+02 6.092624556409746662e-04 5.743282093920992889e-04
7.222673219269269111e+02 5.095718968493771024e-04 5.751673844836901290e-04
7.222678224274274044e+02 5.182040583616757089e-04 5.760053729366556088e-04
7.222683229279278976e+02 5.769414125510064634e-04 5.768421826556977949e-04
7.222688234284283908e+02 5.286345123086970323e-04 5.776778214909922748e-04
7.222693239289288840e+02 6.204033408009803751e-04 5.785122972384485829e-04
7.222698244294293772e+02 5.939712364756126331e-04 5.793456176399711674e-04
7.222703249299298704e+02 5.398028700318502002e-04 5.801777903837242612e-04
7.222708254304303637e+02 5.702529632284019214e-04 5.810088231043987039e-04
7.222713259309308569e+02 5.920638590142675815e-04 5.818387233834821249e-04
7.222718264314313501e+02 5.629946459347447488e-04 5.826674987495304280e-04
7.222723269319318433e+02 5.438871445988000073e-04 5.834951566784423111e-04
7.222728274324323365e+02 5.467250349052507489e-04 5.843217045937354123e-04
7.222733279329328298e+02 5.939334368752510838e-04 5.851471498668238663e-04
7.222738284334333230e+02 5.582133421266252107e-04 5.859714998172992203e-04
7.222743289339339299e+02 5.560674594339837370e-04 5.867947617133980514e-04
7.222748294344344231e+02 5.881257938115903514e-04 5.876169427715379270e-04
7.222753299349349163e+02 6.165585208297919614e-04 5.884380501577231824e-04
7.222758304354354095e+02 5.645950764632146502e-04 5.892580909870839172e-04
7.222763309359359027e+02 5.655171976750577190e-04 5.900770723243487078e-04
7.222768314364363960e+02 5.471626189219530936e-04 5.908950011841340895e-04
7.222773319369368892e+02 5.768686091520956478e-04 5.917118845312331708e-04
7.222778324374373824e+02 5.592799220042413838e-04 5.925277292809057661e-04
7.222783329379378756e+02 6.505582437862178578e-04 5.933425422991698292e-04
7.222788334384383688e+02 5.223764014806701753e-04 5.941563304030925618e-04
7.222793339389388620e+02 5.688935940550452841e-04 5.949691003610834729e-04
7.222798344394393553e+02 6.286629276893304034e-04 5.957808588931867884e-04
7.222803349399398485e+02 5.798248161395487890e-04 5.965916126713749447e-04
7.222808354404403417e+02 5.887358537522033265e-04 5.974013683198424072e-04
7.222813359409408349e+02 5.865367085034936361e-04 5.982101324152995980e-04
7.222818364414414418e+02 5.754432112346166304e-04 5.990179114874509200e-04
7.222823369419419350e+02 5.827538834268242976e-04 5.998247120185552219e-04
7.222828374424424283e+02 6.540330717126925783e-04 6.006305404448213829e-04
7.222833379429429215e+02 5.796880755886640955e-04 6.014354031559684521e-04
7.222838384434434147e+02 5.968595170081456448e-04 6.022393064957043234e-04
7.222843389439439079e+02 5.880721097520087270e-04 6.030422567620196631e-04
7.222848394444444011e+02 5.952765095976124236e-04 6.038442602074825961e-04
7.222853399449448943e+02 6.111086321975850444e-04 6.046453230395321989e-04
7.222858404454453876e+02 6.272208041605139509e-04 6.054454514207727525e-04
7.222863409459458808e+02 6.082006490518623160e-04 6.062446514692668023e-04
7.222868414464463740e+02 5.887058681964333880e-04 6.070429292588284346e-04
7.222873419469468672e+02 6.066717464760569990e-04 6.078402908193155773e-04
7.222878424474473604e+02 6.471928889044989376e-04 6.086367421369219760e-04
7.222883429479478536e+02 4.902597127344814022e-04 6.094322891544690611e-04
7.222888434484483469e+02 6.416560322031795733e-04 6.102269377716967305e-04
7.222893439489488401e+02 5.646634997415551829e-04 6.110206938455531572e-04
7.222898444494494470e+02 5.988319257859131810e-04 6.118135631906651160e-04
7.222903449499499402e+02 5.100707848917113586e-04 6.126055515789061460e-04
7.222908454504504334e+02 7.436969348643271893e-04 6.133966647407652472e-04
7.222913459509509266e+02 6.802776892204212599e-04 6.141869083649138502e-04
7.222918464514514199e+02 5.848224798707244614e-04 6.149762880986721315e-04
7.222923469519519131e+02 6.272230350584971159e-04 6.157648095482951348e-04
7.222928474524524063e+02 5.222908103922403083e-04 6.165524782792563977e-04
7.222933479529528995e+02 6.166013400485947926e-04 6.173392998165334227e-04
7.222938484534533927e+02 5.898389778865839638e-04 6.181252796448881599e-04
7.222943489539538859e+02 6.014751725408030124e-04 6.189104232091508515e-04
7.222948494544543792e+02 6.566788912106596900e-04 6.196947359144995386e-04
7.222953499549548724e+02 5.668808465312746240e-04 6.204782231267401112e-04
7.222958504554553656e+02 6.293834612743670794e-04 6.212608901725847309e-04
7.222963509559558588e+02 6.198681329527044913e-04 6.220427423399294952e-04
7.222968514564563520e+02 5.986107193473985590e-04 6.228237848781306924e-04
7.222973519569568452e+02 5.761476931621335382e-04 6.236040229982796465e-04
7.222978524574574521e+02 5.310413011690976902e-04 6.243834618736541792e-04
7.222983529579579454e+02 6.934464625475716569e-04 6.251621066392830861e-04
7.222988534584584386e+02 6.359341922720071266e-04 6.259399623932800300e-04
7.222993539589589318e+02 6.102730480889263310e-04 6.267170341964053070e-04
7.222998544594594250e+02 6.500739809754115060e-04 6.274933270725126461e-04
7.223003549599599182e+02 5.589361073568385914e-04 6.282688460088159225e-04
7.223008554604604115e+02 5.939530747592786661e-04 6.290435959561568478e-04
7.223013559609609047e+02 5.724467138318046480e-04 6.298175818292690810e-04
7.223018564614613979e+02 6.947753807694736919e-04 6.305908085070430994e-04
7.223023569619618911e+02 5.975127027811001548e-04 6.313632808327876000e-04
7.223028574624623843e+02 6.306452545702179776e-04 6.321350036144915505e-04
7.223033579629628775e+02 6.620000644860077246e-04 6.329059816250836397e-04
7.223038584634633708e+02 6.634129570413766462e-04 6.336762196026904251e-04
7.223043589639638640e+02 6.298109790036832047e-04 6.344457222508941572e-04
7.223048594644643572e+02 5.764292776554650732e-04 6.352144942389872408e-04
7.223053599649649641e+02 6.322089114477655574e-04 6.359825402024020134e-04
7.223058604654654573e+02 6.576098077125302945e-04 6.367498647422650294e-04
7.223063609659659505e+02 6.307692416749922926e-04 6.375164724266957177e-04
7.223068614664664437e+02 6.202253642280809286e-04 6.382823677903579551e-04
7.223073619669669370e+02 7.258137684854357261e-04 6.390475553348834480e-04
7.223078624674674302e+02 5.590920442212022950e-04 6.398120395291186048e-04
7.223083629679679234e+02 6.263872699758773251e-04 6.405758248093701077e-04
7.223088634684684166e+02 7.160252673957594139e-04 6.413389155796492920e-04
7.223093639689689098e+02 7.187723867923118386e-04 6.421013162119144652e-04
7.223098644694694030e+02 6.949021415620242103e-04 6.428630310463125759e-04
7.223103649699698963e+02 6.512978193795962998e-04 6.436240643914183882e-04
7.223108654704703895e+02 6.800295380848997342e-04 6.443844205244739828e-04
7.223113659709708827e+02 6.293961629364524732e-04 6.451441036916233775e-04
7.223118664714713759e+02 6.660908631207055914e-04 6.459031181081506187e-04
7.223123669719718691e+02 6.561672751379437132e-04 6.466614679587107161e-04
7.223128674724723624e+02 6.504152807720184814e-04 6.474191573975645892e-04
7.223133679729729693e+02 6.869366142863927733e-04 6.481761905489802226e-04
7.223138684734734625e+02 7.329471438889427135e-04 6.489325715067746983e-04
7.223143689739739557e+02 6.552707240026348686e-04 6.496883043355743646e-04
7.223148694744744489e+02 6.057855835940772126e-04 6.504433930703522066e-04
7.223153699749749421e+02 6.737565447194802069e-04 6.511978417168261821e-04
7.223158704754754353e+02 7.177903816825440203e-04 6.519516542516813748e-04
7.223163709759759286e+02 6.739425752419819435e-04 6.527048346227927976e-04
7.223168714764764218e+02 6.253046374283810493e-04 6.534573867494452692e-04
7.223173719769769150e+02 7.780961340613375913e-04 6.542093145225529646e-04
7.223178724774774082e+02 7.356975249291465915e-04 6.549606218048762557e-04
7.223183729779779014e+02 6.295634394326475808e-04 6.557113124312385520e-04
7.223188734784783946e+02 6.758681896785483003e-04 6.564613902087397795e-04
7.223193739789788879e+02 7.288954446522735720e-04 6.572108589169706194e-04
7.223198744794793811e+02 6.830856681967783410e-04 6.579597223082230602e-04
7.223203749799798743e+02 7.324097565427145975e-04 6.587079841077011664e-04
7.223208754804804812e+02 7.002166752926391145e-04 6.594556480138992482e-04
7.223213759809809744e+02 6.863190025381843027e-04 6.602027176981299086e-04
7.223218764814814676e+02 6.491841655961812143e-04 6.609491968057487577e-04
7.223223769819819609e+02 7.191336457931700801e-04 6.616950889556795327e-04
7.223228774824824541e+02 7.158478417367486945e-04 6.624403977407857620e-04
7.223233779829829473e+02 7.866297978687754495e-04 6.631851267280738363e-04
7.223238784834834405e+02 7.555456902148970002e-04 6.639292794588913093e-04
7.223243789839839337e+02 7.470205046395621664e-04 6.646728594491263910e-04
7.223248794844844269e+02 7.227588960641668711e-04 6.654158701894049470e-04
7.223253799849849202e+02 6.166764240540648957e-04 6.661583151452854382e-04
7.223258804854854134e+02 6.452979466504259881e-04 6.669001977574538602e-04
7.223263809859859066e+02 7.058624334257498521e-04 6.676415214419166230e-04
7.223268814864863998e+02 7.110413861289841854e-04 6.683822895901908286e-04
7.223273819869868930e+02 6.921324193360533280e-04 6.691225055694959576e-04
7.223278824874873862e+02 6.731114451253271142e-04 6.698621727229408943e-04
7.223283829879878795e+02 6.922044289548242180e-04 6.706012943697120358e-04
7.223288834884884864e+02 7.122812620067608437e-04 6.713398738054263083e-04
7.223293839889889796e+02 7.347460043316635971e-04 6.720779143016449020e-04
7.223298844894894728e+02 7.386580505365403400e-04 6.728154191070631835e-04
7.223303849899899660e+02 6.946891732092857433e-04 6.735523914470200940e-04
7.223308854904904592e+02 6.688857333095462546e-04 6.742888345238480215e-04
7.223313859909909525e+02 7.139333321174343942e-04 6.750247515170496341e-04
7.223318864914914457e+02 8.021008655241402413e-04 6.757601455834777492e-04
7.223323869919919389e+02 7.029075765369373428e-04 6.764950198575094562e-04
7.223328874924924321e+02 7.935064339083525283e-04 6.772293774512226248e-04
7.223333879929929253e+02 7.575022569784264524e-04 6.779632214545687268e-04
7.223338884934934185e+02 7.044381372749712773e-04 6.786965549355448990e-04
7.223343889939939118e+02 7.047152215402714432e-04 6.794293809403656806e-04
7.223348894944944050e+02 7.267529711996787269e-04 6.801617024936322574e-04
7.223353899949948982e+02 7.434180246920771892e-04 6.808935225985001879e-04
7.223358904954953914e+02 8.116736948533946096e-04 6.816248442368475630e-04
7.223363909959958846e+02 7.086141521816494322e-04 6.823556703694399128e-04
7.223368914964964915e+02 7.620712393266867394e-04 6.830860039362612142e-04
7.223373919969969847e+02 7.263007426346577977e-04 6.838158478560125552e-04
7.223378924974974780e+02 7.095395199140388208e-04 6.845452050272706054e-04
7.223383929979979712e+02 6.681949128873134781e-04 6.852740783279838953e-04
7.223388934984984644e+02 7.650233855440703940e-04 6.860024706157982939e-04
7.223393939989989576e+02 7.085321998500206456e-04 6.867303847282157361e-04
7.223398944994994508e+02 9.069344438139693813e-04 6.874578234827499138e-04
7.223403949999999440e+02 7.921129138818563476e-04 6.881847896770838108e-04
