7.220944269999999960e+02 1.465394793615418896e-04 9.802723871658621370e-05
7.220949275005004893e+02 1.114026995681744277e-04 9.857821953649758672e-05
7.220954280010009825e+02 1.523897783452702150e-04 9.912898026115171397e-05
7.220959285015014757e+02 1.361517551800954507e-04 9.967951910965400404e-05
7.220964290020019689e+02 1.237706096044607852e-04 1.002298342840830667e-04
7.220969295025024621e+02 1.359381953950102289e-04 1.007799239693025361e-04
7.220974300030029553e+02 1.641811099970721119e-04 1.013297863327714709e-04
7.220979305035034486e+02 1.401368095859730639e-04 1.018794195243518134e-04
7.220984310040040555e+02 1.365504443010106812e-04 1.024288216762384723e-04
7.220989315045045487e+02 1.363448161484838591e-04 1.029779909022632647e-04
7.220994320050050419e+02 1.401339237220792361e-04 1.035269252984437934e-04
7.220999325055055351e+02 1.669915686887137832e-04 1.040756229422824157e-04
7.221004330060060283e+02 1.298792611871747065e-04 1.046240818926862695e-04
7.221009335065065216e+02 1.357391132468311658e-04 1.051723001897601637e-04
7.221014340070070148e+02 1.654204039113885735e-04 1.057202758545969749e-04
7.221019345075075080e+02 1.554467340623831464e-04 1.062680068890651711e-04
7.221024350080080012e+02 1.311694724614573444e-04 1.068154912755937190e-04
7.221029355085084944e+02 1.606754599989396442e-04 1.073627269769543766e-04
7.221034360090089876e+02 1.383200050959174662e-04 1.079097119360414645e-04
7.221039365095094809e+02 1.629539561255738931e-04 1.084564440756482086e-04
7.221044370100099741e+02 1.346636648827874525e-04 1.090029212982409549e-04
7.221049375105104673e+02 1.193730960134999904e-04 1.095491414857304303e-04
7.221054380110109605e+02 1.728244826196200738e-04 1.100951024992395330e-04
7.221059385115114537e+02 1.273580106229446314e-04 1.106408021788686573e-04
7.221064390120120606e+02 1.759694641216748171e-04 1.111862383435824623e-04
7.221069395125125538e+02 1.297273034377118060e-04 1.117314087904729125e-04
7.221074400130130471e+02 1.408314447182024566e-04 1.122763112952590813e-04
7.221079405135135403e+02 1.112236821361447994e-04 1.128209436115449742e-04
7.221084410140140335e+02 1.596125070028156013e-04 1.133653034706932189e-04
7.221089415145145267e+02 1.476504799798461899e-04 1.139093885815717556e-04
7.221094420150150199e+02 1.542165041297160696e-04 1.144531966302977206e-04
7.221099425155155132e+02 1.350768026662390361e-04 1.149967252799776856e-04
7.221104430160160064e+02 1.293051776682031437e-04 1.155399721704443862e-04
7.221109435165164996e+02 1.374579697683865880e-04 1.160829349179908073e-04
7.221114440170169928e+02 1.521368338902340266e-04 1.166256111151002311e-04
7.221119445175174860e+02 1.649939980628504349e-04 1.171679983301728278e-04
7.221124450180179792e+02 1.589710166745801666e-04 1.177100941072493602e-04
7.221129455185184725e+02 1.420907474433839228e-04 1.182518959657303896e-04
7.221134460190189657e+02 1.423240421485957451e-04 1.187934014000927967e-04
7.221139465195194589e+02 1.749573286147884557e-04 1.193346078796020350e-04
7.221144470200200658e+02 1.731492321238462862e-04 1.198755128481438756e-04
7.221149475205205590e+02 1.414375675868939424e-04 1.204161137234377514e-04
7.221154480210210522e+02 1.371819289288056217e-04 1.209564078974754926e-04
7.221159485215215454e+02 1.404449211685703360e-04 1.214963927357267423e-04
7.221164490220220387e+02 1.173873625777840056e-04 1.220360655769555497e-04
7.221169495225225319e+02 1.481473736239095375e-04 1.225754237329098012e-04
7.221174500230230251e+02 1.611999089138093960e-04 1.231144644880061774e-04
7.221179505235235183e+02 1.422039918598295733e-04 1.236531850990121167e-04
7.221184510240240115e+02 1.902068570825444507e-04 1.241915827947226685e-04
7.221189515245245047e+02 1.346324849350617053e-04 1.247296547756333353e-04
7.221194520250249980e+02 1.443186478856360328e-04 1.252673982136089028e-04
7.221199525255254912e+02 1.404866501461902713e-04 1.258048102515482052e-04
7.221204530260259844e+02 1.728212054050502864e-04 1.263418880030432788e-04
7.221209535265264776e+02 1.690720659746142098e-04 1.268786285520357511e-04
7.221214540270269708e+02 1.762624462498086719e-04 1.274150289524675383e-04
7.221219545275275777e+02 1.745196315120892724e-04 1.279510862280490695e-04
7.221224550280280710e+02 1.770138870384524909e-04 1.284867973714140976e-04
7.221229555285285642e+02 1.479333166491123344e-04 1.290221593444876226e-04
7.221234560290290574e+02 1.603349689665842833e-04 1.295571690776310800e-04
7.221239565295295506e+02 1.320109440381129324e-04 1.300918234693915372e-04
7.221244570300300438e+02 1.100858948035611490e-04 1.306261193861245275e-04
7.221249575305305370e+02 1.316815983001418805e-04 1.311600536616116240e-04
7.221254580310310303e+02 1.602876573297458700e-04 1.316936230966730275e-04
7.221259585315315235e+02 1.686193665411090759e-04 1.322268244587752482e-04
7.221264590320320167e+02 1.283956496531520270e-04 1.327596544816332842e-04
7.221269595325325099e+02 1.440327530726087137e-04 1.332921098648077324e-04
7.221274600330330031e+02 1.432969071661291676e-04 1.338241872732963693e-04
7.221279605335334963e+02 1.400261324704509132e-04 1.343558833371207993e-04
7.221284610340339896e+02 1.308495913060199565e-04 1.348871946509069223e-04
7.221289615345344828e+02 1.388381052892164065e-04 1.354181177734603873e-04
7.221294620350349760e+02 1.537430007573930581e-04 1.359486492273361100e-04
7.221299625355355829e+02 1.200173200653093116e-04 1.364787854985226887e-04
7.221304630360360761e+02 1.660502339504629223e-04 1.370085230355186097e-04
7.221309635365365693e+02 1.751871880643013975e-04 1.375378582496071197e-04
7.221314640370370626e+02 1.409542548973909473e-04 1.380667875139207493e-04
7.221319645375375558e+02 1.505784007803098257e-04 1.385953071631015237e-04
7.221324650380380490e+02 1.693596166372939905e-04 1.391234134928355146e-04
7.221329655385385422e+02 1.600265944045297360e-04 1.396511027593801829e-04
7.221334660390390354e+02 1.752406894591360326e-04 1.401783711790858384e-04
7.221339665395395286e+02 1.466080696497846407e-04 1.407052149279108659e-04
7.221344670400400219e+02 1.572775354229836921e-04 1.412316301409299857e-04
7.221349675405405151e+02 1.722064441976673614e-04 1.417576129118362522e-04
7.221354680410410083e+02 1.980031200811421409e-04 1.422831592924364119e-04
7.221359685415415015e+02 1.615039158382804998e-04 1.428082652921390788e-04
7.221364690420419947e+02 1.258554733143897640e-04 1.433329268774363231e-04
7.221369695425424879e+02 1.315295080991709124e-04 1.438571399713783482e-04
7.221374700430430948e+02 1.610292580267158038e-04 1.443809004531597048e-04
7.221379705435435881e+02 1.507459920217605351e-04 1.449042041571037460e-04
7.221384710440440813e+02 1.371131793287987046e-04 1.454270468728297841e-04
7.221389715445445745e+02 1.486026172014437733e-04 1.459494243442221496e-04
7.221394720450450677e+02 1.604253416826722644e-04 1.464713322689876747e-04
7.221399725455455609e+02 1.673763303521275212e-04 1.469927662980861070e-04
7.221404730460460542e+02 1.367742747325213077e-04 1.475137220351526639e-04
7.221409735465465474e+02 1.679233281899636203e-04 1.480341950359132137e-04
7.221414740470470406e+02 1.655758164115728669e-04 1.485541808075912173e-04
7.221419745475475338e+02 1.547228662948694578e-04 1.490736748083062936e-04
7.221424750480480270e+02 1.506993352265126069e-04 1.495926724464655762e-04
7.221429755485485202e+02 1.852304886944032634e-04 1.501111690801457718e-04
7.221434760490490135e+02 1.425524525778209227e-04 1.506291600164673861e-04
7.221439765495495067e+02 1.958154148782816398e-04 1.511466405109601673e-04
7.221444770500499999e+02 1.361751543282748670e-04 1.516636057669201742e-04
7.221449775505504931e+02 1.343642234594625120e-04 1.521800509347577643e-04
7.221454780510511000e+02 1.533910943893505114e-04 1.526959711114539745e-04
7.221459785515515932e+02 1.614410481830288709e-04 1.532113613394222446e-04
7.221464790520520864e+02 1.527933129116587413e-04 1.537262166065324592e-04
7.221469795525525797e+02 1.817404140520762401e-04 1.542405318449538605e-04
7.221474800530530729e+02 1.737116179585329275e-04 1.547543019305747830e-04
7.221479805535535661e+02 1.412147566532894968e-04 1.552675216822954553e-04
7.221484810540540593e+02 1.669448802877514986e-04 1.557801858613109094e-04
7.221489815545545525e+02 1.700417815286122596e-04 1.562922891703847814e-04
7.221494820550550457e+02 1.896014980545582241e-04 1.568038262531120546e-04
7.221499825555555390e+02 1.575321671374222787e-04 1.573147916931728570e-04
7.221504830560560322e+02 1.770181831425315271e-04 1.578251800135750378e-04
7.221509835565565254e+02 1.558673387827961589e-04 1.583349856758872840e-04
7.221514840570570186e+02 1.637991453785368268e-04 1.588442030794606633e-04
7.221519845575575118e+02 1.740722613174192784e-04 1.593528265606401653e-04
7.221524850580580051e+02 1.583129174756103482e-04 1.598608503919656172e-04
7.221529855585584983e+02 1.653258335831603635e-04 1.603682687813607277e-04
7.221534860590591052e+02 1.590656157281080492e-04 1.608750758714267836e-04
7.221539865595595984e+02 1.423362448970678354e-04 1.613812657381493863e-04
7.221544870600600916e+02 1.302776258795919546e-04 1.618868323907448475e-04
7.221549875605605848e+02 1.701490934779297155e-04 1.623917697703434527e-04
7.221554880610610780e+02 1.314726233183993005e-04 1.628960717492369164e-04
7.221559885615615713e+02 1.410024413468642635e-04 1.633997321299987689e-04
7.221564890620620645e+02 1.724888210818066234e-04 1.639027446445920854e-04
7.221569895625625577e+02 1.841105506829104291e-04 1.644051029534658300e-04
7.221574900630630509e+02 1.709573798041998192e-04 1.649068006446379462e-04
7.221579905635635441e+02 1.501199757087387022e-04 1.654078312327659790e-04
7.221584910640640373e+02 2.071360678757160512e-04 1.659081881582052823e-04
7.221589915645645306e+02 1.570524779210088118e-04 1.664078647860536473e-04
7.221594920650650238e+02 1.781368932946854724e-04 1.669068544051831369e-04
7.221599925655655170e+02 1.351375078558424668e-04 1.674051502272585307e-04
7.221604930660660102e+02 1.666096519791242703e-04 1.679027453857420270e-04
7.221609935665666171e+02 2.062097432638460633e-04 1.683996329349972312e-04
7.221614940670671103e+02 2.024491615213337421e-04 1.688958058488149389e-04
7.221619945675676036e+02 1.498420250370295170e-04 1.693912570200532895e-04
7.221624950680680968e+02 1.952890944578903145e-04 1.698859792591351700e-04
7.221629955685685900e+02 1.640797287382575898e-04 1.703799652930952017e-04
7.221634960690690832e+02 1.663357356923637583e-04 1.708732077644992240e-04
7.221639965695695764e+02 1.699489046593323700e-04 1.713656992303489791e-04
7.221644970700700696e+02 1.749311618184847688e-04 1.718574321609718351e-04
7.221649975705705629e+02 1.698270987220990437e-04 1.723483989388946251e-04
7.221654980710710561e+02 1.731462593113995544e-04 1.728385918577024971e-04
7.221659985715715493e+02 1.739418616081804124e-04 1.733280031208821517e-04
7.221664990720720425e+02 1.812717733964558386e-04 1.738166248406482748e-04
7.221669995725725357e+02 1.477441416005053016e-04 1.743044490367549263e-04
7.221675000730730289e+02 1.824409099731727631e-04 1.747914676352896909e-04
7.221680005735735222e+02 1.508357084293680535e-04 1.752776724674517820e-04
7.221685010740740154e+02 1.767746848489124283e-04 1.757630552683128527e-04
7.221690015745746223e+02 2.131112488968289688e-04 1.762476076756713740e-04
7.221695020750751155e+02 1.713841306818114933e-04 1.767313212283389717e-04
7.221700025755756087e+02 1.568590129441102988e-04 1.772141873655102878e-04
7.221705030760761019e+02 1.761405280284456790e-04 1.776961974250142716e-04
7.221710035765765952e+02 1.819606038335228688e-04 1.781773426420974870e-04
7.221715040770770884e+02 1.513025633633805996e-04 1.786576141480801364e-04
7.221720045775775816e+02 1.722324816782632481e-04 1.791370029689925134e-04
7.221725050780780748e+02 1.992160577835270661e-04 1.796155000241939190e-04
7.221730055785785680e+02 1.958039217330940205e-04 1.800930961249716284e-04
7.221735060790790612e+02 1.924824736892620817e-04 1.805697819731215349e-04
7.221740065795795545e+02 1.581259711529008896e-04 1.810455481595091699e-04
7.221745070800800477e+02 1.721895473361743499e-04 1.815203851626106374e-04
7.221750075805805409e+02 1.811305195395663658e-04 1.819942833470346299e-04
7.221755080810810341e+02 1.803793458974242171e-04 1.824672329620231936e-04
7.221760085815815273e+02 1.552276268649571830e-04 1.829392241399331132e-04
7.221765090820821342e+02 1.728105622033474279e-04 1.834102468948030037e-04
7.221770095825826274e+02 1.514691414682722869e-04 1.838802911203651002e-04
7.221775100830831207e+02 1.867912329540002817e-04 1.843493465891054173e-04
7.221780105835836139e+02 1.474563464980814401e-04 1.848174029502326317e-04
7.221785110840841071e+02 1.770513607213777178e-04 1.852844497281605518e-04
7.221790115845846003e+02 1.517271009388374676e-04 1.857504763208614310e-04
7.221795120850850935e+02 1.880898089882177861e-04 1.862154719981973000e-04
7.221800125855855867e+02 1.713229910649050666e-04 1.866794259002288816e-04
7.221805130860860800e+02 1.784102400658273732e-04 1.871423270355015761e-04
7.221810135865865732e+02 1.631990706966936645e-04 1.876041642793089214e-04
7.221815140870870664e+02 1.777335727670564271e-04 1.880649263719323368e-04
7.221820145875875596e+02 1.507716187660791565e-04 1.885246019168580170e-04
7.221825150880880528e+02 1.927468137335268373e-04 1.889831793789694856e-04
7.221830155885885461e+02 1.497222060114418473e-04 1.894406470827165675e-04
7.221835160890890393e+02 1.646858339127090680e-04 1.898969932102598040e-04
7.221840165895895325e+02 1.731206352766481498e-04 1.903522057995909610e-04
7.221845170900901394e+02 1.860978769181562847e-04 1.908062727427307600e-04
7.221850175905906326e+02 1.783206742011819571e-04 1.912591817833871370e-04
7.221855180910911258e+02 2.263524562335502918e-04 1.917109205156188544e-04
7.221860185915916190e+02 1.783716572278615741e-04 1.921614763814423693e-04
7.221865190920921123e+02 1.909369367077188261e-04 1.926108366689281638e-04
7.221870195925926055e+02 1.698062550384861458e-04 1.930589885101686250e-04
7.221875200930930987e+02 1.937762784177868140e-04 1.935059188792188738e-04
7.221880205935935919e+02 2.153830631848221554e-04 1.939516145900113838e-04
7.221885210940940851e+02 1.579095189483368264e-04 1.943960622942438466e-04
7.221890215945945783e+02 1.818724210314087350e-04 1.948392484792394450e-04
7.221895220950950716e+02 1.553800958429429229e-04 1.952811594657801830e-04
7.221900225955955648e+02 1.655828250571724858e-04 1.957217814059125963e-04
7.221905230960960580e+02 2.105025835667996450e-04 1.961611002807254632e-04
7.221910235965965512e+02 1.655093963794638016e-04 1.965991018980996782e-04
7.221915240970970444e+02 1.640697079624718537e-04 1.970357718904296119e-04
7.221920245975975376e+02 1.482285038500275411e-04 1.974710957123158471e-04
7.221925250980981446e+02 1.918977250136459168e-04 1.979050586383281443e-04
7.221930255985986378e+02 2.036445318813262040e-04 1.983376457602460934e-04
7.221935260990991310e+02 1.585637657783556503e-04 1.987688419852571154e-04
7.221940265995996242e+02 2.043041941004903337e-04 1.991986320331378616e-04
7.221945271001001174e+02 1.904136807320902524e-04 1.996270004339003841e-04
7.221950276006006106e+02 1.879387642948817121e-04 2.000539315253090414e-04
7.221955281011011039e+02 1.947213699142162234e-04 2.004794094503678601e-04
7.221960286016015971e+02 2.099471617696931688e-04 2.009034181547774843e-04
7.221965291021020903e+02 2.230244412377846159e-04 2.013259413843618490e-04
7.221970296026025835e+02 1.536662175317382573e-04 2.017469626824645228e-04
7.221975301031030767e+02 1.607519421272819433e-04 2.021664653873141777e-04
7.221980306036035699e+02 1.794254373363034401e-04 2.025844326293594851e-04
7.221985311041040632e+02 1.961664107888703187e-04 2.030008473285727858e-04
7.221990316046045564e+02 1.544730561912681334e-04 2.034156921917231592e-04
7.221995321051050496e+02 2.042083097078289564e-04 2.038289497096179147e-04
7.222000326056056565e+02 1.942456130730376297e-04 2.042406021544067502e-04
7.222005331061061497e+02 1.538349746616167598e-04 2.046506315763866896e-04
7.222010336066066429e+02 1.635332064682687458e-04 2.050590198017113533e-04
7.222015341071071362e+02 2.026095488044998621e-04 2.054657484291327408e-04
7.222020346076076294e+02 2.150881098824724224e-04 2.058707988271798388e-04
7.222025351081081226e+02 1.782471999992282276e-04 2.062741521312121931e-04
7.222030356086086158e+02 1.996717730381430262e-04 2.066757892404417140e-04
7.222035361091091090e+02 2.135766954388241385e-04 2.070756908149232558e-04
7.222040366096096022e+02 1.961538909739936570e-04 2.074738372725137283e-04
7.222045371101100955e+02 2.095041203633921372e-04 2.078702087858002266e-04
7.222050376106105887e+02 2.248187787115051104e-04 2.082647852789959876e-04
7.222055381111110819e+02 1.699381946265663941e-04 2.086575464248065844e-04
7.222060386116115751e+02 1.714562387654079776e-04 2.090484716412638398e-04
7.222065391121120683e+02 2.023229952072070140e-04 2.094375400885296521e-04
7.222070396126125615e+02 1.723234470524200902e-04 2.098247306656692197e-04
7.222075401131130548e+02 1.796981203688792516e-04 2.102100220073933390e-04
7.222080406136136617e+02 1.816962843696884311e-04 2.105933924808580293e-04
7.222085411141141549e+02 2.065207595504493050e-04 2.109748201819990618e-04
7.222090416146146481e+02 1.839717594187592728e-04 2.113542829327076948e-04
7.222095421151151413e+02 1.546551869850452477e-04 2.117317582771057068e-04
7.222100426156156345e+02 1.465379880849514475e-04 2.121072234782278197e-04
7.222105431161161277e+02 1.995130386911424518e-04 2.124806555145885179e-04
7.222110436166166210e+02 1.899886461661877066e-04 2.128520310767207605e-04
7.222115441171171142e+02 1.692938634764063637e-04 2.132213265636876147e-04
7.222120446176176074e+02 1.884814117229693031e-04 2.135885180795670283e-04
7.222125451181181006e+02 1.738808077435607133e-04 2.139535814299100940e-04
7.222130456186185938e+02 1.965338549255402838e-04 2.143164921181742947e-04
7.222135461191190871e+02 1.787061127436018280e-04 2.146772253421313798e-04
7.222140466196195803e+02 1.944101615326315400e-04 2.150357559902518214e-04
7.222145471201200735e+02 1.922596563276750053e-04 2.153920586380653375e-04
7.222150476206205667e+02 2.448732893826715781e-04 2.157461075444994602e-04
7.222155481211211736e+02 1.818225415644501267e-04 2.160978766482765147e-04
7.222160486216216668e+02 1.916866719956573559e-04 2.164473395638909583e-04
7.222165491221221600e+02 1.930711073884826365e-04 2.167944695783661797e-04
7.222170496226226533e+02 2.011803089378609111e-04 2.171392396471937003e-04
7.222175501231231465e+02 1.875963124723656610e-04 2.174816223906556154e-04
7.222180506236236397e+02 1.786571682298836714e-04 2.178215900900506757e-04
7.222185511241241329e+02 1.809391288749319360e-04 2.181591146839069527e-04
7.222190516246246261e+02 2.100513900441984083e-04 2.184941677641813571e-04
7.222195521251251193e+02 1.753540633135154973e-04 2.188267205724472593e-04
7.222200526256256126e+02 2.036577129783339430e-04 2.191567439960733269e-04
7.222205531261261058e+02 2.206668120110702859e-04 2.194842085643939874e-04
7.222210536266265990e+02 1.994794888813610856e-04 2.198090844448738999e-04
7.222215541271270922e+02 2.553307677255063873e-04 2.201313414392682538e-04
7.222220546276275854e+02 2.174304095156832017e-04 2.204509489797808165e-04
7.222225551281280786e+02 2.087518938697860448e-04 2.207678761252224154e-04
7.222230556286285719e+02 1.883853179076229489e-04 2.210820915571711821e-04
7.222235561291291788e+02 2.173374549567539749e-04 2.213935635762083649e-04
7.222240566296296720e+02 1.892084462289042590e-04 2.217022600978083078e-04
7.222245571301301652e+02 1.964618165389120483e-04 2.220081486489454132e-04
7.222250576306306584e+02 1.793682886451997366e-04 2.223111963640051001e-04
7.222255581311311516e+02 2.056674079370880617e-04 2.226113699810655601e-04
7.222260586316316449e+02 1.906183497337502982e-04 2.229086358381269833e-04
7.222265591321321381e+02 2.048155310672319484e-04 2.232029598693621979e-04
7.222270596326326313e+02 1.979708794586378627e-04 2.234943076013932756e-04
7.222275601331331245e+02 1.987462264129378478e-04 2.237826441495963537e-04
7.222280606336336177e+02 1.927091717351153601e-04 2.240679342144391464e-04
7.222285611341341109e+02 1.755221584258787027e-04 2.243501420778552097e-04
7.222290616346346042e+02 2.162258044863514344e-04 2.246292315996581055e-04
7.222295621351350974e+02 1.881238724027222212e-04 2.249051662140009935e-04
7.222300626356355906e+02 2.054544018587151023e-04 2.251779089258850125e-04
7.222305631361360838e+02 1.844136501601393197e-04 2.254474223077220342e-04
7.222310636366365770e+02 2.032467067361210943e-04 2.257136684959563434e-04
7.222315641371371839e+02 1.767489370602305264e-04 2.259766091878088871e-04
7.222320646376376772e+02 1.904100463741630696e-04 2.262362056377946278e-04
7.222325651381381704e+02 1.814930431012142941e-04 2.264924186549103938e-04
7.222330656386386636e+02 2.056824121132124253e-04 2.267452085993065141e-04
7.222335661391391568e+02 1.907516885568484642e-04 2.269945353793440500e-04
7.222340666396396500e+02 1.839105490201405947e-04 2.272403584486864495e-04
7.222345671401401432e+02 1.970141689244427606e-04 2.274826368034902442e-04
7.222350676406406365e+02 2.042845555394111833e-04 2.277213289797038950e-04
7.222355681411411297e+02 2.131179237161128219e-04 2.279563930504795849e-04
7.222360686416416229e+02 2.067375092734245615e-04 2.281877866237078513e-04
7.222365691421421161e+02 2.000201406619504568e-04 2.284154668396815642e-04
7.222370696426426093e+02 2.169888049367789504e-04 2.286393903688977336e-04
7.222375701431431025e+02 1.800972742798144846e-04 2.288595134100062528e-04
7.222380706436435958e+02 2.267507506863214093e-04 2.290757916879134122e-04
7.222385711441440890e+02 2.072764162526510531e-04 2.292881804520511874e-04
7.222390716446446959e+02 2.071938358292112561e-04 2.294966344748664033e-04
7.222395721451451891e+02 1.812648615765656438e-04 2.297011080502605674e-04
7.222400726456456823e+02 2.041817129507379454e-04 2.299015549926958365e-04
7.222405731461461755e+02 2.036735799604280433e-04 2.300979286360337007e-04
7.222410736466466687e+02 1.888376800868937235e-04 2.302901818328278668e-04
7.222415741471471620e+02 2.490127900448251951e-04 2.304782669537990165e-04
7.222420746476476552e+02 1.945254540857448611e-04 2.306621358875507455e-04
7.222425751481481484e+02 2.052870015753210790e-04 2.308417400405389345e-04
7.222430756486486416e+02 1.797765289396716657e-04 2.310170303373090817e-04
7.222435761491491348e+02 2.137167052955668751e-04 2.311879572210136561e-04
7.222440766496496281e+02 1.761410406368243021e-04 2.313544706542253041e-04
7.222445771501501213e+02 1.866852478282178735e-04 2.315165201200598659e-04
7.222450776506506145e+02 1.984909029381589263e-04 2.316740546236241644e-04
7.222455781511511077e+02 1.896070998312212002e-04 2.318270226938057526e-04
7.222460786516516009e+02 1.696557453254894784e-04 2.319753723854198505e-04
7.222465791521520941e+02 2.325352414015790603e-04 2.321190512817313889e-04
7.222470796526527010e+02 2.398132168948188532e-04 2.322580064974004888e-04
7.222475801531531943e+02 1.966513617580110506e-04 2.323921846816829988e-04
7.222480806536536875e+02 2.327939726560183280e-04 2.325215320223753652e-04
7.222485811541541807e+02 2.385055495063047922e-04 2.326459942498924785e-04
7.222490816546546739e+02 1.705080474598803331e-04 2.327655166419754151e-04
7.222495821551551671e+02 2.121063171124665670e-04 2.328800440288585007e-04
7.222500826556556603e+02 2.393882935321626256e-04 2.329895207989486053e-04
7.222505831561561536e+02 1.750832983868090532e-04 2.330938909050414706e-04
7.222510836566566468e+02 2.311889266780294059e-04 2.331930978710963472e-04
7.222515841571571400e+02 1.909517219558888384e-04 2.332870847995943393e-04
7.222520846576576332e+02 2.425365508626866392e-04 2.333757943795049868e-04
7.222525851581581264e+02 2.019168592321712082e-04 2.334591688948866445e-04
7.222530856586586196e+02 1.940420758172455582e-04 2.335371502341481711e-04
7.222535861591591129e+02 2.203516687943635091e-04 2.336096798999981916e-04
7.222540866596596061e+02 2.339435209901577733e-04 2.336766990201115867e-04
7.222545871601602130e+02 2.151827035636737521e-04 2.337381483585545172e-04
7.222550876606607062e+02 2.129098214730606130e-04 2.337939683279179743e-04
7.222555881611611994e+02 2.000661325692860526e-04 2.338440990023962936e-04
7.222560886616616926e+02 2.380927670710075933e-04 2.338884801315646545e-04
7.222565891621621859e+02 2.359867954060529936e-04 2.339270511550994554e-04
7.222570896626626791e+02 2.158407894904095371e-04 2.339597512183906353e-04
7.222575901631631723e+02 2.204546993855490680e-04 2.339865191890945950e-04
7.222580906636636655e+02 2.383646727891446505e-04 2.340072936746643098e-04
7.222585911641641587e+02 2.160317177428443985e-04 2.340220130408926286e-04
7.222590916646646519e+02 2.203300429648637898e-04 2.340306154315075480e-04
7.222595921651651452e+02 1.968751762225368627e-04 2.340330387888581935e-04
7.222600926656656384e+02 2.572584800011386719e-04 2.340292208757304576e-04
7.222605931661661316e+02 2.260661651269659205e-04 2.340190992983350678e-04
7.222610936666666248e+02 2.512411813659145036e-04 2.340026115305086050e-04
7.222615941671671180e+02 2.366945120903016621e-04 2.339796949391710591e-04
7.222620946676676112e+02 2.144952475744487741e-04 2.339502868110838020e-04
7.222625951681682182e+02 2.378403945704377781e-04 2.339143243809444926e-04
7.222630956686687114e+02 2.198635153776114562e-04 2.338717448609168670e-04
7.222635961691692046e+02 2.172426507507163661e-04 2.338224854715155931e-04
7.222640966696696978e+02 2.421297789281640197e-04 2.337664834740589624e-04
7.222645971701701910e+02 1.914497375491563545e-04 2.337036762046182414e-04
7.222650976706706842e+02 2.089078538840031748e-04 2.336340011095609087e-04
7.222655981711711775e+02 1.975899116677271722e-04 2.335573957827306044e-04
7.222660986716716707e+02 1.919276097948257123e-04 2.334737980043159397e-04
7.222665991721721639e+02 2.117054667997144085e-04 2.333831457814607537e-04
7.222670996726726571e+02 2.337127378220257672e-04 2.332853773906693742e-04
7.222676001731731503e+02 2.063274097162685265e-04 2.331804314220615006e-04
7.222681006736736435e+02 2.165882302280904242e-04 2.330682468255313800e-04
7.222686011741741368e+02 2.141624670697441554e-04 2.329487629588671655e-04
7.222691016746746300e+02 2.328202131202655593e-04 2.328219196378874612e-04
7.222696021751751232e+02 1.886005904292960885e-04 2.326876571886505620e-04
7.222701026756756164e+02 2.161500413873573769e-04 2.325459165017956700e-04
7.222706031761762233e+02 2.742848474467243585e-04 2.323966390890380945e-04
7.222711036766767165e+02 2.691044421475918044e-04 2.322397671420828465e-04
7.222716041771772097e+02 2.034866239087904723e-04 2.320752435935042170e-04
7.222721046776777030e+02 2.403275116535321830e-04 2.319030121803257775e-04
7.222726051781781962e+02 2.127339495028482787e-04 2.317230175098561990e-04
7.222731056786786894e+02 2.226521687271567533e-04 2.315352051280392001e-04
7.222736061791791826e+02 2.597710503356004917e-04 2.313395215903422898e-04
7.222741066796796758e+02 2.257379834260175107e-04 2.311359145352420935e-04
7.222746071801801691e+02 2.161057121522607380e-04 2.309243327603640499e-04
7.222751076806806623e+02 2.323482471182445469e-04 2.307047263013322605e-04
7.222756081811811555e+02 1.992761794893387777e-04 2.304770465133848415e-04
7.222761086816816487e+02 2.333626587225339638e-04 2.302412461558100976e-04
7.222766091821821419e+02 1.861810255743010845e-04 2.299972794792557514e-04
7.222771096826826351e+02 2.711063399652169641e-04 2.297451023159636748e-04
7.222776101831831284e+02 2.223803411114363472e-04 2.294846721729786954e-04
7.222781106836837353e+02 2.525863180365857928e-04 2.292159483283193080e-04
7.222786111841842285e+02 2.375808645363141594e-04 2.289388919305235617e-04
7.222791116846847217e+02 2.114994577911390378e-04 2.286534661006949811e-04
7.222796121851852149e+02 2.441373235992854536e-04 2.283596360383082305e-04
7.222801126856857081e+02 2.182426921451454532e-04 2.280573691299009505e-04
7.222806131861862013e+02 2.093328947664165117e-04 2.277466350610484781e-04
7.222811136866866946e+02 2.548037671655533666e-04 2.274274059315900076e-04
7.222816141871871878e+02 2.487957321318043521e-04 2.270996563741331075e-04
7.222821146876876810e+02 2.466872448037112564e-04 2.267633636758565978e-04
7.222826151881881742e+02 2.007483680488539768e-04 2.264185079036285647e-04
7.222831156886886674e+02 2.397021005307735961e-04 2.260650720324500304e-04
7.222836161891891607e+02 2.703273487600826104e-04 2.257030420772292102e-04
7.222841166896896539e+02 1.983373959669923036e-04 2.253324072278851920e-04
7.222846171901901471e+02 2.519235623041209972e-04 2.249531599877733947e-04
7.222851176906906403e+02 1.958060214104581252e-04 2.245652963154166773e-04
7.222856181911911335e+02 2.125300814912455005e-04 2.241688157695204966e-04
7.222861186916917404e+02 2.536349395487233591e-04 2.237637216571470504e-04
7.222866191921922336e+02 2.253162344995111269e-04 2.233500211855651374e-04
7.222871196926927269e+02 2.443993821115096046e-04 2.229277256163414152e-04
7.222876201931932201e+02 2.370024227946767291e-04 2.224968504234537770e-04
7.222881206936937133e+02 2.280938998318415931e-04 2.220574154539835580e-04
7.222886211941942065e+02 2.573270916121246903e-04 2.216094450918523436e-04
7.222891216946946997e+02 2.298831470048253128e-04 2.211529684244215325e-04
7.222896221951951929e+02 2.345766391870567026e-04 2.206880194118502724e-04
7.222901226956956862e+02 1.815297808758936128e-04 2.202146370590934825e-04
7.222906231961961794e+02 2.310161377350672331e-04 2.197328655904101289e-04
7.222911236966966726e+02 2.329896344586322395e-04 2.192427546262364980e-04
7.222916241971971658e+02 2.097629841526117017e-04 2.187443593622648719e-04
7.222921246976976590e+02 2.202927673855509618e-04 2.182377407505515870e-04
7.222926251981981522e+02 2.216310284223068456e-04 2.177229656824649826e-04
7.222931256986986455e+02 2.607287755631859400e-04 2.172001071732632322e-04
7.222936261991991387e+02 2.039685395028443724e-04 2.166692445480785734e-04
7.222941266996997456e+02 2.288502149855722379e-04 2.161304636289404751e-04
7.222946272002002388e+02 2.474149916990881371e-04 2.155838569233146007e-04
7.222951277007007320e+02 2.781125348401463021e-04 2.150295238120362713e-04
7.222956282012012252e+02 2.189476524385674085e-04 2.144675707387858814e-04
7.222961287017017185e+02 2.333399064214446801e-04 2.138981113989549385e-04
7.222966292022022117e+02 1.896703301996958383e-04 2.133212669282920370e-04
7.222971297027027049e+02 2.485552715962575498e-04 2.127371660908460255e-04
7.222976302032031981e+02 2.585292449868749343e-04 2.121459454658217452e-04
7.222981307037036913e+02 2.163708383633356391e-04 2.115477496329455068e-04
7.222986312042041845e+02 2.109244288055565485e-04 2.109427313559108239e-04
7.222991317047046778e+02 2.315419126379205154e-04 2.103310517634571707e-04
7.222996322052051710e+02 2.207330536525202815e-04 2.097128805276097022e-04
7.223001327057056642e+02 2.198311212802356134e-04 2.090883960385859467e-04
7.223006332062061574e+02 1.927249767906135292e-04 2.084577855758538794e-04
7.223011337067066506e+02 2.931107922733800029e-04 2.078212454748034764e-04
7.223016342072072575e+02 2.423510637216547137e-04 2.071789812883239278e-04
7.223021347077077507e+02 2.678265192473388992e-04 2.065312079435849637e-04
7.223026352082082440e+02 2.720491484041860316e-04 2.058781498912258653e-04
7.223031357087087372e+02 2.424084907639557603e-04 2.052200412492487713e-04
7.223036362092092304e+02 2.184591773481176402e-04 2.045571259387872173e-04
7.223041367097097236e+02 2.368438037316818309e-04 2.038896578119614900e-04
7.223046372102102168e+02 2.211842803032044232e-04 2.032179007709963695e-04
7.223051377107107101e+02 2.321173171784803664e-04 2.025421288779044419e-04
7.223056382112112033e+02 2.148463749891484391e-04 2.018626264540245322e-04
7.223061387117116965e+02 2.173486000297711698e-04 2.011796881686897910e-04
7.223066392122121897e+02 2.450022298254169676e-04 2.004936191162877163e-04
7.223071397127126829e+02 2.322687271795797277e-04 1.998047348809655829e-04
7.223076402132131761e+02 2.395302952778034344e-04 1.991133615882249679e-04
7.223081407137136694e+02 2.392451224392782433e-04 1.984198359426443150e-04
7.223086412142141626e+02 2.384873343044165150e-04 1.977245052509636592e-04
7.223091417147146558e+02 2.374597856695575475e-04 1.970277274297666599e-04
7.223096422152152627e+02 2.509696501080878350e-04 1.963298709968358232e-04
7.223101427157157559e+02 2.930077924043202422e-04 1.956313150463745247e-04
7.223106432162162491e+02 2.884440944680949186e-04 1.949324492049648206e-04
7.223111437167167423e+02 2.555016492263176633e-04 1.942336735706927744e-04
7.223116442172172356e+02 2.549728888164978433e-04 1.935353986323387501e-04
7.223121447177177288e+02 2.373224429760066134e-04 1.928380451688763695e-04
7.223126452182182220e+02 2.571319148627259558e-04 1.921420441284387684e-04
7.223131457187187152e+02 2.135219219712432650e-04 1.914478364860940128e-04
7.223136462192192084e+02 2.328754717610973185e-04 1.907558730798030605e-04
7.223141467197197017e+02 2.346579229523725551e-04 1.900666144239685916e-04
7.223146472202201949e+02 2.812653037631143780e-04 1.893805305000210884e-04
7.223151477207206881e+02 2.558014034520268319e-04 1.886981005235340513e-04
7.223156482212211813e+02 2.459968332611519801e-04 1.880198126874059949e-04
7.223161487217216745e+02 2.685478470709032773e-04 1.873461638807022943e-04
7.223166492222221677e+02 2.141232686684151347e-04 1.866776593828044087e-04
7.223171497227227746e+02 2.618979689195413099e-04 1.860148125324277051e-04
7.223176502232232679e+02 2.453652987588331494e-04 1.853581443721855082e-04
7.223181507237237611e+02 2.387466848043080618e-04 1.847081832662903617e-04
7.223186512242242543e+02 2.406547738520555728e-04 1.840654644943280312e-04
7.223191517247247475e+02 2.171197450276639578e-04 1.834305298188415741e-04
7.223196522252252407e+02 1.992774180612541632e-04 1.828039270277170868e-04
7.223201527257257339e+02 2.308723209696551186e-04 1.821862094513903207e-04
7.223206532262262272e+02 1.939542833968283908e-04 1.815779354551358925e-04
7.223211537267267204e+02 2.160176796308070787e-04 1.809796679067925118e-04
7.223216542272272136e+02 2.115153182303630241e-04 1.803919736203771522e-04
7.223221547277277068e+02 2.770882312382928238e-04 1.798154227761361741e-04
7.223226552282282000e+02 2.290177969167517247e-04 1.792505883176848179e-04
7.223231557287286932e+02 2.048945408497931269e-04 1.786980453269886927e-04
7.223236562292291865e+02 2.365158302170797299e-04 1.781583703780436484e-04
7.223241567297296797e+02 2.256065714836567242e-04 1.776321408702155808e-04
7.223246572302301729e+02 2.146647303735768749e-04 1.771199343423066725e-04
7.223251577307307798e+02 1.787197203811829364e-04 1.766223277684059536e-04
7.223256582312312730e+02 2.092870255345915620e-04 1.761398968374694842e-04
7.223261587317317662e+02 2.284671487111733599e-04 1.756732152163167969e-04
7.223266592322322595e+02 2.453344817956378291e-04 1.752228537997789482e-04
7.223271597327327527e+02 1.804364820493267979e-04 1.747893799478627598e-04
7.223276602332332459e+02 1.949552764051678980e-04 1.743733567122796068e-04
7.223281607337337391e+02 2.061166397245245505e-04 1.739753420539739991e-04
7.223286612342342323e+02 2.412186619399009975e-04 1.735958880534857766e-04
7.223291617347347255e+02 2.011130946613884254e-04 1.732355401160584228e-04
7.223296622352352188e+02 2.233409920279434474e-04 1.728948361734759071e-04
7.223301627357357120e+02 1.817491976695283533e-04 1.725743058846767100e-04
7.223306632362362052e+02 1.964735023827043263e-04 1.722744698372498731e-04
7.223311637367366984e+02 1.903285201065817427e-04 1.719958387519681167e-04
7.223316642372371916e+02 1.866880398414707382e-04 1.717389126925523957e-04
7.223321647377376848e+02 1.723456110877335471e-04 1.715041802828958200e-04
7.223326652382381781e+02 1.691510339662370840e-04 1.712921179339952239e-04
7.223331657387387850e+02 1.657897373554510106e-04 1.711031890828113434e-04
7.223336662392392782e+02 1.866526085638893734e-04 1.709378434455689690e-04
7.223341667397397714e+02 1.669980774331335162e-04 1.707965162871203106e-04
7.223346672402402646e+02 1.387249945370360132e-04 1.706796277094668128e-04
7.223351677407407578e+02 1.451044213033054055e-04 1.705875819609884716e-04
7.223356682412412511e+02 1.104538894074716295e-04 1.705207667688134687e-04
7.223361687417417443e+02 1.102932349512551026e-04 1.704795526963981888e-04
7.223366692422422375e+02 1.165542160448678095e-04 1.704642925283666283e-04
7.223371697427427307e+02 1.151605390214713938e-04 1.704753206845904649e-04
7.223376702432432239e+02 1.031360482453835012e-04 1.705129526654041610e-04
7.223381707437437171e+02 7.306174637698308353e-05 1.705774845297572623e-04
7.223386712442442104e+02 8.854231375592870232e-05 1.706691924080048952e-04
7.223391717447447036e+02 9.907535037975603431e-05 1.707883320509231398e-04
7.223396722452451968e+02 7.500102636175378572e-05 1.709351384164180731e-04
7.223401727457456900e+02 6.122313607987885781e-05 1.711098252952673925e-04
7.223406732462462969e+02 4.782580041302008072e-05 1.713125849771486868e-04
7.223411737467467901e+02 5.594461548654602553e-05 1.715435879577266074e-04
7.223416742472472833e+02 3.189809172232403652e-05 1.718029826884220153e-04
7.223421747477477766e+02 3.103635127254918748e-05 1.720908953687034018e-04
7.223426752482482698e+02 3.206881813430823046e-05 1.724074297821822461e-04
7.223431757487487630e+02 1.478660012381761098e-05 1.727526671766960262e-04
7.223436762492492562e+02 1.621870128281556020e-05 1.731266661887070999e-04
7.223441767497497494e+02 1.440606509766963792e-05 1.735294628121407552e-04
7.223446772502502427e+02 2.204119971875724324e-05 1.739610704116232383e-04
7.223451777507507359e+02 3.414046097171872471e-05 1.744214797799181760e-04
7.223456782512512291e+02 2.838309919987139313e-05 1.749106592391998140e-04
7.223461787517517223e+02 3.672054872048985006e-05 1.754285547856444956e-04
7.223466792522522155e+02 3.508318541428181764e-05 1.759750902766663049e-04
7.223471797527527087e+02 5.064590548141310281e-05 1.765501676599752674e-04
7.223476802532532020e+02 5.176732912671319566e-05 1.771536672434908090e-04
7.223481807537536952e+02 7.508567527678621997e-05 1.777854480050043706e-04
7.223486812542543021e+02 5.506419983414109667e-05 1.784453479405091714e-04
7.223491817547547953e+02 7.524973485988786337e-05 1.791331844489218962e-04
7.223496822552552885e+02 1.004303897593447793e-04 1.798487547539850625e-04
7.223501827557557817e+02 9.972400906724830443e-05 1.805918363587672012e-04
7.223506832562562749e+02 1.186378516726105647e-04 1.813621875333095085e-04
7.223511837567567682e+02 1.115912720566909056e-04 1.821595478327617550e-04
7.223516842572572614e+02 1.462151111456456607e-04 1.829836386443002376e-04
7.223521847577577546e+02 1.358622460503127144e-04 1.838341637609100401e-04
7.223526852582582478e+02 1.506420176076855855e-04 1.847108099800487836e-04
7.223531857587587410e+02 1.578352142088360218e-04 1.856132477251660096e-04
7.223536862592592342e+02 1.594642989152654272e-04 1.865411316880083458e-04
7.223541867597597275e+02 1.827780846310848048e-04 1.874941014896171296e-04
7.223546872602602207e+02 1.497574430773045107e-04 1.884717823579040794e-04
7.223551877607607139e+02 1.627727938358789416e-04 1.894737858196831486e-04
7.223556882612612071e+02 2.008549777162820253e-04 1.904997104050386758e-04
7.223561887617618140e+02 2.225473928165954633e-04 1.915491423621614527e-04
7.223566892622623072e+02 1.774735152237933301e-04 1.926216563791225203e-04
7.223571897627628005e+02 2.244499231464844855e-04 1.937168163141136359e-04
7.223576902632632937e+02 2.408225873490999586e-04 1.948341759273616934e-04
7.223581907637637869e+02 2.258242697755875146e-04 1.959732796163018217e-04
7.223586912642642801e+02 2.564323708285976065e-04 1.971336631506602239e-04
7.223591917647647733e+02 1.793108270580586112e-04 1.983148544058145981e-04
7.223596922652652665e+02 2.402584533715548462e-04 1.995163740926267544e-04
7.223601927657657598e+02 2.298897669342038551e-04 2.007377364820122701e-04
7.223606932662662530e+02 2.680218099554494042e-04 2.019784501225872981e-04
7.223611937667667462e+02 1.986645230944297585e-04 2.032380185498114888e-04
7.223616942672672394e+02 2.448492433928569755e-04 2.045159409851283615e-04
7.223621947677677326e+02 2.552549685692972006e-04 2.058117130236912225e-04
7.223626952682682258e+02 2.478621716861387821e-04 2.071248273093501677e-04
7.223631957687687191e+02 2.646741252911773970e-04 2.084547741956661328e-04
7.223636962692692123e+02 2.497882886054288631e-04 2.098010423918106218e-04
7.223641967697698192e+02 2.202937241960345883e-04 2.111631195926121779e-04
7.223646972702703124e+02 2.591952461206283140e-04 2.125404930899291254e-04
7.223651977707708056e+02 3.035319498965439685e-04 2.139326503691353751e-04
7.223656982712712988e+02 2.553193578296844481e-04 2.153390796837573607e-04
7.223661987717717921e+02 2.834113524524725495e-04 2.167592706122149445e-04
7.223666992722722853e+02 2.727120480463444507e-04 2.181927145942237471e-04
7.223671997727727785e+02 3.318162977265989313e-04 2.196389054466637452e-04
7.223677002732732717e+02 2.657959136782838956e-04 2.210973398584934672e-04
7.223682007737737649e+02 2.917432365917345003e-04 2.225675178643765834e-04
7.223687012742742581e+02 2.427476887283869559e-04 2.240489432967629057e-04
7.223692017747747514e+02 3.329183847845914777e-04 2.255411242162463665e-04
7.223697022752752446e+02 2.959599779686586819e-04 2.270435733200956501e-04
7.223702027757757378e+02 2.554687923323223798e-04 2.285558083289223480e-04
7.223707032762762310e+02 2.597237926443514205e-04 2.300773523515208170e-04
7.223712037767767242e+02 2.682262174301493413e-04 2.316077342279751245e-04
7.223717042772772174e+02 2.509822977852501974e-04 2.331464888511895295e-04
7.223722047777778243e+02 2.574541645096940128e-04 2.346931574674059875e-04
7.223727052782783176e+02 2.457856851896223719e-04 2.362472879538610898e-04
7.223732057787788108e+02 2.754832911226065225e-04 2.378084350791689243e-04
7.223737062792793040e+02 2.716254331343385649e-04 2.393761607397585733e-04
7.223742067797797972e+02 2.288891425566660399e-04 2.409500341780291155e-04
7.223747072802802904e+02 3.238804382640095248e-04 2.425296321805509448e-04
7.223752077807807837e+02 2.832220970885141148e-04 2.441145392571301075e-04
7.223757082812812769e+02 2.522501626861220936e-04 2.457043478012313010e-04
7.223762087817817701e+02 3.138882068689190902e-04 2.472986582322833117e-04
7.223767092822822633e+02 2.928044500848142238e-04 2.488970791204087778e-04
7.223772097827827565e+02 2.845913788372379468e-04 2.504992272941446076e-04
7.223777102832832497e+02 3.307281177196257364e-04 2.521047279317319384e-04
7.223782107837837430e+02 3.744687174611615330e-04 2.537132146365698852e-04
7.223787112842842362e+02 2.649642272247504284e-04 2.553243294974362498e-04
7.223792117847847294e+02 3.324859475904557403e-04 2.569377231340878713e-04
7.223797122852853363e+02 2.951393674484451869e-04 2.585530547292225808e-04
7.223802127857858295e+02 3.412993438239609332e-04 2.601699920452217769e-04
7.223807132862863227e+02 2.896981444291180422e-04 2.617882114317977914e-04
7.223812137867868159e+02 2.919582855729850037e-04 2.634073978178246424e-04
7.223817142872873092e+02 2.502944659786762987e-04 2.650272446934722262e-04
7.223822147877878024e+02 2.814120530746082750e-04 2.666474540810498438e-04
7.223827152882882956e+02 3.153841297278016766e-04 2.682677364955305625e-04
7.223832157887887888e+02 2.664940674925698962e-04 2.698878108953490368e-04
7.223837162892892820e+02 3.111770596265084755e-04 2.715074046240573374e-04
7.223842167897897752e+02 2.858616810182587598e-04 2.731262533434112997e-04
7.223847172902902685e+02 2.872472589838327207e-04 2.747441009584492260e-04
7.223852177907907617e+02 3.579378812296668869e-04 2.763606995351095431e-04
7.223857182912912549e+02 3.056562261377261821e-04 2.779758092109219786e-04
7.223862187917917481e+02 3.558108907549078462e-04 2.795891980992906700e-04
7.223867192922922413e+02 2.948307331147605160e-04 2.812006421878733044e-04
7.223872197927927346e+02 3.399216181317063837e-04 2.828099252315440719e-04
7.223877202932933415e+02 3.495296839087242563e-04 2.844168386407761365e-04
7.223882207937938347e+02 3.224168945201822214e-04 2.860211813637115563e-04
7.223887212942943279e+02 3.054169824260778579e-04 2.876227597678269587e-04
7.223892217947948211e+02 3.087411057281492892e-04 2.892213875143202621e-04
7.223897222952953143e+02 3.784501118936863299e-04 2.908168854310958494e-04
7.223902227957958075e+02 3.539114432253880798e-04 2.924090813825450021e-04
7.223907232962963008e+02 3.526896281003491810e-04 2.939978101368576611e-04
7.223912237967967940e+02 3.183323306110364868e-04 2.955829132312160347e-04
7.223917242972972872e+02 3.353066700743006839e-04 2.971642388352100620e-04
7.223922247977977804e+02 3.504722181652798968e-04 2.987416416127893111e-04
7.223927252982982736e+02 2.764398216933759526e-04 3.003149825830600398e-04
7.223932257987987668e+02 3.611188146621858628e-04 3.018841289802089850e-04
7.223937262992992601e+02 3.436563944330163771e-04 3.034489541128294323e-04
7.223942267997997533e+02 3.149198854652585002e-04 3.050093372229039181e-04
7.223947273003002465e+02 3.177701341657297295e-04 3.065651633446838244e-04
7.223952278008008534e+02 3.292458699077024410e-04 3.081163231640445042e-04
7.223957283013013466e+02 3.374765910963050059e-04 3.096627128764175012e-04
7.223962288018018398e+02 3.177722596464310572e-04 3.112042340487767081e-04
7.223967293023023331e+02 3.333818599287971139e-04 3.127407934788211047e-04
7.223972298028028263e+02 3.125321807865182652e-04 3.142723030568101046e-04
7.223977303033033195e+02 3.122427853465245301e-04 3.157986796280964773e-04
7.223982308038038127e+02 3.652108456421200577e-04 3.173198448568572598e-04
7.223987313043043059e+02 3.898167838141245768e-04 3.188357250911572072e-04
7.223992318048047991e+02 3.418694316551165605e-04 3.203462512294713072e-04
7.223997323053052924e+02 3.628192193659228438e-04 3.218513585887792811e-04
7.224002328058057856e+02 2.945505947757996604e-04 3.233509867743369643e-04
7.224007333063062788e+02 3.696307744910685240e-04 3.248450795512176480e-04
7.224012338068067720e+02 3.631716505051315550e-04 3.263335847177107132e-04
7.224017343073072652e+02 3.737302120670917124e-04 3.278164539806512285e-04
7.224022348078077584e+02 3.191381841927120331e-04 3.292936428327501177e-04
7.224027353083082517e+02 3.271589304117546127e-04 3.307651104319849628e-04
7.224032358088088586e+02 3.396231978702072499e-04 3.322308194834348145e-04
7.224037363093093518e+02 3.428212279396052769e-04 3.336907361216105922e-04
7.224042368098098450e+02 3.249276988643931964e-04 3.351448297983098735e-04
7.224047373103103382e+02 3.135889544296496865e-04 3.365930731693697543e-04
7.224052378108108314e+02 3.504783061672811853e-04 3.380354419853415942e-04
7.224057383113113247e+02 3.621095623045029804e-04 3.394719149841068625e-04
7.224062388118118179e+02 3.368440374730818638e-04 3.409024737857853675e-04
7.224067393123123111e+02 3.636454771624533810e-04 3.423271027899434582e-04
7.224072398128128043e+02 3.548287726281716854e-04 3.437457890751110341e-04
7.224077403133132975e+02 3.654136207826747017e-04 3.451585223006059001e-04
7.224082408138137907e+02 3.350073094659765664e-04 3.465652946106657375e-04
7.224087413143142840e+02 3.790841887941293824e-04 3.479661005408797212e-04
7.224092418148147772e+02 3.753734538427072566e-04 3.493609369269104611e-04
7.224097423153152704e+02 3.486856560369515964e-04 3.507498028154949895e-04
7.224102428158157636e+02 4.010170937851886396e-04 3.521326993777064191e-04
7.224107433163162568e+02 3.482773018712587024e-04 3.535096298244602784e-04
7.224112438168168637e+02 3.735983432794709805e-04 3.548805993245538696e-04
7.224117443173173569e+02 4.226770871317463629e-04 3.562456149233509967e-04
7.224122448178178502e+02 3.831213094592888623e-04 3.576046854667534270e-04
7.224127453183183434e+02 3.132757161182973772e-04 3.589578215242042675e-04
7.224132458188188366e+02 3.765891084150677038e-04 3.603050353153702031e-04
7.224137463193193298e+02 4.294116085722890106e-04 3.616463406385991689e-04
7.224142468198198230e+02 3.883941592884084405e-04 3.629817528014362186e-04
7.224147473203203162e+02 3.648963124012704045e-04 3.643112885531628385e-04
7.224152478208208095e+02 3.712814968245613072e-04 3.656349660193279421e-04
7.224157483213213027e+02 3.162223758337668407e-04 3.669528046382340052e-04
7.224162488218217959e+02 3.207344433578229845e-04 3.682648250993448419e-04
7.224167493223222891e+02 3.760630397176673002e-04 3.695710492835773981e-04
7.224172498228227823e+02 3.356852798024665243e-04 3.708715002054417849e-04
7.224177503233232756e+02 3.757090690394932560e-04 3.721662019569925255e-04
7.224182508238237688e+02 3.756148946197365528e-04 3.734551796535536656e-04
7.224187513243243757e+02 3.462124534824313326e-04 3.747384593814704744e-04
7.224192518248248689e+02 4.377154742915444945e-04 3.760160681461045492e-04
7.224197523253253621e+02 4.147440299030450317e-04 3.772880338244031140e-04
7.224202528258258553e+02 3.858854410703047196e-04 3.785543851161747033e-04
7.224207533263263485e+02 3.249572706928604464e-04 3.798151514984094475e-04
7.224212538268268418e+02 3.646922637736857388e-04 3.810703631808552987e-04
7.224217543273273350e+02 3.665691575726622410e-04 3.823200510631033023e-04
7.224222548278278282e+02 3.943382404588867342e-04 3.835642466931465716e-04
7.224227553283283214e+02 3.470594644400060245e-04 3.848029822273746911e-04
7.224232558288288146e+02 3.620754572806932428e-04 3.860362903919683673e-04
7.224237563293293078e+02 3.003302489377262467e-04 3.872642044456559452e-04
7.224242568298298011e+02 3.472831395009809592e-04 3.884867581437986155e-04
7.224247573303302943e+02 3.727303351543868729e-04 3.897039857037666350e-04
7.224252578308307875e+02 3.739000193196617911e-04 3.909159217715732211e-04
7.224257583313312807e+02 4.074456144259057562e-04 3.921226013897313191e-04
7.224262588318317739e+02 4.085290189894719192e-04 3.933240599662981662e-04
7.224267593323323808e+02 3.540547561594973983e-04 3.945203332453478041e-04
7.224272598328328741e+02 3.609703568244991556e-04 3.957114572772080490e-04
7.224277603333333673e+02 3.871112724871245939e-04 3.968974683925050712e-04
7.224282608338338605e+02 3.958143639312910566e-04 3.980784031745476814e-04
7.224287613343343537e+02 3.665821752945206064e-04 3.992542984340993555e-04
7.224292618348348469e+02 3.712310062000982389e-04 4.004251911848761333e-04
7.224297623353353401e+02 4.245516777830158099e-04 4.015911186200109739e-04
7.224302628358358334e+02 3.939086403146815907e-04 4.027521180894566523e-04
7.224307633363363266e+02 3.957248335299314588e-04 4.039082270782982454e-04
7.224312638368368198e+02 3.465575989417897149e-04 4.050594831859465885e-04
7.224317643373373130e+02 4.139577030584918032e-04 4.062059241061866241e-04
7.224322648378378062e+02 4.050398281102982664e-04 4.073475876080521292e-04
7.224327653383382994e+02 3.833313017611881873e-04 4.084845115175029704e-04
7.224332658388387927e+02 4.005535135225464787e-04 4.096167336998762071e-04
7.224337663393392859e+02 4.224956864224974551e-04 4.107442920430900112e-04
7.224342668398397791e+02 3.695089918157390754e-04 4.118672244415724293e-04
7.224347673403403860e+02 4.220735484916348377e-04 4.129855687811474427e-04
7.224352678408408792e+02 4.051088990414420396e-04 4.140993629233317075e-04
7.224357683413413724e+02 3.888611073186375947e-04 4.152086446928273614e-04
7.224362688418418657e+02 4.181183444056515508e-04 4.163134518631097787e-04
7.224367693423423589e+02 3.855714712429879083e-04 4.174138221438999929e-04
7.224372698428428521e+02 3.803651451064096571e-04 4.185097931689760967e-04
7.224377703433433453e+02 3.526547963607433965e-04 4.196014024845577499e-04
7.224382708438438385e+02 3.451230076199698362e-04 4.206886875382439563e-04
7.224387713443443317e+02 4.041360750984790114e-04 4.217716856684844309e-04
7.224392718448448250e+02 5.047846478799845622e-04 4.228504340945672636e-04
7.224397723453453182e+02 4.387217603349355725e-04 4.239249699071043404e-04
7.224402728458458114e+02 4.386814565636085986e-04 4.249953300589957112e-04
7.224407733463463046e+02 3.876017521577786108e-04 4.260615513568583750e-04
7.224412738468467978e+02 3.693446717647200965e-04 4.271236704529002932e-04
7.224417743473472910e+02 4.057424586758188491e-04 4.281817238372257525e-04
7.224422748478478979e+02 3.707782257567561641e-04 4.292357478307941222e-04
7.224427753483483912e+02 3.965406951286385914e-04 4.302857785775829704e-04
7.224432758488488844e+02 4.248588984545688440e-04 4.313318520395288506e-04
7.224437763493493776e+02 3.708110877481324611e-04 4.323740039894451311e-04
7.224442768498498708e+02 3.958698141317395364e-04 4.334122700054943524e-04
7.224447773503503640e+02 4.870862649997866186e-04 4.344466854657649943e-04
7.224452778508508572e+02 4.137927682393396141e-04 4.354772855431794654e-04
7.224457783513513505e+02 4.628033757567593873e-04 4.365041052007197111e-04
7.224462788518518437e+02 4.094025434162033199e-04 4.375271791869597584e-04
7.224467793523523369e+02 4.193862002692925767e-04 4.385465420318921336e-04
7.224472798528528301e+02 3.846035809520815976e-04 4.395622280430385581e-04
7.224477803533533233e+02 3.647550790865360126e-04 4.405742713018308819e-04
7.224482808538538166e+02 4.583636268733279210e-04 4.415827056602556399e-04
7.224487813543543098e+02 3.675277982764462272e-04 4.425875647377482472e-04
7.224492818548548030e+02 4.333670701192680712e-04 4.435888819183291323e-04
7.224497823553552962e+02 4.232074307519799179e-04 4.445866903479712409e-04
7.224502828558559031e+02 4.070369998705993453e-04 4.455810229324152051e-04
7.224507833563563963e+02 4.186966645948928759e-04 4.465719123340703691e-04
7.224512838568568895e+02 4.649307197822299216e-04 4.475593909713765730e-04
7.224517843573573828e+02 3.982267309803787713e-04 4.485434910161044896e-04
7.224522848578578760e+02 4.276175574602261286e-04 4.495242443919735377e-04
7.224527853583583692e+02 4.251792479557249386e-04 4.505016827732237711e-04
7.224532858588588624e+02 4.126903674973743906e-04 4.514758375833600470e-04
7.224537863593593556e+02 4.223435709327709952e-04 4.524467399940627281e-04
7.224542868598598488e+02 4.071939470480306304e-04 4.534144209242545642e-04
7.224547873603603421e+02 4.184560571619380448e-04 4.543789110393207172e-04
7.224552878608608353e+02 4.253247220811607427e-04 4.553402407504726591e-04
7.224557883613613285e+02 4.975007733328110950e-04 4.562984402142504698e-04
7.224562888618618217e+02 4.270730419713119870e-04 4.572535393321576773e-04
7.224567893623623149e+02 4.791311288454290539e-04 4.582055677504225165e-04
7.224572898628628081e+02 3.809639804152702949e-04 4.591545548598795342e-04
7.224577903633634151e+02 4.554627657136242451e-04 4.601005297961806837e-04
7.224582908638639083e+02 4.327831869217826921e-04 4.610435214390436469e-04
7.224587913643644015e+02 4.336312828104652278e-04 4.619835584137522077e-04
7.224592918648648947e+02 4.260632648088286904e-04 4.629206690906073206e-04
7.224597923653653879e+02 4.791428067754320520e-04 4.638548815855484666e-04
7.224602928658658811e+02 4.688956608457402610e-04 4.647862237606503809e-04
7.224607933663663744e+02 4.304693301950806433e-04 4.657147232247054857e-04
7.224612938668668676e+02 4.160178586067727279e-04 4.666404073338888863e-04
7.224617943673673608e+02 4.619467374293907431e-04 4.675633031924998021e-04
7.224622948678678540e+02 4.714253547131758040e-04 4.684834376537779172e-04
7.224627953683683472e+02 4.147594370751907689e-04 4.694008373207892272e-04
7.224632958688688404e+02 4.368040863633668169e-04 4.703155285473780236e-04
7.224637963693693337e+02 4.282627873824716149e-04 4.712275374391819232e-04
7.224642968698698269e+02 4.728206276514300595e-04 4.721368898547065839e-04
7.224647973703703201e+02 4.233868502537151330e-04 4.730436114064557685e-04
7.224652978708708133e+02 4.038154286047840108e-04 4.739477274621151310e-04
7.224657983713714202e+02 4.227291400519823245e-04 4.748492631459905189e-04
7.224662988718719134e+02 4.808094885732986366e-04 4.757482433394701689e-04
7.224667993723724067e+02 4.644731585362642723e-04 4.766446926835781655e-04
7.224672998728728999e+02 4.274632101527524558e-04 4.775386355795220171e-04
7.224678003733733931e+02 4.085464472144908913e-04 4.784300961903038894e-04
7.224683008738738863e+02 4.750233675764204007e-04 4.793190984421623227e-04
7.224688013743743795e+02 4.606985666089881892e-04 4.802056660260504333e-04
7.224693018748748727e+02 4.027337546208300785e-04 4.810898223991439304e-04
7.224698023753753660e+02 4.495632834587430689e-04 4.819715907863805207e-04
7.224703028758758592e+02 4.911347742803425908e-04 4.828509941820262005e-04
7.224708033763763524e+02 4.692717130427365635e-04 4.837280553512677867e-04
7.224713038768768456e+02 4.320009645078179438e-04 4.846027968318292992e-04
7.224718043773773388e+02 4.286715554153850598e-04 4.854752409356094859e-04
7.224723048778778320e+02 4.306355944572267834e-04 4.863454097503408687e-04
7.224728053783783253e+02 4.185250847710157230e-04 4.872133251412665705e-04
7.224733058788788185e+02 4.756768489467198520e-04 4.880790087528334600e-04
7.224738063793794254e+02 3.737139808910002782e-04 4.889424820105977990e-04
7.224743068798799186e+02 4.697797189919338911e-04 4.898037661221639992e-04
7.224748073803804118e+02 4.266670879415579388e-04 4.906628820800964640e-04
7.224753078808809050e+02 4.924621765784858171e-04 4.915198506628815469e-04
7.224758083813813982e+02 4.659829742177669896e-04 4.923746924368792776e-04
7.224763088818818915e+02 4.450425046301540550e-04 4.932274277580886608e-04
7.224768093823823847e+02 4.739103354044335234e-04 4.940780767739192617e-04
7.224773098828828779e+02 4.502308147487735787e-04 4.949266594249689729e-04
7.224778103833833711e+02 4.253791781211842867e-04 4.957731954468077434e-04
7.224783108838838643e+02 4.584502204072482285e-04 4.966177043717642358e-04
7.224788113843843576e+02 5.450236941403955020e-04 4.974602055307159520e-04
7.224793118848848508e+02 4.744961020094142943e-04 4.983007180548815283e-04
7.224798123853853440e+02 5.113278165293465294e-04 4.991392608776138969e-04
7.224803128858858372e+02 4.838531102178051150e-04 4.999758527361942073e-04
7.224808133863863304e+02 4.888076111191131702e-04 5.008105121736245542e-04
7.224813138868869373e+02 4.825058287246467297e-04 5.016432575406093572e-04
7.224818143873874305e+02 4.911725922020231030e-04 5.024741069965876295e-04
7.224823148878879238e+02 4.861523596970553475e-04 5.033030785126563125e-04
7.224828153883884170e+02 4.794297406701399870e-04 5.041301898725959307e-04
7.224833158888889102e+02 4.234113434583428775e-04 5.049554586748392863e-04
7.224838163893894034e+02 4.640797023476329062e-04 5.057789023342467317e-04
7.224843168898898966e+02 4.813321981671666010e-04 5.066005380838750453e-04
7.224848173903903898e+02 4.438660853970818844e-04 5.074203829767416456e-04
7.224853178908908831e+02 5.324679439586339248e-04 5.082384538875809980e-04
7.224858183913913763e+02 4.186839888736049523e-04 5.090547675145962528e-04
7.224863188918918695e+02 4.753094237145504648e-04 5.098693403812015572e-04
7.224868193923923627e+02 4.878261452824728074e-04 5.106821888377574298e-04
7.224873198928928559e+02 4.265785821427459492e-04 5.114933290632984368e-04
7.224878203933933491e+02 4.855205306984389972e-04 5.123027770672519774e-04
7.224883208938938424e+02 4.441392032122282109e-04 5.131105486911474202e-04
7.224888213943943356e+02 4.270644915864936822e-04 5.139166596103172165e-04
7.224893218948949425e+02 5.198272313650290728e-04 5.147211253357701849e-04
7.224898223953954357e+02 4.995449491329624235e-04 5.155239612151422480e-04
7.224903228958959289e+02 4.606770401624027487e-04 5.163251824354630993e-04
7.224908233963964221e+02 4.684416243612165871e-04 5.171248040240860157e-04
7.224913238968969154e+02 5.022647544512165484e-04 5.179228408505197247e-04
7.224918243973974086e+02 4.836376427503748742e-04 5.187193076280679355e-04
7.224923248978979018e+02 4.699038119570554954e-04 5.195142189154562922e-04
7.224928253983983950e+02 5.007510774882165984e-04 5.203075891184491368e-04
7.224933258988988882e+02 4.956943561971144212e-04 5.210994324914538026e-04
7.224938263993993814e+02 5.395726501489359799e-04 5.218897631391136325e-04
7.224943268998998747e+02 4.679125788970463630e-04 5.226785950178893967e-04
7.224948274004003679e+02 4.911602331717820468e-04 5.234659419376279160e-04
7.224953279009008611e+02 4.983356279492782200e-04 5.242518175631193014e-04
7.224958284014013543e+02 5.305563691908724878e-04 5.250362354156414002e-04
7.224963289019018475e+02 5.016261866100538234e-04 5.258192088744922076e-04
7.224968294024024544e+02 5.719501943243381938e-04 5.266007511786863172e-04
7.224973299029029477e+02 4.982578641633981717e-04 5.273808754277535451e-04
7.224978304034034409e+02 5.683824551179458059e-04 5.281595945842971042e-04
7.224983309039039341e+02 4.783020329336636111e-04 5.289369214747662072e-04
7.224988314044044273e+02 4.840461881041246365e-04 5.297128687911016685e-04
7.224993319049049205e+02 4.833511011356516392e-04 5.304874490921931800e-04
7.224998324054054137e+02 4.590518931407832617e-04 5.312606748053215174e-04
7.225003329059059070e+02 5.896149740919795186e-04 5.320325582275894699e-04
7.225008334064064002e+02 5.481648983368528957e-04 5.328031115273391093e-04
7.225013339069068934e+02 5.401276858959181337e-04 5.335723467455560486e-04
7.225018344074073866e+02 5.085737883651272060e-04 5.343402757972613411e-04
7.225023349079078798e+02 4.739840850559159176e-04 5.351069104728897177e-04
7.225028354084083730e+02 4.401145438184351838e-04 5.358722624396545977e-04
7.225033359089088663e+02 4.790461966683011181e-04 5.366363432429018237e-04
7.225038364094093595e+02 5.506043291699999620e-04 5.373991643074481090e-04
7.225043369099098527e+02 4.808044777495982234e-04 5.381607369389084265e-04
7.225048374104104596e+02 4.800134338944832767e-04 5.389210723251816907e-04
7.225053379109109528e+02 5.463200878401521313e-04 5.396801815370613807e-04
7.225058384114114460e+02 5.346540466637562678e-04 5.404380755305599610e-04
7.225063389119119392e+02 5.404067860098175653e-04 5.411947651474927241e-04
7.225068394124124325e+02 4.636282624022456571e-04 5.419502611169127329e-04
7.225073399129129257e+02 4.591306997922068515e-04 5.427045740563606882e-04
7.225078404134134189e+02 5.557608679665900723e-04 5.434577144731021119e-04
7.225083409139139121e+02 5.510144302447091700e-04 5.442096927653518454e-04
7.225088414144144053e+02 4.758393241029682409e-04 5.449605192234846691e-04
7.225093419149148986e+02 5.107391867103894083e-04 5.457102040312358402e-04
7.225098424154153918e+02 5.257469626957161175e-04 5.464587572668874261e-04
7.225103429159158850e+02 5.544007386012821635e-04 5.472061889044421701e-04
7.225108434164163782e+02 5.238536310406926959e-04 5.479525088147862988e-04
7.225113439169168714e+02 5.789607703973471530e-04 5.486977267668394264e-04
7.225118444174173646e+02 5.603936209007088446e-04 5.494418524286913408e-04
7.225123449179178579e+02 6.016552543158901634e-04 5.501848953687279477e-04
7.225128454184184648e+02 5.257785094574247801e-04 5.509268650569138816e-04
7.225133459189189580e+02 4.878299984752775638e-04 5.516677708652189226e-04
7.225138464194194512e+02 5.635561916711199441e-04 5.524076220697199391e-04
7.225143469199199444e+02 5.951929942061119985e-04 5.531464278510041027e-04
7.225148474204204376e+02 5.150049202796988046e-04 5.538841972954035775e-04
7.225153479209209308e+02 5.461724089684005280e-04 5.546209393960497983e-04
7.225158484214214241e+02 5.211498916540724564e-04 5.553566630539176659e-04
7.225163489219219173e+02 5.631913071087561729e-04 5.560913770788558641e-04
7.225168494224224105e+02 5.510900448533463626e-04 5.568250901906078533e-04
7.225173499229229037e+02 5.952480127297009099e-04 5.575578110198209369e-04
7.225178504234233969e+02 5.694710055649209162e-04 5.582895481090436197e-04
7.225183509239238902e+02 5.339431080137622618e-04 5.590203099137124477e-04
7.225188514244243834e+02 5.555815857255435664e-04 5.597501048031283330e-04
7.225193519249248766e+02 5.462006757350488031e-04 5.604789410614206260e-04
7.225198524254253698e+02 5.882119863289258111e-04 5.612068268885016470e-04
7.225203529259259767e+02 5.442046212696929810e-04 5.619337704011749578e-04
7.225208534264264699e+02 5.299838919749743889e-04 5.626597796334074962e-04
7.225213539269269631e+02 6.240869376234305446e-04 5.633848625382434101e-04
7.225218544274274564e+02 6.104283105727619429e-04 5.641090269880539654e-04
7.225223549279279496e+02 5.228725850454998565e-04 5.648322807756049439e-04
7.225228554284284428e+02 5.881238663340165353e-04 5.655546316149479653e-04
7.225233559289289360e+02 4.522540805118069893e-04 5.662760871423009679e-04
7.225238564294294292e+02 5.729098533584164009e-04 5.669966549169200157e-04
7.225243569299299224e+02 5.113292970914626876e-04 5.677163424219598296e-04
7.225248574304304157e+02 5.134840996111055293e-04 5.684351570653253197e-04
7.225253579309309089e+02 6.167145179858421304e-04 5.691531061805129264e-04
7.225258584314314021e+02 5.468764985065299603e-04 5.698701970274426369e-04
7.225263589319318953e+02 5.479594651033739897e-04 5.705864367932803527e-04
7.225268594324323885e+02 5.493048514604967521e-04 5.713018325932502821e-04
7.225273599329328817e+02 5.912557188394658740e-04 5.720163914714390934e-04
7.225278604334333750e+02 5.177001476637851235e-04 5.727301204015891167e-04
7.225283609339339819e+02 5.640883706184322355e-04 5.734430262880461536e-04
7.225288614344344751e+02 5.420440210438700864e-04 5.741551159658875216e-04
7.225293619349349683e+02 5.642294316348355886e-04 5.748663962026601387e-04
7.225298624354354615e+02 4.822465915982615124e-04 5.755768736984915451e-04
7.225303629359359547e+02 5.266027139600658021e-04 5.762865550870003087e-04
7.225308634364364480e+02 5.466049488017352175e-04 5.769954469360366427e-04
7.225313639369369412e+02 5.629703334876516498e-04 5.777035557484150015e-04
7.225318644374374344e+02 6.256389514267401020e-04 5.784108879626368100e-04
7.225323649379379276e+02 6.344343272966542066e-04 5.791174499536052775e-04
7.225328654384384208e+02 5.017552727645718845e-04 5.798232480333328403e-04
7.225333659389389140e+02 5.226914999443116848e-04 5.805282884516386284e-04
7.225338664394394073e+02 5.625203453253373913e-04 5.812325773968393195e-04
7.225343669399399005e+02 5.909172990536492968e-04 5.819361209964303431e-04
7.225348674404403937e+02 6.065438259656673586e-04 5.826389253177613383e-04
7.225353679409408869e+02 5.984634524398829009e-04 5.833409963687009869e-04
7.225358684414414938e+02 5.893421886451479744e-04 5.840423400984555858e-04
7.225363689419419870e+02 5.897341750512319347e-04 5.847429623975828163e-04
7.225368694424424802e+02 6.163239637075592844e-04 5.854428690995897499e-04
7.225373699429429735e+02 5.228202482636924936e-04 5.861420659809317641e-04
7.225378704434434667e+02 5.957107068533388280e-04 5.868405587617995644e-04
7.225383709439439599e+02 5.546063979888552192e-04 5.875383531067405411e-04
7.225388714444444531e+02 6.354105588098959154e-04 5.882354546252710177e-04
7.225393719449449463e+02 6.090670222082029701e-04 5.889318688724835132e-04
7.225398724454454396e+02 5.022980239154022997e-04 5.896276013496450042e-04
7.225403729459459328e+02 5.991190873830705681e-04 5.903226575047897670e-04
7.225408734464464260e+02 5.508523177749039424e-04 5.910170427333037626e-04
7.225413739469469192e+02 5.776728603054990347e-04 5.917107623785027330e-04
7.225418744474474124e+02 5.968398549333328367e-04 5.924038217322037930e-04
7.225423749479479056e+02 5.705163209582870447e-04 5.930962260352901907e-04
7.225428754484483989e+02 6.045695490736972127e-04 5.937879804782688047e-04
7.225433759489488921e+02 6.329865101785720101e-04 5.944790902018224363e-04
7.225438764494494990e+02 6.123869017966688351e-04 5.951695602975100958e-04
7.225443769499499922e+02 6.307275104761922218e-04 5.958593958076797243e-04
7.225448774504504854e+02 5.951406167044957091e-04 5.965486017269403234e-04
7.225453779509509786e+02 6.158543258137384995e-04 5.972371830020604738e-04
7.225458784514514718e+02 6.126603976063480254e-04 5.979251445326457448e-04
7.225463789519519651e+02 6.489916587992961700e-04 5.986124911716510883e-04
7.225468794524524583e+02 5.660704265517775211e-04 5.992992277258892215e-04
7.225473799529529515e+02 6.676020154163997064e-04 5.999853589565315275e-04
7.225478804534534447e+02 5.789676296581871369e-04 6.006708895796042955e-04
7.225483809539539379e+02 5.584725595028004969e-04 6.013558242664779124e-04
7.225488814544544312e+02 6.503014547602976089e-04 6.020401676443512843e-04
7.225493819549549244e+02 6.450403628428080360e-04 6.027239242967297531e-04
7.225498824554554176e+02 6.416644650778847471e-04 6.034070987638983502e-04
7.225503829559559108e+02 5.596558343065651800e-04 6.040896955433884379e-04
7.225508834564564040e+02 5.885013500978874840e-04 6.047717190904394703e-04
7.225513839569568972e+02 6.319827667455183220e-04 6.054531738184554431e-04
7.225518844574575041e+02 5.824355337934498337e-04 6.061340640996096610e-04
7.225523849579579974e+02 6.121751134037343870e-04 6.068143942646726753e-04
7.225528854584584906e+02 7.015749268509851233e-04 6.074941686043800046e-04
7.225533859589589838e+02 6.802812311685617515e-04 6.081733913692480373e-04
7.225538864594594770e+02 6.668895046093592256e-04 6.088520667701598265e-04
7.225543869599599702e+02 6.582440791553666095e-04 6.095301989787895542e-04
7.225548874604604634e+02 5.908017374280225735e-04 6.102077921280222271e-04
7.225553879609609567e+02 6.715225028882329267e-04 6.108848503123688167e-04
7.225558884614614499e+02 6.065802077735145490e-04 6.115613775883771723e-04
7.225563889619619431e+02 5.232939746560690475e-04 6.122373779750363201e-04
7.225568894624624363e+02 6.467858378155156218e-04 6.129128554541776177e-04
7.225573899629629295e+02 6.258827504682114686e-04 6.135878139708710304e-04
7.225578904634634227e+02 6.574599460205138735e-04 6.142622574338155519e-04
7.225583909639639160e+02 6.177449841893644863e-04 6.149361897157271323e-04
7.225588914644644092e+02 7.323367036293030327e-04 6.156096146537195580e-04
7.225593919649650161e+02 5.994562620014534660e-04 6.162825360498358192e-04
7.225598924654655093e+02 6.870798671570751493e-04 6.169549576708099111e-04
7.225603929659660025e+02 6.539887954878306504e-04 6.176268832493531308e-04
7.225608934664664957e+02 5.797060780124739044e-04 6.182983164839067711e-04
7.225613939669669890e+02 6.743124851018722369e-04 6.189692610391552734e-04
7.225618944674674822e+02 6.447197077197605944e-04 6.196397205463835805e-04
7.225623949679679754e+02 6.903187759837827505e-04 6.203096986038279846e-04
7.225628954684684686e+02 6.872116716383281417e-04 6.209791987770242648e-04
7.225633959689689618e+02 5.953531653033906218e-04 6.216482245991522462e-04
7.225638964694694550e+02 6.647190094525546548e-04 6.223167795713751551e-04
7.225643969699699483e+02 5.942288412591612131e-04 6.229848671631753971e-04
7.225648974704704415e+02 6.012446824276948846e-04 6.236524908126871896e-04
7.225653979709709347e+02 6.528027718240306471e-04 6.243196539270243163e-04
7.225658984714714279e+02 6.161415545805729336e-04 6.249863598826048460e-04
7.225663989719719211e+02 6.103935392673613246e-04 6.256526120254712973e-04
7.225668994724724143e+02 7.605058142937165186e-04 6.263184136716079846e-04
7.225673999729730212e+02 6.692553373511665347e-04 6.269837681074051650e-04
7.225679004734735145e+02 5.868107829563795272e-04 6.276486785893641354e-04
7.225684009739740077e+02 6.525394712823449038e-04 6.283131483453103464e-04
7.225689014744745009e+02 6.363011743461602625e-04 6.289771805740908012e-04
7.225694019749749941e+02 6.233549631487389411e-04 6.296407784460250840e-04
7.225699024754754873e+02 6.430699862934246636e-04 6.303039451031998289e-04
7.225704029759759806e+02 6.341723524397651019e-04 6.309666836597618888e-04
7.225709034764764738e+02 6.552855140394255257e-04 6.316289972022065156e-04
7.225714039769769670e+02 7.283621884146700186e-04 6.322908887896628314e-04
7.225719044774774602e+02 6.258793294564382343e-04 6.329523614541764792e-04
7.225724049779779534e+02 7.338202601181285792e-04 6.336134182009883721e-04
7.225729054784784466e+02 6.438154004389830265e-04 6.342740620088099714e-04
7.225734059789789399e+02 7.053689810364077630e-04 6.349342958300965064e-04
7.225739064794794331e+02 7.026781694739911389e-04 6.355941225913160726e-04
7.225744069799799263e+02 6.499184686120638467e-04 6.362535451932161291e-04
7.225749074804805332e+02 6.373780423174546300e-04 6.369125665112363626e-04
7.225754079809810264e+02 7.320058342696760022e-04 6.375711893951707416e-04
7.225759084814815196e+02 6.781795301402597075e-04 6.382294166703219749e-04
7.225764089819820128e+02 7.385179829480515703e-04 6.388872511371584701e-04
7.225769094824825061e+02 6.202065653455568180e-04 6.395446955717145124e-04
7.225774099829829993e+02 6.726998103606694280e-04 6.402017527258390892e-04
7.225779104834834925e+02 7.103793076385379315e-04 6.408584253274418954e-04
7.225784109839839857e+02 7.393627201324674651e-04 6.415147160807367372e-04
7.225789114844844789e+02 6.406654635901597563e-04 6.421706276664803812e-04
7.225794119849849722e+02 6.903414433107438230e-04 6.428261627422117300e-04
7.225799124854854654e+02 7.239668572062299759e-04 6.434813239424856841e-04
7.225804129859859586e+02 6.591395450975853342e-04 6.441361138791055953e-04
7.225809134864864518e+02 7.306714966411464052e-04 6.447905351413526836e-04
7.225814139869869450e+02 7.727318049990021618e-04 6.454445902962127439e-04
7.225819144874874382e+02 6.887844316272162927e-04 6.460982818886013349e-04
7.225824149879879315e+02 7.026503220247858278e-04 6.467516124415845225e-04
7.225829154884885384e+02 6.966361153388624192e-04 6.474045844567471834e-04
7.225834159889890316e+02 7.106154824398888724e-04 6.480572004138167872e-04
7.225839164894895248e+02 6.811373209585565606e-04 6.487094627717671135e-04
7.225844169899900180e+02 7.730991819410746929e-04 6.493613739684373724e-04
7.225849174904905112e+02 6.759077960416727971e-04 6.500129364208898823e-04
7.225854179909910044e+02 6.562956622257778939e-04 6.506641525256179120e-04
7.225859184914914977e+02 7.219570893100815331e-04 6.513150246587497269e-04
7.225864189919919909e+02 6.137076494984129629e-04 6.519655551762517688e-04
7.225869194924924841e+02 6.559774555047369815e-04 6.526157464141294504e-04
7.225874199929929773e+02 7.390797478006409793e-04 6.532656006886242627e-04
7.225879204934934705e+02 6.789145068665353687e-04 6.539151202964107751e-04
7.225884209939939637e+02 6.817888205782365570e-04 6.545643075147890809e-04
7.225889214944944570e+02 7.191941403246662062e-04 6.552131646018777853e-04
7.225894219949949502e+02 6.929756294794739424e-04 6.558616937968025484e-04
7.225899224954954434e+02 7.382646142786731527e-04 6.565098973198837604e-04
7.225904229959959366e+02 7.394433212183420742e-04 6.571577773728210729e-04
7.225909234964965435e+02 7.406694979076615046e-04 6.578053361390251647e-04
7.225914239969970367e+02 6.009315165797174483e-04 6.584525757832092145e-04
7.225919244974975300e+02 7.596672082322669358e-04 6.590994984524508769e-04
7.225924249979980232e+02 7.648959686808692697e-04 6.597461062757811528e-04
7.225929254984985164e+02 7.953027459609129501e-04 6.603924013645071566e-04
7.225934259989990096e+02 6.982692124449862503e-04 6.610383858123848296e-04
7.225939264994995028e+02 6.451035633202804572e-04 6.616840616957900267e-04
7.225944269999999960e+02 7.156071529986119837e-04 6.623294310738887369e-04
