7.218631199999999808e+02 1.319360046598227175e-04 1.057973923731220749e-04
7.218636205005004740e+02 1.303959870856506308e-04 1.063676580604350756e-04
7.218641210010009672e+02 1.254746752550487472e-04 1.069374099100253527e-04
7.218646215015014604e+02 1.230501636892367351e-04 1.075066442942875964e-04
7.218651220020019537e+02 1.437101401381779087e-04 1.080753575568787155e-04
7.218656225025024469e+02 1.894522941826362876e-04 1.086435460124746913e-04
7.218661230030029401e+02 1.536624182225762743e-04 1.092112059465257109e-04
7.218666235035034333e+02 1.356438420319984505e-04 1.097783336150091313e-04
7.218671240040040402e+02 1.182260489369612569e-04 1.103449252443089028e-04
7.218676245045045334e+02 1.323914332138210039e-04 1.109109770304503257e-04
7.218681250050050267e+02 1.428598510144061975e-04 1.114764851396186376e-04
7.218686255055055199e+02 1.371833058682203231e-04 1.120414457073890804e-04
7.218691260060060131e+02 1.354767639377220704e-04 1.126058548385983418e-04
7.218696265065065063e+02 1.740207555897017183e-04 1.131697086070852814e-04
7.218701270070069995e+02 1.913644104956871038e-04 1.137330030554296786e-04
7.218706275075074927e+02 1.579272326531894731e-04 1.142957341946881347e-04
7.218711280080079860e+02 1.344638222153553741e-04 1.148578980041288229e-04
7.218716285085084792e+02 1.759875299214401511e-04 1.154194904309633783e-04
7.218721290090089724e+02 1.632113055080649654e-04 1.159805073900770539e-04
7.218726295095094656e+02 1.573161382875666017e-04 1.165409447637567620e-04
7.218731300100099588e+02 1.209439438759296696e-04 1.171007984014163099e-04
7.218736305105104520e+02 1.367769957365161013e-04 1.176600641193202270e-04
7.218741310110109453e+02 1.464318576644594260e-04 1.182187377003050160e-04
7.218746315115114385e+02 1.549087544385611178e-04 1.187768148934982500e-04
7.218751320120120454e+02 1.927155368562537209e-04 1.193342914141619457e-04
7.218756325125125386e+02 1.454553493474582246e-04 1.198911629429010419e-04
7.218761330130130318e+02 1.522941967448102789e-04 1.204474251261353928e-04
7.218766335135135250e+02 1.146262728631174599e-04 1.210030735753034629e-04
7.218771340140140182e+02 1.395536764748941917e-04 1.215581038666968772e-04
7.218776345145145115e+02 1.398396795996932531e-04 1.221125115411662095e-04
7.218781350150150047e+02 1.335006701340643348e-04 1.226662921038240467e-04
7.218786355155154979e+02 1.310746483171823138e-04 1.232194410237466705e-04
7.218791360160159911e+02 1.614560934499640016e-04 1.237719537336725000e-04
7.218796365165164843e+02 1.279687203372353952e-04 1.243238256296986372e-04
7.218801370170169776e+02 1.540652873131633015e-04 1.248750520709750948e-04
7.218806375175174708e+02 1.394309963155312547e-04 1.254256283793968557e-04
7.218811380180179640e+02 1.281399332469250387e-04 1.259755498392934388e-04
7.218816385185184572e+02 1.365374459234008225e-04 1.265248116971159171e-04
7.218821390190189504e+02 1.397830281396805947e-04 1.270734091611221465e-04
7.218826395195194436e+02 1.472014927652732358e-04 1.276213374010590944e-04
7.218831400200200505e+02 1.380958129696973377e-04 1.281685915479673858e-04
7.218836405205205438e+02 1.602205733724165835e-04 1.287151666933622149e-04
7.218841410210210370e+02 1.572417572718122546e-04 1.292610578896543955e-04
7.218846415215215302e+02 1.289881579074308299e-04 1.298062601493264214e-04
7.218851420220220234e+02 1.644466908769926905e-04 1.303507684447274167e-04
7.218856425225225166e+02 1.422433272296947705e-04 1.308945777077416409e-04
7.218861430230230098e+02 1.429962255811682175e-04 1.314376828294543380e-04
7.218866435235235031e+02 1.695902128944877724e-04 1.319800786598154438e-04
7.218871440240239963e+02 1.515160688057115665e-04 1.325217600073009085e-04
7.218876445245244895e+02 1.448080022969305358e-04 1.330627216385713626e-04
7.218881450250249827e+02 1.507874593254395997e-04 1.336029582781286145e-04
7.218886455255254759e+02 1.409178945276695540e-04 1.341424646079697361e-04
7.218891460260259691e+02 1.273101887385688809e-04 1.346812352672386540e-04
7.218896465265264624e+02 1.493688618210563159e-04 1.352192648518755189e-04
7.218901470270269556e+02 1.428824770609848102e-04 1.357565479142633911e-04
7.218906475275275625e+02 1.450231525274162721e-04 1.362930789629944591e-04
7.218911480280280557e+02 1.497684710228655883e-04 1.368288524620250401e-04
7.218916485285285489e+02 1.231801298333287090e-04 1.373638628310462411e-04
7.218921490290290421e+02 1.345952599167682243e-04 1.378981044446336737e-04
7.218926495295295354e+02 1.668547022834870051e-04 1.384315716320042673e-04
7.218931500300300286e+02 1.519648547341093201e-04 1.389642586766485350e-04
7.218936505305305218e+02 1.557773446590308443e-04 1.394961598159612129e-04
7.218941510310310150e+02 1.659116231577761175e-04 1.400272692408685116e-04
7.218946515315315082e+02 1.727230377872175616e-04 1.405575810954536866e-04
7.218951520320320014e+02 1.530853872741047550e-04 1.410870894765798721e-04
7.218956525325324947e+02 1.617025614938810718e-04 1.416157884335110702e-04
7.218961530330329879e+02 1.519470197824131078e-04 1.421436719675300245e-04
7.218966535335334811e+02 1.771355131599108086e-04 1.426707340315544394e-04
7.218971540340339743e+02 1.465882903759829835e-04 1.431969685297504891e-04
7.218976545345344675e+02 1.737292985056890422e-04 1.437223693171441313e-04
7.218981550350349607e+02 1.501913542935036730e-04 1.442469301992301705e-04
7.218986555355355677e+02 1.482230304765827175e-04 1.447706449316977118e-04
7.218991560360360609e+02 1.322204898788661824e-04 1.452935072195588951e-04
7.218996565365365541e+02 1.426731457316822362e-04 1.458155107174650489e-04
7.219001570370370473e+02 1.952065150324294252e-04 1.463366490288301944e-04
7.219006575375375405e+02 1.480743435325275036e-04 1.468569157055481223e-04
7.219011580380380337e+02 1.232302910846429591e-04 1.473763042475876065e-04
7.219016585385385270e+02 1.226270104383927345e-04 1.478948081025855570e-04
7.219021590390390202e+02 1.469156973863927596e-04 1.484124206654384654e-04
7.219026595395395134e+02 1.616777654537669576e-04 1.489291352778909230e-04
7.219031600400400066e+02 1.759183213154238176e-04 1.494449452281227297e-04
7.219036605405404998e+02 1.971510871241684314e-04 1.499598437503332109e-04
7.219041610410409930e+02 1.335497518031979072e-04 1.504738240243241789e-04
7.219046615415414863e+02 1.574175563170927892e-04 1.509868791750802383e-04
7.219051620420419795e+02 1.833474990037348357e-04 1.514990022723473027e-04
7.219056625425424727e+02 1.520286043340285820e-04 1.520101863302091320e-04
7.219061630430430796e+02 1.512780636405785899e-04 1.525204243067776846e-04
7.219066635435435728e+02 1.488831477140398023e-04 1.530297091033023908e-04
7.219071640440440660e+02 1.697568072900432375e-04 1.535380335644360810e-04
7.219076645445445592e+02 1.360859620838451357e-04 1.540453904773401387e-04
7.219081650450450525e+02 1.322892083359038197e-04 1.545517725713675076e-04
7.219086655455455457e+02 1.750335083628241971e-04 1.550571725176278447e-04
7.219091660460460389e+02 1.453828861803033992e-04 1.555615829285510751e-04
7.219096665465465321e+02 1.714826002435903825e-04 1.560649963574492385e-04
7.219101670470470253e+02 1.884935713255751733e-04 1.565674052980761677e-04
7.219106675475475186e+02 1.581342297104553428e-04 1.570688021841867604e-04
7.219111680480480118e+02 1.687138015341804135e-04 1.575691793890931342e-04
7.219116685485485050e+02 1.415477037704653311e-04 1.580685292252205368e-04
7.219121690490489982e+02 1.582743294818232227e-04 1.585668439436609806e-04
7.219126695495494914e+02 1.550519456748739836e-04 1.590641157337261715e-04
7.219131700500499846e+02 1.594424803491513876e-04 1.595603367224984867e-04
7.219136705505504779e+02 1.637012315435512426e-04 1.600554989743808141e-04
7.219141710510510848e+02 1.801999135580062352e-04 1.605495944907575493e-04
7.219146715515515780e+02 1.498330183351365369e-04 1.610426152090932710e-04
7.219151720520520712e+02 1.735304315313650311e-04 1.615345530031528072e-04
7.219156725525525644e+02 1.684377658555711406e-04 1.620253996820971191e-04
7.219161730530530576e+02 1.543525228457439833e-04 1.625151469901404218e-04
7.219166735535535508e+02 1.498964320600274880e-04 1.630037866060935186e-04
7.219171740540540441e+02 2.034413640522853397e-04 1.634913101429067827e-04
7.219176745545545373e+02 1.925523985250947019e-04 1.639777091472120003e-04
7.219181750550550305e+02 1.566661019713115426e-04 1.644629750988638346e-04
7.219186755555555237e+02 1.732303291752986928e-04 1.649470994104806660e-04
7.219191760560560169e+02 1.694094573057135103e-04 1.654300734269849717e-04
7.219196765565565101e+02 1.777482324243988797e-04 1.659118884251434343e-04
7.219201770570570034e+02 1.771508093450387654e-04 1.663925356131063459e-04
7.219206775575574966e+02 1.585309889086388303e-04 1.668720061299474179e-04
7.219211780580579898e+02 1.713265174303145433e-04 1.673502910452031038e-04
7.219216785585584830e+02 1.718333075739431818e-04 1.678273813584121930e-04
7.219221790590590899e+02 1.601989898827499469e-04 1.683032679987630923e-04
7.219226795595595831e+02 1.625989856586122014e-04 1.687779418242020698e-04
7.219231800600600764e+02 1.393663364093931066e-04 1.692513936216212555e-04
7.219236805605605696e+02 1.447481848058109442e-04 1.697236141059675900e-04
7.219241810610610628e+02 1.766009742746295157e-04 1.701945939198916782e-04
7.219246815615615560e+02 1.351598022981131833e-04 1.706643236332900119e-04
7.219251820620620492e+02 1.517193589739787454e-04 1.711327937428478438e-04
7.219256825625625424e+02 1.393438936809244535e-04 1.715999946715831713e-04
7.219261830630630357e+02 1.729633256637527099e-04 1.720659167683915886e-04
7.219266835635635289e+02 1.560768491150119194e-04 1.725305503075926297e-04
7.219271840640640221e+02 1.626075971931691263e-04 1.729938854884775475e-04
7.219276845645645153e+02 1.395007831365155729e-04 1.734559124348586108e-04
7.219281850650650085e+02 1.503538227786060586e-04 1.739166211946201093e-04
7.219286855655655017e+02 1.791152727106123477e-04 1.743760017392713098e-04
7.219291860660659950e+02 1.888775576699506652e-04 1.748340439635016625e-04
7.219296865665666019e+02 1.482996022770539241e-04 1.752907376848412285e-04
7.219301870670670951e+02 1.706944382302125239e-04 1.757460726428063287e-04
7.219306875675675883e+02 1.358471923901119819e-04 1.762000384990838311e-04
7.219311880680680815e+02 2.064146471637559404e-04 1.766526248366811905e-04
7.219316885685685747e+02 1.922051908324099400e-04 1.771038211595983417e-04
7.219321890690690680e+02 1.664560239988945804e-04 1.775536168923991416e-04
7.219326895695695612e+02 1.573773747590281392e-04 1.780020013797858468e-04
7.219331900700700544e+02 1.752289048092450622e-04 1.784489638861777388e-04
7.219336905705705476e+02 1.910757521242459095e-04 1.788944935952929195e-04
7.219341910710710408e+02 1.870676038232997271e-04 1.793385796097346615e-04
7.219346915715715340e+02 1.616115294725591750e-04 1.797812109505818236e-04
7.219351920720720273e+02 1.833746664170981101e-04 1.802223765569840365e-04
7.219356925725725205e+02 1.918438359022863263e-04 1.806620652857611443e-04
7.219361930730730137e+02 1.714292874222937441e-04 1.811002659110082301e-04
7.219366935735735069e+02 1.839286613685165979e-04 1.815369671237057093e-04
7.219371940740740001e+02 1.674711646754092507e-04 1.819721575313346551e-04
7.219376945745746070e+02 1.579144978356191299e-04 1.824058256575968029e-04
7.219381950750751002e+02 2.020803233466542646e-04 1.828379599416483719e-04
7.219386955755755935e+02 1.800258925933831834e-04 1.832685487383248744e-04
7.219391960760760867e+02 1.669664184854909169e-04 1.836975803173873786e-04
7.219396965765765799e+02 1.669171624857346530e-04 1.841250428632688321e-04
7.219401970770770731e+02 1.681164794540356108e-04 1.845509244747287709e-04
7.219406975775775663e+02 1.428489767092460858e-04 1.849752131645159697e-04
7.219411980780780596e+02 1.560539726496707575e-04 1.853978968590387091e-04
7.219416985785785528e+02 1.887072361128903962e-04 1.858189633980434990e-04
7.219421990790790460e+02 1.639573639530583402e-04 1.862384005343027205e-04
7.219426995795795392e+02 1.628504813808490559e-04 1.866561959333103713e-04
7.219432000800800324e+02 1.607331691617033972e-04 1.870723371729882199e-04
7.219437005805805256e+02 1.442816314860372994e-04 1.874868117434012025e-04
7.219442010810810189e+02 1.891581232617017697e-04 1.878996070464827406e-04
7.219447015815815121e+02 1.801012031329396706e-04 1.883107103957707101e-04
7.219452020820821190e+02 1.769238427282914200e-04 1.887201090162474138e-04
7.219457025825826122e+02 1.849704756712347543e-04 1.891277900437263019e-04
7.219462030830831054e+02 1.742698125185961956e-04 1.895337405251797266e-04
7.219467035835835986e+02 1.771776300203097270e-04 1.899379474181487563e-04
7.219472040840840918e+02 1.454367604606563954e-04 1.903403975906317743e-04
7.219477045845845851e+02 1.708274846120042489e-04 1.907410778208916803e-04
7.219482050850850783e+02 1.826921703677040804e-04 1.911399747972778915e-04
7.219487055855855715e+02 1.489258103356330145e-04 1.915370751180619504e-04
7.219492060860860647e+02 1.555200189534965431e-04 1.919323652912872816e-04
7.219497065865865579e+02 1.973795226431582391e-04 1.923258317346347506e-04
7.219502070870870511e+02 1.524940899132088030e-04 1.927174607753032935e-04
7.219507075875875444e+02 1.444208535938378956e-04 1.931072386499066461e-04
7.219512080880880376e+02 1.997089214536112414e-04 1.934951515043870692e-04
7.219517085885885308e+02 2.111365948549880002e-04 1.938811853939459591e-04
7.219522090890890240e+02 2.236701682462540917e-04 1.942653262829921858e-04
7.219527095895895172e+02 1.901723091385173646e-04 1.946475600451096208e-04
7.219532100900901241e+02 1.795347411301391309e-04 1.950278724631278814e-04
7.219537105905906174e+02 1.376631940708551705e-04 1.954062492287839787e-04
7.219542110910911106e+02 1.748691231678073019e-04 1.957826759432654750e-04
7.219547115915916038e+02 2.197687410223533020e-04 1.961571381169111364e-04
7.219552120920920970e+02 1.844171161351799840e-04 1.965296211693655392e-04
7.219557125925925902e+02 1.569230982666881098e-04 1.969001104296691951e-04
7.219562130930930834e+02 1.856764740638531034e-04 1.972685911363716328e-04
7.219567135935935767e+02 1.647623527479526119e-04 1.976350484376678722e-04
7.219572140940940699e+02 1.542455478378309652e-04 1.979994673915595098e-04
7.219577145945945631e+02 1.638481778548650525e-04 1.983618329660404695e-04
7.219582150950950563e+02 2.129702215428705989e-04 1.987221300393088015e-04
7.219587155955955495e+02 1.480455499731656922e-04 1.990803434000049631e-04
7.219592160960960427e+02 1.650080014805445990e-04 1.994364577474774748e-04
7.219597165965965360e+02 1.817867353837402820e-04 1.997904576920766313e-04
7.219602170970970292e+02 1.830250864092951280e-04 2.001423277554772952e-04
7.219607175975975224e+02 1.797310081270463221e-04 2.004920523710314523e-04
7.219612180980981293e+02 1.421169005841910898e-04 2.008396158842302450e-04
7.219617185985986225e+02 1.830886016828446670e-04 2.011850025528035013e-04
7.219622190990991157e+02 1.505319829131367864e-04 2.015281965476406294e-04
7.219627195995996090e+02 1.375636831920468237e-04 2.018691819529551184e-04
7.219632201001001022e+02 1.896569120126231250e-04 2.022079427668784641e-04
7.219637206006005954e+02 1.875539142127129904e-04 2.025444629020109162e-04
7.219642211011010886e+02 1.769511336372785236e-04 2.028787261860073821e-04
7.219647216016015818e+02 1.803459878440805651e-04 2.032107163622017638e-04
7.219652221021020750e+02 2.174842893493633103e-04 2.035404170902685656e-04
7.219657226026025683e+02 1.627446197392733130e-04 2.038678119469245083e-04
7.219662231031030615e+02 2.049709255346526457e-04 2.041928844266700967e-04
7.219667236036035547e+02 1.911539768433687309e-04 2.045156179425729279e-04
7.219672241041040479e+02 1.806694646454262210e-04 2.048359958270933392e-04
7.219677246046045411e+02 1.430322420138451303e-04 2.051540013329539104e-04
7.219682251051050343e+02 2.092695703144948672e-04 2.054696176340536364e-04
7.219687256056056412e+02 1.861720654507444800e-04 2.057828278264993015e-04
7.219692261061061345e+02 1.722993938387913572e-04 2.060936149293286421e-04
7.219697266066066277e+02 1.581765679216581583e-04 2.064019618859935898e-04
7.219702271071071209e+02 1.783224274266864294e-04 2.067078515651802533e-04
7.219707276076076141e+02 2.267331507466579263e-04 2.070112667620371838e-04
7.219712281081081073e+02 1.824125541416010557e-04 2.073121901993843692e-04
7.219717286086086006e+02 2.380007894700035423e-04 2.076106045289750825e-04
7.219722291091090938e+02 1.669604858460425835e-04 2.079064923328133232e-04
7.219727296096095870e+02 1.933797280999859352e-04 2.081998361245276095e-04
7.219732301101100802e+02 2.083861216701713814e-04 2.084906183508016377e-04
7.219737306106105734e+02 2.155610944168179970e-04 2.087788213928647889e-04
7.219742311111110666e+02 1.755912271171209337e-04 2.090644275680426738e-04
7.219747316116115599e+02 2.031778727396362253e-04 2.093474191313699103e-04
7.219752321121120531e+02 1.805340232995036734e-04 2.096277782772661374e-04
7.219757326126125463e+02 1.749392431896228312e-04 2.099054871412772715e-04
7.219762331131130395e+02 2.069154899873432954e-04 2.101805278018830064e-04
7.219767336136136464e+02 1.848354296293367198e-04 2.104528822824341472e-04
7.219772341141141396e+02 2.562610333286609895e-04 2.107225325528512842e-04
7.219777346146146328e+02 1.426168222407611056e-04 2.109894605320124228e-04
7.219782351151151261e+02 1.987212108146043635e-04 2.112536480895951243e-04
7.219787356156156193e+02 2.169585318443572426e-04 2.115150770483025086e-04
7.219792361161161125e+02 1.820895777646353670e-04 2.117737291861042999e-04
7.219797366166166057e+02 2.333216254810736032e-04 2.120295862385552035e-04
7.219802371171170989e+02 1.936965486533373450e-04 2.122826299011942993e-04
7.219807376176175922e+02 2.211616917469023729e-04 2.125328418320242057e-04
7.219812381181180854e+02 1.778927346129530120e-04 2.127802036540756513e-04
7.219817386186185786e+02 1.805540234655558937e-04 2.130246969580558284e-04
7.219822391191190718e+02 2.431686202050688749e-04 2.132663033050847298e-04
7.219827396196195650e+02 1.520967613546453736e-04 2.135050042295200373e-04
7.219832401201200582e+02 1.530371318658722715e-04 2.137407812418732191e-04
7.219837406206205515e+02 2.040200065812631375e-04 2.139736158318184076e-04
7.219842411211211584e+02 2.147228291092097361e-04 2.142034894713479428e-04
7.219847416216216516e+02 1.880374568848586702e-04 2.144303836177647432e-04
7.219852421221221448e+02 1.750773029983008924e-04 2.146542797172951112e-04
7.219857426226226380e+02 1.922244719441340089e-04 2.148751592082794590e-04
7.219862431231231312e+02 2.035198932210961688e-04 2.150930035247280037e-04
7.219867436236236244e+02 1.950059272479447614e-04 2.153077940999295072e-04
7.219872441241241177e+02 2.414123335522868773e-04 2.155195123701662678e-04
7.219877446246246109e+02 2.142054881388349356e-04 2.157281397785395106e-04
7.219882451251251041e+02 2.100288712007828632e-04 2.159336577789053400e-04
7.219887456256255973e+02 1.804909080812575701e-04 2.161360478399249930e-04
7.219892461261260905e+02 1.735750634724650811e-04 2.163352914492305617e-04
7.219897466266265837e+02 1.758409672303713138e-04 2.165313701177092715e-04
7.219902471271270770e+02 1.969695818424078764e-04 2.167242653839075110e-04
7.219907476276275702e+02 2.100195395201813074e-04 2.169139588185579177e-04
7.219912481281280634e+02 1.955564706656253392e-04 2.171004320292314730e-04
7.219917486286285566e+02 1.964973546367147826e-04 2.172836666651164486e-04
7.219922491291291635e+02 1.621329176569758239e-04 2.174636444219675991e-04
7.219927496296296567e+02 1.727521903936837040e-04 2.176403470469839884e-04
7.219932501301301500e+02 1.988525520328485912e-04 2.178137563442290241e-04
7.219937506306306432e+02 1.838433445631415498e-04 2.179838541797775992e-04
7.219942511311311364e+02 2.206096600013193049e-04 2.181506224872076574e-04
7.219947516316316296e+02 2.463665630030574560e-04 2.183140432731920744e-04
7.219952521321321228e+02 1.867494314294901390e-04 2.184740986232340597e-04
7.219957526326326160e+02 1.955322696617643242e-04 2.186307707075488998e-04
7.219962531331331093e+02 1.893509759918253303e-04 2.187840417870940736e-04
7.219967536336336025e+02 2.116924898237959769e-04 2.189338942197511021e-04
7.219972541341340957e+02 1.780594260339435537e-04 2.190803104666596743e-04
7.219977546346345889e+02 2.033855659492266564e-04 2.192232730987087660e-04
7.219982551351350821e+02 1.869154201915547095e-04 2.193627648031853733e-04
7.219987556356355753e+02 2.169558037592935363e-04 2.194987683905842788e-04
7.219992561361360686e+02 2.386302211042310990e-04 2.196312668015806097e-04
7.219997566366365618e+02 2.281630306299560409e-04 2.197602431141687399e-04
7.220002571371371687e+02 1.847034913718319596e-04 2.198856805509963753e-04
7.220007576376376619e+02 2.084046685727027396e-04 2.200075624867279134e-04
7.220012581381381551e+02 2.453686542775655971e-04 2.201258724558654710e-04
7.220017586386386483e+02 1.927193538266518385e-04 2.202405941604580492e-04
7.220022591391391416e+02 2.238408352438790228e-04 2.203517114781328428e-04
7.220027596396396348e+02 1.727817797057302357e-04 2.204592084702770361e-04
7.220032601401401280e+02 2.096891044923928380e-04 2.205630693904015284e-04
7.220037606406406212e+02 2.081194524520117467e-04 2.206632786926893532e-04
7.220042611411411144e+02 2.126794756291574119e-04 2.207598210407305526e-04
7.220047616416416076e+02 1.968862014857666138e-04 2.208526813164455953e-04
7.220052621421421009e+02 2.298391350840555878e-04 2.209418446292005624e-04
7.220057626426425941e+02 2.085590248514517409e-04 2.210272963251144805e-04
7.220062631431430873e+02 2.145410011694402546e-04 2.211090219965623814e-04
7.220067636436435805e+02 1.949390329461307529e-04 2.211870074918757670e-04
7.220072641441440737e+02 1.995384703753238956e-04 2.212612389252417548e-04
7.220077646446446806e+02 1.942204189886393773e-04 2.213317026868194157e-04
7.220082651451451738e+02 2.097551421401256787e-04 2.213983854529802267e-04
7.220087656456456671e+02 1.658910088502500290e-04 2.214612741969123537e-04
7.220092661461461603e+02 2.171366921828191891e-04 2.215203561992709321e-04
7.220097666466466535e+02 1.885692566326689222e-04 2.215756190591176128e-04
7.220102671471471467e+02 1.835269957669704438e-04 2.216270507050533670e-04
7.220107676476476399e+02 2.142772550933880313e-04 2.216746394065629265e-04
7.220112681481481332e+02 2.244880620458433534e-04 2.217183737855713227e-04
7.220117686486486264e+02 2.078223097517990293e-04 2.217582428282150690e-04
7.220122691491491196e+02 2.037646498603523215e-04 2.217942358968279075e-04
7.220127696496496128e+02 2.465494519654471512e-04 2.218263427421430980e-04
7.220132701501501060e+02 2.023661376233184693e-04 2.218545535157129538e-04
7.220137706506505992e+02 2.142415967831918177e-04 2.218788587825464378e-04
7.220142711511510925e+02 2.091273716107416684e-04 2.218992495339655504e-04
7.220147716516515857e+02 2.221961597944231346e-04 2.219157172006813500e-04
7.220152721521520789e+02 1.707704859298452102e-04 2.219282536660895783e-04
7.220157726526526858e+02 2.116063024603461633e-04 2.219368512797881678e-04
7.220162731531531790e+02 1.869595677650517397e-04 2.219415028713070631e-04
7.220167736536536722e+02 2.005943982353984990e-04 2.219422017640764854e-04
7.220172741541541654e+02 1.643687362016100324e-04 2.219389417895954221e-04
7.220177746546546587e+02 1.556371617725767534e-04 2.219317173018309425e-04
7.220182751551551519e+02 1.887360928369016626e-04 2.219205231918349244e-04
7.220187756556556451e+02 2.438277728730184140e-04 2.219053549025788393e-04
7.220192761561561383e+02 2.117761106722239350e-04 2.218862084440070056e-04
7.220197766566566315e+02 2.128857350022891534e-04 2.218630804083060850e-04
7.220202771571571247e+02 2.046914380595633235e-04 2.218359679853900649e-04
7.220207776576576180e+02 2.224631201714231607e-04 2.218048689785994516e-04
7.220212781581581112e+02 2.130635087084889511e-04 2.217697818206120180e-04
7.220217786586586044e+02 2.193774964837084040e-04 2.217307055895638066e-04
7.220222791591590976e+02 2.778077149035569041e-04 2.216876400253781890e-04
7.220227796596595908e+02 2.061692570361887175e-04 2.216405855462998955e-04
7.220232801601601977e+02 1.987079725294324810e-04 2.215895432656196738e-04
7.220237806606606910e+02 2.285905092700898900e-04 2.215345150086577193e-04
7.220242811611611842e+02 2.294509001328368049e-04 2.214755033298265784e-04
7.220247816616616774e+02 2.065867558743730251e-04 2.214125115300007174e-04
7.220252821621621706e+02 1.957386191821822673e-04 2.213455436740198012e-04
7.220257826626626638e+02 2.186275085770523173e-04 2.212746046083852581e-04
7.220262831631631570e+02 1.942657275568668827e-04 2.211996999791383399e-04
7.220267836636636503e+02 2.502630471672894689e-04 2.211208362499119794e-04
7.220272841641641435e+02 1.997159725755533449e-04 2.210380207201528683e-04
7.220277846646646367e+02 2.213193062278528489e-04 2.209512615435072489e-04
7.220282851651651299e+02 2.278825406158711863e-04 2.208605677463645390e-04
7.220287856656656231e+02 2.065770875896532201e-04 2.207659492465532600e-04
7.220292861661661163e+02 2.570378217661448226e-04 2.206674168721816515e-04
7.220297866666666096e+02 2.339061801274620791e-04 2.205649823806159530e-04
7.220302871671671028e+02 2.160345881028569528e-04 2.204586584775900090e-04
7.220307876676675960e+02 2.282735427515413028e-04 2.203484588364362242e-04
7.220312881681682029e+02 2.219079556299337482e-04 2.202343981174055847e-04
7.220317886686686961e+02 2.719957302772009890e-04 2.201164919872230878e-04
7.220322891691691893e+02 2.580155844651086912e-04 2.199947571384802973e-04
7.220327896696696826e+02 2.108523288369808723e-04 2.198692113093719694e-04
7.220332901701701758e+02 2.022265153310304913e-04 2.197398733033820476e-04
7.220337906706706690e+02 2.380185899337056155e-04 2.196067630090603234e-04
7.220342911711711622e+02 1.998781442981814084e-04 2.194699014198546352e-04
7.220347916716716554e+02 2.647358237598013034e-04 2.193293106539866253e-04
7.220352921721721486e+02 2.672306612679899922e-04 2.191850139743590467e-04
7.220357926726726419e+02 2.047747764493452636e-04 2.190370358084820716e-04
7.220362931731731351e+02 2.059824790354862262e-04 2.188854017684062120e-04
7.220367936736736283e+02 2.180749780964759768e-04 2.187301386706474353e-04
7.220372941741741215e+02 2.252819768418286176e-04 2.185712745560916526e-04
7.220377946746746147e+02 2.471116085018345318e-04 2.184088387098626419e-04
7.220382951751751079e+02 2.336838247362490941e-04 2.182428616811400712e-04
7.220387956756756012e+02 2.594669657385881918e-04 2.180733753029104641e-04
7.220392961761762081e+02 2.451451159132190171e-04 2.179004127115965442e-04
7.220397966766767013e+02 2.174876042369223918e-04 2.177240083667851339e-04
7.220402971771771945e+02 2.415080419535488494e-04 2.175441980704449362e-04
7.220407976776776877e+02 2.496573802772819660e-04 2.173610189864026276e-04
7.220412981781781809e+02 2.257532110341186520e-04 2.171745096594719247e-04
7.220417986786786742e+02 2.505280201842527313e-04 2.169847100344502702e-04
7.220422991791791674e+02 2.036243130898424505e-04 2.167916614749253494e-04
7.220427996796796606e+02 2.116935580144881264e-04 2.165954067818719219e-04
7.220433001801801538e+02 2.371344991539724785e-04 2.163959902120177463e-04
7.220438006806806470e+02 2.380014492634966849e-04 2.161934574959584838e-04
7.220443011811811402e+02 1.918540304214438300e-04 2.159878558559992479e-04
7.220448016816816335e+02 2.165696060603784843e-04 2.157792340237020372e-04
7.220453021821821267e+02 2.434740187109262616e-04 2.155676422571153070e-04
7.220458026826826199e+02 2.755850272622037368e-04 2.153531323576630475e-04
7.220463031831831131e+02 2.201045579898950851e-04 2.151357576866705726e-04
7.220468036836837200e+02 2.227921495786594941e-04 2.149155731814513697e-04
7.220473041841842132e+02 2.707045779951213036e-04 2.146926353712331082e-04
7.220478046846847064e+02 2.419221889760849082e-04 2.144670023921446743e-04
7.220483051851851997e+02 1.812878033972522358e-04 2.142387340022410176e-04
7.220488056856856929e+02 2.150742344982115874e-04 2.140078915957886534e-04
7.220493061861861861e+02 2.247200414791676517e-04 2.137745382170872345e-04
7.220498066866866793e+02 2.742516541836807374e-04 2.135387385737481545e-04
7.220503071871871725e+02 2.018434669081255238e-04 2.133005590494047856e-04
7.220508076876876657e+02 2.662686471803893092e-04 2.130600677158262966e-04
7.220513081881881590e+02 2.431218989714912203e-04 2.128173343444069972e-04
7.220518086886886522e+02 2.632001506828156182e-04 2.125724304170033459e-04
7.220523091891891454e+02 2.553733102484621030e-04 2.123254291360898336e-04
7.220528096896896386e+02 2.060241069308164604e-04 2.120764054342054753e-04
7.220533101901901318e+02 2.772974950303028533e-04 2.118254359826613625e-04
7.220538106906906251e+02 2.346358518825140125e-04 2.115725991994807636e-04
7.220543111911911183e+02 2.515823743843492916e-04 2.113179752565411704e-04
7.220548116916917252e+02 2.661572972393355142e-04 2.110616460858318793e-04
7.220553121921922184e+02 2.235691447852888067e-04 2.108036953851462694e-04
7.220558126926927116e+02 2.576297777460912668e-04 2.105442086223055021e-04
7.220563131931932048e+02 2.320167433069187106e-04 2.102832730390477979e-04
7.220568136936936980e+02 2.541197153686698706e-04 2.100209776536814522e-04
7.220573141941941913e+02 2.218541151144200923e-04 2.097574132628204262e-04
7.220578146946946845e+02 2.417398973945720478e-04 2.094926724421145026e-04
7.220583151951951777e+02 2.617700890646533127e-04 2.092268495459449773e-04
7.220588156956956709e+02 2.493500618095582477e-04 2.089600407060557188e-04
7.220593161961961641e+02 2.305322541915762430e-04 2.086923438290916495e-04
7.220598166966966573e+02 2.591715266170728006e-04 2.084238585930149156e-04
7.220603171971971506e+02 2.519335166606167164e-04 2.081546864423697697e-04
7.220608176976976438e+02 2.033545885269693915e-04 2.078849305823699553e-04
7.220613181981981370e+02 1.584462227834147296e-04 2.076146959717784532e-04
7.220618186986986302e+02 2.099147180698912639e-04 2.073440893145544626e-04
7.220623191991991234e+02 2.433762994368100189e-04 2.070732190502392114e-04
7.220628196996997303e+02 2.209318454761105934e-04 2.068021953429944823e-04
7.220633202002002236e+02 1.882047774507686691e-04 2.065311300696368426e-04
7.220638207007007168e+02 2.487437812302643447e-04 2.062601368057196598e-04
7.220643212012012100e+02 2.262343248209273874e-04 2.059893308108707579e-04
7.220648217017017032e+02 2.490446376447908870e-04 2.057188290124386642e-04
7.220653222022021964e+02 2.660281470374103183e-04 2.054487499877948248e-04
7.220658227027026896e+02 2.105467843842510054e-04 2.051792139452096608e-04
7.220663232032031829e+02 2.746023614150692972e-04 2.049103427032814310e-04
7.220668237037036761e+02 2.233362077199822510e-04 2.046422596688998773e-04
7.220673242042041693e+02 2.552434074644394091e-04 2.043750898137262472e-04
7.220678247047046625e+02 2.475804859536031612e-04 2.041089596491733502e-04
7.220683252052051557e+02 2.714961250701394976e-04 2.038439971998703601e-04
7.220688257057056489e+02 2.320553110564042398e-04 2.035803319755986483e-04
7.220693262062061422e+02 2.631601830708835067e-04 2.033180949416859087e-04
7.220698267067066354e+02 2.183731168297961946e-04 2.030574184878481119e-04
7.220703272072072423e+02 2.556502195741574743e-04 2.027984363954106310e-04
7.220708277077077355e+02 2.610064611281807663e-04 2.025412838032537497e-04
7.220713282082082287e+02 3.108517190334922071e-04 2.022860971715946716e-04
7.220718287087087219e+02 2.535747494547069074e-04 2.020330142447779461e-04
7.220723292092092152e+02 2.492534240146309222e-04 2.017821740121895186e-04
7.220728297097097084e+02 2.564160666102734826e-04 2.015337166676464751e-04
7.220733302102102016e+02 2.362431273490266093e-04 2.012877835672053414e-04
7.220738307107106948e+02 2.582347778684734451e-04 2.010445171853921908e-04
7.220743312112111880e+02 2.477908552185180847e-04 2.008040610698599274e-04
7.220748317117116812e+02 2.368599548552249075e-04 2.005665597944801700e-04
7.220753322122121745e+02 2.286335749606493539e-04 2.003321589108791715e-04
7.220758327127126677e+02 2.334963867341148947e-04 2.001010048984298883e-04
7.220763332132131609e+02 2.261412535251575075e-04 1.998732451127141583e-04
7.220768337137136541e+02 2.726153112504500330e-04 1.996490277324704395e-04
7.220773342142141473e+02 2.167857352035773989e-04 1.994285017050470023e-04
7.220778347147146405e+02 2.505723624906203238e-04 1.992118166903803086e-04
7.220783352152152474e+02 2.632102498059705553e-04 1.989991230034745900e-04
7.220788357157157407e+02 2.465509931782754096e-04 1.987905715556958510e-04
7.220793362162162339e+02 2.342763246319508016e-04 1.985863137941864620e-04
7.220798367167167271e+02 1.945240287370321322e-04 1.983865016403959375e-04
7.220803372172172203e+02 2.469184135870113148e-04 1.981912874270355825e-04
7.220808377177177135e+02 3.160672079866990521e-04 1.980008238337816991e-04
7.220813382182182067e+02 2.030656379711686722e-04 1.978152638217182990e-04
7.220818387187187000e+02 2.113902493570880587e-04 1.976347605665583810e-04
7.220823392192191932e+02 2.301197238373705592e-04 1.974594673906862748e-04
7.220828397197196864e+02 2.001877741788499058e-04 1.972895376940666135e-04
7.220833402202201796e+02 2.111533549074479695e-04 1.971251248840668268e-04
7.220838407207206728e+02 2.408705911990818935e-04 1.969663823042429752e-04
7.220843412212211661e+02 2.159039472474887902e-04 1.968134631621407213e-04
7.220848417217216593e+02 2.489817133390489698e-04 1.966665204561661917e-04
7.220853422222221525e+02 2.476621704729900552e-04 1.965257069015831067e-04
7.220858427227227594e+02 2.001949967164838714e-04 1.963911748556645585e-04
7.220863432232232526e+02 2.389607681986749760e-04 1.962630762422421893e-04
7.220868437237237458e+02 2.645833169524747209e-04 1.961415624752591773e-04
7.220873442242242390e+02 2.188998610695082770e-04 1.960267843820045759e-04
7.220878447247247323e+02 2.444140647107388644e-04 1.959188921256339768e-04
7.220883452252252255e+02 2.253530858394560627e-04 1.958180351272306339e-04
7.220888457257257187e+02 2.051166820936685810e-04 1.957243619874470279e-04
7.220893462262262119e+02 2.479668190279578311e-04 1.956380204077997579e-04
7.220898467267267051e+02 2.512790228740516426e-04 1.955591571116906168e-04
7.220903472272271983e+02 2.780817625795950205e-04 1.954879177652299905e-04
7.220908477277276916e+02 2.137567897359497087e-04 1.954244468979396930e-04
7.220913482282281848e+02 2.544821365963939120e-04 1.953688878234126781e-04
7.220918487287286780e+02 2.745981218023959441e-04 1.953213825600098571e-04
7.220923492292291712e+02 2.462594106408111513e-04 1.952820717516736586e-04
7.220928497297296644e+02 2.156484382950290472e-04 1.952510945889408378e-04
7.220933502302301576e+02 2.405090030454991529e-04 1.952285887302351440e-04
7.220938507307307646e+02 2.300547780811014378e-04 1.952146902235224663e-04
7.220943512312312578e+02 1.938622112625104101e-04 1.952095334284254349e-04
7.220948517317317510e+02 1.996745483102553261e-04 1.952132509388396838e-04
7.220953522322322442e+02 1.735023868134724678e-04 1.952259735061989004e-04
7.220958527327327374e+02 2.064045983336784316e-04 1.952478299634207261e-04
7.220963532332332306e+02 1.809639073946768886e-04 1.952789471496407911e-04
7.220968537337337239e+02 1.989991050381446284e-04 1.953194498358143004e-04
7.220973542342342171e+02 1.962440734551144277e-04 1.953694606512702272e-04
7.220978547347347103e+02 2.411152230130455556e-04 1.954291000112997809e-04
7.220983552352352035e+02 2.020073371688241434e-04 1.954984860458636089e-04
7.220988557357356967e+02 1.771873363181577675e-04 1.955777345294985056e-04
7.220993562362361899e+02 2.112462523255478832e-04 1.956669588125055674e-04
7.220998567367366832e+02 2.030485382448552053e-04 1.957662697534987223e-04
7.221003572372371764e+02 1.601963349319448452e-04 1.958757756533939217e-04
7.221008577377376696e+02 1.887858404077410817e-04 1.959955821909149939e-04
7.221013582382381628e+02 1.963307016255497455e-04 1.961257923596933033e-04
7.221018587387387697e+02 2.124334720009938627e-04 1.962665064070672209e-04
7.221023592392392629e+02 1.517520842884748609e-04 1.964178217744588382e-04
7.221028597397397562e+02 1.632519676170063219e-04 1.965798330398829002e-04
7.221033602402402494e+02 1.591962075391490186e-04 1.967526318620171791e-04
7.221038607407407426e+02 1.420292837483489866e-04 1.969363069263740322e-04
7.221043612412412358e+02 1.427615819213930550e-04 1.971309438934506011e-04
7.221048617417417290e+02 1.425334142190558370e-04 1.973366253489485639e-04
7.221053622422422222e+02 1.436088827686812992e-04 1.975534307561236118e-04
7.221058627427427155e+02 1.252065381421662660e-04 1.977814364103192143e-04
7.221063632432432087e+02 1.109484037426947762e-04 1.980207153957395060e-04
7.221068637437437019e+02 8.794134726138856672e-05 1.982713375445104898e-04
7.221073642442441951e+02 7.198921776229745681e-05 1.985333693980769647e-04
7.221078647447446883e+02 8.051731137293103495e-05 1.988068741709800356e-04
7.221083652452451815e+02 8.374337147716857986e-05 1.990919117170552948e-04
7.221088657457456748e+02 6.036379989740221232e-05 1.993885384980898922e-04
7.221093662462462817e+02 4.958693418374272123e-05 1.996968075550441778e-04
7.221098667467467749e+02 4.626471308155523236e-05 2.000167684814430763e-04
7.221103672472472681e+02 4.755177586230926025e-05 2.003484674000216678e-04
7.221108677477477613e+02 3.309696196132066851e-05 2.006919469412490940e-04
7.221113682482482545e+02 2.967812994958866988e-05 2.010472462247935802e-04
7.221118687487487477e+02 1.527368985421520632e-05 2.014144008435313205e-04
7.221123692492492410e+02 1.410443880587586093e-05 2.017934428501815718e-04
7.221128697497497342e+02 1.821659500590628014e-05 2.021844007465757630e-04
7.221133702502502274e+02 1.925215154620687962e-05 2.025872994755684793e-04
7.221138707507507206e+02 1.492999913407741778e-05 2.030021604155904033e-04
7.221143712512512138e+02 4.559944177876482389e-05 2.034290013778440533e-04
7.221148717517517071e+02 1.973863424303134108e-05 2.038678366061349187e-04
7.221153722522522003e+02 3.986749423092665438e-05 2.043186767793309187e-04
7.221158727527526935e+02 2.980334127862515074e-05 2.047815290164372540e-04
7.221163732532531867e+02 4.469782819631177868e-05 2.052563968842709597e-04
7.221168737537536799e+02 6.522834166247207005e-05 2.057432804077158036e-04
7.221173742542542868e+02 1.032023776865564874e-04 2.062421760826495276e-04
7.221178747547547800e+02 9.226954368107632206e-05 2.067530768908320030e-04
7.221183752552552733e+02 1.013739172035065114e-04 2.072759723184312917e-04
7.221188757557557665e+02 1.001300594332130763e-04 2.078108483758887230e-04
7.221193762562562597e+02 9.908089787903436745e-05 2.083576876207804082e-04
7.221198767567567529e+02 1.153265378583630724e-04 2.089164691829610814e-04
7.221203772572572461e+02 1.429110731454404028e-04 2.094871687920613643e-04
7.221208777577577393e+02 1.453002773164741815e-04 2.100697588072930524e-04
7.221213782582582326e+02 1.658626083910019571e-04 2.106642082495150184e-04
7.221218787587587258e+02 2.013788745518043971e-04 2.112704828355100196e-04
7.221223792592592190e+02 1.500902592327115718e-04 2.118885450144192034e-04
7.221228797597597122e+02 1.899881010235102607e-04 2.125183540062796402e-04
7.221233802602602054e+02 1.787745217557865584e-04 2.131598658426071217e-04
7.221238807607606986e+02 1.660654010128791429e-04 2.138130334089645944e-04
7.221243812612611919e+02 1.150639772312052783e-04 2.144778064894552693e-04
7.221248817617617988e+02 2.064423051630340971e-04 2.151541318132308019e-04
7.221253822622622920e+02 2.098710491456056728e-04 2.158419531020228240e-04
7.221258827627627852e+02 2.093597771050732153e-04 2.165412111209416102e-04
7.221263832632632784e+02 2.130699494945132355e-04 2.172518437294009453e-04
7.221268837637637716e+02 2.398976859867674009e-04 2.179737859343967409e-04
7.221273842642642649e+02 2.258735384444609715e-04 2.187069699451526410e-04
7.221278847647647581e+02 2.231075245491593478e-04 2.194513252292113023e-04
7.221283852652652513e+02 2.561756195581898327e-04 2.202067785698997931e-04
7.221288857657657445e+02 2.284246018508255451e-04 2.209732541250940556e-04
7.221293862662662377e+02 2.254747617455333804e-04 2.217506734872078393e-04
7.221298867667667309e+02 2.241597385935245634e-04 2.225389557443317018e-04
7.221303872672672242e+02 2.749897589248005052e-04 2.233380175424448005e-04
7.221308877677677174e+02 2.408587587637873865e-04 2.241477731486263454e-04
7.221313882682682106e+02 2.535503526420696896e-04 2.249681345151873782e-04
7.221318887687687038e+02 2.483901715652993736e-04 2.257990113446495554e-04
7.221323892692691970e+02 2.197254715945953936e-04 2.266403111554936354e-04
7.221328897697698039e+02 2.198089662072180413e-04 2.274919393487971999e-04
7.221333902702702972e+02 2.761112490200615154e-04 2.283537992745204978e-04
7.221338907707707904e+02 2.468557192039353191e-04 2.292257923002739199e-04
7.221343912712712836e+02 2.433887168663015441e-04 2.301078178786233723e-04
7.221348917717717768e+02 3.023731531424464101e-04 2.309997736157557813e-04
7.221353922722722700e+02 2.500974562988826991e-04 2.319015553402770341e-04
7.221358927727727632e+02 3.285468436452454954e-04 2.328130571722618878e-04
7.221363932732732565e+02 2.830719854295102637e-04 2.337341715924857804e-04
7.221368937737737497e+02 2.781202207404733992e-04 2.346647895117684771e-04
7.221373942742742429e+02 2.906185725398851053e-04 2.356048003403620340e-04
7.221378947747747361e+02 2.576149355911707566e-04 2.365540920573151523e-04
7.221383952752752293e+02 2.956632084639608743e-04 2.375125512797482766e-04
7.221388957757757225e+02 2.867537018562942713e-04 2.384800633319760367e-04
7.221393962762762158e+02 2.899724954287760692e-04 2.394565123144135543e-04
7.221398967767767090e+02 2.821082190711266804e-04 2.404417811722055730e-04
7.221403972772772022e+02 3.036171091278079223e-04 2.414357517635190792e-04
7.221408977777778091e+02 2.583223880930112437e-04 2.424383049276707721e-04
7.221413982782783023e+02 3.053971026241811835e-04 2.434493205516617860e-04
7.221418987787787955e+02 2.683675039090472887e-04 2.444686776384882550e-04
7.221423992792792887e+02 2.970486937559434866e-04 2.454962543726185048e-04
7.221428997797797820e+02 2.935549576617712967e-04 2.465319281859995517e-04
7.221434002802802752e+02 3.316980304492815048e-04 2.475755758231804656e-04
7.221439007807807684e+02 2.602332597416162499e-04 2.486270734057328979e-04
7.221444012812812616e+02 2.500880423676533665e-04 2.496862964959248657e-04
7.221449017817817548e+02 2.663986982549229501e-04 2.507531201596046948e-04
7.221454022822822481e+02 2.854100153128859350e-04 2.518274190282534337e-04
7.221459027827827413e+02 3.064312571841830424e-04 2.529090673601689840e-04
7.221464032832832345e+02 2.542768052005749471e-04 2.539979391007435674e-04
7.221469037837837277e+02 2.798897894261399258e-04 2.550939079418008092e-04
7.221474042842842209e+02 3.204087325058576187e-04 2.561968473799592630e-04
7.221479047847847141e+02 3.034350845727881284e-04 2.573066307739920724e-04
7.221484052852853210e+02 3.242694023073281525e-04 2.584231314014079047e-04
7.221489057857858143e+02 3.265533098061941964e-04 2.595462225127028008e-04
7.221494062862863075e+02 3.316392459175552545e-04 2.606757773870649114e-04
7.221499067867868007e+02 3.018539292733304165e-04 2.618116693844376678e-04
7.221504072872872939e+02 3.523201452085796860e-04 2.629537719977212439e-04
7.221509077877877871e+02 2.934092726919353394e-04 2.641019589035736078e-04
7.221514082882882803e+02 3.302121369650541823e-04 2.652561040120486038e-04
7.221519087887887736e+02 2.937167966917530603e-04 2.664160815150531762e-04
7.221524092892892668e+02 3.055806206802195806e-04 2.675817659336130546e-04
7.221529097897897600e+02 3.276119954170031694e-04 2.687530321639330770e-04
7.221534102902902532e+02 2.824899099717902195e-04 2.699297555222427737e-04
7.221539107907907464e+02 2.997811995219476782e-04 2.711118117884194585e-04
7.221544112912912396e+02 3.460572091623620558e-04 2.722990772483804248e-04
7.221549117917917329e+02 3.726527059129006256e-04 2.734914287352416457e-04
7.221554122922922261e+02 3.346674828144499052e-04 2.746887436692366344e-04
7.221559127927927193e+02 3.264558613671462474e-04 2.758909000963955731e-04
7.221564132932933262e+02 3.280516229130620541e-04 2.770977767262574427e-04
7.221569137937938194e+02 2.891649614207268963e-04 2.783092529669699299e-04
7.221574142942943126e+02 3.383070753974111184e-04 2.795252089618932307e-04
7.221579147947948059e+02 2.801248752618379725e-04 2.807455256222285726e-04
7.221584152952952991e+02 3.354360698602507139e-04 2.819700846597866534e-04
7.221589157957957923e+02 3.361572435821282771e-04 2.831987686182576582e-04
7.221594162962962855e+02 3.081911688877830217e-04 2.844314609032649096e-04
7.221599167967967787e+02 2.854446210423416171e-04 2.856680458112094705e-04
7.221604172972972719e+02 2.886663177028897433e-04 2.869084085569156188e-04
7.221609177977977652e+02 3.529287351348767664e-04 2.881524353000877118e-04
7.221614182982982584e+02 3.778337634595915523e-04 2.894000131705885760e-04
7.221619187987987516e+02 3.330369233209973375e-04 2.906510302925530316e-04
7.221624192992992448e+02 3.100194271928124567e-04 2.919053758073486375e-04
7.221629197997997380e+02 3.442228325683527324e-04 2.931629398953983505e-04
7.221634203003002312e+02 3.361731891070526574e-04 2.944236137968785950e-04
7.221639208008008382e+02 3.275772983235365667e-04 2.956872898315972427e-04
7.221644213013013314e+02 3.245681152825765758e-04 2.969538614163418229e-04
7.221649218018018246e+02 3.451368722599516695e-04 2.982232230840241478e-04
7.221654223023023178e+02 3.247646281919042664e-04 2.994952704988957889e-04
7.221659228028028110e+02 3.451760788406752975e-04 3.007699004721576608e-04
7.221664233033033042e+02 3.709644340850717557e-04 3.020470109762604855e-04
7.221669238038037975e+02 3.895289692317067628e-04 3.033265011582012851e-04
7.221674243043042907e+02 3.571392170730590420e-04 3.046082713518359067e-04
7.221679248048047839e+02 3.122977306277975834e-04 3.058922230892258489e-04
7.221684253053052771e+02 3.491631665514804972e-04 3.071782591110408566e-04
7.221689258058057703e+02 3.236455118488564399e-04 3.084662833760357147e-04
7.221694263063062635e+02 3.649632370828033087e-04 3.097562010696235232e-04
7.221699268068067568e+02 3.337482455796121779e-04 3.110479186115636119e-04
7.221704273073072500e+02 3.453610252771028145e-04 3.123413436627877314e-04
7.221709278078077432e+02 3.028006274202978327e-04 3.136363851313828978e-04
7.221714283083082364e+02 3.230273008615431262e-04 3.149329531777542005e-04
7.221719288088088433e+02 3.462240092185486242e-04 3.162309592192809630e-04
7.221724293093093365e+02 3.190187134676551956e-04 3.175303159327217198e-04
7.221729298098098297e+02 3.640695555348373840e-04 3.188309372588079269e-04
7.221734303103103230e+02 3.715872520862275891e-04 3.201327384031550714e-04
7.221739308108108162e+02 3.644505198189633140e-04 3.214356358379310955e-04
7.221744313113113094e+02 3.966838093852805827e-04 3.227395473025372759e-04
7.221749318118118026e+02 3.203131596625019908e-04 3.240443918036147288e-04
7.221754323123122958e+02 3.086041060171127066e-04 3.253500896144000685e-04
7.221759328128127891e+02 3.330456956618906353e-04 3.266565622734499521e-04
7.221764333133132823e+02 3.084162486235261682e-04 3.279637325827537003e-04
7.221769338138137755e+02 3.383085488155854258e-04 3.292715246052579014e-04
7.221774343143142687e+02 3.797641846471866921e-04 3.305798636618198028e-04
7.221779348148147619e+02 2.998847448265437479e-04 3.318886763276128016e-04
7.221784353153152551e+02 3.670214303442842778e-04 3.331978904280005673e-04
7.221789358158157484e+02 3.920060387955643906e-04 3.345074350339034873e-04
7.221794363163162416e+02 3.838665115243073550e-04 3.358172404566728297e-04
7.221799368168168485e+02 3.032159065490897735e-04 3.371272382427931689e-04
7.221804373173173417e+02 3.193650220344277247e-04 3.384373611666427343e-04
7.221809378178178349e+02 3.666956083075805753e-04 3.397475432257980555e-04
7.221814383183183281e+02 3.183051685604893605e-04 3.410577196329466279e-04
7.221819388188188213e+02 3.507318761805164461e-04 3.423678268088900132e-04
7.221824393193193146e+02 4.006235974780565211e-04 3.436778023748712665e-04
7.221829398198198078e+02 3.656690533593301364e-04 3.449875851445391006e-04
7.221834403203203010e+02 4.032178761391253191e-04 3.462971151155685209e-04
7.221839408208207942e+02 4.375077942029624123e-04 3.476063334609527850e-04
7.221844413213212874e+02 3.576433287855824636e-04 3.489151825199841958e-04
7.221849418218217806e+02 3.310763394494043756e-04 3.502236057889390156e-04
7.221854423223222739e+02 3.816369493889175011e-04 3.515315479114835781e-04
7.221859428228227671e+02 3.862956858195330952e-04 3.528389546688157465e-04
7.221864433233232603e+02 3.557178210858532490e-04 3.541457729695570594e-04
7.221869438238237535e+02 3.631809334129102807e-04 3.554519508394112849e-04
7.221874443243243604e+02 3.701853476795066928e-04 3.567574374108984899e-04
7.221879448248248536e+02 3.474591368577865458e-04 3.580621829114017112e-04
7.221884453253253469e+02 3.584657204960058248e-04 3.593661386539858229e-04
7.221889458258258401e+02 3.706303613803952203e-04 3.606692570250719467e-04
7.221894463263263333e+02 3.789210196222252852e-04 3.619714914734298728e-04
7.221899468268268265e+02 4.451288675818693402e-04 3.632727964987183134e-04
7.221904473273273197e+02 4.264362302591905474e-04 3.645731276398868131e-04
7.221909478278278129e+02 3.316125391996154674e-04 3.658724414634455485e-04
7.221914483283283062e+02 3.368776588880692882e-04 3.671706955516203653e-04
7.221919488288287994e+02 3.607191961534914667e-04 3.684678484903990158e-04
7.221924493293292926e+02 3.602910944198886253e-04 3.697638598574833958e-04
7.221929498298297858e+02 4.133703987421377592e-04 3.710586902101556416e-04
7.221934503303302790e+02 3.948130139321512117e-04 3.723523010730710983e-04
7.221939508308307722e+02 3.736168541075909769e-04 3.736446549259845001e-04
7.221944513313312655e+02 3.822745418682240034e-04 3.749357151914219414e-04
7.221949518318317587e+02 3.507615783461872912e-04 3.762254462223068772e-04
7.221954523323323656e+02 4.136620313991962563e-04 3.775138132898408030e-04
7.221959528328328588e+02 3.721983368363527178e-04 3.788007825698926144e-04
7.221964533333333520e+02 3.694787337297352424e-04 3.800863211322947125e-04
7.221969538338338452e+02 4.191371084343046487e-04 3.813703969271988619e-04
7.221974543343343385e+02 3.184314465792512680e-04 3.826529787728919808e-04
7.221979548348348317e+02 3.708424335813503185e-04 3.839340363433217445e-04
7.221984553353353249e+02 3.455852557370624190e-04 3.852135401556314588e-04
7.221989558358358181e+02 3.515385825984754112e-04 3.864914615577128227e-04
7.221994563363363113e+02 3.656091845818587789e-04 3.877677727157813510e-04
7.221999568368368045e+02 4.117384709726398828e-04 3.890424466019803658e-04
7.222004573373372978e+02 3.625887135942717316e-04 3.903154569820232599e-04
7.222009578378377910e+02 4.111500777882292463e-04 3.915867784028738158e-04
7.222014583383382842e+02 3.896451485852153534e-04 3.928563861804761819e-04
7.222019588388387774e+02 3.707405973151052460e-04 3.941242563875352084e-04
7.222024593393392706e+02 4.024497422974227835e-04 3.953903658413544103e-04
7.222029598398397638e+02 4.398865255512476044e-04 3.966546920917359454e-04
7.222034603403403707e+02 3.980523160632602839e-04 3.979172134092337715e-04
7.222039608408408640e+02 4.507251736389860752e-04 3.991779087720436913e-04
7.222044613413413572e+02 3.865757495161346001e-04 4.004367578558361914e-04
7.222049618418418504e+02 3.603420385311952565e-04 4.016937410207994138e-04
7.222054623423423436e+02 3.675553846914575494e-04 4.029488393001994678e-04
7.222059628428428368e+02 4.164362765181205844e-04 4.042020343887394590e-04
7.222064633433433301e+02 4.258862170714855641e-04 4.054533086310072075e-04
7.222069638438438233e+02 3.758565711404285043e-04 4.067026450100166943e-04
7.222074643443443165e+02 3.523211390678900197e-04 4.079500271358426950e-04
7.222079648448448097e+02 4.136061695091433317e-04 4.091954392343549979e-04
7.222084653453453029e+02 4.003706378890944549e-04 4.104388661360523684e-04
7.222089658458457961e+02 4.657227131285248301e-04 4.116802932649991334e-04
7.222094663463462894e+02 4.475904649684521301e-04 4.129197066278675289e-04
7.222099668468467826e+02 3.772609990822927296e-04 4.141570928030863003e-04
7.222104673473472758e+02 4.524731721759986131e-04 4.153924389300991320e-04
7.222109678478478827e+02 4.553154612519962063e-04 4.166257326990134438e-04
7.222114683483483759e+02 4.254253042534130455e-04 4.178569623389611016e-04
7.222119688488488691e+02 4.056233042376690499e-04 4.190861166093751426e-04
7.222124693493493623e+02 4.469656241658186537e-04 4.203131847885782776e-04
7.222129698498498556e+02 5.097400337931762195e-04 4.215381566638909004e-04
7.222134703503503488e+02 4.107358390502266129e-04 4.227610225215745711e-04
7.222139708508508420e+02 3.716868946266034079e-04 4.239817731368954656e-04
7.222144713513513352e+02 4.478700125906698868e-04 4.252003997643062205e-04
7.222149718518518284e+02 3.372630405804221332e-04 4.264168941277479068e-04
7.222154723523523216e+02 3.938735799400119625e-04 4.276312484110738146e-04
7.222159728528528149e+02 4.324023562784054032e-04 4.288434552485923370e-04
7.222164733533533081e+02 3.713617725984027455e-04 4.300535077157342117e-04
7.222169738538538013e+02 3.843034131138671266e-04 4.312613993198390798e-04
7.222174743543542945e+02 4.101151251439643232e-04 4.324671239910669440e-04
7.222179748548547877e+02 3.837361845479570757e-04 4.336706760734295937e-04
7.222184753553552810e+02 4.554086991067315179e-04 4.348720503159463351e-04
7.222189758558558879e+02 4.417547814212627517e-04 4.360712418641935558e-04
7.222194763563563811e+02 3.956128730996369067e-04 4.372682462506157527e-04
7.222199768568568743e+02 4.223284284177097544e-04 4.384630593876817227e-04
7.222204773573573675e+02 4.071506502939281386e-04 4.396556775584394266e-04
7.222209778578578607e+02 4.171683622828348498e-04 4.408460974085540965e-04
7.222214783583583539e+02 4.375322965085889741e-04 4.420343159381959642e-04
7.222219788588588472e+02 3.721413455774186100e-04 4.432203304940489862e-04
7.222224793593593404e+02 3.752879302066702903e-04 4.444041387614391025e-04
7.222229798598598336e+02 4.230107786119606354e-04 4.455857387565838172e-04
7.222234803603603268e+02 4.363164322213582743e-04 4.467651288189603909e-04
7.222239808608608200e+02 4.197395944685123671e-04 4.479423076037925911e-04
7.222244813613613132e+02 4.129185738468299375e-04 4.491172740746566497e-04
7.222249818618618065e+02 4.246295074696752121e-04 4.502900274962032853e-04
7.222254823623622997e+02 3.584034472704588194e-04 4.514605674269974150e-04
7.222259828628627929e+02 4.068434966760938560e-04 4.526288937124732254e-04
7.222264833633633998e+02 3.656737939454566947e-04 4.537950064782684438e-04
7.222269838638638930e+02 4.249887159726266220e-04 4.549589061223506450e-04
7.222274843643643862e+02 4.885438982601123708e-04 4.561205933099031235e-04
7.222279848648648795e+02 4.419748143614198044e-04 4.572800689656748179e-04
7.222284853653653727e+02 4.488813851759006017e-04 4.584373342677672356e-04
7.222289858658658659e+02 4.936270833981717867e-04 4.595923906412652531e-04
7.222294863663663591e+02 4.388551742668146682e-04 4.607452397519782336e-04
7.222299868668668523e+02 4.705230368525758762e-04 4.618958835002895109e-04
7.222304873673673455e+02 4.313283087292448339e-04 4.630443240151125043e-04
7.222309878678678388e+02 4.564819978371467408e-04 4.641905636479533022e-04
7.222314883683683320e+02 4.475857305374013155e-04 4.653346049670784674e-04
7.222319888688688252e+02 5.068834476040704178e-04 4.664764507517869807e-04
7.222324893693693184e+02 5.093350166649443555e-04 4.676161039867843153e-04
7.222329898698698116e+02 5.065172586987215725e-04 4.687535678566592400e-04
7.222334903703703048e+02 4.007573659392949374e-04 4.698888457404597728e-04
7.222339908708707981e+02 4.318417758344449478e-04 4.710219412063705612e-04
7.222344913713714050e+02 4.062933840287649592e-04 4.721528580067433332e-04
7.222349918718718982e+02 3.978951460107250471e-04 4.732816000719412852e-04
7.222354923723723914e+02 4.874571659971012154e-04 4.744081715068483303e-04
7.222359928728728846e+02 4.655909979480569744e-04 4.755325765849025715e-04
7.222364933733733778e+02 4.655540331144964643e-04 4.766548197435094758e-04
7.222369938738738711e+02 5.357238761995972457e-04 4.777749055792897617e-04
7.222374943743743643e+02 3.976567836929885717e-04 4.788928388434180892e-04
7.222379948748748575e+02 4.633196453792523322e-04 4.800086244370522798e-04
7.222384953753753507e+02 4.748803010669037277e-04 4.811222674068504662e-04
7.222389958758758439e+02 4.725798684750945637e-04 4.822337729405767122e-04
7.222394963763763371e+02 5.340079646319293187e-04 4.833431463627916344e-04
7.222399968768768304e+02 5.265758321691112274e-04 4.844503931306291637e-04
7.222404973773773236e+02 4.763972225368183315e-04 4.855555188296568447e-04
7.222409978778778168e+02 4.595544150711293073e-04 4.866585291698185341e-04
7.222414983783783100e+02 4.412958559404864798e-04 4.877594299814587940e-04
7.222419988788788032e+02 4.731626950897739408e-04 4.888582272114278416e-04
7.222424993793794101e+02 4.552709468366586344e-04 4.899549269195136022e-04
7.222429998798799033e+02 4.973227577183532509e-04 4.910495352737082996e-04
7.222435003803803966e+02 4.859957998928891463e-04 4.921420585480402142e-04
7.222440008808808898e+02 3.834636812089793189e-04 4.932325031179921699e-04
7.222445013813813830e+02 5.045274411139498948e-04 4.943208754572383026e-04
7.222450018818818762e+02 5.302412960612896140e-04 4.954071821342062717e-04
7.222455023823823694e+02 4.181692317715897411e-04 4.964914298087102704e-04
7.222460028828828627e+02 5.041480103766313560e-04 4.975736252286566772e-04
7.222465033833833559e+02 4.522277229540263210e-04 4.986537752268177959e-04
7.222470038838838491e+02 4.756168589241939167e-04 4.997318867176754175e-04
7.222475043843843423e+02 5.201154480766725843e-04 5.008079666943318197e-04
7.222480048848848355e+02 5.078233116960269734e-04 5.018820222254867947e-04
7.222485053853853287e+02 5.290707291104422430e-04 5.029540604524805961e-04
7.222490058858858220e+02 4.596760846782686370e-04 5.040240885864008535e-04
7.222495063863863152e+02 5.007961252465652560e-04 5.050921139052530224e-04
7.222500068868869221e+02 6.103428039144424399e-04 5.061581437514346259e-04
7.222505073873874153e+02 4.573420658768273354e-04 5.072221855280606775e-04
7.222510078878879085e+02 5.441566615071260528e-04 5.082842466977702993e-04
7.222515083883884017e+02 4.325188259339359984e-04 5.093443347791702137e-04
7.222520088888888949e+02 4.905533163312022441e-04 5.104024573445482696e-04
7.222525093893893882e+02 5.008558374572785743e-04 5.114586220174009192e-04
7.222530098898898814e+02 4.848302037929987573e-04 5.125128364700165312e-04
7.222535103903903746e+02 4.758192568825967295e-04 5.135651084211149747e-04
7.222540108908908678e+02 5.076733927524422658e-04 5.146154456335401113e-04
7.222545113913913610e+02 4.755201204843671672e-04 5.156638559120054139e-04
7.222550118918918542e+02 5.080767917850095112e-04 5.167103471008926020e-04
7.222555123923923475e+02 5.506126293818887482e-04 5.177549270821003684e-04
7.222560128928928407e+02 4.825733773496662465e-04 5.187976037729444961e-04
7.222565133933933339e+02 5.364619417156799496e-04 5.198383851241061143e-04
7.222570138938938271e+02 4.523481798776957325e-04 5.208772791176293935e-04
7.222575143943943203e+02 4.973451834414470939e-04 5.219142937649664041e-04
7.222580148948949272e+02 5.200568499705159227e-04 5.229494371053034331e-04
7.222585153953954205e+02 4.653838380852650183e-04 5.239827172027583220e-04
7.222590158958959137e+02 5.706717456802208295e-04 5.250141421459739990e-04
7.222595163963964069e+02 5.327662913867891020e-04 5.260437200454026610e-04
7.222600168968969001e+02 5.267734306525969365e-04 5.270714590318125023e-04
7.222605173973973933e+02 5.049880559650652074e-04 5.280973672545984186e-04
7.222610178978978865e+02 5.130415562308670262e-04 5.291214528801366224e-04
7.222615183983983798e+02 5.047199715077974307e-04 5.301437240901783971e-04
7.222620188988988730e+02 5.560384304303454643e-04 5.311641890802858102e-04
7.222625193993993662e+02 5.319474597142901350e-04 5.321828560583047232e-04
7.222630198998998594e+02 4.357587446873800773e-04 5.331997332428774824e-04
7.222635204004003526e+02 4.901695234969800745e-04 5.342148288619932330e-04
7.222640209009008458e+02 4.723835789114925760e-04 5.352281511515749862e-04
7.222645214014013391e+02 5.210981235875063351e-04 5.362397083541033333e-04
7.222650219019018323e+02 4.926393292906739493e-04 5.372495087172750707e-04
7.222655224024024392e+02 4.987832422040743268e-04 5.382575604929262618e-04
7.222660229029029324e+02 5.260483832562551712e-04 5.392638719348448592e-04
7.222665234034034256e+02 4.752273736366122592e-04 5.402684512989059046e-04
7.222670239039039188e+02 4.819527245873007600e-04 5.412713068409497454e-04
7.222675244044044121e+02 5.259580720211689576e-04 5.422724468158379111e-04
7.222680249049049053e+02 5.113464204356023279e-04 5.432718794763110150e-04
7.222685254054053985e+02 5.136302881040535808e-04 5.442696130718777722e-04
7.222690259059058917e+02 5.310253670725685951e-04 5.452656558477339413e-04
7.222695264064063849e+02 5.329341954625787300e-04 5.462600160437115163e-04
7.222700269069068781e+02 5.041664333655358505e-04 5.472527018932558896e-04
7.222705274074073714e+02 5.303253448345737666e-04 5.482437216224326148e-04
7.222710279079078646e+02 4.795134104828565691e-04 5.492330834489611655e-04
7.222715284084083578e+02 5.232067952595893193e-04 5.502207955812760164e-04
7.222720289089088510e+02 5.564616882300109152e-04 5.512068662176146123e-04
7.222725294094093442e+02 4.753206998434480004e-04 5.521913035451315750e-04
7.222730299099098374e+02 5.070820295113294233e-04 5.531741157390376298e-04
7.222735304104104443e+02 5.995387944245761901e-04 5.541553109619880074e-04
7.222740309109109376e+02 5.930709068545550033e-04 5.551348973623788366e-04
7.222745314114114308e+02 5.239696689630268973e-04 5.561128830748988949e-04
7.222750319119119240e+02 4.861501458906526121e-04 5.570892762188730564e-04
7.222755324124124172e+02 5.520262504420517030e-04 5.580640848977454519e-04
7.222760329129129104e+02 5.179327454619078340e-04 5.590373171983616194e-04
7.222765334134134037e+02 4.824680444103145128e-04 5.600089811902710362e-04
7.222770339139138969e+02 5.459781172595728430e-04 5.609790849250540466e-04
7.222775344144143901e+02 5.775000604908295731e-04 5.619476364356670037e-04
7.222780349149148833e+02 5.712631230699353416e-04 5.629146437358102878e-04
7.222785354154153765e+02 5.475965218151562092e-04 5.638801148193144314e-04
7.222790359159158697e+02 5.691549798745737260e-04 5.648440576595477108e-04
7.222795364164163630e+02 5.551076785275193236e-04 5.658064802088411940e-04
7.222800369169168562e+02 5.270106434950876844e-04 5.667673903979346048e-04
7.222805374174173494e+02 5.439255601862798576e-04 5.677267961354387753e-04
7.222810379179178426e+02 5.048315503691771719e-04 5.686847053073170724e-04
7.222815384184184495e+02 6.280677417658470443e-04 5.696411257766013361e-04
7.222820389189189427e+02 4.872781099875760731e-04 5.705960653820394465e-04
7.222825394194194359e+02 5.786947328126126064e-04 5.715495319389311346e-04
7.222830399199199292e+02 4.850825673373332695e-04 5.725015332378077500e-04
7.222835404204204224e+02 5.312874519363891069e-04 5.734520770442160702e-04
7.222840409209209156e+02 5.711728700161008282e-04 5.744011710982980645e-04
7.222845414214214088e+02 5.616322517977571840e-04 5.753488231143874618e-04
7.222850419219219020e+02 5.222990392872272746e-04 5.762950407806213902e-04
7.222855424224223952e+02 6.431545409425177239e-04 5.772398317585660009e-04
7.222860429229228885e+02 4.940624489151055829e-04 5.781832036828569478e-04
7.222865434234233817e+02 5.554434317599284566e-04 5.791251641608529841e-04
7.222870439239238749e+02 6.364655675483387419e-04 5.800657207723044139e-04
7.222875444244243681e+02 5.854041745986665601e-04 5.810048810690336858e-04
7.222880449249248613e+02 5.338280924383652024e-04 5.819426525746300817e-04
7.222885454254253546e+02 6.017592020770476911e-04 5.828790427841557898e-04
7.222890459259259615e+02 5.365784271295561281e-04 5.838140591640780331e-04
7.222895464264264547e+02 5.195479646676478235e-04 5.847477091511511489e-04
7.222900469269269479e+02 6.533039733642410311e-04 5.856800001534334622e-04
7.222905474274274411e+02 5.635883955936155489e-04 5.866109395491926745e-04
7.222910479279279343e+02 5.639338954425340009e-04 5.875405346868841803e-04
7.222915484284284275e+02 5.841093313332547518e-04 5.884687928849281551e-04
7.222920489289289208e+02 6.013119119999493995e-04 5.893957214314968348e-04
7.222925494294294140e+02 5.629776065654576792e-04 5.903213275843129625e-04
7.222930499299299072e+02 6.213271402081638412e-04 5.912456185704584267e-04
7.222935504304304004e+02 5.695392932163857247e-04 5.921686015861915738e-04
7.222940509309308936e+02 5.121574400686657079e-04 5.930902837967761201e-04
7.222945514314313868e+02 5.836747563572305996e-04 5.940106723363180888e-04
7.222950519319318801e+02 6.096876820868150134e-04 5.949297743076134787e-04
7.222955524324323733e+02 5.522173053554072213e-04 5.958475967820020059e-04
7.222960529329328665e+02 5.800400565011891267e-04 5.967641467992339634e-04
7.222965534334333597e+02 5.451758090925372825e-04 5.976794313673413099e-04
7.222970539339339666e+02 6.206148072898864335e-04 5.985934574627282002e-04
7.222975544344344598e+02 6.100576351385546010e-04 5.995062320292289222e-04
7.222980549349349531e+02 6.074911527058355406e-04 6.004177619792516220e-04
7.222985554354354463e+02 6.268287914007245314e-04 6.013280541928533703e-04
7.222990559359359395e+02 5.480935446666123072e-04 6.022371155178597507e-04
7.222995564364364327e+02 5.969297208933225249e-04 6.031449527697849535e-04
7.223000569369369259e+02 6.002865827430142222e-04 6.040515727317596765e-04
7.223005574374374191e+02 5.934839058403564016e-04 6.049569821544644463e-04
7.223010579379379124e+02 6.030451680318635668e-04 6.058611877560712887e-04
7.223015584384384056e+02 5.939089804143488603e-04 6.067641962221903855e-04
7.223020589389388988e+02 5.868114449047873984e-04 6.076660142058250801e-04
7.223025594394393920e+02 5.841960171973922073e-04 6.085666483273308950e-04
7.223030599399398852e+02 6.242158441231044361e-04 6.094661051743824635e-04
7.223035604404403784e+02 5.559606847505280721e-04 6.103643913019456656e-04
7.223040609409408717e+02 6.193582045602119513e-04 6.112615132322557271e-04
7.223045614414414786e+02 5.855605345803381644e-04 6.121574774550033772e-04
7.223050619419419718e+02 5.264195233547949151e-04 6.130522904265106382e-04
7.223055624424424650e+02 6.143131541172445857e-04 6.139459585709466493e-04
7.223060629429429582e+02 6.105556218493801875e-04 6.148384882795115882e-04
7.223065634434434514e+02 6.071285686016483687e-04 6.157298859106457049e-04
7.223070639439439447e+02 5.114515488304501685e-04 6.166201577900379954e-04
7.223075644444444379e+02 6.018563595894786417e-04 6.175093102106411639e-04
7.223080649449449311e+02 6.176765270586783308e-04 6.183973494326889695e-04
7.223085654454454243e+02 6.542902662297877528e-04 6.192842816837206216e-04
7.223090659459459175e+02 5.731341362633071614e-04 6.201701131586070167e-04
7.223095664464464107e+02 6.342027735177870919e-04 6.210548500195833734e-04
7.223100669469469040e+02 6.224031170124593977e-04 6.219384983962843606e-04
7.223105674474473972e+02 6.041532054231398300e-04 6.228210643857841041e-04
7.223110679479478904e+02 5.894537648993385115e-04 6.237025540526394468e-04
7.223115684484483836e+02 6.533122980230884891e-04 6.245829734289376533e-04
7.223120689489488768e+02 6.487973947145578074e-04 6.254623285143470421e-04
7.223125694494494837e+02 5.416491628023695172e-04 6.263406252763706892e-04
7.223130699499499769e+02 6.395947880916187135e-04 6.272178696496065681e-04
7.223135704504504702e+02 6.474768597118804809e-04 6.280940675370065259e-04
7.223140709509509634e+02 6.513882311664208899e-04 6.289692248091402179e-04
7.223145714514514566e+02 6.330159270770251839e-04 6.298433473044651827e-04
7.223150719519519498e+02 5.674059135676139121e-04 6.307164408293942795e-04
7.223155724524524430e+02 6.770244107851311997e-04 6.315885111583713655e-04
7.223160729529529362e+02 6.974617595448000164e-04 6.324595640339463224e-04
7.223165734534534295e+02 5.689788401521801795e-04 6.333296051668536614e-04
7.223170739539539227e+02 5.718065108943984082e-04 6.341986402360951392e-04
7.223175744544544159e+02 5.706549798448142018e-04 6.350666748890230247e-04
7.223180749549549091e+02 6.102159758397222855e-04 6.359337147414264018e-04
7.223185754554554023e+02 6.023874230521100714e-04 6.367997653776208324e-04
7.223190759559558956e+02 6.571252112814467052e-04 6.376648323505397552e-04
7.223195764564563888e+02 5.526771459314291663e-04 6.385289211818259919e-04
7.223200769569568820e+02 6.552590205715835489e-04 6.393920373619300847e-04
7.223205774574574889e+02 7.342345692248249947e-04 6.402541863504011875e-04
7.223210779579579821e+02 5.038919387697767763e-04 6.411153735752052113e-04
7.223215784584584753e+02 6.439649126677535629e-04 6.419756044340004962e-04
7.223220789589589685e+02 7.039214503054827196e-04 6.428348842934581255e-04
7.223225794594594618e+02 7.424186638251183612e-04 6.436932184895627915e-04
7.223230799599599550e+02 6.672659102405448326e-04 6.445506123277193727e-04
7.223235804604604482e+02 6.442889528987384533e-04 6.454070710828623296e-04
7.223240809609609414e+02 6.000941061791457889e-04 6.462625999995648841e-04
7.223245814614614346e+02 6.793691106789243386e-04 6.471172042921511259e-04
7.223250819619619278e+02 6.653094762342744509e-04 6.479708891448095285e-04
7.223255824624624211e+02 6.836279169771936320e-04 6.488236597117062483e-04
7.223260829629629143e+02 6.677481511610705491e-04 6.496755211171022183e-04
7.223265834634634075e+02 6.214805397518512794e-04 6.505264784554694833e-04
7.223270839639639007e+02 6.980702197245363793e-04 6.513765367916099199e-04
7.223275844644643939e+02 6.818165335202861291e-04 6.522257011607747153e-04
7.223280849649650008e+02 6.938709002621868153e-04 6.530739765689778107e-04
7.223285854654654941e+02 7.235296871610445279e-04 6.539213679923463552e-04
7.223290859659659873e+02 5.911653658479316432e-04 6.547678803784007153e-04
7.223295864664664805e+02 7.510604814892926726e-04 6.556135186454065556e-04
7.223300869669669737e+02 6.296649421857745434e-04 6.564582876826920762e-04
7.223305874674674669e+02 6.940721181669666680e-04 6.573021923507744307e-04
7.223310879679679601e+02 8.108892353775002271e-04 6.581452374814852771e-04
7.223315884684684534e+02 6.360149540533732628e-04 6.589874278780987133e-04
7.223320889689689466e+02 6.072397461728677205e-04 6.598287683154584540e-04
7.223325894694694398e+02 6.193073715252401905e-04 6.606692635401069597e-04
7.223330899699699330e+02 6.749605799375600537e-04 6.615089182704147813e-04
7.223335904704704262e+02 6.731834117666242109e-04 6.623477371967103396e-04
7.223340909709709194e+02 6.665499189279916470e-04 6.631857249814107885e-04
7.223345914714714127e+02 6.738348239941545923e-04 6.640228862591524440e-04
7.223350919719719059e+02 6.484282654637891271e-04 6.648592256369228407e-04
7.223355924724723991e+02 6.561854441345059668e-04 6.656947476941930042e-04
7.223360929729730060e+02 6.946813311342179718e-04 6.665294569832392419e-04
7.223365934734734992e+02 6.544736475948462716e-04 6.673633580285179929e-04
7.223370939739739924e+02 6.612479186620038966e-04 6.681964553279364036e-04
7.223375944744744857e+02 6.820534789417759518e-04 6.690287533522278280e-04
7.223380949749749789e+02 6.642884074803705923e-04 6.698602565452754613e-04
7.223385954754754721e+02 6.960692027564506328e-04 6.706909693242467819e-04
7.223390959759759653e+02 5.993634717339107239e-04 6.715208960797272326e-04
7.223395964764764585e+02 7.325490426696134845e-04 6.723500411758561801e-04
7.223400969769769517e+02 6.600671576926201052e-04 6.731784089504610309e-04
7.223405974774774450e+02 6.894293718150694850e-04 6.740060037151927559e-04
7.223410979779779382e+02 6.570087338462487917e-04 6.748328297556606577e-04
7.223415984784784314e+02 6.981245441934710470e-04 6.756588913315690875e-04
7.223420989789789246e+02 6.887727108660288405e-04 6.764841926768506942e-04
7.223425994794794178e+02 6.909649447568745866e-04 6.773087379998044433e-04
7.223430999799799110e+02 7.362732923975887425e-04 6.781325314832296241e-04
7.223436004804805179e+02 6.581413365980420815e-04 6.789555772847489417e-04
7.223441009809810112e+02 6.663842031350667187e-04 6.797778795361960518e-04
7.223446014814815044e+02 7.446454231028184568e-04 6.805994423448736685e-04
7.223451019819819976e+02 7.628554188416431176e-04 6.814202697929403396e-04
7.223456024824824908e+02 7.077589158116221303e-04 6.822403659377337557e-04
7.223461029829829840e+02 7.009453132993964273e-04 6.830597348119056252e-04
7.223466034834834772e+02 8.297026942876323556e-04 6.838783804235568737e-04
7.223471039839839705e+02 6.710204542175481589e-04 6.846963067563738205e-04
7.223476044844844637e+02 6.552211997293183642e-04 6.855135177697618603e-04
7.223481049849849569e+02 7.823544339419215374e-04 6.863300173989815307e-04
7.223486054854854501e+02 6.788264286960179160e-04 6.871458095552828447e-04
7.223491059859859433e+02 7.053560937311856554e-04 6.879608981260392983e-04
7.223496064864864366e+02 7.587767093283258541e-04 6.887752869748837211e-04
7.223501069869869298e+02 7.912728542253960216e-04 6.895889799418404402e-04
7.223506074874874230e+02 6.491211281023623846e-04 6.904019808434606973e-04
7.223511079879879162e+02 6.968865228743373287e-04 6.912142934729553550e-04
7.223516084884885231e+02 6.500359130294623439e-04 6.920259216005133270e-04
7.223521089889890163e+02 7.130445129687268749e-04 6.928368689726968101e-04
7.223526094894895095e+02 7.529610283407508781e-04 6.936471393136804187e-04
7.223531099899900028e+02 6.961557154358932048e-04 6.944567363246460919e-04
7.223536104904904960e+02 7.038620294441846979e-04 6.952656636840996805e-04
7.223541109909909892e+02 7.020249365225733444e-04 6.960739250480028938e-04
7.223546114914914824e+02 8.449140566251065083e-04 6.968815240499047058e-04
7.223551119919919756e+02 8.138903934253191802e-04 6.976884643010724347e-04
7.223556124924924688e+02 7.904131987706428586e-04 6.984947493906231483e-04
7.223561129929929621e+02 7.289694117180544990e-04 6.993003828856526839e-04
7.223566134934934553e+02 6.708936718503795719e-04 7.001053683313671625e-04
7.223571139939939485e+02 7.527798318398363489e-04 7.009097092512120084e-04
7.223576144944944417e+02 8.270080765323875854e-04 7.017134091470012946e-04
7.223581149949949349e+02 8.241844295937318394e-04 7.025164714990461126e-04
7.223586154954954281e+02 7.158270556258643095e-04 7.033188997662837005e-04
7.223591159959959214e+02 7.335190832659776311e-04 7.041206973864045119e-04
7.223596164964965283e+02 8.337700715592950102e-04 7.049218677761630563e-04
7.223601169969970215e+02 7.897376806011446610e-04 7.057224143307757333e-04
7.223606174974975147e+02 8.455258800760653750e-04 7.065223404251398014e-04
7.223611179979980079e+02 7.782920142792937659e-04 7.073216494132324042e-04
7.223616184984985011e+02 6.004443266350290281e-04 7.081203446284169666e-04
7.223621189989989944e+02 8.098386653873253238e-04 7.089184293835691783e-04
7.223626194994994876e+02 7.461546265385139536e-04 7.097159069712016778e-04
7.223631199999999808e+02 7.259663683015266274e-04 7.105127806635883015e-04
