7.219877289999999448e+02 1.390493609639000764e-04 1.072037374798806813e-04
7.219882295005004380e+02 1.138435468324663669e-04 1.077515944954509877e-04
7.219887300010009312e+02 1.407804289280456598e-04 1.082989908848046133e-04
7.219892305015014244e+02 1.662118287321892487e-04 1.088459233015243258e-04
7.219897310020019177e+02 1.676296317909817854e-04 1.093923883716788504e-04
7.219902315025024109e+02 1.691376500840725415e-04 1.099383826935784633e-04
7.219907320030029041e+02 1.551408460465946890e-04 1.104839028375284582e-04
7.219912325035033973e+02 1.770417075095082429e-04 1.110289453455790205e-04
7.219917330040040042e+02 1.194906642423253918e-04 1.115735067313986331e-04
7.219922335045044974e+02 1.089290723384748371e-04 1.121175834795249201e-04
7.219927340050049906e+02 1.136049851565631167e-04 1.126611720458514941e-04
7.219932345055054839e+02 1.471914324411082798e-04 1.132042688568746930e-04
7.219937350060059771e+02 1.468335317872509756e-04 1.137468703095570113e-04
7.219942355065064703e+02 1.407869087217262344e-04 1.142889727710641950e-04
7.219947360070069635e+02 1.215403333182551364e-04 1.148305725785004244e-04
7.219952365075074567e+02 1.178716385036903194e-04 1.153716660386408017e-04
7.219957370080079500e+02 1.619902084178447899e-04 1.159122494276613839e-04
7.219962375085084432e+02 1.633403781211707046e-04 1.164523189908675906e-04
7.219967380090089364e+02 1.302928264432351684e-04 1.169918709424189657e-04
7.219972385095094296e+02 1.970156488871399668e-04 1.175309014650528138e-04
7.219977390100099228e+02 1.398699887128859623e-04 1.180694067098046393e-04
7.219982395105104160e+02 1.610520721252690164e-04 1.186073827957262672e-04
7.219987400110109093e+02 1.456776252434129873e-04 1.191448258096017548e-04
7.219992405115114025e+02 1.218720840338777039e-04 1.196817318056604034e-04
7.219997410120120094e+02 1.480402915691597654e-04 1.202180968054096559e-04
7.220002415125125026e+02 1.402694953979234703e-04 1.207539167968558943e-04
7.220007420130129958e+02 1.149342020886051760e-04 1.212891877349413184e-04
7.220012425135134890e+02 1.386496135281422919e-04 1.218239055407596753e-04
7.220017430140139822e+02 1.556657614870688030e-04 1.223580661013786396e-04
7.220022435145144755e+02 1.338631655637507404e-04 1.228916652695384592e-04
7.220027440150149687e+02 1.316130671503705930e-04 1.234246988633465499e-04
7.220032445155154619e+02 1.295680611066148211e-04 1.239571626659714105e-04
7.220037450160159551e+02 1.322579878969603532e-04 1.244890524253321217e-04
7.220042455165164483e+02 1.426821503272792844e-04 1.250203638537864209e-04
7.220047460170169416e+02 1.323708642993523109e-04 1.255510926278156328e-04
7.220052465175174348e+02 1.304868297517521405e-04 1.260812343877069713e-04
7.220057470180179280e+02 1.520982077710036960e-04 1.266107847372332390e-04
7.220062475185184212e+02 1.386037635815183283e-04 1.271397392433298433e-04
7.220067480190189144e+02 1.457055983827872645e-04 1.276680934357689941e-04
7.220072485195194076e+02 1.492646845439928873e-04 1.281958428068312981e-04
7.220077490200200145e+02 1.339231018364738901e-04 1.287229828110944487e-04
7.220082495205205078e+02 1.332618134309638592e-04 1.292495088646201549e-04
7.220087500210210010e+02 1.398212632704496998e-04 1.297754163453360252e-04
7.220092505215214942e+02 1.585066655306121100e-04 1.303007005922173465e-04
7.220097510220219874e+02 1.939603650662390859e-04 1.308253569050640917e-04
7.220102515225224806e+02 1.502839180278576689e-04 1.313493805441562779e-04
7.220107520230229738e+02 1.192649385414363156e-04 1.318727667299059657e-04
7.220112525235234671e+02 1.288380441665561702e-04 1.323955106425067901e-04
7.220117530240239603e+02 1.782358377951561974e-04 1.329176074215800227e-04
7.220122535245244535e+02 1.447604372681616646e-04 1.334390521658187102e-04
7.220127540250249467e+02 1.418532966796378595e-04 1.339598399326282060e-04
7.220132545255254399e+02 1.290707266214137093e-04 1.344799657377640208e-04
7.220137550260259331e+02 1.456192042386074610e-04 1.349994245549672315e-04
7.220142555265264264e+02 1.582076790458600670e-04 1.355182113155960699e-04
7.220147560270269196e+02 1.381009902909569259e-04 1.360363209082558300e-04
7.220152565275275265e+02 1.364270852042620487e-04 1.365537481785421021e-04
7.220157570280280197e+02 1.105618459377576964e-04 1.370704879281944713e-04
7.220162575285285129e+02 1.278579048335736737e-04 1.375865349154224292e-04
7.220167580290290061e+02 1.131186786936165219e-04 1.381018838540522687e-04
7.220172585295294994e+02 1.375769961295365352e-04 1.386165294132596392e-04
7.220177590300299926e+02 1.722589780638160840e-04 1.391304662171810765e-04
7.220182595305304858e+02 1.647648746073572101e-04 1.396436888445228767e-04
7.220187600310309790e+02 1.940236917426383582e-04 1.401561918281667997e-04
7.220192605315314722e+02 1.512356273640838849e-04 1.406679696547728981e-04
7.220197610320319654e+02 1.485687067741236740e-04 1.411790167643794741e-04
7.220202615325324587e+02 1.508545785532665361e-04 1.416893275499996204e-04
7.220207620330329519e+02 1.730391062452226565e-04 1.421988963572158647e-04
7.220212625335334451e+02 1.765340920334102718e-04 1.427077174837703137e-04
7.220217630340339383e+02 1.366030164285762251e-04 1.432157851791531443e-04
7.220222635345344315e+02 1.838125344610313887e-04 1.437230936441874626e-04
7.220227640350349247e+02 1.545624429691984467e-04 1.442296370306112084e-04
7.220232645355355316e+02 1.573298335693739509e-04 1.447354094407711663e-04
7.220237650360360249e+02 1.388653533145122289e-04 1.452404049267395577e-04
7.220242655365365181e+02 1.763553501613168001e-04 1.457446174905764451e-04
7.220247660370370113e+02 1.576626210154616391e-04 1.462480410834403062e-04
7.220252665375375045e+02 1.602211462384562908e-04 1.467506696052699839e-04
7.220257670380379977e+02 1.628404198700262857e-04 1.472524969043489723e-04
7.220262675385384910e+02 1.409756681172348472e-04 1.477535167768666941e-04
7.220267680390389842e+02 1.500906084557407014e-04 1.482537229664768782e-04
7.220272685395394774e+02 1.431616334067107015e-04 1.487531091638526301e-04
7.220277690400399706e+02 1.258858614567102518e-04 1.492516690062394155e-04
7.220282695405404638e+02 1.593374448919846441e-04 1.497493960770040046e-04
7.220287700410409570e+02 1.800257674675397946e-04 1.502462839051816831e-04
7.220292705415414503e+02 1.616127408338143760e-04 1.507423259650193684e-04
7.220297710420419435e+02 1.498796450347270265e-04 1.512375156755171282e-04
7.220302715425424367e+02 1.696354679799409705e-04 1.517318463999657141e-04
7.220307720430430436e+02 1.618532777081036617e-04 1.522253114455938700e-04
7.220312725435435368e+02 1.477955550392379765e-04 1.527179040626525889e-04
7.220317730440440300e+02 1.422811595909409554e-04 1.532096174446170443e-04
7.220322735445445232e+02 1.678640954483965459e-04 1.537004447272648569e-04
7.220327740450450165e+02 1.853229031210669160e-04 1.541903789883121813e-04
7.220332745455455097e+02 1.390159970555700068e-04 1.546794132469350041e-04
7.220337750460460029e+02 1.608606382783151856e-04 1.551675404632878663e-04
7.220342755465464961e+02 1.699997878943330248e-04 1.556547535380193063e-04
7.220347760470469893e+02 1.272412236854682840e-04 1.561410453117854057e-04
7.220352765475474826e+02 1.602643398893602777e-04 1.566264085647602175e-04
7.220357770480479758e+02 1.781868646015913489e-04 1.571108360161437283e-04
7.220362775485484690e+02 1.696762498117194669e-04 1.575943203236673535e-04
7.220367780490489622e+02 1.619820106205170748e-04 1.580768540830968308e-04
7.220372785495494554e+02 1.587192638572263337e-04 1.585584298277324569e-04
7.220377790500499486e+02 1.691196901790668569e-04 1.590390400279074817e-04
7.220382795505504419e+02 1.367667103319817365e-04 1.595186770904831952e-04
7.220387800510510488e+02 1.448614111627608827e-04 1.599973333584511065e-04
7.220392805515515420e+02 1.594952191154373592e-04 1.604750011099892546e-04
7.220397810520520352e+02 2.057193679451181536e-04 1.609516725586028019e-04
7.220402815525525284e+02 1.663243491085283562e-04 1.614273398521758995e-04
7.220407820530530216e+02 1.644366214516959938e-04 1.619019950725645966e-04
7.220412825535535148e+02 1.553192170112811864e-04 1.623756302350788899e-04
7.220417830540540081e+02 1.577230145835084943e-04 1.628482372879633093e-04
7.220422835545545013e+02 1.902654986113428153e-04 1.633198081118749018e-04
7.220427840550549945e+02 1.419357169607146358e-04 1.637903345193595891e-04
7.220432845555554877e+02 1.628662302029750995e-04 1.642598082543267357e-04
7.220437850560559809e+02 1.391572311811476803e-04 1.647282209915217662e-04
7.220442855565564741e+02 1.181381929158896156e-04 1.651955643359972374e-04
7.220447860570569674e+02 1.802219989144368930e-04 1.656618298225822565e-04
7.220452865575574606e+02 1.417397971839262584e-04 1.661270089153504088e-04
7.220457870580579538e+02 1.717707281464200212e-04 1.665910930070861682e-04
7.220462875585584470e+02 1.807738460900362341e-04 1.670540734187498158e-04
7.220467880590590539e+02 1.454037375807165319e-04 1.675159413990462529e-04
7.220472885595595471e+02 1.987765650710165987e-04 1.679766881234681652e-04
7.220477890600600404e+02 1.713785526038551698e-04 1.684363046943867712e-04
7.220482895605605336e+02 1.638230464233143098e-04 1.688947821400928716e-04
7.220487900610610268e+02 1.532557949616123350e-04 1.693521114143612717e-04
7.220492905615615200e+02 1.572346006294677581e-04 1.698082833959097373e-04
7.220497910620620132e+02 1.390643131256403479e-04 1.702632888878574083e-04
7.220502915625625064e+02 1.567767418256573711e-04 1.707171186171821289e-04
7.220507920630629997e+02 1.772530558978866258e-04 1.711697632341782919e-04
7.220512925635634929e+02 1.488801736654297449e-04 1.716212133119134097e-04
7.220517930640639861e+02 1.804807032650093581e-04 1.720714593456850643e-04
7.220522935645644793e+02 1.537012342829339117e-04 1.725204917524780204e-04
7.220527940650649725e+02 1.740321808642385877e-04 1.729683008704206064e-04
7.220532945655654657e+02 1.647275852875513451e-04 1.734148769582425861e-04
7.220537950660659590e+02 1.658061692048353689e-04 1.738602101947322716e-04
7.220542955665665659e+02 1.589263959956031596e-04 1.743042906782957138e-04
7.220547960670670591e+02 1.616168496864505181e-04 1.747471084260122270e-04
7.220552965675675523e+02 1.544354128374692827e-04 1.751886533736996844e-04
7.220557970680680455e+02 1.759846128411170609e-04 1.756289153749714799e-04
7.220562975685685387e+02 1.981108140913166694e-04 1.760678842007995396e-04
7.220567980690690320e+02 1.652643721500486878e-04 1.765055495389782113e-04
7.220572985695695252e+02 1.771321933625627889e-04 1.769419009935891296e-04
7.220577990700700184e+02 1.371219145996525814e-04 1.773769280844683573e-04
7.220582995705705116e+02 1.910408530985923791e-04 1.778106202466753975e-04
7.220588000710710048e+02 1.797179412305877739e-04 1.782429668299642114e-04
7.220593005715714980e+02 1.780087309332272275e-04 1.786739570982573801e-04
7.220598010720719913e+02 1.727962487339705850e-04 1.791035802291217306e-04
7.220603015725724845e+02 2.214819531866814566e-04 1.795318253132482434e-04
7.220608020730729777e+02 1.383849310917523319e-04 1.799586813539339402e-04
7.220613025735734709e+02 1.521662852767470151e-04 1.803841372665678628e-04
7.220618030740739641e+02 2.207618227687169362e-04 1.808081818781201433e-04
7.220623035745745710e+02 1.685102472675338657e-04 1.812308039267316337e-04
7.220628040750750642e+02 1.530828022407136342e-04 1.816519920608268925e-04
7.220633045755755575e+02 1.650315227852271898e-04 1.820717348391925460e-04
7.220638050760760507e+02 1.749725461049065668e-04 1.824900207300993551e-04
7.220643055765765439e+02 1.951422585265573221e-04 1.829068381109097072e-04
7.220648060770770371e+02 1.776003549700720067e-04 1.833221752675948482e-04
7.220653065775775303e+02 2.010424720172422045e-04 1.837360203942569388e-04
7.220658070780780236e+02 1.647424635444169378e-04 1.841483615926578607e-04
7.220663075785785168e+02 1.575398724896090409e-04 1.845591868717534427e-04
7.220668080790790100e+02 1.685660963825398465e-04 1.849684841472351961e-04
7.220673085795795032e+02 1.629104447847006584e-04 1.853762412410782834e-04
7.220678090800799964e+02 1.769123927062187429e-04 1.857824458810970769e-04
7.220683095805804896e+02 2.149003734864876874e-04 1.861870857005086587e-04
7.220688100810809829e+02 1.937627072145383885e-04 1.865901482375037751e-04
7.220693105815814761e+02 1.789714224722392308e-04 1.869916209348268976e-04
7.220698110820820830e+02 1.655171241396736733e-04 1.873914911394553809e-04
7.220703115825825762e+02 1.855370322429136570e-04 1.877897461018344493e-04
7.220708120830830694e+02 1.893243127410443164e-04 1.881863729760299068e-04
7.220713125835835626e+02 1.576373361014294522e-04 1.885813588189821791e-04
7.220718130840840558e+02 1.681801703974260471e-04 1.889746905902253964e-04
7.220723135845845491e+02 1.671759390015903346e-04 1.893663551515275471e-04
7.220728140850850423e+02 1.843414983572762658e-04 1.897563392665405785e-04
7.220733145855855355e+02 2.157146159160003459e-04 1.901446296004639686e-04
7.220738150860860287e+02 1.540741948719732697e-04 1.905312127197201708e-04
7.220743155865865219e+02 1.534875524072746298e-04 1.909160750916428237e-04
7.220748160870870151e+02 2.078683551201122403e-04 1.912992030841793552e-04
7.220753165875875084e+02 1.787741856917891543e-04 1.916805829656068397e-04
7.220758170880880016e+02 1.696044229419097502e-04 1.920602009042632514e-04
7.220763175885884948e+02 1.608627879831574627e-04 1.924380429682934364e-04
7.220768180890889880e+02 1.492971358404915014e-04 1.928140951254112381e-04
7.220773185895894812e+02 1.831669534855395883e-04 1.931883432426780218e-04
7.220778190900900881e+02 1.631565473799359415e-04 1.935607730863824101e-04
7.220783195905905814e+02 1.994237525437463445e-04 1.939313703215159895e-04
7.220788200910910746e+02 1.615896479547384353e-04 1.943001205121121233e-04
7.220793205915915678e+02 1.652656878447657349e-04 1.946670091207578987e-04
7.220798210920920610e+02 1.685525438874539358e-04 1.950320215085498364e-04
7.220803215925925542e+02 1.952076969530550858e-04 1.953951429349839260e-04
7.220808220930930474e+02 1.837022738600864609e-04 1.957563585578684284e-04
7.220813225935935407e+02 2.175757108228661607e-04 1.961156534332571982e-04
7.220818230940940339e+02 1.559650015609025998e-04 1.964730125154064773e-04
7.220823235945945271e+02 1.600106508901187748e-04 1.968284206567553801e-04
7.220828240950950203e+02 1.698120164352574042e-04 1.971818626079293083e-04
7.220833245955955135e+02 1.948416886124189448e-04 1.975333230177702543e-04
7.220838250960960067e+02 1.927514662903475186e-04 1.978827864333914993e-04
7.220843255965965000e+02 1.826235530248506073e-04 1.982302373002599316e-04
7.220848260970969932e+02 2.234046362270091098e-04 1.985756599623058759e-04
7.220853265975974864e+02 1.987685884001555220e-04 1.989190386620613563e-04
7.220858270980980933e+02 1.641511414856808586e-04 1.992603575409052888e-04
7.220863275985985865e+02 1.680479296900787452e-04 1.995996006389521064e-04
7.220868280990990797e+02 2.018202845171523398e-04 1.999367518957467598e-04
7.220873285995995730e+02 1.574195122490611263e-04 2.002717951502162267e-04
7.220878291001000662e+02 1.636232579578300117e-04 2.006047141410430463e-04
7.220883296006005594e+02 1.782137855622367977e-04 2.009354925069954320e-04
7.220888301011010526e+02 1.959166777689142608e-04 2.012641137872929454e-04
7.220893306016015458e+02 1.766859582358021145e-04 2.015905614220088167e-04
7.220898311021020390e+02 1.674754306211590838e-04 2.019148187525104563e-04
7.220903316026025323e+02 1.906370258769361846e-04 2.022368690219381298e-04
7.220908321031030255e+02 1.749154399306941568e-04 2.025566953757243992e-04
7.220913326036035187e+02 1.684370167049066233e-04 2.028742808621548997e-04
7.220918331041040119e+02 2.098411374436325917e-04 2.031896084329709118e-04
7.220923336046045051e+02 1.753332040785801898e-04 2.035026609440168199e-04
7.220928341051049983e+02 1.931565079500857391e-04 2.038134211559314811e-04
7.220933346056056052e+02 1.998776095302742329e-04 2.041218717349569582e-04
7.220938351061060985e+02 2.124130217675188048e-04 2.044279952534444904e-04
7.220943356066065917e+02 1.991067394402948299e-04 2.047317741911101614e-04
7.220948361071070849e+02 2.164870261917887714e-04 2.050331909356399660e-04
7.220953366076075781e+02 2.032846097711988665e-04 2.053322277836976302e-04
7.220958371081080713e+02 1.659475091857853617e-04 2.056288669419156800e-04
7.220963376086085646e+02 2.108077002150263721e-04 2.059230905279415072e-04
7.220968381091090578e+02 1.694434558756031061e-04 2.062148805715395149e-04
7.220973386096095510e+02 1.808731936741262846e-04 2.065042190157517288e-04
7.220978391101100442e+02 1.966334206332021376e-04 2.067910877181173895e-04
7.220983396106105374e+02 1.878669217642678260e-04 2.070754684519541535e-04
7.220988401111110306e+02 1.983889261722427387e-04 2.073573429077022877e-04
7.220993406116115239e+02 1.792105516463466178e-04 2.076366926943327496e-04
7.220998411121120171e+02 1.759182850955474085e-04 2.079134993408221900e-04
7.221003416126125103e+02 2.115797339071787781e-04 2.081877442976953394e-04
7.221008421131130035e+02 1.984862977850151489e-04 2.084594089386381107e-04
7.221013426136136104e+02 2.191423123076297053e-04 2.087284745622419724e-04
7.221018431141141036e+02 1.865431956560573070e-04 2.089949223935180908e-04
7.221023436146145968e+02 1.959119673267529073e-04 2.092587335860970140e-04
7.221028441151150901e+02 1.701312116854756683e-04 2.095198892238939517e-04
7.221033446156155833e+02 1.793136071013096361e-04 2.097783703231599238e-04
7.221038451161160765e+02 2.164478874646017892e-04 2.100341578345526670e-04
7.221043456166165697e+02 1.651101417856532829e-04 2.102872326452909723e-04
7.221048461171170629e+02 1.975348493311068787e-04 2.105375755813942941e-04
7.221053466176175561e+02 1.904538615201011498e-04 2.107851674100103424e-04
7.221058471181180494e+02 1.732529201824023761e-04 2.110299888418317425e-04
7.221063476186185426e+02 2.173685187296605812e-04 2.112720205336050415e-04
7.221068481191190358e+02 2.212623075585978490e-04 2.115112430907336064e-04
7.221073486196195290e+02 2.160789200892966090e-04 2.117476370699771253e-04
7.221078491201200222e+02 1.974543876509941061e-04 2.119811829822494718e-04
7.221083496206205155e+02 2.314022472963298894e-04 2.122118612955178625e-04
7.221088501211211224e+02 1.663164908918325115e-04 2.124396524378568366e-04
7.221093506216216156e+02 2.080282188051910282e-04 2.126645368003499614e-04
7.221098511221221088e+02 1.770099324407061348e-04 2.128864947406172562e-04
7.221103516226226020e+02 2.134183634680050649e-04 2.131055065859346323e-04
7.221108521231230952e+02 2.256649283530353278e-04 2.133215526367268394e-04
7.221113526236235884e+02 1.580796743745945942e-04 2.135346131701237307e-04
7.221118531241240817e+02 2.134453889624165969e-04 2.137446684436355450e-04
7.221123536246245749e+02 2.386535167918544208e-04 2.139516986989488346e-04
7.221128541251250681e+02 1.647664379494404670e-04 2.141556841658465334e-04
7.221133546256255613e+02 1.636184895163083524e-04 2.143566050662540096e-04
7.221138551261260545e+02 2.116110266693417606e-04 2.145544416184153318e-04
7.221143556266265477e+02 1.969836464041024664e-04 2.147491740412001528e-04
7.221148561271270410e+02 2.295823268877132802e-04 2.149407825585471232e-04
7.221153566276275342e+02 2.166690163033647271e-04 2.151292474040431544e-04
7.221158571281280274e+02 2.037990221507489049e-04 2.153145488256450650e-04
7.221163576286285206e+02 2.067478398446422538e-04 2.154966670905432034e-04
7.221168581291291275e+02 1.888682461609985351e-04 2.156755824902126912e-04
7.221173586296296207e+02 1.475218854874104865e-04 2.158512753454118124e-04
7.221178591301301140e+02 2.201832435724450257e-04 2.160237260117381429e-04
7.221183596306306072e+02 2.062953631762239331e-04 2.161929148849333075e-04
7.221188601311311004e+02 1.752051763015071936e-04 2.163588224065503220e-04
7.221193606316315936e+02 2.058088775843011056e-04 2.165214290697419581e-04
7.221198611321320868e+02 1.822210363546563348e-04 2.166807154252128789e-04
7.221203616326325800e+02 1.884128695671546895e-04 2.168366620873406366e-04
7.221208621331330733e+02 2.372479453651781217e-04 2.169892497404670546e-04
7.221213626336335665e+02 1.872564505099084421e-04 2.171384591453636771e-04
7.221218631341340597e+02 2.058912810007112906e-04 2.172842711458747842e-04
7.221223636346345529e+02 2.092697180480593711e-04 2.174266666757410625e-04
7.221228641351350461e+02 1.814169007611496961e-04 2.175656267656063154e-04
7.221233646356355393e+02 1.800166192379144370e-04 2.177011325502121748e-04
7.221238651361360326e+02 1.924890337433016706e-04 2.178331652757820058e-04
7.221243656366365258e+02 2.086346655430276124e-04 2.179617063075988835e-04
7.221248661371371327e+02 1.966024314666266811e-04 2.180867371378080268e-04
7.221253666376376259e+02 1.722644650194460076e-04 2.182082393932782672e-04
7.221258671381381191e+02 1.821338588737555760e-04 2.183261948439501070e-04
7.221263676386386123e+02 1.862776699951406312e-04 2.184405854111053904e-04
7.221268681391391056e+02 2.007205932243672961e-04 2.185513931759890962e-04
7.221273686396395988e+02 2.091610351737421998e-04 2.186586003886166636e-04
7.221278691401400920e+02 2.127275477812589494e-04 2.187621894767956124e-04
7.221283696406405852e+02 1.993226717242689138e-04 2.188621430553676340e-04
7.221288701411410784e+02 1.952967008123658707e-04 2.189584439356728632e-04
7.221293706416415716e+02 1.887522487492639556e-04 2.190510751352390140e-04
7.221298711421420649e+02 2.039012123261929892e-04 2.191400198877003385e-04
7.221303716426425581e+02 2.526155707300914216e-04 2.192252616529466534e-04
7.221308721431430513e+02 1.738597091441973605e-04 2.193067841275091569e-04
7.221313726436435445e+02 1.925523796865203654e-04 2.193845712551817069e-04
7.221318731441440377e+02 2.087096160956709097e-04 2.194586072378847163e-04
7.221323736446446446e+02 2.260203344289899612e-04 2.195288765467868174e-04
7.221328741451451378e+02 1.799719701914361837e-04 2.195953639335948494e-04
7.221333746456456311e+02 1.759684349065394448e-04 2.196580544422516406e-04
7.221338751461461243e+02 1.855027751088266918e-04 2.197169334207250534e-04
7.221343756466466175e+02 2.063593876770778931e-04 2.197719865331325092e-04
7.221348761471471107e+02 2.352435812361813611e-04 2.198231997721058258e-04
7.221353766476476039e+02 2.083912197327222968e-04 2.198705594714156410e-04
7.221358771481480971e+02 2.275993043058245852e-04 2.199140523188572362e-04
7.221363776486485904e+02 2.190738912639493563e-04 2.199536653694004725e-04
7.221368781491490836e+02 2.175171217896913669e-04 2.199893860586050846e-04
7.221373786496495768e+02 2.135008877790906510e-04 2.200212022163047765e-04
7.221378791501500700e+02 2.215329855057651621e-04 2.200491020805602253e-04
7.221383796506505632e+02 2.441280270139176102e-04 2.200730743118844100e-04
7.221388801511510565e+02 1.855230154472308889e-04 2.200931080077403196e-04
7.221393806516515497e+02 2.310848456950317432e-04 2.201091927173136678e-04
7.221398811521520429e+02 2.540911861927421769e-04 2.201213184565611316e-04
7.221403816526526498e+02 2.172351866579164484e-04 2.201294757235370398e-04
7.221408821531531430e+02 2.109353671277455614e-04 2.201336555139895667e-04
7.221413826536536362e+02 2.224749379787119654e-04 2.201338493372537273e-04
7.221418831541541294e+02 1.976960836123646439e-04 2.201300492324029256e-04
7.221423836546546227e+02 2.384818217192355384e-04 2.201222477846916949e-04
7.221428841551551159e+02 2.049335357616908419e-04 2.201104381422742571e-04
7.221433846556556091e+02 2.290633036039252835e-04 2.200946140332033223e-04
7.221438851561561023e+02 1.971781531312997971e-04 2.200747697827071486e-04
7.221443856566565955e+02 2.104634420403289088e-04 2.200509003307452960e-04
7.221448861571570887e+02 2.327587931449248563e-04 2.200230012498411228e-04
7.221453866576575820e+02 2.281901405971904610e-04 2.199910687631908082e-04
7.221458871581580752e+02 2.261562832019311522e-04 2.199550997630470299e-04
7.221463876586585684e+02 2.199615386087709363e-04 2.199150918293752918e-04
7.221468881591590616e+02 2.397699394902679448e-04 2.198710432487811393e-04
7.221473886596595548e+02 2.080329934082559141e-04 2.198229530337053898e-04
7.221478891601601617e+02 2.081895713980681654e-04 2.197708209418733913e-04
7.221483896606606550e+02 2.270789792615771790e-04 2.197146474960665063e-04
7.221488901611611482e+02 2.187631060886894207e-04 2.196544340040337015e-04
7.221493906616616414e+02 2.030701904604984389e-04 2.195901825787754252e-04
7.221498911621621346e+02 2.030833993603249003e-04 2.195218961590209884e-04
7.221503916626626278e+02 2.296625964770060229e-04 2.194495785299629823e-04
7.221508921631631210e+02 2.275228670376126805e-04 2.193732343442331210e-04
7.221513926636636143e+02 2.008540114215369053e-04 2.192928691431132477e-04
7.221518931641641075e+02 2.451368985366282052e-04 2.192084893779765165e-04
7.221523936646646007e+02 2.123391227196541825e-04 2.191201024319512972e-04
7.221528941651650939e+02 2.419046228286482545e-04 2.190277166418009983e-04
7.221533946656655871e+02 2.122019582928484454e-04 2.189313413200137106e-04
7.221538951661660803e+02 2.044578470209248999e-04 2.188309867770915336e-04
7.221543956666665736e+02 2.406239656185741715e-04 2.187266643440328355e-04
7.221548961671670668e+02 2.133763193600737168e-04 2.186183863949984487e-04
7.221553966676675600e+02 2.447574316919022379e-04 2.185061663701505779e-04
7.221558971681681669e+02 2.077884018961879704e-04 2.183900187986299174e-04
7.221563976686686601e+02 1.894998298740493720e-04 2.182699593218181576e-04
7.221568981691691533e+02 2.179687275443942479e-04 2.181460047164780573e-04
7.221573986696696466e+02 1.938405337957785487e-04 2.180181729182864049e-04
7.221578991701701398e+02 2.309307399897770686e-04 2.178864830453534256e-04
7.221583996706706330e+02 1.981857843859942544e-04 2.177509554218729718e-04
7.221589001711711262e+02 1.946125801513880974e-04 2.176116116018627831e-04
7.221594006716716194e+02 2.347267567337471322e-04 2.174684743929806670e-04
7.221599011721721126e+02 2.036886126045252320e-04 2.173215678804019926e-04
7.221604016726726059e+02 2.029183557390813785e-04 2.171709174507419873e-04
7.221609021731730991e+02 2.273523337635162292e-04 2.170165498160065494e-04
7.221614026736735923e+02 2.153551438286733101e-04 2.168584930375546337e-04
7.221619031741740855e+02 1.793189763488974345e-04 2.166967765500538341e-04
7.221624036746745787e+02 2.441381308060133455e-04 2.165314311854109211e-04
7.221629041751750719e+02 2.396165280788609174e-04 2.163624891966576017e-04
7.221634046756755652e+02 2.228018400029910576e-04 2.161899842817713627e-04
7.221639051761761721e+02 2.256867074486131259e-04 2.160139516073708446e-04
7.221644056766766653e+02 2.083006211028483735e-04 2.158344278325043217e-04
7.221649061771771585e+02 1.904976856613292029e-04 2.156514511319083049e-04
7.221654066776776517e+02 2.498252637976686196e-04 2.154650612195119610e-04
7.221659071781781449e+02 1.964121494518284924e-04 2.152752993715666141e-04
7.221664076786786381e+02 2.514706608447925739e-04 2.150822084496122381e-04
7.221669081791791314e+02 2.007721202807996922e-04 2.148858329232181629e-04
7.221674086796796246e+02 1.999656469127299282e-04 2.146862188924695365e-04
7.221679091801801178e+02 2.270376308916071057e-04 2.144834141101738180e-04
7.221684096806806110e+02 1.947226130728999384e-04 2.142774680037595476e-04
7.221689101811811042e+02 2.170473578615393900e-04 2.140684316968379289e-04
7.221694106816815975e+02 1.843662276814875582e-04 2.138563580303986839e-04
7.221699111821820907e+02 2.030694852313552081e-04 2.136413015836101186e-04
7.221704116826825839e+02 1.738467348107139193e-04 2.134233186941919601e-04
7.221709121831830771e+02 2.989646309364703118e-04 2.132024674783305779e-04
7.221714126836836840e+02 2.614383827760591262e-04 2.129788078500516443e-04
7.221719131841841772e+02 2.072214957298596416e-04 2.127524015403253483e-04
7.221724136846846704e+02 2.059646823596888760e-04 2.125233121151049993e-04
7.221729141851851637e+02 2.263775814832758005e-04 2.122916049932824722e-04
7.221734146856856569e+02 2.428074844421328064e-04 2.120573474637639034e-04
7.221739151861861501e+02 2.434518627862342186e-04 2.118206087019343039e-04
7.221744156866866433e+02 2.095009393107491599e-04 2.115814597854245697e-04
7.221749161871871365e+02 2.500101362745996234e-04 2.113399737091437817e-04
7.221754166876876297e+02 2.125102222691607962e-04 2.110962253995401778e-04
7.221759171881881230e+02 2.437412014245969550e-04 2.108502917280523619e-04
7.221764176886886162e+02 2.531137140592908770e-04 2.106022515237137769e-04
7.221769181891891094e+02 2.042922292549400525e-04 2.103521855848704638e-04
7.221774186896896026e+02 2.090336367012930502e-04 2.101001766899743490e-04
7.221779191901900958e+02 2.532357594628401477e-04 2.098463096074121596e-04
7.221784196906905891e+02 2.346609247081928636e-04 2.095906711043308299e-04
7.221789201911910823e+02 1.974138921229757148e-04 2.093333499544190637e-04
7.221794206916916892e+02 2.192942524174414456e-04 2.090744369445465551e-04
7.221799211921921824e+02 2.089118294178804523e-04 2.088140248805742550e-04
7.221804216926926756e+02 2.433495229997392371e-04 2.085522085914118891e-04
7.221809221931931688e+02 2.434011315361997072e-04 2.082890849324599205e-04
7.221814226936936620e+02 2.389900302594812954e-04 2.080247527875131106e-04
7.221819231941941553e+02 1.979684699051455015e-04 2.077593130694390126e-04
7.221824236946946485e+02 2.418774973235628535e-04 2.074928687195317061e-04
7.221829241951951417e+02 2.345108270541365505e-04 2.072255247055023093e-04
7.221834246956956349e+02 2.355720696948525100e-04 2.069573880180662899e-04
7.221839251961961281e+02 2.680285574815066663e-04 2.066885676660888422e-04
7.221844256966966213e+02 2.199131512888911032e-04 2.064191746702494592e-04
7.221849261971971146e+02 2.280950111945020215e-04 2.061493220551891925e-04
7.221854266976976078e+02 2.247604216166983779e-04 2.058791248401013491e-04
7.221859271981981010e+02 2.470384409161938979e-04 2.056087000277312578e-04
7.221864276986985942e+02 2.193570331746814202e-04 2.053381665917474548e-04
7.221869281991990874e+02 2.473427973073541496e-04 2.050676454624511134e-04
7.221874286996996943e+02 2.333180143904645598e-04 2.047972595107275208e-04
7.221879292002001876e+02 2.355850602188875361e-04 2.045271335305758401e-04
7.221884297007006808e+02 2.601697694387923392e-04 2.042573942192640098e-04
7.221889302012011740e+02 2.504562719360505299e-04 2.039881701563074461e-04
7.221894307017016672e+02 2.649973305658659102e-04 2.037195917803209192e-04
7.221899312022021604e+02 2.573965218717313898e-04 2.034517913640849942e-04
7.221904317027026536e+02 2.289623401376241017e-04 2.031849029877393217e-04
7.221909322032031469e+02 2.414440411780713162e-04 2.029190625100794421e-04
7.221914327037036401e+02 2.387442649221269771e-04 2.026544075379339567e-04
7.221919332042041333e+02 2.539370351013388056e-04 2.023910773936017887e-04
7.221924337047046265e+02 2.197167814711134147e-04 2.021292130803312138e-04
7.221929342052051197e+02 2.895363995370520030e-04 2.018689572458235001e-04
7.221934347057056129e+02 2.581107677288198418e-04 2.016104541437479603e-04
7.221939352062061062e+02 2.349161251098727911e-04 2.013538495932549143e-04
7.221944357067065994e+02 2.329256457162956018e-04 2.010992909364782172e-04
7.221949362072072063e+02 1.843706037846976390e-04 2.008469269939621089e-04
7.221954367077076995e+02 2.847931751708112692e-04 2.005969080183507374e-04
7.221959372082081927e+02 2.722630598535450992e-04 2.003493856454803415e-04
7.221964377087086859e+02 2.123252604802698923e-04 2.001045128440200657e-04
7.221969382092091791e+02 2.535208721744272153e-04 1.998624438628051041e-04
7.221974387097096724e+02 2.333401688143313683e-04 1.996233341762120755e-04
7.221979392102101656e+02 2.363538506689720226e-04 1.993873404275292181e-04
7.221984397107106588e+02 2.020886888606918032e-04 1.991546203703338503e-04
7.221989402112111520e+02 2.539230650806685845e-04 1.989253328078916753e-04
7.221994407117116452e+02 2.259961526871473859e-04 1.986996375305975305e-04
7.221999412122121385e+02 2.480071116951237573e-04 1.984776952514785849e-04
7.222004417127126317e+02 2.178739145455767126e-04 1.982596675397857368e-04
7.222009422132131249e+02 2.404146177946219301e-04 1.980457167527014805e-04
7.222014427137136181e+02 1.948296005950363923e-04 1.978360059651956848e-04
7.222019432142141113e+02 2.149956958111737043e-04 1.976306988980655230e-04
7.222024437147146045e+02 2.260052567902647404e-04 1.974299598441966335e-04
7.222029442152152114e+02 2.903839874655161088e-04 1.972339535930454836e-04
7.222034447157157047e+02 2.941876363643378058e-04 1.970428453536525047e-04
7.222039452162161979e+02 2.407331343067492622e-04 1.968568006755696013e-04
7.222044457167166911e+02 2.721754299342138699e-04 1.966759853686466189e-04
7.222049462172171843e+02 2.520500699166602714e-04 1.965005654210601573e-04
7.222054467177176775e+02 2.322893030393519652e-04 1.963307069159158182e-04
7.222059472182181707e+02 2.254608947809482551e-04 1.961665759464400137e-04
7.222064477187186640e+02 2.126818206385347931e-04 1.960083385298286112e-04
7.222069482192191572e+02 1.761087451370101607e-04 1.958561605198217760e-04
7.222074487197196504e+02 2.301675825620953591e-04 1.957102075180783859e-04
7.222079492202201436e+02 2.188606296371425832e-04 1.955706447844255042e-04
7.222084497207206368e+02 2.759693574580384160e-04 1.954376371460639014e-04
7.222089502212211301e+02 2.416203873399475044e-04 1.953113489058098300e-04
7.222094507217216233e+02 2.505055431627468640e-04 1.951919437494610619e-04
7.222099512222221165e+02 2.947301828476453283e-04 1.950795846523737623e-04
7.222104517227227234e+02 2.510815520352119258e-04 1.949744337853191549e-04
7.222109522232232166e+02 2.415252658692912933e-04 1.948766524198541396e-04
7.222114527237237098e+02 2.655393062054024712e-04 1.947864008329474694e-04
7.222119532242242030e+02 2.195705942942355272e-04 1.947038382114387172e-04
7.222124537247246963e+02 2.129296657027047329e-04 1.946291225560681953e-04
7.222129542252251895e+02 2.249059652280506060e-04 1.945624105853283351e-04
7.222134547257256827e+02 2.442102661482806279e-04 1.945038576392169461e-04
7.222139552262261759e+02 2.499680838582789798e-04 1.944536175829987958e-04
7.222144557267266691e+02 2.689342217849396131e-04 1.944118427110850427e-04
7.222149562272271623e+02 2.349870507151331886e-04 1.943786836511397558e-04
7.222154567277276556e+02 2.829277283371276256e-04 1.943542892685259785e-04
7.222159572282281488e+02 2.648946028184412708e-04 1.943388065712024142e-04
7.222164577287286420e+02 2.149234657794044687e-04 1.943323806151854691e-04
7.222169582292291352e+02 2.111177088134131067e-04 1.943351544106888405e-04
7.222174587297296284e+02 2.475361144915798686e-04 1.943472688290566052e-04
7.222179592302301216e+02 2.517672327586981292e-04 1.943688625106032965e-04
7.222184597307307286e+02 2.370024007300010674e-04 1.944000717734844629e-04
7.222189602312312218e+02 2.015000480824867416e-04 1.944410305236637872e-04
7.222194607317317150e+02 1.868173269434672914e-04 1.944918701662042883e-04
7.222199612322322082e+02 2.025124544377222770e-04 1.945527195178530031e-04
7.222204617327327014e+02 1.994432516019735164e-04 1.946237047211338755e-04
7.222209622332331946e+02 2.102870806632817463e-04 1.947049491600207874e-04
7.222214627337336879e+02 1.583065632717194809e-04 1.947965733773066087e-04
7.222219632342341811e+02 2.356754474435514171e-04 1.948986949937762773e-04
7.222224637347346743e+02 2.094183797271256451e-04 1.950114286292908676e-04
7.222229642352351675e+02 1.997757024116045927e-04 1.951348858258853194e-04
7.222234647357356607e+02 1.856192077127783325e-04 1.952691749729830461e-04
7.222239652362361539e+02 1.934064762521829248e-04 1.954144012348262981e-04
7.222244657367366472e+02 2.014746917763638834e-04 1.955706664802187510e-04
7.222249662372371404e+02 1.579132289133458296e-04 1.957380692146738841e-04
7.222254667377376336e+02 1.458247168341813334e-04 1.959167045150600050e-04
7.222259672382381268e+02 1.922265358623477527e-04 1.961066639668290366e-04
7.222264677387387337e+02 1.607380026057497139e-04 1.963080356039595235e-04
7.222269682392392269e+02 1.767187847386009756e-04 1.965209038514140920e-04
7.222274687397397201e+02 1.853410392673356122e-04 1.967453494708800647e-04
7.222279692402402134e+02 1.360926708443488864e-04 1.969814495089506408e-04
7.222284697407407066e+02 1.261299131071106727e-04 1.972292772484929269e-04
7.222289702412411998e+02 1.278498466488078400e-04 1.974889021629984442e-04
7.222294707417416930e+02 1.550751781042464814e-04 1.977603898740175413e-04
7.222299712422421862e+02 1.073492145317076434e-04 1.980438021117332764e-04
7.222304717427426795e+02 1.302458294266635517e-04 1.983391966787235051e-04
7.222309722432431727e+02 9.321870519570306217e-05 1.986466274169553534e-04
7.222314727437436659e+02 9.242165649959362150e-05 1.989661441780522474e-04
7.222319732442441591e+02 8.403108861921733375e-05 1.992977927968679218e-04
7.222324737447446523e+02 8.458408521568513689e-05 1.996416150683959765e-04
7.222329742452451455e+02 6.571314612056738654e-05 1.999976487280400806e-04
7.222334747457456388e+02 6.041387995417715707e-05 2.003659274352635527e-04
7.222339752462462457e+02 4.829224311305795557e-05 2.007464807607192583e-04
7.222344757467467389e+02 3.276208005680695027e-05 2.011393341763453683e-04
7.222349762472472321e+02 2.010709208038919407e-05 2.015445090497323326e-04
7.222354767477477253e+02 3.509350762220301797e-05 2.019620226410312773e-04
7.222359772482482185e+02 2.139701329812006695e-05 2.023918881036857603e-04
7.222364777487487117e+02 1.757426008577154153e-05 2.028341144884611273e-04
7.222369782492492050e+02 1.530238683245117623e-05 2.032887067508395290e-04
7.222374787497496982e+02 2.571339288134073770e-05 2.037556657617574265e-04
7.222379792502501914e+02 2.133428378733807348e-05 2.042349883216575286e-04
7.222384797507506846e+02 1.416036972193809634e-05 2.047266671778238836e-04
7.222389802512511778e+02 2.177868473737513518e-05 2.052306910449604432e-04
7.222394807517516711e+02 3.632957071033231569e-05 2.057470446289730911e-04
7.222399812522521643e+02 3.037554434280609000e-05 2.062757086539070801e-04
7.222404817527526575e+02 4.144901530190575460e-05 2.068166598919882410e-04
7.222409822532531507e+02 8.542143081963073732e-05 2.073698711967138090e-04
7.222414827537536439e+02 7.520020529747042817e-05 2.079353115389312293e-04
7.222419832542542508e+02 1.076513973343979036e-04 2.085129460459746577e-04
7.222424837547547440e+02 8.251758596500902751e-05 2.091027360429989208e-04
7.222429842552552373e+02 9.913737967572976270e-05 2.097046390984128191e-04
7.222434847557557305e+02 1.247113380253219860e-04 2.103186090707151966e-04
7.222439852562562237e+02 1.324565569883137141e-04 2.109445961586137316e-04
7.222444857567567169e+02 1.117949126236483722e-04 2.115825469535653465e-04
7.222449862572572101e+02 1.264240649275247632e-04 2.122324044947832325e-04
7.222454867577577033e+02 1.127501833219623362e-04 2.128941083266220442e-04
7.222459872582581966e+02 1.800004600577651155e-04 2.135675945582531999e-04
7.222464877587586898e+02 1.550120494116734012e-04 2.142527959255367495e-04
7.222469882592591830e+02 1.665674679268252774e-04 2.149496418549967560e-04
7.222474887597596762e+02 2.092549250570777586e-04 2.156580585298034820e-04
7.222479892602601694e+02 1.727788723932171871e-04 2.163779689576636358e-04
7.222484897607606626e+02 2.260887380761500236e-04 2.171092930405218047e-04
7.222489902612611559e+02 2.122940304290249654e-04 2.178519476459689916e-04
7.222494907617617628e+02 1.864870877727849358e-04 2.186058466804327669e-04
7.222499912622622560e+02 2.172017479719058847e-04 2.193709011630109486e-04
7.222504917627627492e+02 2.154936922027978255e-04 2.201470193024218755e-04
7.222509922632632424e+02 2.083358487797622172e-04 2.209341065735437684e-04
7.222514927637637356e+02 2.849588310320845964e-04 2.217320657959988956e-04
7.222519932642642289e+02 2.505796207237761587e-04 2.225407972136593656e-04
7.222524937647647221e+02 2.587383407483774328e-04 2.233601985751385672e-04
7.222529942652652153e+02 2.747974195897748360e-04 2.241901652151659363e-04
7.222534947657657085e+02 2.284280982800798775e-04 2.250305901367418066e-04
7.222539952662662017e+02 2.319399324639226346e-04 2.258813640939704825e-04
7.222544957667666949e+02 2.567834877877658655e-04 2.267423756754701077e-04
7.222549962672671882e+02 2.112188088420742060e-04 2.276135113882593662e-04
7.222554967677676814e+02 2.391585180784450019e-04 2.284946557420218104e-04
7.222559972682681746e+02 2.692623447537862672e-04 2.293856913336508624e-04
7.222564977687686678e+02 2.971769731751817316e-04 2.302864989319785335e-04
7.222569982692691610e+02 2.530975910889953287e-04 2.311969575625948906e-04
7.222574987697697679e+02 2.824993931957528329e-04 2.321169445928744168e-04
7.222579992702702611e+02 2.390312430575502784e-04 2.330463358158617630e-04
7.222584997707707544e+02 2.875268809108542153e-04 2.339850055360672679e-04
7.222590002712712476e+02 2.605117035819406470e-04 2.349328266529077808e-04
7.222595007717717408e+02 2.822567645976587218e-04 2.358896707448363320e-04
7.222600012722722340e+02 2.672882215905708907e-04 2.368554081528313651e-04
7.222605017727727272e+02 2.865852156162726743e-04 2.378299080633718404e-04
7.222610022732732205e+02 3.060860147842625828e-04 2.388130385908245382e-04
7.222615027737737137e+02 2.477587647980094773e-04 2.398046668591660691e-04
7.222620032742742069e+02 3.207587995890224695e-04 2.408046590829710952e-04
7.222625037747747001e+02 2.684623304536094281e-04 2.418128806475969956e-04
7.222630042752751933e+02 2.932034821163191076e-04 2.428291961884976736e-04
7.222635047757756865e+02 2.991119319806058788e-04 2.438534696696069014e-04
7.222640052762761798e+02 2.963760325755718478e-04 2.448855644607268278e-04
7.222645057767766730e+02 2.463906445756479878e-04 2.459253434138675208e-04
7.222650062772771662e+02 2.894078294495300448e-04 2.469726689384821143e-04
7.222655067777777731e+02 2.501872491848802175e-04 2.480274030757845575e-04
7.222660072782782663e+02 2.459527965528931636e-04 2.490894075706646905e-04
7.222665077787787595e+02 2.918692669353942465e-04 2.501585439447480213e-04
7.222670082792792527e+02 3.082773683350791016e-04 2.512346735657693770e-04
7.222675087797797460e+02 3.096113775032158623e-04 2.523176577168081578e-04
7.222680092802802392e+02 3.006080888567621776e-04 2.534073576639149050e-04
7.222685097807807324e+02 2.954142212752543326e-04 2.545036347223327976e-04
7.222690102812812256e+02 2.878727316938076456e-04 2.556063503212836112e-04
7.222695107817817188e+02 2.939684387330681876e-04 2.567153660672888654e-04
7.222700112822822121e+02 3.422708261879938200e-04 2.578305438060012771e-04
7.222705117827827053e+02 3.392615734143706089e-04 2.589517456825209877e-04
7.222710122832831985e+02 3.143265747196877734e-04 2.600788342001793783e-04
7.222715127837836917e+02 3.316239366213080924e-04 2.612116722777693321e-04
7.222720132842841849e+02 3.296069807179962622e-04 2.623501233052089867e-04
7.222725137847846781e+02 3.229482350641958493e-04 2.634940511976243413e-04
7.222730142852852850e+02 3.378345931792727007e-04 2.646433204481027932e-04
7.222735147857857783e+02 2.952208591222325656e-04 2.657977961775406339e-04
7.222740152862862715e+02 3.433901903357699896e-04 2.669573441854967933e-04
7.222745157867867647e+02 2.785231571556540261e-04 2.681218309968290371e-04
7.222750162872872579e+02 3.113619422188819799e-04 2.692911239080236058e-04
7.222755167877877511e+02 3.235032643116503618e-04 2.704650910316541181e-04
7.222760172882882443e+02 3.577066994309477908e-04 2.716436013392343357e-04
7.222765177887887376e+02 3.613077180129210938e-04 2.728265247024680993e-04
7.222770182892892308e+02 3.054965238068734087e-04 2.740137319329028300e-04
7.222775187897897240e+02 3.415170878559510331e-04 2.752050948199958138e-04
7.222780192902902172e+02 3.057890859348753139e-04 2.764004861676012904e-04
7.222785197907907104e+02 3.331496622802738398e-04 2.775997798288923346e-04
7.222790202912912036e+02 2.893628254770466745e-04 2.788028507397273406e-04
7.222795207917916969e+02 3.167834000685441085e-04 2.800095749504785659e-04
7.222800212922921901e+02 2.967567255052598889e-04 2.812198296563369368e-04
7.222805217927926833e+02 2.868108415919583135e-04 2.824334932261102476e-04
7.222810222932932902e+02 3.229001073945551512e-04 2.836504452298111724e-04
7.222815227937937834e+02 3.358596725551643222e-04 2.848705664633927417e-04
7.222820232942942766e+02 3.314403875250762220e-04 2.860937389748022621e-04
7.222825237947947699e+02 3.428556461428008137e-04 2.873198460858452838e-04
7.222830242952952631e+02 3.541883836164517194e-04 2.885487724140272867e-04
7.222835247957957563e+02 3.190682139205314508e-04 2.897804038927396814e-04
7.222840252962962495e+02 2.997712010361739277e-04 2.910146277900900707e-04
7.222845257967967427e+02 3.396784349815783676e-04 2.922513327264021393e-04
7.222850262972972359e+02 2.944123001442326281e-04 2.934904086904108157e-04
7.222855267977977292e+02 3.559743774414392725e-04 2.947317470541787254e-04
7.222860272982982224e+02 3.090599268677663315e-04 2.959752405867611502e-04
7.222865277987987156e+02 3.618437741611960708e-04 2.972207834666464347e-04
7.222870282992992088e+02 3.304487128937780857e-04 2.984682712929997593e-04
7.222875287997997020e+02 3.747981378845661495e-04 2.997176010957391186e-04
7.222880293003001952e+02 3.448360946180782411e-04 3.009686713444697441e-04
7.222885298008008021e+02 3.417180643801240314e-04 3.022213819565934480e-04
7.222890303013012954e+02 3.211391036080643102e-04 3.034756343029109673e-04
7.222895308018017886e+02 3.464308336079629331e-04 3.047313312150170357e-04
7.222900313023022818e+02 2.854184700818492167e-04 3.059883769888265340e-04
7.222905318028027750e+02 3.041590069492960914e-04 3.072466773885261363e-04
7.222910323033032682e+02 3.674610480489351894e-04 3.085061396492774972e-04
7.222915328038037615e+02 3.247898792098360358e-04 3.097666724789818445e-04
7.222920333043042547e+02 3.532749851227579918e-04 3.110281860591379631e-04
7.222925338048047479e+02 3.759240927461317662e-04 3.122905920448219201e-04
7.222930343053052411e+02 3.177303106862258328e-04 3.135538035638152040e-04
7.222935348058057343e+02 3.665128285779957560e-04 3.148177352149140735e-04
7.222940353063062275e+02 3.070472517211779895e-04 3.160823030654442414e-04
7.222945358068067208e+02 3.435152702029590946e-04 3.173474246480128755e-04
7.222950363073072140e+02 3.587233658089243040e-04 3.186130189565237764e-04
7.222955368078077072e+02 3.560262388068227962e-04 3.198790064414828906e-04
7.222960373083082004e+02 3.755740580329461711e-04 3.211453090046247332e-04
7.222965378088088073e+02 4.347438206267867605e-04 3.224118499931705076e-04
7.222970383093093005e+02 3.864003127475354568e-04 3.236785541920213075e-04
7.222975388098097937e+02 3.559933705477291970e-04 3.249453478182272228e-04
7.222980393103102870e+02 3.763272791555735252e-04 3.262121585120033684e-04
7.222985398108107802e+02 3.399530659249039256e-04 3.274789153286362616e-04
7.222990403113112734e+02 2.938505266934975861e-04 3.287455487295764503e-04
7.222995408118117666e+02 3.350510407725997074e-04 3.300119905730319208e-04
7.223000413123122598e+02 3.739836083469736403e-04 3.312781741040862456e-04
7.223005418128127531e+02 3.222890409159209508e-04 3.325440339443632093e-04
7.223010423133132463e+02 4.315758466803963807e-04 3.338095060812645300e-04
7.223015428138137395e+02 3.455564830003275147e-04 3.350745278567994327e-04
7.223020433143142327e+02 3.619554050805178077e-04 3.363390379560328002e-04
7.223025438148147259e+02 3.594606033132711174e-04 3.376029763951689244e-04
7.223030443153152191e+02 3.795443850451112977e-04 3.388662845092960097e-04
7.223035448158157124e+02 4.217035820794481156e-04 3.401289049398106205e-04
7.223040453163162056e+02 4.243640653880607341e-04 3.413907816215410460e-04
7.223045458168168125e+02 3.667021962923655001e-04 3.426518597698784705e-04
7.223050463173173057e+02 3.528304034256139819e-04 3.439120858662143496e-04
7.223055468178177989e+02 3.568757968668038127e-04 3.451714076460004710e-04
7.223060473183182921e+02 4.457775282229717220e-04 3.464297740837192561e-04
7.223065478188187853e+02 3.460212364967801802e-04 3.476871353790818666e-04
7.223070483193192786e+02 3.649939619431410076e-04 3.489434429427492072e-04
7.223075488198197718e+02 3.775755415734020665e-04 3.501986493818801615e-04
7.223080493203202650e+02 3.398605328081263834e-04 3.514527084855252202e-04
7.223085498208207582e+02 4.284399658116824425e-04 3.527055752098768866e-04
7.223090503213212514e+02 4.024760080976929537e-04 3.539572056633959402e-04
7.223095508218217446e+02 3.462360199712590045e-04 3.552075570918260825e-04
7.223100513223222379e+02 3.768638370764044077e-04 3.564565878631113837e-04
7.223105518228227311e+02 3.436672612634497593e-04 3.577042574522307336e-04
7.223110523233232243e+02 3.486827500178486154e-04 3.589505264259627414e-04
7.223115528238237175e+02 3.869134534913632904e-04 3.601953564275914917e-04
7.223120533243243244e+02 4.024981318239104515e-04 3.614387101618513672e-04
7.223125538248248176e+02 4.246672040814534967e-04 3.626805513784253838e-04
7.223130543253253109e+02 3.467494924496585082e-04 3.639208448582461871e-04
7.223135548258258041e+02 3.618506153633353610e-04 3.651595563969613732e-04
7.223140553263262973e+02 4.049638573505849951e-04 3.663966527898096818e-04
7.223145558268267905e+02 4.010978379366572882e-04 3.676321018162255418e-04
7.223150563273272837e+02 3.492090496859732822e-04 3.688658722244610188e-04
7.223155568278277769e+02 3.854444649051239243e-04 3.700979337162373616e-04
7.223160573283282702e+02 3.790347085072009233e-04 3.713282569314319470e-04
7.223165578288287634e+02 3.625607019198570343e-04 3.725568134328123343e-04
7.223170583293292566e+02 4.112709311285932126e-04 3.737835756908223605e-04
7.223175588298297498e+02 3.521947603942748991e-04 3.750085170684301986e-04
7.223180593303302430e+02 3.475282327016800793e-04 3.762316118060443941e-04
7.223185598308307362e+02 3.960565643545476766e-04 3.774528350065054177e-04
7.223190603313312295e+02 3.588870728082687537e-04 3.786721626201589117e-04
7.223195608318317227e+02 3.581930760607018763e-04 3.798895714300176783e-04
7.223200613323323296e+02 3.987351787669425975e-04 3.811050390372933269e-04
7.223205618328328228e+02 4.183377555244139354e-04 3.823185438456474248e-04
7.223210623333333160e+02 3.924591664498540671e-04 3.835300650483090064e-04
7.223215628338338092e+02 4.151631309276185419e-04 3.847395826125402877e-04
7.223220633343343025e+02 4.115403287269904595e-04 3.859470772655983618e-04
7.223225638348347957e+02 3.470020730356977246e-04 3.871525304805394693e-04
7.223230643353352889e+02 3.640977446506173392e-04 3.883559244621469751e-04
7.223235648358357821e+02 4.035875486765126002e-04 3.895572421329864150e-04
7.223240653363362753e+02 4.024100209616272546e-04 3.907564671195909705e-04
7.223245658368367685e+02 3.781144676760040757e-04 3.919535837387816022e-04
7.223250663373372618e+02 4.133956762231932132e-04 3.931485769841242808e-04
7.223255668378377550e+02 3.743522556631355153e-04 3.943414325125270794e-04
7.223260673383382482e+02 3.501470189739263597e-04 3.955321366309807606e-04
7.223265678388387414e+02 3.518122116105922882e-04 3.967206762834437793e-04
7.223270683393392346e+02 3.568493790478269919e-04 3.979070390378758207e-04
7.223275688398397278e+02 3.938852370389435008e-04 3.990912130734195493e-04
7.223280693403403347e+02 3.959001886898600971e-04 4.002731871680032449e-04
7.223285698408408280e+02 3.437885651995213360e-04 4.014529506847541772e-04
7.223290703413413212e+02 4.051896908326797168e-04 4.026304935612505845e-04
7.223295708418418144e+02 3.647987248610587625e-04 4.038058062962447507e-04
7.223300713423423076e+02 3.501630075834063572e-04 4.049788799378851545e-04
7.223305718428428008e+02 3.453544561471115926e-04 4.061497060718287887e-04
7.223310723433432941e+02 4.423167538293758727e-04 4.073182768095113399e-04
7.223315728438437873e+02 4.291040492103257321e-04 4.084845847765768536e-04
7.223320733443442805e+02 4.162089759938576152e-04 4.096486231014677534e-04
7.223325738448447737e+02 3.964253772559553704e-04 4.108103854041738581e-04
7.223330743453452669e+02 4.151393631768500545e-04 4.119698657851433247e-04
7.223335748458457601e+02 4.137893457467085715e-04 4.131270588143530769e-04
7.223340753463462534e+02 4.501560215817684407e-04 4.142819595205398048e-04
7.223345758468467466e+02 3.803582586406362718e-04 4.154345633805925646e-04
7.223350763473472398e+02 3.799304904345309885e-04 4.165848663091041050e-04
7.223355768478478467e+02 3.561686066449720181e-04 4.177328646483437864e-04
7.223360773483483399e+02 3.919329057804924409e-04 4.188785551570861241e-04
7.223365778488488331e+02 4.200225828461809710e-04 4.200219350022063786e-04
7.223370783493493263e+02 3.719509871605654371e-04 4.211630017478258485e-04
7.223375788498498196e+02 4.129105711158753515e-04 4.223017533459191017e-04
7.223380793503503128e+02 4.252688356818467154e-04 4.234381881268178827e-04
7.223385798508508060e+02 4.166627117955128200e-04 4.245723047898713608e-04
7.223390803513512992e+02 4.325063247103406289e-04 4.257041023942605531e-04
7.223395808518517924e+02 4.527301991427889940e-04 4.268335803499675703e-04
7.223400813523522856e+02 4.533844021131429487e-04 4.279607384088989831e-04
7.223405818528527789e+02 4.210555092118027014e-04 4.290855766561599456e-04
7.223410823533532721e+02 4.614944470452854572e-04 4.302080955014792952e-04
7.223415828538537653e+02 3.760002990144167747e-04 4.313282956707864394e-04
7.223420833543542585e+02 4.127875801189352200e-04 4.324461781979345573e-04
7.223425838548547517e+02 4.191280832031722735e-04 4.335617444165716845e-04
7.223430843553552450e+02 3.954925947674382087e-04 4.346749959521585462e-04
7.223435848558558519e+02 3.812614869171062249e-04 4.357859347143823946e-04
7.223440853563563451e+02 3.845780360990166827e-04 4.368945628884525999e-04
7.223445858568568383e+02 4.145456299652714588e-04 4.380008829290618069e-04
7.223450863573573315e+02 3.882774493724400525e-04 4.391048975519629312e-04
7.223455868578578247e+02 4.150736168399951132e-04 4.402066097269468356e-04
7.223460873583583179e+02 4.773333684551615960e-04 4.413060226707059492e-04
7.223465878588588112e+02 4.623255979774553966e-04 4.424031398398318386e-04
7.223470883593593044e+02 4.048369323628598759e-04 4.434979649239483056e-04
7.223475888598597976e+02 4.068780648083262976e-04 4.445905018389759438e-04
7.223480893603602908e+02 4.348235154306500185e-04 4.456807547205284795e-04
7.223485898608607840e+02 4.215523532886466607e-04 4.467687279174375374e-04
7.223490903613612772e+02 4.483374379187750683e-04 4.478544259854054499e-04
7.223495908618617705e+02 4.500294521194108223e-04 4.489378536807837254e-04
7.223500913623622637e+02 4.950685095450760385e-04 4.500190159544765795e-04
7.223505918628627569e+02 4.148205163441608849e-04 4.510979179459664390e-04
7.223510923633633638e+02 4.023776927421158275e-04 4.521745649777043343e-04
7.223515928638638570e+02 4.352028930648313811e-04 4.532489625483988502e-04
7.223520933643643502e+02 4.503172802143920461e-04 4.543211163288669386e-04
7.223525938648648435e+02 4.926063980672393608e-04 4.553910321555545092e-04
7.223530943653653367e+02 4.845572190777020947e-04 4.564587160253949808e-04
7.223535948658658299e+02 4.830132904253683435e-04 4.575241740905364261e-04
7.223540953663663231e+02 3.864157273014190474e-04 4.585874126531783298e-04
7.223545958668668163e+02 3.874243698227371950e-04 4.596484381605183398e-04
7.223550963673673095e+02 4.440769127662668207e-04 4.607072571998068410e-04
7.223555968678678028e+02 4.209050638062189443e-04 4.617638764935070228e-04
7.223560973683682960e+02 4.061045482083351860e-04 4.628183028945588129e-04
7.223565978688687892e+02 4.276152262224094079e-04 4.638705433817470573e-04
7.223570983693692824e+02 4.051700494649995319e-04 4.649206050551691217e-04
7.223575988698697756e+02 4.211804207083510261e-04 4.659684951318018593e-04
7.223580993703702688e+02 4.375317031332816428e-04 4.670142209411677300e-04
7.223585998708707621e+02 3.852927105769185100e-04 4.680577899210959492e-04
7.223591003713713690e+02 4.826445937204708000e-04 4.690992096138144269e-04
7.223596008718718622e+02 4.479152218868122110e-04 4.701384876609531675e-04
7.223601013723723554e+02 4.157482949485371833e-04 4.711756318010038762e-04
7.223606018728728486e+02 4.386385928122880657e-04 4.722106498645036073e-04
7.223611023733733418e+02 4.861994323625960139e-04 4.732435497704894772e-04
7.223616028738738351e+02 4.811753882868602655e-04 4.742743395228039751e-04
7.223621033743743283e+02 4.927232071223440479e-04 4.753030272064857073e-04
7.223626038748748215e+02 4.307379489147135625e-04 4.763296209842428678e-04
7.223631043753753147e+02 4.188115903453353862e-04 4.773541290930099199e-04
7.223636048758758079e+02 4.196408170478819208e-04 4.783765598405847813e-04
7.223641053763763011e+02 3.966583103714885292e-04 4.793969216023447207e-04
7.223646058768767944e+02 4.424524219352071221e-04 4.804152228180409690e-04
7.223651063773772876e+02 4.724993431545781346e-04 4.814314719886694403e-04
7.223656068778777808e+02 5.057912222276232488e-04 4.824456776734159383e-04
7.223661073783782740e+02 4.677839001880893703e-04 4.834578484866758471e-04
7.223666078788787672e+02 5.097139434911409717e-04 4.844679930951455962e-04
7.223671083793793741e+02 4.544328353542785364e-04 4.854761202152139076e-04
7.223676088798798673e+02 4.456076224554602130e-04 4.864822386092779475e-04
7.223681093803803606e+02 5.031106591966169692e-04 4.874863570844178897e-04
7.223686098808808538e+02 5.402464466495236588e-04 4.884884844888475082e-04
7.223691103813813470e+02 4.539022887284090797e-04 4.894886297095757703e-04
7.223696108818818402e+02 4.391980722390789954e-04 4.904868016699048773e-04
7.223701113823823334e+02 4.987035359870959327e-04 4.914830093269889665e-04
7.223706118828828266e+02 4.472498421708864542e-04 4.924772616694577569e-04
7.223711123833833199e+02 4.602431845284810823e-04 4.934695677150984167e-04
7.223716128838838131e+02 4.973096401467112793e-04 4.944599365085972781e-04
7.223721133843843063e+02 4.573828212992189475e-04 4.954483771193415095e-04
7.223726138848847995e+02 4.506588661333196279e-04 4.964348986392754307e-04
7.223731143853852927e+02 4.485734303140794703e-04 4.974195101808141827e-04
7.223736148858857860e+02 4.059475135138041054e-04 4.984022208748126919e-04
7.223741153863862792e+02 5.124367801861494202e-04 4.993830398685862419e-04
7.223746158868868861e+02 4.960327250127173800e-04 5.003619763242083849e-04
7.223751163873873793e+02 4.016034228542339924e-04 5.013390394157473100e-04
7.223756168878878725e+02 5.010220322831167739e-04 5.023142383287765430e-04
7.223761173883883657e+02 4.776436730871245909e-04 5.032875822577108447e-04
7.223766178888888589e+02 4.790758585271318493e-04 5.042590804043031814e-04
7.223771183893893522e+02 4.327123886411740660e-04 5.052287419759662716e-04
7.223776188898898454e+02 4.479155133158268121e-04 5.061965761841405367e-04
7.223781193903903386e+02 4.546700189436296059e-04 5.071625922427071536e-04
7.223786198908908318e+02 5.202865031492724755e-04 5.081267993664466453e-04
7.223791203913913250e+02 5.186837424948620694e-04 5.090892067695391033e-04
7.223796208918918182e+02 5.286168444291110356e-04 5.100498236641085384e-04
7.223801213923923115e+02 4.389374738168056985e-04 5.110086592588081048e-04
7.223806218928928047e+02 4.835206305141994234e-04 5.119657227574463077e-04
7.223811223933932979e+02 4.757515204532128134e-04 5.129210233576533265e-04
7.223816228938937911e+02 5.196948309468701378e-04 5.138745702495852840e-04
7.223821233943942843e+02 5.024730755313751253e-04 5.148263726146677655e-04
7.223826238948948912e+02 5.407941371252176881e-04 5.157764396245919552e-04
7.223831243953953845e+02 4.601283406841557688e-04 5.167247804392685303e-04
7.223836248958958777e+02 5.365093376866922033e-04 5.176714042069748955e-04
7.223841253963963709e+02 5.036355905183151262e-04 5.186163200623791162e-04
7.223846258968968641e+02 5.554401107331404658e-04 5.195595371256776524e-04
7.223851263973973573e+02 5.197639548874684844e-04 5.205010645015499711e-04
7.223856268978978505e+02 4.928726653176642358e-04 5.214409112781454676e-04
7.223861273983983438e+02 4.428044689893644720e-04 5.223790865261039975e-04
7.223866278988988370e+02 4.913058645719281959e-04 5.233155992976050311e-04
7.223871283993993302e+02 5.151589385888372292e-04 5.242504586254493346e-04
7.223876288998998234e+02 4.736846907024622254e-04 5.251836735221688396e-04
7.223881294004003166e+02 5.442826970704236177e-04 5.261152529791667627e-04
7.223886299009008098e+02 4.577594866069632394e-04 5.270452059658855886e-04
7.223891304014013031e+02 5.480011400165842646e-04 5.279735414290020502e-04
7.223896309019017963e+02 4.663839382742388049e-04 5.289002682916508396e-04
7.223901314024024032e+02 5.340184005074513499e-04 5.298253954528833742e-04
7.223906319029028964e+02 5.283150329876208943e-04 5.307489317861022095e-04
7.223911324034033896e+02 5.017283426831501986e-04 5.316708861396228719e-04
7.223916329039038828e+02 4.750181714545052272e-04 5.325912673351576023e-04
7.223921334044043761e+02 4.850181333112400686e-04 5.335100841673744111e-04
7.223926339049048693e+02 4.820289394729716532e-04 5.344273454032697586e-04
7.223931344054053625e+02 4.934736164643366329e-04 5.353430597815634620e-04
7.223936349059058557e+02 4.283772228874838280e-04 5.362572360121173462e-04
7.223941354064063489e+02 5.071245313062004972e-04 5.371698827753740605e-04
7.223946359069068421e+02 5.341313916092460881e-04 5.380810087218175801e-04
7.223951364074073354e+02 4.914657552228280258e-04 5.389906224714560408e-04
7.223956369079078286e+02 5.131569290725974649e-04 5.398987326133230071e-04
7.223961374084083218e+02 4.912689498432427958e-04 5.408053477049987959e-04
7.223966379089088150e+02 5.069640183533075280e-04 5.417104762721524020e-04
7.223971384094093082e+02 5.295307380619178501e-04 5.426141268081007690e-04
7.223976389099098014e+02 5.228866815755422830e-04 5.435163077733875777e-04
7.223981394104104083e+02 5.543815349161572165e-04 5.444170275955833183e-04
7.223986399109109016e+02 4.908744040578275373e-04 5.453162946680809595e-04
7.223991404114113948e+02 5.128607185124174975e-04 5.462141173509548527e-04
7.223996409119118880e+02 5.338202605800593291e-04 5.471105039697886016e-04
7.224001414124123812e+02 5.142253972963351438e-04 5.480054628155433313e-04
7.224006419129128744e+02 6.007266507219361819e-04 5.488990021442378487e-04
7.224011424134133676e+02 5.972685188992104665e-04 5.497911301766418134e-04
7.224016429139138609e+02 4.826165169880179901e-04 5.506818550979866896e-04
7.224021434144143541e+02 4.573424954024664585e-04 5.515711850576898159e-04
7.224026439149148473e+02 5.472310073100047261e-04 5.524591281690918124e-04
7.224031444154153405e+02 5.132045587852351659e-04 5.533456925092101412e-04
7.224036449159158337e+02 4.878100366195054763e-04 5.542308861185043763e-04
7.224041454164163270e+02 4.988608026313453431e-04 5.551147170006557859e-04
7.224046459169168202e+02 4.876927974442588662e-04 5.559971931223577557e-04
7.224051464174173134e+02 5.737172333498397319e-04 5.568783224131217168e-04
7.224056469179178066e+02 5.097629898174931354e-04 5.577581127650928314e-04
7.224061474184184135e+02 5.269444413509713964e-04 5.586365720330770980e-04
7.224066479189189067e+02 5.214784471540493804e-04 5.595137080335843257e-04
7.224071484194193999e+02 5.375572957829093720e-04 5.603895285458755822e-04
7.224076489199198932e+02 5.586923432963260012e-04 5.612640413110265517e-04
7.224081494204203864e+02 4.611072894157001610e-04 5.621372540319999594e-04
7.224086499209208796e+02 5.518429864039163177e-04 5.630091743735285859e-04
7.224091504214213728e+02 5.416337794987805421e-04 5.638798099620074980e-04
7.224096509219218660e+02 5.342273929364650155e-04 5.647491683853963617e-04
7.224101514224223592e+02 5.593228405565892937e-04 5.656172571931325976e-04
7.224106519229228525e+02 6.096925479653829243e-04 5.664840838960519091e-04
7.224111524234233457e+02 6.403549733342576902e-04 5.673496559663178092e-04
7.224116529239238389e+02 5.209160542154265931e-04 5.682139808373623145e-04
7.224121534244243321e+02 5.493244422623379860e-04 5.690770659038319520e-04
7.224126539249248253e+02 5.494484303533960553e-04 5.699389185215435237e-04
7.224131544254253185e+02 4.985971932917538426e-04 5.707995460074484365e-04
7.224136549259259255e+02 5.383501003972462288e-04 5.716589556397986931e-04
7.224141554264264187e+02 5.814737403523031123e-04 5.725171546573453417e-04
7.224146559269269119e+02 6.368278770055339159e-04 5.733741502604960787e-04
7.224151564274274051e+02 5.910857003355934284e-04 5.742299496105272502e-04
7.224156569279278983e+02 5.738865608859945646e-04 5.750845598297803099e-04
7.224161574284283915e+02 6.275212618737028691e-04 5.759379880016674566e-04
7.224166579289288848e+02 5.303008441772954920e-04 5.767902411706862711e-04
7.224171584294293780e+02 5.482597801761053026e-04 5.776413263424390147e-04
7.224176589299298712e+02 5.458578024869883884e-04 5.784912504836587591e-04
7.224181594304303644e+02 6.062819329687899701e-04 5.793400205222405024e-04
7.224186599309308576e+02 5.670834264843811409e-04 5.801876433472799837e-04
7.224191604314313508e+02 5.134703965374607737e-04 5.810341258091155335e-04
7.224196609319318441e+02 5.861619735217484320e-04 5.818794747193772963e-04
7.224201614324323373e+02 5.286354665296916786e-04 5.827236968510411154e-04
7.224206619329328305e+02 5.364407439091140040e-04 5.835667989384869716e-04
7.224211624334333237e+02 6.096093705448087010e-04 5.844087876775624088e-04
7.224216629339339306e+02 5.298424728494378682e-04 5.852496697258429597e-04
7.224221634344344238e+02 5.965872046786902146e-04 5.860894517019403158e-04
7.224226639349349171e+02 5.872629316320040344e-04 5.869281401867262838e-04
7.224231644354354103e+02 6.411722716310475903e-04 5.877657417226502803e-04
7.224236649359359035e+02 6.256056621884140178e-04 5.886022628140168871e-04
7.224241654364363967e+02 5.630740831006823648e-04 5.894377099270746477e-04
7.224246659369368899e+02 5.564226669117309110e-04 5.902720894901110436e-04
7.224251664374373831e+02 5.899490707209795138e-04 5.911054078935492045e-04
7.224256669379378764e+02 6.352937588838599315e-04 5.919376714900500408e-04
7.224261674384383696e+02 4.544823739116190912e-04 5.927688865946157846e-04
7.224266679389388628e+02 6.061195985276892316e-04 5.935990594846989521e-04
7.224271684394393560e+02 6.293088845613617390e-04 5.944281964003131488e-04
7.224276689399398492e+02 5.598125679429403166e-04 5.952563035441475617e-04
7.224281694404403424e+02 5.903293565005393812e-04 5.960833870816845950e-04
7.224286699409408357e+02 5.870159044017274211e-04 5.969094531413201080e-04
7.224291704414414426e+02 6.104298581696797473e-04 5.977345078146734970e-04
7.224296709419419358e+02 5.795964065609365400e-04 5.985585571559647131e-04
7.224301714424424290e+02 5.767505604099016497e-04 5.993816071832665151e-04
7.224306719429429222e+02 5.729428989271221967e-04 6.002036638778863661e-04
7.224311724434434154e+02 6.598109202555255777e-04 6.010247331846858398e-04
7.224316729439439086e+02 5.264049129203716331e-04 6.018448210122177714e-04
7.224321734444444019e+02 5.911963956559934241e-04 6.026639332328629760e-04
7.224326739449448951e+02 6.325523919297478632e-04 6.034820756829700024e-04
7.224331744454453883e+02 5.722878094659572534e-04 6.042992541629983554e-04
7.224336749459458815e+02 5.876501636556366766e-04 6.051154744376609608e-04
7.224341754464463747e+02 6.566241052878799434e-04 6.059307422360703157e-04
7.224346759469468680e+02 6.327346325579450738e-04 6.067450632518858310e-04
7.224351764474473612e+02 6.270137019663695214e-04 6.075584431434634522e-04
7.224356769479478544e+02 6.433839985064580477e-04 6.083708875340060373e-04
7.224361774484483476e+02 6.285469522708448699e-04 6.091824020117155795e-04
7.224366779489488408e+02 6.747049716621406502e-04 6.099929921299467300e-04
7.224371784494494477e+02 5.503209226460708484e-04 6.108026634075466952e-04
7.224376789499499409e+02 6.189944478635291299e-04 6.116114213282752973e-04
7.224381794504504342e+02 6.136866047948144956e-04 6.124192713420663348e-04
7.224386799509509274e+02 6.515605843760778311e-04 6.132262188644512207e-04
7.224391804514514206e+02 5.561452702349353088e-04 6.140322692769024579e-04
7.224396809519519138e+02 6.468014757969162056e-04 6.148374279269945347e-04
7.224401814524524070e+02 5.785184999285545877e-04 6.156417001285668803e-04
7.224406819529529002e+02 5.752605263162792601e-04 6.164450911618858447e-04
7.224411824534533935e+02 5.643809473687498145e-04 6.172476062738093891e-04
7.224416829539538867e+02 5.526933689238038754e-04 6.180492506779514507e-04
7.224421834544543799e+02 5.610474996025325862e-04 6.188500295548476091e-04
7.224426839549548731e+02 6.409576239704827547e-04 6.196499480521210773e-04
7.224431844554553663e+02 6.273244261015382354e-04 6.204490112846495608e-04
7.224436849559558596e+02 6.890537549547575812e-04 6.212472243347333086e-04
7.224441854564563528e+02 5.769867809399805781e-04 6.220445922522625142e-04
7.224446859569568460e+02 6.270451844930462855e-04 6.228411200548862343e-04
7.224451864574574529e+02 5.786384345622559971e-04 6.236368127283619354e-04
7.224456869579579461e+02 5.440327993820905355e-04 6.244316752260022259e-04
7.224461874584584393e+02 7.596805963514248299e-04 6.252257124699297109e-04
7.224466879589589325e+02 6.033047575948033339e-04 6.260189293505228573e-04
7.224471884594594258e+02 5.628752162113574188e-04 6.268113307267686842e-04
7.224476889599599190e+02 6.693632969084219696e-04 6.276029214264326576e-04
7.224481894604604122e+02 6.493654616363551740e-04 6.283937062462297777e-04
7.224486899609609054e+02 6.752988400148885514e-04 6.291836899519963160e-04
7.224491904614613986e+02 6.441577350674359756e-04 6.299728772788605775e-04
7.224496909619618918e+02 6.677211102920908078e-04 6.307612729314145301e-04
7.224501914624623851e+02 5.505489955332427444e-04 6.315488815838853250e-04
7.224506919629628783e+02 7.430122043017049283e-04 6.323357078803072510e-04
7.224511924634633715e+02 7.024869226169545107e-04 6.331217564346921720e-04
7.224516929639638647e+02 6.302597894029640961e-04 6.339070318312025644e-04
7.224521934644643579e+02 6.398978718728979371e-04 6.346915386243222800e-04
7.224526939649649648e+02 7.295813291085775009e-04 6.354752813392057671e-04
7.224531944654654581e+02 6.547326445415005674e-04 6.362582644711375955e-04
7.224536949659659513e+02 6.129915140141440873e-04 6.370404924867724590e-04
7.224541954664664445e+02 6.871299887152623048e-04 6.378219698235928570e-04
7.224546959669669377e+02 6.928994611035852944e-04 6.386027008902586417e-04
7.224551964674674309e+02 7.138130201509048072e-04 6.393826900667777795e-04
7.224556969679679241e+02 6.242613724601922239e-04 6.401619417046767882e-04
7.224561974684684174e+02 6.280369932217527837e-04 6.409404601271701972e-04
7.224566979689689106e+02 7.172145415977138148e-04 6.417182496293309842e-04
7.224571984694694038e+02 6.933602265974930096e-04 6.424953144782602531e-04
7.224576989699698970e+02 6.824643194399499999e-04 6.432716589132559358e-04
7.224581994704703902e+02 6.298228332048650627e-04 6.440472871459820359e-04
7.224586999709708834e+02 6.239366919311851566e-04 6.448222033606371140e-04
7.224592004714713767e+02 5.735282822174265268e-04 6.455964117141222303e-04
7.224597009719718699e+02 6.989492329583753879e-04 6.463699163362086712e-04
7.224602014724723631e+02 6.795102106993351808e-04 6.471427213297055664e-04
7.224607019729729700e+02 7.133492611844277674e-04 6.479148307708019550e-04
7.224612024734734632e+02 6.105229988352678123e-04 6.486862487085308642e-04
7.224617029739739564e+02 6.825791064406670425e-04 6.494569791659891454e-04
7.224622034744744496e+02 6.512700070218251959e-04 6.502270261398000349e-04
7.224627039749749429e+02 6.418665475032747560e-04 6.509963936004539188e-04
7.224632044754754361e+02 7.012584229178708221e-04 6.517650854924726981e-04
7.224637049759759293e+02 7.065497673159491700e-04 6.525331057345738284e-04
7.224642054764764225e+02 7.026341426732128116e-04 6.533004582198329501e-04
7.224647059769769157e+02 5.982827672719260095e-04 6.540671468158479286e-04
7.224652064774774090e+02 7.019801858693248660e-04 6.548331753648995324e-04
7.224657069779779022e+02 6.397055477433612625e-04 6.555985476841148232e-04
7.224662074784783954e+02 6.513748177685637231e-04 6.563632675656259907e-04
7.224667079789788886e+02 7.379713035252373054e-04 6.571273387767325499e-04
7.224672084794793818e+02 6.865249129975513559e-04 6.578907650600608267e-04
7.224677089799798750e+02 7.104976667301894340e-04 6.586535501337220351e-04
7.224682094804804819e+02 6.496497641489759481e-04 6.594156976916451269e-04
7.224687099809809752e+02 6.473387558583653875e-04 6.601772114030417379e-04
7.224692104814814684e+02 6.830932404189593316e-04 6.609380949136023885e-04
7.224697109819819616e+02 6.701106441958942393e-04 6.616983518449600201e-04
7.224702114824824548e+02 6.499815540176848063e-04 6.624579857950192675e-04
7.224707119829829480e+02 6.508332951787417680e-04 6.632170003381122588e-04
7.224712124834834412e+02 6.967547212721411382e-04 6.639753990251517045e-04
7.224717129839839345e+02 6.353321867475202880e-04 6.647331853837863723e-04
7.224722134844844277e+02 6.828498311357289463e-04 6.654903629185535260e-04
7.224727139849849209e+02 7.151249915645143404e-04 6.662469351110310387e-04
7.224732144854854141e+02 6.161988378045833974e-04 6.670029054199892900e-04
7.224737149859859073e+02 7.323173859665653646e-04 6.677582772815424117e-04
7.224742154864864006e+02 6.840557635045861964e-04 6.685130541092985587e-04
7.224747159869868938e+02 7.169618673784420833e-04 6.692672392945092034e-04
7.224752164874873870e+02 6.871152502070182683e-04 6.700208362062178881e-04
7.224757169879878802e+02 7.346221170758165855e-04 6.707738481914084358e-04
7.224762174884884871e+02 6.515957952698298462e-04 6.715262785753235968e-04
7.224767179889889803e+02 6.798119876898366023e-04 6.722781306609270681e-04
7.224772184894894735e+02 7.508245051640752635e-04 6.730294077300760574e-04
7.224777189899899668e+02 7.617576803665164400e-04 6.737801130429813511e-04
7.224782194904904600e+02 6.722744074946063577e-04 6.745302498385232501e-04
7.224787199909909532e+02 7.388623357681699559e-04 6.752798213343955526e-04
7.224792204914914464e+02 7.102232504565057477e-04 6.760288307272474756e-04
7.224797209919919396e+02 7.816850383696145139e-04 6.767772811928261193e-04
7.224802214924924328e+02 6.368716692330617709e-04 6.775251758861179554e-04
7.224807219929929261e+02 7.550930798167396728e-04 6.782725179414890145e-04
7.224812224934934193e+02 7.401847323886671416e-04 6.790193104728242061e-04
7.224817229939939125e+02 7.328187539974599434e-04 6.797655565736676142e-04
7.224822234944944057e+02 8.072711429444777908e-04 6.805112593173594324e-04
7.224827239949948989e+02 8.277737539356905348e-04 6.812564217571735487e-04
7.224832244954953921e+02 6.630736182503505719e-04 6.820010469264548058e-04
7.224837249959958854e+02 7.089071863991196036e-04 6.827451378387542008e-04
7.224842254964964923e+02 7.029749854864951247e-04 6.834886974881332214e-04
7.224847259969969855e+02 7.480422739140743429e-04 6.842317288486221777e-04
7.224852264974974787e+02 7.892674050662581682e-04 6.849742348753678307e-04
7.224857269979979719e+02 7.000323080144372611e-04 6.857162185040902068e-04
7.224862274984984651e+02 7.214009579851356343e-04 6.864576826513825968e-04
7.224867279989989584e+02 7.395711382027823997e-04 6.871986302148440449e-04
7.224872284994994516e+02 8.209228429724257751e-04 6.879390640732089114e-04
7.224877289999999448e+02 7.052461890199369400e-04 6.886789870864770853e-04
