7.217974020000000337e+02 1.498509412724389903e-04 1.051076084059344870e-04
7.217979025005005269e+02 1.835863067827982621e-04 1.056510664738208143e-04
7.217984030010010201e+02 1.469060927214876119e-04 1.061942057209956788e-04
7.217989035015015133e+02 1.372924146454953609e-04 1.067370236760900647e-04
7.217994040020020066e+02 1.625328476189216199e-04 1.072795178454561326e-04
7.217999045025024998e+02 1.575083956752142697e-04 1.078216857129405543e-04
7.218004050030029930e+02 1.446297188610775578e-04 1.083635247396557317e-04
7.218009055035034862e+02 1.378475730700744911e-04 1.089050323637477105e-04
7.218014060040040931e+02 1.512288721207076514e-04 1.094462060002855100e-04
7.218019065045045863e+02 1.416493147735767906e-04 1.099870430405320919e-04
7.218024070050050796e+02 1.366853072972652131e-04 1.105275408524432020e-04
7.218029075055055728e+02 1.383533358742958458e-04 1.110676967799328229e-04
7.218034080060060660e+02 1.499328444443335780e-04 1.116075081427518384e-04
7.218039085065065592e+02 1.592488033574952365e-04 1.121469722362404694e-04
7.218044090070070524e+02 1.474056276141377732e-04 1.126860863310780538e-04
7.218049095075075456e+02 1.200420325866921476e-04 1.132248476730299529e-04
7.218054100080080389e+02 1.832718469031630645e-04 1.137632534826919100e-04
7.218059105085085321e+02 1.158995359352095375e-04 1.143013009552311702e-04
7.218064110090090253e+02 1.370587913301222127e-04 1.148389872601250926e-04
7.218069115095095185e+02 1.426841701245719189e-04 1.153763095408968085e-04
7.218074120100100117e+02 1.100028986551169227e-04 1.159132649148474775e-04
7.218079125105105049e+02 1.208483562366217636e-04 1.164498504727861180e-04
7.218084130110109982e+02 1.508472892659726804e-04 1.169860632787562933e-04
7.218089135115114914e+02 1.597617448065045747e-04 1.175219003697596128e-04
7.218094140120120983e+02 1.476046968334931075e-04 1.180573587555974388e-04
7.218099145125125915e+02 1.421418885802645511e-04 1.185924354181025259e-04
7.218104150130130847e+02 1.575300551512629149e-04 1.191271273115823102e-04
7.218109155135135779e+02 1.451107602068085257e-04 1.196614313620436782e-04
7.218114160140140712e+02 1.512902349119103686e-04 1.201953444670222318e-04
7.218119165145145644e+02 1.818385811619369638e-04 1.207288634952871957e-04
7.218124170150150576e+02 1.214039568271428431e-04 1.212619852865420687e-04
7.218129175155155508e+02 1.762024450872264926e-04 1.217947066511228639e-04
7.218134180160160440e+02 1.410893710934902506e-04 1.223270243696926072e-04
7.218139185165165372e+02 1.380635465937011099e-04 1.228589351929323394e-04
7.218144190170170305e+02 1.559819859797366003e-04 1.233904358412286906e-04
7.218149195175175237e+02 1.447030438692692878e-04 1.239215230043582544e-04
7.218154200180180169e+02 1.866010215416553930e-04 1.244521933411680203e-04
7.218159205185185101e+02 1.409015471445883966e-04 1.249824434792523077e-04
7.218164210190190033e+02 1.512478593396515995e-04 1.255122700146266655e-04
7.218169215195194965e+02 1.671917041787641467e-04 1.260416695113971363e-04
7.218174220200201034e+02 1.530847084380604665e-04 1.265706385015466138e-04
7.218179225205205967e+02 1.681697444566443292e-04 1.270991734841170296e-04
7.218184230210210899e+02 1.694202120860431051e-04 1.276272709255881735e-04
7.218189235215215831e+02 1.651632161295182714e-04 1.281549272590523983e-04
7.218194240220220763e+02 1.711900369720607677e-04 1.286821388839854200e-04
7.218199245225225695e+02 1.481362030124912233e-04 1.292089021658932740e-04
7.218204250230230627e+02 1.553265664049522743e-04 1.297352134359556401e-04
7.218209255235235560e+02 1.528400800726286562e-04 1.302610689906643152e-04
7.218214260240240492e+02 1.492334872801154809e-04 1.307864650914591107e-04
7.218219265245245424e+02 1.587189539001207246e-04 1.313113979643581672e-04
7.218224270250250356e+02 1.383541267907651535e-04 1.318358637995847989e-04
7.218229275255255288e+02 1.358467107538892968e-04 1.323598587511903813e-04
7.218234280260260221e+02 1.346964090195226370e-04 1.328833789366727928e-04
7.218239285265265153e+02 1.734955153139807144e-04 1.334064204365903038e-04
7.218244290270270085e+02 1.821077184215794792e-04 1.339289792941718868e-04
7.218249295275276154e+02 1.599189979894507325e-04 1.344510515150406911e-04
7.218254300280281086e+02 1.678558594314148538e-04 1.349726330663416935e-04
7.218259305285286018e+02 1.542060507342180628e-04 1.354937198770488527e-04
7.218264310290290950e+02 1.390788175024391688e-04 1.360143078370838158e-04
7.218269315295295883e+02 1.404033583546763543e-04 1.365343927970216113e-04
7.218274320300300815e+02 1.514329296688552546e-04 1.370539705676737197e-04
7.218279325305305747e+02 1.706539842630627030e-04 1.375730369196665891e-04
7.218284330310310679e+02 1.380865339092900081e-04 1.380915875830153277e-04
7.218289335315315611e+02 1.386844936696345792e-04 1.386096182466922721e-04
7.218294340320320543e+02 1.713430660363376014e-04 1.391271245581916533e-04
7.218299345325325476e+02 1.428613133662636966e-04 1.396441021230885975e-04
7.218304350330330408e+02 1.502316033177601630e-04 1.401605465045934102e-04
7.218309355335335340e+02 1.724214015965359686e-04 1.406764532231012264e-04
7.218314360340340272e+02 1.454431998218430827e-04 1.411918177557364552e-04
7.218319365345345204e+02 1.524796250860381488e-04 1.417066355358919674e-04
7.218324370350350137e+02 1.639511471063711547e-04 1.422209019527634572e-04
7.218329375355356206e+02 1.743790892661822877e-04 1.427346123509953693e-04
7.218334380360361138e+02 1.931644331915041072e-04 1.432477620297379413e-04
7.218339385365366070e+02 1.572970360129917781e-04 1.437603462428658325e-04
7.218344390370371002e+02 1.492245324861236010e-04 1.442723601980252189e-04
7.218349395375375934e+02 1.268253969227824628e-04 1.447837990562576838e-04
7.218354400380380866e+02 1.543278227373537782e-04 1.452946579315031646e-04
7.218359405385385799e+02 1.449739242454169174e-04 1.458049318900969649e-04
7.218364410390390731e+02 1.753707079988368271e-04 1.463146159502611552e-04
7.218369415395395663e+02 1.387539427963070660e-04 1.468237050815904710e-04
7.218374420400400595e+02 1.555822550755445914e-04 1.473321942045325195e-04
7.218379425405405527e+02 1.538214315312983285e-04 1.478400781898624020e-04
7.218384430410410459e+02 1.945796617609496764e-04 1.483473518581513470e-04
7.218389435415415392e+02 1.931194510401437162e-04 1.488540099792297854e-04
7.218394440420420324e+02 1.556220844436937995e-04 1.493600472716443285e-04
7.218399445425425256e+02 1.443227936899201338e-04 1.498654584021090529e-04
7.218404450430431325e+02 1.460510787004100006e-04 1.503702379850647996e-04
7.218409455435436257e+02 1.357212792725696936e-04 1.508743805816604034e-04
7.218414460440441189e+02 1.711689350665952780e-04 1.513778806998731478e-04
7.218419465445446122e+02 1.678744275076826686e-04 1.518807327934769023e-04
7.218424470450451054e+02 1.581747543340439256e-04 1.523829312615775696e-04
7.218429475455455986e+02 1.553996013693907208e-04 1.528844704480273177e-04
7.218434480460460918e+02 1.526132451611543278e-04 1.533853446408325243e-04
7.218439485465465850e+02 1.773687637767261502e-04 1.538855480715554057e-04
7.218444490470470782e+02 1.405410594354121532e-04 1.543850749147090593e-04
7.218449495475475715e+02 1.615244209412471034e-04 1.548839192871461900e-04
7.218454500480480647e+02 1.369191450741922915e-04 1.553820752474410337e-04
7.218459505485485579e+02 1.765324288415520823e-04 1.558795367952647761e-04
7.218464510490490511e+02 1.558295082277518634e-04 1.563762978707543836e-04
7.218469515495495443e+02 1.338248553211042512e-04 1.568723523538742527e-04
7.218474520500500375e+02 1.396511779949132371e-04 1.573676940637717871e-04
7.218479525505505308e+02 1.876554220701731417e-04 1.578623167581253860e-04
7.218484530510511377e+02 1.831010389935558826e-04 1.583562141325978970e-04
7.218489535515516309e+02 1.578314237120244108e-04 1.588493798197227619e-04
7.218494540520521241e+02 1.444864921880300635e-04 1.593418073889039347e-04
7.218499545525526173e+02 1.671511659679708519e-04 1.598334903452879865e-04
7.218504550530531105e+02 1.396332344032949068e-04 1.603244221291884753e-04
7.218509555535536037e+02 1.814143196623700010e-04 1.608145961153927884e-04
7.218514560540540970e+02 1.386382310790338474e-04 1.613040056124602300e-04
7.218519565545545902e+02 1.530203619974257912e-04 1.617926438620133865e-04
7.218524570550550834e+02 1.653674725882788715e-04 1.622805040380222554e-04
7.218529575555555766e+02 1.618773186784166313e-04 1.627675792460802956e-04
7.218534580560560698e+02 1.526929962894566222e-04 1.632538625226740553e-04
7.218539585565565631e+02 1.768048440227589879e-04 1.637393468344439085e-04
7.218544590570570563e+02 1.638229200765569261e-04 1.642240250774385576e-04
7.218549595575575495e+02 1.560787250111923092e-04 1.647078900763608079e-04
7.218554600580580427e+02 1.621832539098625521e-04 1.651909345838061601e-04
7.218559605585585359e+02 1.600391050314031477e-04 1.656731512794935141e-04
7.218564610590591428e+02 1.734753430284912475e-04 1.661545327695976803e-04
7.218569615595596360e+02 1.547624211263937328e-04 1.666350715855266973e-04
7.218574620600601293e+02 1.756349333149286030e-04 1.671147601837854669e-04
7.218579625605606225e+02 1.687054057657132980e-04 1.675935909447372966e-04
7.218584630610611157e+02 1.791157516193480682e-04 1.680715561719046166e-04
7.218589635615616089e+02 1.315108301568165730e-04 1.685486480911518165e-04
7.218594640620621021e+02 1.492356493345150343e-04 1.690248588498608178e-04
7.218599645625625953e+02 1.431749143400612195e-04 1.695001805160975398e-04
7.218604650630630886e+02 1.989432349103861829e-04 1.699746050777708290e-04
7.218609655635635818e+02 1.757626780905904211e-04 1.704481244417830146e-04
7.218614660640640750e+02 1.774264283253681258e-04 1.709207304331721413e-04
7.218619665645645682e+02 1.333494879536567827e-04 1.713924147942458005e-04
7.218624670650650614e+02 1.592433096066204448e-04 1.718631691837067756e-04
7.218629675655655547e+02 1.623591224329397852e-04 1.723329851757705010e-04
7.218634680660660479e+02 1.521133528950191136e-04 1.728018542592735230e-04
7.218639685665666548e+02 1.264615528525268276e-04 1.732697678368803787e-04
7.218644690670671480e+02 1.743155902822353365e-04 1.737367172237504881e-04
7.218649695675676412e+02 1.621206601436604386e-04 1.742026936472590535e-04
7.218654700680681344e+02 1.386403492490052727e-04 1.746676882456470647e-04
7.218659705685686276e+02 1.886949260260135128e-04 1.751316920671935656e-04
7.218664710690691209e+02 1.794964343825638988e-04 1.755946960692738614e-04
7.218669715695696141e+02 1.926552105994795510e-04 1.760566911174083751e-04
7.218674720700701073e+02 1.606767369513930623e-04 1.765176679843034001e-04
7.218679725705706005e+02 1.701627630229149944e-04 1.769776173488832598e-04
7.218684730710710937e+02 1.403059450936565661e-04 1.774365297953130617e-04
7.218689735715715869e+02 1.446909985010881529e-04 1.778943958120144048e-04
7.218694740720720802e+02 1.854085510478105966e-04 1.783512057906705157e-04
7.218699745725725734e+02 1.780244267588241224e-04 1.788069500252241202e-04
7.218704750730730666e+02 1.616602736805293505e-04 1.792616187108665065e-04
7.218709755735735598e+02 1.580584298835894564e-04 1.797152019430172905e-04
7.218714760740740530e+02 1.445576157246869671e-04 1.801676897162961862e-04
7.218719765745746599e+02 2.025927052987316099e-04 1.806190719235883414e-04
7.218724770750751532e+02 1.190849277228596208e-04 1.810693383545889323e-04
7.218729775755756464e+02 1.651578946606574113e-04 1.815184786953641697e-04
7.218734780760761396e+02 1.695127214577213360e-04 1.819664825268780043e-04
7.218739785765766328e+02 1.629243964570402392e-04 1.824133393240239063e-04
7.218744790770771260e+02 1.514274261308448427e-04 1.828590384545447569e-04
7.218749795775776192e+02 1.855406361663844796e-04 1.833035691779451217e-04
7.218754800780781125e+02 1.443186909526395824e-04 1.837469206443944182e-04
7.218759805785786057e+02 1.535050469653755328e-04 1.841890818936222491e-04
7.218764810790790989e+02 2.082245653196007466e-04 1.846300418538053057e-04
7.218769815795795921e+02 1.584271952541110222e-04 1.850697893404458158e-04
7.218774820800800853e+02 1.605490140414492478e-04 1.855083130552422923e-04
7.218779825805805785e+02 1.854107494275461184e-04 1.859456015849516089e-04
7.218784830810810718e+02 1.979604597893233500e-04 1.863816434002441372e-04
7.218789835815815650e+02 1.849992487255436150e-04 1.868164268545494772e-04
7.218794840820821719e+02 1.677841969211878843e-04 1.872499401829938860e-04
7.218799845825826651e+02 1.622981336004755009e-04 1.876821715008380228e-04
7.218804850830831583e+02 1.870045074767613517e-04 1.881131088028905045e-04
7.218809855835836515e+02 1.431907071943415422e-04 1.885427399619303372e-04
7.218814860840841447e+02 1.889143704733109788e-04 1.889710527276136068e-04
7.218819865845846380e+02 2.036767554346551989e-04 1.893980347252753810e-04
7.218824870850851312e+02 2.191669371555459236e-04 1.898236734547235080e-04
7.218829875855856244e+02 1.703579891454494899e-04 1.902479562890261255e-04
7.218834880860861176e+02 2.098053222801006111e-04 1.906708704732928278e-04
7.218839885865866108e+02 1.957450794704489834e-04 1.910924031234475932e-04
7.218844890870871041e+02 1.648367238418798188e-04 1.915125412249974552e-04
7.218849895875875973e+02 1.482924979123932641e-04 1.919312716317932057e-04
7.218854900880880905e+02 2.090226551779532371e-04 1.923485810647851640e-04
7.218859905885885837e+02 1.900709673318230427e-04 1.927644561107726042e-04
7.218864910890890769e+02 1.534655514927259798e-04 1.931788832211476256e-04
7.218869915895895701e+02 1.847873773527452471e-04 1.935918487106340086e-04
7.218874920900901770e+02 2.087533934882049899e-04 1.940033387561139998e-04
7.218879925905906703e+02 1.707032008663193681e-04 1.944133393949836310e-04
7.218884930910911635e+02 1.435136455471142515e-04 1.948218365244375259e-04
7.218889935915916567e+02 1.642717430382365841e-04 1.952288158998147054e-04
7.218894940920921499e+02 2.223609571110461854e-04 1.956342631334084044e-04
7.218899945925926431e+02 2.103795186274283425e-04 1.960381636931781215e-04
7.218904950930931363e+02 1.837826584105093915e-04 1.964405029014587947e-04
7.218909955935936296e+02 2.087533125397176290e-04 1.968412659336671311e-04
7.218914960940941228e+02 1.759015789095079863e-04 1.972404378170047390e-04
7.218919965945946160e+02 1.805447960340760699e-04 1.976380034291596601e-04
7.218924970950951092e+02 1.569486141745110694e-04 1.980339474970060855e-04
7.218929975955956024e+02 2.233441387302083597e-04 1.984282545953021208e-04
7.218934980960960957e+02 1.533456161173713851e-04 1.988209091453873613e-04
7.218939985965965889e+02 1.595432881081468236e-04 1.992118954138794907e-04
7.218944990970970821e+02 2.122144582767131389e-04 1.996011975113709622e-04
7.218949995975975753e+02 2.086573106919921037e-04 1.999887993911265191e-04
7.218955000980981822e+02 2.087125676737016148e-04 2.003746848478686171e-04
7.218960005985986754e+02 1.725920078994360731e-04 2.007588375161271606e-04
7.218965010990991686e+02 1.898678975589556295e-04 2.011412408694675507e-04
7.218970015995996619e+02 2.009379439678022445e-04 2.015218782188440798e-04
7.218975021001001551e+02 1.607389243416030200e-04 2.019007327113959255e-04
7.218980026006006483e+02 1.942427302556481484e-04 2.022777873291591456e-04
7.218985031011011415e+02 1.526173755476297974e-04 2.026530248877833076e-04
7.218990036016016347e+02 1.892134901917537305e-04 2.030264280352534042e-04
7.218995041021021279e+02 1.721712575788411116e-04 2.033979792506176239e-04
7.219000046026026212e+02 1.615574925223074688e-04 2.037676608427225198e-04
7.219005051031031144e+02 1.792168003028751311e-04 2.041354549489549021e-04
7.219010056036036076e+02 2.051874850131371955e-04 2.045013435339929726e-04
7.219015061041041008e+02 2.206865620953582898e-04 2.048653083885657261e-04
7.219020066046045940e+02 1.548326930000434290e-04 2.052273311282233842e-04
7.219025071051050872e+02 1.887117182662756019e-04 2.055873931921180741e-04
7.219030076056056942e+02 1.755500531347674309e-04 2.059454758418779931e-04
7.219035081061061874e+02 2.102121150362225310e-04 2.063015601600881165e-04
7.219040086066066806e+02 1.842623128103382929e-04 2.066556270495978256e-04
7.219045091071071738e+02 1.797418346753716244e-04 2.070076572320302382e-04
7.219050096076076670e+02 1.672506662144435834e-04 2.073576312467137006e-04
7.219055101081081602e+02 1.768248178273754145e-04 2.077055294495499616e-04
7.219060106086086535e+02 1.948062279918502844e-04 2.080513320119003172e-04
7.219065111091091467e+02 1.896092820625728495e-04 2.083950189194911902e-04
7.219070116096096399e+02 1.702133260074670121e-04 2.087365699713403906e-04
7.219075121101101331e+02 1.926679734399439851e-04 2.090759647787058455e-04
7.219080126106106263e+02 2.144608729262568894e-04 2.094131827640574237e-04
7.219085131111111195e+02 1.613340595616415184e-04 2.097482031600735606e-04
7.219090136116116128e+02 1.859010488379906256e-04 2.100810050086643105e-04
7.219095141121121060e+02 1.684600256963204477e-04 2.104115671600219925e-04
7.219100146126125992e+02 1.989831214543665179e-04 2.107398682717011903e-04
7.219105151131130924e+02 2.205617618176277034e-04 2.110658868077295712e-04
7.219110156136136993e+02 1.784222089261264200e-04 2.113896010378243603e-04
7.219115161141141925e+02 2.085913093970453601e-04 2.117109890362763437e-04
7.219120166146146857e+02 1.918013241604605884e-04 2.120300286816047947e-04
7.219125171151151790e+02 1.921086306957538127e-04 2.123466976555136304e-04
7.219130176156156722e+02 2.202858805495442728e-04 2.126609734422566661e-04
7.219135181161161654e+02 1.726588356415629578e-04 2.129728333279699089e-04
7.219140186166166586e+02 2.122060794604276523e-04 2.132822544000480334e-04
7.219145191171171518e+02 1.797364133908522588e-04 2.135892135465660411e-04
7.219150196176176451e+02 1.843356164426741849e-04 2.138936874557490311e-04
7.219155201181181383e+02 2.160809315513547769e-04 2.141956526154923865e-04
7.219160206186186315e+02 2.396810820191210662e-04 2.144950853129333793e-04
7.219165211191191247e+02 1.710235133040661549e-04 2.147919616340783673e-04
7.219170216196196179e+02 2.105584502171449360e-04 2.150862574634866675e-04
7.219175221201201111e+02 1.791499926303884236e-04 2.153779484840141431e-04
7.219180226206206044e+02 2.067661339671909024e-04 2.156670101766189405e-04
7.219185231211212113e+02 1.878763921677121108e-04 2.159534178202970347e-04
7.219190236216217045e+02 2.020764116712187692e-04 2.162371464917609248e-04
7.219195241221221977e+02 2.073509008476729862e-04 2.165181710658387027e-04
7.219200246226226909e+02 1.874533198655318166e-04 2.167964662152956469e-04
7.219205251231231841e+02 1.833024390091537786e-04 2.170720064110578669e-04
7.219210256236236773e+02 1.931064075245197628e-04 2.173447659224509625e-04
7.219215261241241706e+02 1.813224345467551700e-04 2.176147188175203793e-04
7.219220266246246638e+02 1.970500611192279705e-04 2.178818389634387426e-04
7.219225271251251570e+02 1.849663260350461872e-04 2.181461000270019078e-04
7.219230276256256502e+02 2.125595160225315309e-04 2.184074754752184403e-04
7.219235281261261434e+02 1.965681703016980018e-04 2.186659385759952387e-04
7.219240286266266367e+02 2.007950045850427450e-04 2.189214623989235264e-04
7.219245291271271299e+02 1.891970451958117721e-04 2.191740198161688195e-04
7.219250296276276231e+02 1.789225236358016899e-04 2.194235835034693681e-04
7.219255301281281163e+02 1.936887331963396534e-04 2.196701259412453771e-04
7.219260306286286095e+02 2.209934265437984947e-04 2.199136194158256448e-04
7.219265311291292164e+02 1.655465897758048573e-04 2.201540360208483794e-04
7.219270316296297096e+02 1.780322880869927979e-04 2.203913476585145370e-04
7.219275321301302029e+02 1.744067061749246582e-04 2.206255260415162644e-04
7.219280326306306961e+02 1.929133399385626652e-04 2.208565426945525599e-04
7.219285331311311893e+02 2.284533342524721798e-04 2.210843689562571744e-04
7.219290336316316825e+02 1.803045386096696688e-04 2.213089759812159594e-04
7.219295341321321757e+02 1.720320946566411904e-04 2.215303347421320997e-04
7.219300346326326689e+02 2.157216765863636393e-04 2.217484160321456558e-04
7.219305351331331622e+02 1.995166520018676218e-04 2.219631904673119958e-04
7.219310356336336554e+02 1.842609739883365448e-04 2.221746284892447824e-04
7.219315361341341486e+02 2.279563375555016685e-04 2.223827003679289076e-04
7.219320366346346418e+02 1.909217446049487818e-04 2.225873762047096390e-04
7.219325371351351350e+02 2.390005301949817043e-04 2.227886259354630431e-04
7.219330376356356282e+02 1.956248131366449948e-04 2.229864193339543290e-04
7.219335381361361215e+02 1.934870480074381391e-04 2.231807260153900198e-04
7.219340386366366147e+02 1.735461048640332096e-04 2.233715154401705663e-04
7.219345391371372216e+02 1.716758237981883418e-04 2.235587569178911882e-04
7.219350396376377148e+02 1.973352031318237874e-04 2.237424196113452636e-04
7.219355401381382080e+02 2.313883779339840903e-04 2.239224725411716806e-04
7.219360406386387012e+02 1.750601438001879516e-04 2.240988845903038877e-04
7.219365411391391945e+02 2.227016167944765310e-04 2.242716245088661239e-04
7.219370416396396877e+02 2.216310070599057669e-04 2.244406609192688433e-04
7.219375421401401809e+02 2.264100645149633812e-04 2.246059623215526668e-04
7.219380426406406741e+02 2.134139699826893279e-04 2.247674970989892347e-04
7.219385431411411673e+02 1.785096495410484784e-04 2.249252335239457104e-04
7.219390436416416605e+02 2.308209189949018134e-04 2.250791397640221239e-04
7.219395441421421538e+02 2.264658714746543703e-04 2.252291838884691436e-04
7.219400446426426470e+02 2.281975283265035557e-04 2.253753338748939485e-04
7.219405451431431402e+02 2.001488550393220147e-04 2.255175576162636044e-04
7.219410456436436334e+02 1.845649977784368488e-04 2.256558229282145116e-04
7.219415461441441266e+02 2.161775298288846642e-04 2.257900975566756198e-04
7.219420466446447335e+02 2.060600649004322665e-04 2.259203491858455812e-04
7.219425471451452268e+02 1.813720254737160838e-04 2.260465454463545160e-04
7.219430476456457200e+02 2.194258716423321584e-04 2.261686539240643731e-04
7.219435481461462132e+02 1.981565657136939934e-04 2.262866421689230939e-04
7.219440486466467064e+02 2.126802851390462482e-04 2.264004777043295176e-04
7.219445491471471996e+02 2.341403880792183151e-04 2.265101280368396193e-04
7.219450496476476928e+02 1.877774536159174535e-04 2.266155606662533038e-04
7.219455501481481861e+02 2.157366300095777734e-04 2.267167430960935720e-04
7.219460506486486793e+02 1.772486760266905404e-04 2.268136428444855409e-04
7.219465511491491725e+02 1.950277622545414839e-04 2.269062274554491956e-04
7.219470516496496657e+02 2.122405178100804726e-04 2.269944645106141659e-04
7.219475521501501589e+02 2.352408966862375541e-04 2.270783216413679959e-04
7.219480526506506521e+02 2.207178187797753926e-04 2.271577665414490699e-04
7.219485531511511454e+02 2.204613604644608269e-04 2.272327669799951218e-04
7.219490536516516386e+02 1.831715048766019362e-04 2.273032908150587092e-04
7.219495541521521318e+02 2.355704199892181226e-04 2.273693060076005773e-04
7.219500546526527387e+02 2.023629278363797061e-04 2.274307806359860925e-04
7.219505551531532319e+02 2.026445344396592011e-04 2.274876829109153840e-04
7.219510556536537251e+02 2.596203011486686763e-04 2.275399811910038710e-04
7.219515561541542183e+02 2.307703149902878283e-04 2.275876439987483053e-04
7.219520566546547116e+02 2.234673641507855146e-04 2.276306400370996144e-04
7.219525571551552048e+02 2.612600468043178837e-04 2.276689382065709346e-04
7.219530576556556980e+02 1.814803065876022877e-04 2.277025076229059048e-04
7.219535581561561912e+02 2.115108697843096118e-04 2.277313176353197718e-04
7.219540586566566844e+02 2.629457746300064582e-04 2.277553378453261274e-04
7.219545591571571777e+02 1.995133327631690558e-04 2.277745381261600923e-04
7.219550596576576709e+02 1.974153195469770879e-04 2.277888886428118781e-04
7.219555601581581641e+02 1.888842120121461503e-04 2.277983598726810561e-04
7.219560606586586573e+02 2.513553766370596834e-04 2.278029226268657610e-04
7.219565611591591505e+02 1.919990029425292931e-04 2.278025480720973753e-04
7.219570616596596437e+02 2.364604203111047101e-04 2.277972077533334044e-04
7.219575621601602506e+02 2.611455604935631909e-04 2.277868736170184929e-04
7.219580626606607439e+02 2.392548476685688247e-04 2.277715180350403320e-04
7.219585631611612371e+02 2.369101730940357479e-04 2.277511138293556315e-04
7.219590636616617303e+02 1.994240209681816657e-04 2.277256342973443229e-04
7.219595641621622235e+02 1.827917479854308824e-04 2.276950532378710151e-04
7.219600646626627167e+02 2.229709475397928184e-04 2.276593449780776629e-04
7.219605651631632099e+02 2.177270259307059579e-04 2.276184844009157971e-04
7.219610656636637032e+02 1.967183982169788377e-04 2.275724469734299708e-04
7.219615661641641964e+02 2.255788000923858590e-04 2.275212087758033189e-04
7.219620666646646896e+02 2.393559315849011135e-04 2.274647465311748255e-04
7.219625671651651828e+02 2.328177903889732823e-04 2.274030376362388701e-04
7.219630676656656760e+02 2.064716687881175058e-04 2.273360601926367568e-04
7.219635681661661692e+02 1.861603057601095800e-04 2.272637930391492513e-04
7.219640686666666625e+02 2.094017424189852940e-04 2.271862157846992077e-04
7.219645691671671557e+02 1.915587013427814695e-04 2.271033088421723874e-04
7.219650696676676489e+02 2.055071812075509000e-04 2.270150534630642513e-04
7.219655701681682558e+02 2.043324670043233633e-04 2.269214317729384932e-04
7.219660706686687490e+02 2.178529292409103887e-04 2.268224268078338987e-04
7.219665711691692422e+02 2.021432517229968906e-04 2.267180225513023715e-04
7.219670716696697355e+02 2.165906048745674375e-04 2.266082039725108069e-04
7.219675721701702287e+02 2.206824884402902880e-04 2.264929570650935304e-04
7.219680726706707219e+02 1.902156863935791078e-04 2.263722688868848379e-04
7.219685731711712151e+02 2.618163813165348816e-04 2.262461276005136668e-04
7.219690736716717083e+02 1.958278714841292533e-04 2.261145225148628360e-04
7.219695741721722015e+02 1.949093416205707806e-04 2.259774441273929653e-04
7.219700746726726948e+02 2.040237327804798309e-04 2.258348841673311533e-04
7.219705751731731880e+02 2.638395418593475180e-04 2.256868356397236574e-04
7.219710756736736812e+02 2.185226637893824750e-04 2.255332928703495917e-04
7.219715761741741744e+02 1.992249023995056945e-04 2.253742515514923649e-04
7.219720766746746676e+02 2.515683893727775383e-04 2.252097087885635452e-04
7.219725771751751608e+02 2.365213649676298289e-04 2.250396631475732700e-04
7.219730776756756541e+02 2.480064031850428034e-04 2.248641147034392590e-04
7.219735781761762610e+02 2.323929896049097303e-04 2.246830650890828764e-04
7.219740786766767542e+02 2.371365222069018671e-04 2.244965175455521230e-04
7.219745791771772474e+02 2.322535960313852448e-04 2.243044769725369191e-04
7.219750796776777406e+02 2.297584755057279914e-04 2.241069499800865780e-04
7.219755801781782338e+02 2.313482202261271377e-04 2.239039449408991426e-04
7.219760806786787271e+02 1.955083191836428128e-04 2.236954720434082328e-04
7.219765811791792203e+02 2.513948938936847659e-04 2.234815433456081271e-04
7.219770816796797135e+02 1.967481458509570788e-04 2.232621728295937672e-04
7.219775821801802067e+02 2.003966242684517484e-04 2.230373764567922116e-04
7.219780826806806999e+02 2.492602190922857180e-04 2.228071722238591666e-04
7.219785831811811931e+02 2.821866072291454638e-04 2.225715802192112396e-04
7.219790836816816864e+02 2.237192847768510709e-04 2.223306226801640166e-04
7.219795841821821796e+02 2.402904198298064361e-04 2.220843240506405116e-04
7.219800846826826728e+02 2.169000780071384145e-04 2.218327110394154294e-04
7.219805851831831660e+02 1.739372113063481905e-04 2.215758126788561818e-04
7.219810856836837729e+02 2.393121854857588207e-04 2.213136603840574969e-04
7.219815861841842661e+02 2.577146202287344530e-04 2.210462880126875629e-04
7.219820866846847593e+02 2.458919495480371307e-04 2.207737319245991982e-04
7.219825871851852526e+02 2.542120961464696630e-04 2.204960310423496102e-04
7.219830876856857458e+02 1.821649350937897666e-04 2.202132269116832371e-04
7.219835881861862390e+02 2.742435496737799863e-04 2.199253637622770473e-04
7.219840886866867322e+02 2.189438062243773326e-04 2.196324885686299299e-04
7.219845891871872254e+02 2.050313961051511977e-04 2.193346511110325059e-04
7.219850896876877187e+02 1.980569141001755468e-04 2.190319040365524433e-04
7.219855901881882119e+02 2.395787033379114873e-04 2.187243029199644774e-04
7.219860906886887051e+02 2.262907304238175434e-04 2.184119063245533367e-04
7.219865911891891983e+02 2.580986085079736182e-04 2.180947758627117805e-04
7.219870916896896915e+02 2.350600318540336142e-04 2.177729762562552267e-04
7.219875921901901847e+02 2.043090933426690281e-04 2.174465753963683470e-04
7.219880926906906780e+02 2.066131868410337423e-04 2.171156444030970833e-04
7.219885931911911712e+02 2.447455022605867880e-04 2.167802576842944970e-04
7.219890936916917781e+02 2.158629971411949052e-04 2.164404929938496902e-04
7.219895941921922713e+02 2.327649843721513602e-04 2.160964314895652820e-04
7.219900946926927645e+02 2.259816893013420964e-04 2.157481577894227039e-04
7.219905951931932577e+02 2.030286342613894573e-04 2.153957600276726401e-04
7.219910956936937509e+02 1.975657925430251006e-04 2.150393299094872468e-04
7.219915961941942442e+02 2.017559741990207110e-04 2.146789627645216637e-04
7.219920966946947374e+02 2.046146652242881059e-04 2.143147575991932133e-04
7.219925971951952306e+02 2.227351610403338741e-04 2.139468171475570994e-04
7.219930976956957238e+02 2.306106363108579704e-04 2.135752479206574743e-04
7.219935981961962170e+02 2.282957896944748193e-04 2.132001602542251241e-04
7.219940986966967102e+02 2.266813448480009649e-04 2.128216683545943258e-04
7.219945991971972035e+02 2.213186674222533397e-04 2.124398903427047851e-04
7.219950996976976967e+02 2.536106053462632210e-04 2.120549482960528613e-04
7.219956001981981899e+02 2.684628879145015460e-04 2.116669682884539773e-04
7.219961006986986831e+02 2.297302068631402897e-04 2.112760804274740488e-04
7.219966011991991763e+02 2.498177775609080188e-04 2.108824188893867915e-04
7.219971016996997832e+02 2.031826260867731040e-04 2.104861219514191680e-04
7.219976022002002765e+02 2.254287222177066025e-04 2.100873320216788912e-04
7.219981027007007697e+02 2.075310592086784356e-04 2.096861956652608741e-04
7.219986032012012629e+02 2.535006260247295957e-04 2.092828636281813994e-04
7.219991037017017561e+02 2.605982073488011209e-04 2.088774908576378198e-04
7.219996042022022493e+02 2.520943937903699032e-04 2.084702365189774597e-04
7.220001047027027425e+02 2.655642470056403682e-04 2.080612640091313145e-04
7.220006052032032358e+02 2.703269607268176940e-04 2.076507409663557965e-04
7.220011057037037290e+02 2.934522921739379114e-04 2.072388392761271084e-04
7.220016062042042222e+02 2.890387293438164947e-04 2.068257350730317125e-04
7.220021067047047154e+02 2.477482329115519161e-04 2.064116087384982071e-04
7.220026072052052086e+02 2.846423006460561088e-04 2.059966448942154871e-04
7.220031077057057018e+02 2.572260331318673601e-04 2.055810323910848051e-04
7.220036082062061951e+02 2.308667199656126896e-04 2.051649642935545685e-04
7.220041087067066883e+02 2.859985247013646951e-04 2.047486378591887657e-04
7.220046092072072952e+02 1.998720271851265457e-04 2.043322545132287920e-04
7.220051097077077884e+02 2.990014492896633271e-04 2.039160198185730290e-04
7.220056102082082816e+02 2.811438052885648097e-04 2.035001434396168599e-04
7.220061107087087748e+02 2.298283066707557749e-04 2.030848391017095250e-04
7.220066112092092681e+02 2.485587601598076191e-04 2.026703245446798769e-04
7.220071117097097613e+02 2.488275502414990332e-04 2.022568214708734169e-04
7.220076122102102545e+02 2.507829897072014593e-04 2.018445554874880260e-04
7.220081127107107477e+02 2.791400480086769905e-04 2.014337560430957171e-04
7.220086132112112409e+02 2.354187876804371394e-04 2.010246563582459710e-04
7.220091137117117341e+02 2.566142685262082202e-04 2.006174933500531052e-04
7.220096142122122274e+02 1.583152848477713650e-04 2.002125075506784742e-04
7.220101147127127206e+02 2.137074508039499884e-04 1.998099430196272411e-04
7.220106152132132138e+02 2.587889870730136874e-04 1.994100472497895742e-04
7.220111157137137070e+02 2.444152928890771918e-04 1.990130710671640624e-04
7.220116162142142002e+02 2.455330499102766854e-04 1.986192685242145863e-04
7.220121167147146934e+02 2.381442760548300390e-04 1.982288967868201511e-04
7.220126172152153003e+02 2.373825164597456684e-04 1.978422160147043005e-04
7.220131177157157936e+02 1.965720307397141606e-04 1.974594892358528468e-04
7.220136182162162868e+02 2.487167558532333103e-04 1.970809822136031524e-04
7.220141187167167800e+02 2.239075572362589220e-04 1.967069633081721053e-04
7.220146192172172732e+02 2.452330100603786114e-04 1.963377033313282508e-04
7.220151197177177664e+02 2.436804985384396409e-04 1.959734753947755224e-04
7.220156202182182597e+02 2.153066204467325533e-04 1.956145547522136091e-04
7.220161207187187529e+02 2.235898379348097041e-04 1.952612186351446698e-04
7.220166212192192461e+02 2.339062607946403114e-04 1.949137460825099092e-04
7.220171217197197393e+02 2.155458471752865304e-04 1.945724177642559212e-04
7.220176222202202325e+02 2.336209657480744226e-04 1.942375157989475706e-04
7.220181227207207257e+02 2.628005571696964389e-04 1.939093235655594400e-04
7.220186232212212190e+02 2.606913137134396269e-04 1.935881255095945155e-04
7.220191237217217122e+02 2.153063516467376226e-04 1.932742069436967774e-04
7.220196242222222054e+02 2.286651745077758447e-04 1.929678538429389228e-04
7.220201247227228123e+02 2.502563524219114481e-04 1.926693526349187373e-04
7.220206252232233055e+02 2.247836938226923254e-04 1.923789899852826823e-04
7.220211257237237987e+02 2.247395542488265531e-04 1.920970525778973182e-04
7.220216262242242919e+02 2.737874802436494805e-04 1.918238268912740769e-04
7.220221267247247852e+02 2.442382322125434394e-04 1.915595989704918576e-04
7.220226272252252784e+02 2.370862037341631525e-04 1.913046541953097640e-04
7.220231277257257716e+02 2.438551536269116635e-04 1.910592770446993712e-04
7.220236282262262648e+02 2.471297817597336742e-04 1.908237508581092081e-04
7.220241287267267580e+02 2.768078811036886618e-04 1.905983575937910790e-04
7.220246292272272512e+02 2.747855883222468688e-04 1.903833775845293946e-04
7.220251297277277445e+02 2.398393522347129600e-04 1.901790892911312751e-04
7.220256302282282377e+02 2.764750998235762560e-04 1.899857690540467006e-04
7.220261307287287309e+02 1.837046683047168795e-04 1.898036908435010294e-04
7.220266312292292241e+02 2.583659475659565098e-04 1.896331260085336366e-04
7.220271317297297173e+02 1.825843433335544159e-04 1.894743430253477867e-04
7.220276322302302106e+02 2.554564585092033578e-04 1.893276072453853353e-04
7.220281327307308175e+02 1.877063255961728208e-04 1.891931806435223466e-04
7.220286332312313107e+02 2.319256916171561096e-04 1.890713215669915875e-04
7.220291337317318039e+02 2.141388901320972105e-04 1.889622844850224375e-04
7.220296342322322971e+02 2.332036248953515522e-04 1.888663197402493229e-04
7.220301347327327903e+02 1.929805050197265438e-04 1.887836733018742814e-04
7.220306352332332835e+02 2.580656412020967115e-04 1.887145865212214928e-04
7.220311357337337768e+02 2.140701476367231205e-04 1.886592958901070504e-04
7.220316362342342700e+02 2.242873584743055671e-04 1.886180328024758394e-04
7.220321367347347632e+02 1.973971746660503753e-04 1.885910233197601285e-04
7.220326372352352564e+02 1.893300505508177956e-04 1.885784879404097932e-04
7.220331377357357496e+02 1.820064831495543190e-04 1.885806413740422148e-04
7.220336382362362428e+02 1.748866726203150961e-04 1.885976923206543205e-04
7.220341387367367361e+02 1.929144842813733070e-04 1.886298432553335067e-04
7.220346392372372293e+02 1.652873251130006400e-04 1.886772902188959492e-04
7.220351397377377225e+02 1.426422552077424247e-04 1.887402226148725932e-04
7.220356402382382157e+02 1.782985662128956812e-04 1.888188230132523235e-04
7.220361407387388226e+02 1.512315644884252848e-04 1.889132669614033944e-04
7.220366412392393158e+02 1.551484782999822478e-04 1.890237228024218338e-04
7.220371417397398091e+02 1.927656832633162210e-04 1.891503515016093573e-04
7.220376422402403023e+02 1.612293660234118402e-04 1.892933064810053609e-04
7.220381427407407955e+02 1.405121521960488130e-04 1.894527334626256788e-04
7.220386432412412887e+02 1.401728615464963479e-04 1.896287703206061116e-04
7.220391437417417819e+02 1.051054210842210983e-04 1.898215469425727320e-04
7.220396442422422751e+02 1.028539782748931670e-04 1.900311851005204796e-04
7.220401447427427684e+02 1.470600639184459126e-04 1.902577983314606899e-04
7.220406452432432616e+02 1.198367230117050266e-04 1.905014918280768929e-04
7.220411457437437548e+02 8.917860465401574593e-05 1.907623623396050439e-04
7.220416462442442480e+02 7.542923650444604471e-05 1.910404980831318007e-04
7.220421467447447412e+02 7.224784624334943057e-05 1.913359786654789216e-04
7.220426472452452344e+02 6.868067462484882257e-05 1.916488750158202366e-04
7.220431477457457277e+02 3.299013309998380101e-05 1.919792493291487979e-04
7.220436482462463346e+02 4.772750580470292331e-05 1.923271550207715595e-04
7.220441487467468278e+02 4.521983316321205511e-05 1.926926366914167698e-04
7.220446492472473210e+02 2.801845937330739358e-05 1.930757301041939166e-04
7.220451497477478142e+02 2.355038856626660881e-05 1.934764621718408802e-04
7.220456502482483074e+02 2.051810279817681675e-05 1.938948509554275256e-04
7.220461507487488007e+02 2.230091980783426199e-05 1.943309056740130712e-04
7.220466512492492939e+02 1.253261295177777715e-05 1.947846267252761518e-04
7.220471517497497871e+02 2.874665796468605346e-05 1.952560057170311936e-04
7.220476522502502803e+02 2.048618372426092964e-05 1.957450255095221920e-04
7.220481527507507735e+02 3.469255202724607094e-05 1.962516602683594253e-04
7.220486532512512667e+02 3.656313981535538784e-05 1.967758755279414593e-04
7.220491537517517600e+02 4.915741159018492549e-05 1.973176282651814377e-04
7.220496542522522532e+02 3.508590980046548164e-05 1.978768669833342328e-04
7.220501547527527464e+02 6.943763912181438389e-05 1.984535318057007326e-04
7.220506552532532396e+02 7.019622405302357424e-05 1.990475545789619296e-04
7.220511557537537328e+02 1.037499981542653899e-04 1.996588589858800300e-04
7.220516562542543397e+02 6.459818101847749077e-05 2.002873606672259316e-04
7.220521567547548329e+02 1.491852948144529361e-04 2.009329673517679365e-04
7.220526572552553262e+02 1.338023624229837992e-04 2.015955789961552979e-04
7.220531577557558194e+02 1.060129725502238947e-04 2.022750879315074501e-04
7.220536582562563126e+02 1.256890029494689659e-04 2.029713790184944108e-04
7.220541587567568058e+02 1.517030413492127848e-04 2.036843298096979813e-04
7.220546592572572990e+02 1.597511365554592103e-04 2.044138107190238108e-04
7.220551597577577922e+02 1.377025832363414830e-04 2.051596851977816299e-04
7.220556602582582855e+02 1.868491911155380539e-04 2.059218099170424452e-04
7.220561607587587787e+02 1.688716083546683614e-04 2.067000349558731668e-04
7.220566612592592719e+02 1.757910700863532364e-04 2.074942039950436923e-04
7.220571617597597651e+02 1.835439596377333872e-04 2.083041545157946937e-04
7.220576622602602583e+02 2.018392186161724637e-04 2.091297180032531083e-04
7.220581627607607516e+02 1.616735317828636026e-04 2.099707201540750696e-04
7.220586632612612448e+02 2.334992644211467301e-04 2.108269810879006753e-04
7.220591637617618517e+02 2.086066694783946928e-04 2.116983155623990923e-04
7.220596642622623449e+02 2.006898973823941857e-04 2.125845331902925458e-04
7.220601647627628381e+02 2.144805678629641368e-04 2.134854386609205147e-04
7.220606652632633313e+02 2.147238642260686085e-04 2.144008319619736583e-04
7.220611657637638245e+02 2.393745945597626316e-04 2.153305086039492260e-04
7.220616662642643178e+02 2.066493595038347076e-04 2.162742598457454758e-04
7.220621667647648110e+02 2.323131158690244953e-04 2.172318729211938459e-04
7.220626672652653042e+02 2.139521129397397008e-04 2.182031312661411159e-04
7.220631677657657974e+02 2.534528824107975739e-04 2.191878147457008107e-04
7.220636682662662906e+02 2.772195642284955666e-04 2.201856998813020764e-04
7.220641687667667838e+02 2.586730262306210907e-04 2.211965600771740388e-04
7.220646692672672771e+02 1.884684022848804143e-04 2.222201658459155565e-04
7.220651697677677703e+02 2.820111806819783655e-04 2.232562850328096836e-04
7.220656702682682635e+02 2.590720663705098391e-04 2.243046830385543860e-04
7.220661707687687567e+02 2.573740169130452299e-04 2.253651230400947631e-04
7.220666712692692499e+02 3.077985598771065595e-04 2.264373662092534470e-04
7.220671717697698568e+02 3.115073903308862493e-04 2.275211719291162947e-04
7.220676722702703501e+02 2.843019147086780379e-04 2.286162980064159931e-04
7.220681727707708433e+02 2.670727987111626723e-04 2.297225008833496829e-04
7.220686732712713365e+02 2.548071697865821072e-04 2.308395358436593915e-04
7.220691737717718297e+02 2.970540996221323672e-04 2.319671572164274005e-04
7.220696742722723229e+02 3.274459180682964539e-04 2.331051185758954659e-04
7.220701747727728161e+02 2.913832785444993539e-04 2.342531729373474071e-04
7.220706752732733094e+02 2.647351007874157317e-04 2.354110729488656300e-04
7.220711757737738026e+02 2.994031818833112072e-04 2.365785710787850476e-04
7.220716762742742958e+02 3.066739995297172771e-04 2.377554197986827438e-04
7.220721767747747890e+02 2.851402227946795939e-04 2.389413717617574475e-04
7.220726772752752822e+02 2.809336636638549664e-04 2.401361799764650524e-04
7.220731777757757754e+02 2.856850058147399518e-04 2.413395979752915174e-04
7.220736782762762687e+02 3.065541653528306635e-04 2.425513799785581422e-04
7.220741787767767619e+02 2.734384648459478465e-04 2.437712810531675225e-04
7.220746792772772551e+02 3.321151536946053968e-04 2.449990572662118769e-04
7.220751797777778620e+02 3.197031584404963034e-04 2.462344658336594757e-04
7.220756802782783552e+02 3.157199748546295876e-04 2.474772652623788102e-04
7.220761807787788484e+02 2.780110411643758818e-04 2.487272154896741925e-04
7.220766812792793417e+02 2.872032457888945892e-04 2.499840780146900558e-04
7.220771817797798349e+02 3.052115106235328253e-04 2.512476160258713342e-04
7.220776822802803281e+02 3.240025259905304203e-04 2.525175945227937967e-04
7.220781827807808213e+02 2.601190898732456806e-04 2.537937804326465549e-04
7.220786832812813145e+02 3.409522507871977012e-04 2.550759427213808374e-04
7.220791837817818077e+02 2.883753679629418032e-04 2.563638524995479084e-04
7.220796842822823010e+02 3.377813085364624350e-04 2.576572831228588737e-04
7.220801847827827942e+02 3.146893334310791831e-04 2.589560102875067596e-04
7.220806852832832874e+02 3.392192847916270003e-04 2.602598121202999264e-04
7.220811857837837806e+02 3.390286129658579288e-04 2.615684692636633551e-04
7.220816862842842738e+02 3.229854244557649949e-04 2.628817649555718330e-04
7.220821867847847670e+02 3.071464033187467843e-04 2.641994851044857789e-04
7.220826872852853739e+02 2.567728825003848898e-04 2.655214183596659827e-04
7.220831877857858672e+02 3.257907970437244334e-04 2.668473561751479842e-04
7.220836882862863604e+02 2.289200692179888409e-04 2.681770928719689356e-04
7.220841887867868536e+02 2.987091207426116851e-04 2.695104256927345751e-04
7.220846892872873468e+02 2.833407348678059108e-04 2.708471548531257147e-04
7.220851897877878400e+02 3.444307041957165032e-04 2.721870835886445387e-04
7.220856902882883332e+02 3.143193041113625272e-04 2.735300181970064747e-04
7.220861907887888265e+02 3.357420157795117425e-04 2.748757680762834560e-04
7.220866912892893197e+02 3.231143337794236390e-04 2.762241457589119289e-04
7.220871917897898129e+02 2.788624168335530266e-04 2.775749669416759211e-04
7.220876922902903061e+02 3.382943928173255937e-04 2.789280505117818876e-04
7.220881927907907993e+02 3.011229710539554201e-04 2.802832185691416129e-04
7.220886932912912926e+02 3.343974182746797612e-04 2.816402964449804276e-04
7.220891937917917858e+02 2.771777179415647928e-04 2.829991127168913004e-04
7.220896942922922790e+02 3.519885537320635843e-04 2.843594992204532580e-04
7.220901947927927722e+02 2.998839634214192228e-04 2.857212910575344217e-04
7.220906952932933791e+02 3.166282154950831001e-04 2.870843266017105246e-04
7.220911957937938723e+02 4.084382799258275349e-04 2.884484474990600656e-04
7.220916962942943655e+02 2.803994153337715763e-04 2.898134986691012225e-04
7.220921967947948588e+02 3.446425301065379689e-04 2.911793282997970954e-04
7.220926972952953520e+02 3.102453223059609545e-04 2.925457878413907707e-04
7.220931977957958452e+02 3.007070685092852599e-04 2.939127319973326626e-04
7.220936982962963384e+02 3.413193430596057096e-04 2.952800187127217258e-04
7.220941987967968316e+02 2.989050626251922756e-04 2.966475091603790410e-04
7.220946992972973248e+02 3.405032712225812617e-04 2.980150677246649589e-04
7.220951997977978181e+02 3.509687565614155714e-04 2.993825619831518557e-04
7.220957002982983113e+02 2.948857015372449556e-04 3.007498626862610265e-04
7.220962007987988045e+02 3.028565488093350015e-04 3.021168437349737662e-04
7.220967012992992977e+02 3.242410926444624290e-04 3.034833821567196888e-04
7.220972017997997909e+02 3.411096898621280649e-04 3.048493580795467485e-04
7.220977023003002842e+02 3.932873945625813147e-04 3.062146547046744999e-04
7.220982028008008911e+02 3.618027457933537666e-04 3.075791582778379294e-04
7.220987033013013843e+02 3.515026141067440369e-04 3.089427580576614403e-04
7.220992038018018775e+02 3.974304609129088541e-04 3.103053462858017687e-04
7.220997043023023707e+02 3.521679153861346405e-04 3.116668181527564203e-04
7.221002048028028639e+02 3.094886320954784052e-04 3.130270717640728844e-04
7.221007053033033571e+02 3.578882975468526077e-04 3.143860081051875230e-04
7.221012058038038504e+02 3.303194287790700090e-04 3.157435310052853720e-04
7.221017063043043436e+02 3.463340110409212779e-04 3.170995471002635243e-04
7.221022068048048368e+02 3.792352414923201294e-04 3.184539657948759397e-04
7.221027073053053300e+02 3.951507422250966333e-04 3.198066992241360641e-04
7.221032078058058232e+02 3.973221988750508422e-04 3.211576622140489248e-04
7.221037083063063164e+02 3.370818805461933947e-04 3.225067722417447992e-04
7.221042088068068097e+02 3.292391118234825448e-04 3.238539493950820048e-04
7.221047093073073029e+02 3.443777578645453030e-04 3.251991163317836985e-04
7.221052098078077961e+02 3.657984967830207228e-04 3.265421982381712450e-04
7.221057103083082893e+02 3.257042744512023353e-04 3.278831227875557354e-04
7.221062108088088962e+02 3.526159459623788204e-04 3.292218200986481006e-04
7.221067113093093894e+02 3.712604005849132150e-04 3.305582226922199182e-04
7.221072118098098827e+02 3.738920537808169487e-04 3.318922654506275432e-04
7.221077123103103759e+02 3.617891443644281283e-04 3.332238855741695557e-04
7.221082128108108691e+02 3.048921830647317432e-04 3.345530225388862510e-04
7.221087133113113623e+02 3.558987199801943871e-04 3.358796180540236237e-04
7.221092138118118555e+02 3.316168140907789648e-04 3.372036160195084108e-04
7.221097143123123487e+02 3.032603290964540474e-04 3.385249624834763145e-04
7.221102148128128420e+02 3.354577356087085462e-04 3.398436055998922201e-04
7.221107153133133352e+02 3.163061874985353375e-04 3.411594955863007342e-04
7.221112158138138284e+02 3.693475247777961009e-04 3.424725846817407637e-04
7.221117163143143216e+02 3.712140957464866130e-04 3.437828271048587198e-04
7.221122168148148148e+02 3.901605783068341879e-04 3.450901790122512481e-04
7.221127173153153080e+02 3.766326696072474795e-04 3.463945984570662696e-04
7.221132178158158013e+02 2.893817924176346154e-04 3.476960453478912267e-04
7.221137183163162945e+02 3.352083073709693681e-04 3.489944814079538513e-04
7.221142188168169014e+02 3.596395231057231026e-04 3.502898701349537207e-04
7.221147193173173946e+02 3.651004813191300984e-04 3.515821767597822355e-04
7.221152198178178878e+02 3.371584758506754862e-04 3.528713682085663286e-04
7.221157203183183810e+02 3.596191162650126867e-04 3.541574130621679296e-04
7.221162208188188742e+02 3.982242965931264973e-04 3.554402815175739536e-04
7.221167213193193675e+02 3.956523241179019774e-04 3.567199453494269653e-04
7.221172218198198607e+02 3.815032308769260262e-04 3.579963778720050274e-04
7.221177223203203539e+02 4.385561840775780980e-04 3.592695539016668889e-04
7.221182228208208471e+02 4.234391083645273218e-04 3.605394497197720542e-04
7.221187233213213403e+02 3.694301077294777011e-04 3.618060430360912363e-04
7.221192238218218336e+02 3.555733216115319266e-04 3.630693129527136462e-04
7.221197243223223268e+02 3.223066089158699971e-04 3.643292399284640739e-04
7.221202248228228200e+02 3.389158425605361688e-04 3.655858057438342605e-04
7.221207253233233132e+02 3.743465920272588243e-04 3.668389934664393497e-04
7.221212258238238064e+02 4.182670939936549261e-04 3.680887874170033760e-04
7.221217263243244133e+02 3.890761513180216705e-04 3.693351731361626199e-04
7.221222268248249065e+02 3.757622521130246553e-04 3.705781373503942299e-04
7.221227273253253998e+02 3.691075875679532508e-04 3.718176679413185011e-04
7.221232278258258930e+02 4.354833948957912695e-04 3.730537539127152234e-04
7.221237283263263862e+02 3.246150184625300563e-04 3.742863853595053067e-04
7.221242288268268794e+02 3.749206909194831880e-04 3.755155534369987425e-04
7.221247293273273726e+02 3.835923177646934469e-04 3.767412503306921462e-04
7.221252298278278658e+02 4.182657419425611753e-04 3.779634692266184838e-04
7.221257303283283591e+02 3.813345556854780380e-04 3.791822042822453514e-04
7.221262308288288523e+02 3.696654179814510784e-04 3.803974505979232151e-04
7.221267313293293455e+02 3.241994647819488803e-04 3.816092041888813368e-04
7.221272318298298387e+02 3.639503556498285808e-04 3.828174619577688902e-04
7.221277323303303319e+02 3.195627907231550447e-04 3.840222216677386118e-04
7.221282328308308252e+02 3.362296729101245493e-04 3.852234819160720654e-04
7.221287333313313184e+02 3.654925144956631174e-04 3.864212421083393096e-04
7.221292338318318116e+02 3.978480310897489019e-04 3.876155024330937273e-04
7.221297343323324185e+02 4.036703879752878720e-04 3.888062638373641238e-04
7.221302348328329117e+02 3.250614953934687296e-04 3.899935280013209333e-04
7.221307353333334049e+02 3.723663014838283049e-04 3.911772973161655961e-04
7.221312358338338981e+02 4.994515652553679430e-04 3.923575748598295224e-04
7.221317363343343914e+02 3.513422729875877062e-04 3.935343643745350104e-04
7.221322368348348846e+02 3.776917442113474814e-04 3.947076702445907856e-04
7.221327373353353778e+02 4.649398920609650152e-04 3.958774974746838340e-04
7.221332378358358710e+02 3.595437430506919223e-04 3.970438516686643844e-04
7.221337383363363642e+02 3.555318568202226501e-04 3.982067390088174269e-04
7.221342388368368574e+02 3.265473187242081072e-04 3.993661662356126347e-04
7.221347393373373507e+02 3.969079811458496240e-04 4.005221406279291674e-04
7.221352398378378439e+02 3.480448170811737611e-04 4.016746699837461386e-04
7.221357403383383371e+02 4.054986637950907385e-04 4.028237626012935984e-04
7.221362408388388303e+02 3.904124289520991302e-04 4.039694272606575800e-04
7.221367413393393235e+02 4.368468595215167435e-04 4.051116732058304280e-04
7.221372418398398167e+02 3.736715059137888967e-04 4.062505101272017465e-04
7.221377423403404237e+02 4.252354522611287652e-04 4.073859481447388996e-04
7.221382428408409169e+02 4.031757381018205230e-04 4.085179977903052461e-04
7.221387433413414101e+02 4.103673395301402462e-04 4.096466699929741874e-04
7.221392438418419033e+02 3.897379206408298192e-04 4.107719760621763834e-04
7.221397443423423965e+02 5.117730349858622780e-04 4.118939276725397326e-04
7.221402448428428897e+02 3.866749051479098490e-04 4.130125368488704618e-04
7.221407453433433830e+02 3.246753350227024690e-04 4.141278159515224678e-04
7.221412458438438762e+02 3.989775324039102501e-04 4.152397776621503597e-04
7.221417463443443694e+02 3.975183218936149780e-04 4.163484349698380127e-04
7.221422468448448626e+02 3.854877865359642927e-04 4.174538011575957522e-04
7.221427473453453558e+02 4.305083439590036052e-04 4.185558897892192811e-04
7.221432478458458490e+02 4.357689861403353038e-04 4.196547146965025994e-04
7.221437483463463423e+02 3.796312549392648057e-04 4.207502899667994408e-04
7.221442488468468355e+02 4.055810764598991405e-04 4.218426299309246605e-04
7.221447493473473287e+02 3.775014995693022971e-04 4.229317491513891777e-04
7.221452498478479356e+02 4.530568294950726395e-04 4.240176624112084619e-04
7.221457503483484288e+02 4.009652318180448836e-04 4.251003847017990954e-04
7.221462508488489220e+02 3.751463665534697902e-04 4.261799312136542017e-04
7.221467513493494152e+02 4.281407805689610067e-04 4.272563173248581660e-04
7.221472518498499085e+02 4.264478633317327549e-04 4.283295585911366956e-04
7.221477523503504017e+02 4.457816147348163480e-04 4.293996707359525782e-04
7.221482528508508949e+02 4.253748684890221914e-04 4.304666696408895139e-04
7.221487533513513881e+02 3.903327200330892663e-04 4.315305713363158332e-04
7.221492538518518813e+02 4.354658905892850500e-04 4.325913919923240363e-04
7.221497543523523746e+02 3.826729139157546231e-04 4.336491479099385100e-04
7.221502548528528678e+02 4.366867035845858154e-04 4.347038555125841571e-04
7.221507553533533610e+02 4.352409134465362248e-04 4.357555313378135551e-04
7.221512558538538542e+02 4.078919370197085304e-04 4.368041920292832633e-04
7.221517563543543474e+02 3.981285644517945296e-04 4.378498543289747807e-04
7.221522568548548406e+02 4.036784519721929956e-04 4.388925350696547332e-04
7.221527573553553339e+02 3.948704491180034400e-04 4.399322511675679472e-04
7.221532578558559408e+02 3.757097475939536520e-04 4.409690196155933149e-04
7.221537583563564340e+02 4.398607282968471262e-04 4.420028574754462664e-04
7.221542588568569272e+02 4.144690725539220094e-04 4.430337818724503678e-04
7.221547593573574204e+02 4.507836736867597630e-04 4.440618099881668600e-04
7.221552598578579136e+02 4.092364052356970458e-04 4.450869590544080743e-04
7.221557603583584068e+02 3.845812391652800246e-04 4.461092463472156647e-04
7.221562608588589001e+02 3.839160002844488849e-04 4.471286891810364911e-04
7.221567613593593933e+02 4.305574369211944601e-04 4.481453049030886164e-04
7.221572618598598865e+02 4.855900504852449901e-04 4.491591108879142212e-04
7.221577623603603797e+02 4.650842190074211879e-04 4.501701245321143379e-04
7.221582628608608729e+02 4.654154782599072651e-04 4.511783632492607447e-04
7.221587633613613662e+02 3.709606424459567704e-04 4.521838444649800299e-04
7.221592638618618594e+02 4.060233202065308719e-04 4.531865856122066299e-04
7.221597643623623526e+02 4.262743876246804869e-04 4.541866041265984425e-04
7.221602648628628458e+02 3.876748249470004289e-04 4.551839174421133368e-04
7.221607653633634527e+02 4.792137670712229812e-04 4.561785429869649701e-04
7.221612658638639459e+02 4.933251598688117353e-04 4.571704981786026069e-04
7.221617663643644391e+02 4.435575859778388111e-04 4.581598004210959149e-04
7.221622668648649324e+02 4.803881000327526389e-04 4.591464671004029103e-04
7.221627673653654256e+02 4.769382641901949958e-04 4.601305155809092928e-04
7.221632678658659188e+02 4.433744971468166207e-04 4.611119632018749188e-04
7.221637683663664120e+02 5.254453404166937840e-04 4.620908272740141196e-04
7.221642688668669052e+02 5.024019715899618894e-04 4.630671250762037378e-04
7.221647693673673984e+02 4.085986595656621576e-04 4.640408738523158481e-04
7.221652698678678917e+02 4.258192778425621324e-04 4.650120908081719078e-04
7.221657703683683849e+02 4.284396431875418234e-04 4.659807931086151940e-04
7.221662708688688781e+02 4.836656524051469804e-04 4.669469978746976788e-04
7.221667713693693713e+02 4.060889582933405466e-04 4.679107221809787934e-04
7.221672718698698645e+02 3.751500786907523578e-04 4.688719830529320168e-04
7.221677723703703577e+02 5.005834304662978894e-04 4.698307974644573364e-04
7.221682728708708510e+02 4.193110345025654207e-04 4.707871823354960574e-04
7.221687733713714579e+02 4.138718083605391054e-04 4.717411545299606815e-04
7.221692738718719511e+02 5.023620421510132696e-04 4.726927308526797876e-04
7.221697743723724443e+02 4.636303797972346550e-04 4.736419280486021195e-04
7.221702748728729375e+02 3.978243059150921588e-04 4.745887627999250758e-04
7.221707753733734307e+02 4.760301237003107446e-04 4.755332517243950606e-04
7.221712758738739240e+02 4.576067951921139205e-04 4.764754113734771335e-04
7.221717763743744172e+02 3.883622699578842866e-04 4.774152582306082516e-04
7.221722768748749104e+02 4.900009751607693927e-04 4.783528087095306877e-04
7.221727773753754036e+02 4.734802841129045082e-04 4.792880791527041624e-04
7.221732778758758968e+02 4.681323135660467815e-04 4.802210858297941950e-04
7.221737783763763900e+02 4.057539686733349204e-04 4.811518449362339636e-04
7.221742788768768833e+02 4.206961028311033044e-04 4.820803725918583189e-04
7.221747793773773765e+02 4.765766517665427941e-04 4.830066848396062651e-04
7.221752798778778697e+02 4.774354172709265910e-04 4.839307976442914746e-04
7.221757803783783629e+02 4.247481945907597041e-04 4.848527268914379091e-04
7.221762808788788561e+02 4.275412286797842880e-04 4.857724883861782705e-04
7.221767813793794630e+02 4.562690110861870678e-04 4.866900978524225257e-04
7.221772818798799563e+02 4.905191031288266834e-04 4.876055709310438743e-04
7.221777823803804495e+02 4.061204779078718538e-04 4.885189231802059603e-04
7.221782828808809427e+02 4.383701140988085728e-04 4.894301700736617593e-04
7.221787833813814359e+02 4.160169978662627195e-04 4.903393270001478888e-04
7.221792838818819291e+02 4.060940624937488556e-04 4.912464092626242030e-04
7.221797843823824223e+02 3.948829304752912088e-04 4.921514320775624476e-04
7.221802848828829156e+02 4.296150448980071319e-04 4.930544105742845715e-04
7.221807853833834088e+02 5.564194762454552357e-04 4.939553597943485263e-04
7.221812858838839020e+02 4.659936520952218911e-04 4.948542946909788428e-04
7.221817863843843952e+02 4.067067559456361719e-04 4.957512301285429621e-04
7.221822868848848884e+02 4.450979194996799396e-04 4.966461808820695238e-04
7.221827873853853816e+02 4.625129743684519633e-04 4.975391616368079637e-04
7.221832878858858749e+02 4.875920762918424891e-04 4.984301869878285515e-04
7.221837883863863681e+02 5.105926533585605385e-04 4.993192714396614594e-04
7.221842888868869750e+02 4.807076838111260810e-04 5.002064294061734891e-04
7.221847893873874682e+02 4.333223890227955676e-04 5.010916752094749784e-04
7.221852898878879614e+02 5.213738606341341598e-04 5.019750230808758514e-04
7.221857903883884546e+02 4.644708677527216510e-04 5.028564871598599625e-04
7.221862908888889478e+02 5.010848657664727836e-04 5.037360814941001675e-04
7.221867913893894411e+02 4.507087185261456140e-04 5.046138200393030654e-04
7.221872918898899343e+02 4.720701389464962883e-04 5.054897166590835563e-04
7.221877923903904275e+02 4.306901438309683060e-04 5.063637851248696488e-04
7.221882928908909207e+02 4.637479489413273486e-04 5.072360391158345881e-04
7.221887933913914139e+02 4.616957315815259670e-04 5.081064922188564164e-04
7.221892938918919072e+02 4.783134298628859138e-04 5.089751579285039856e-04
7.221897943923924004e+02 4.881897946868155773e-04 5.098420496470476918e-04
7.221902948928928936e+02 5.196111563164389690e-04 5.107071806844947111e-04
7.221907953933933868e+02 4.394539796871394866e-04 5.115705642586479808e-04
7.221912958938938800e+02 4.651431347045205974e-04 5.124322134951872975e-04
7.221917963943943732e+02 5.102566806946174814e-04 5.132921414277720994e-04
7.221922968948949801e+02 4.880831316186051705e-04 5.141503609983603300e-04
7.221927973953954734e+02 4.826780380996892046e-04 5.150068850565724457e-04
7.221932978958959666e+02 4.504315021346144308e-04 5.158617263610246586e-04
7.221937983963964598e+02 4.882329545736973329e-04 5.167148975787298065e-04
7.221942988968969530e+02 5.406972999825519592e-04 5.175664112854922198e-04
7.221947993973974462e+02 4.952988913157682898e-04 5.184162799661244528e-04
7.221952998978979394e+02 4.394575360532241388e-04 5.192645160146795204e-04
7.221958003983984327e+02 4.593801648145020081e-04 5.201111317347000473e-04
7.221963008988989259e+02 4.991898444997282117e-04 5.209561393394816211e-04
7.221968013993994191e+02 5.437160396989732447e-04 5.217995509523506732e-04
7.221973018998999123e+02 4.787000992054901575e-04 5.226413786069568877e-04
7.221978024004004055e+02 5.506715953073296633e-04 5.234816342475778631e-04
7.221983029009008987e+02 5.394303281142761230e-04 5.243203297294373247e-04
7.221988034014013920e+02 5.155883140881858907e-04 5.251574768190345058e-04
7.221993039019018852e+02 4.665816978483103717e-04 5.259930871944863218e-04
7.221998044024024921e+02 5.150027596252205542e-04 5.268271724460678448e-04
7.222003049029029853e+02 5.067255805646761653e-04 5.276597440758194974e-04
7.222008054034034785e+02 5.117213625677813826e-04 5.284908134990556113e-04
7.222013059039039717e+02 5.278141804624356158e-04 5.293203920439892938e-04
7.222018064044044650e+02 4.589857043568393172e-04 5.301484909523138849e-04
7.222023069049049582e+02 4.771865194553301989e-04 5.309751213796025946e-04
7.222028074054054514e+02 5.197088503614811193e-04 5.318002943957181143e-04
7.222033079059059446e+02 5.398738000888207841e-04 5.326240209852283001e-04
7.222038084064064378e+02 5.537909996502176063e-04 5.334463120478300955e-04
7.222043089069069310e+02 5.430843876442742035e-04 5.342671783987802854e-04
7.222048094074074243e+02 4.986671975418281114e-04 5.350866307693325375e-04
7.222053099079079175e+02 5.553066763384723005e-04 5.359046798071817087e-04
7.222058104084084107e+02 4.685575826170676342e-04 5.367213360769124879e-04
7.222063109089089039e+02 4.893647606456697679e-04 5.375366100604551944e-04
7.222068114094093971e+02 4.941098668270189724e-04 5.383505121575454799e-04
7.222073119099098903e+02 5.443773173923085844e-04 5.391630526861896679e-04
7.222078124104104973e+02 4.594721989630322963e-04 5.399742418833189611e-04
7.222083129109109905e+02 5.183240607307172416e-04 5.407840899045255473e-04
7.222088134114114837e+02 5.414715397568088760e-04 5.415926068256472683e-04
7.222093139119119769e+02 5.032891000544023434e-04 5.423998026425114237e-04
7.222098144124124701e+02 4.657736360762246243e-04 5.432056872716043740e-04
7.222103149129129633e+02 5.236887330528336220e-04 5.440102705505596480e-04
7.222108154134134566e+02 5.570176227291196097e-04 5.448135622386488701e-04
7.222113159139139498e+02 5.399756342146455829e-04 5.456155720172762647e-04
7.222118164144144430e+02 5.459519625975805613e-04 5.464163094904741363e-04
7.222123169149149362e+02 5.458187721210991513e-04 5.472157841854013863e-04
7.222128174154154294e+02 5.536383045086337631e-04 5.480140055528439800e-04
7.222133179159159226e+02 5.562190428484756850e-04 5.488109829677176917e-04
7.222138184164164159e+02 5.305597321528903983e-04 5.496067257295703069e-04
7.222143189169169091e+02 5.609165200670780064e-04 5.504012430630878363e-04
7.222148194174174023e+02 5.085375474879022225e-04 5.511945441186004045e-04
7.222153199179178955e+02 5.986350361156034857e-04 5.519866379725892232e-04
7.222158204184185024e+02 4.967909258064451706e-04 5.527775336283737581e-04
7.222163209189189956e+02 5.652717249187658600e-04 5.535672400159026953e-04
7.222168214194194888e+02 5.002524239841878943e-04 5.543557659933400199e-04
7.222173219199199821e+02 4.974514635276837838e-04 5.551431203468558742e-04
7.222178224204204753e+02 5.811954567963599147e-04 5.559293117913156760e-04
7.222183229209209685e+02 5.599312203866927849e-04 5.567143489707895854e-04
7.222188234214214617e+02 4.680247663755015154e-04 5.574982404590611042e-04
7.222193239219219549e+02 5.412147422605167622e-04 5.582809947601375181e-04
7.222198244224224482e+02 5.586697901803997640e-04 5.590626203087568696e-04
7.222203249229229414e+02 5.250447225589460623e-04 5.598431254708963406e-04
7.222208254234234346e+02 5.707875229110537674e-04 5.606225185442806347e-04
7.222213259239239278e+02 5.571883193659094968e-04 5.614008077588866731e-04
7.222218264244244210e+02 6.191448192756313518e-04 5.621780012774510015e-04
7.222223269249249142e+02 5.922371739912035129e-04 5.629541071959728599e-04
7.222228274254254075e+02 5.437790172250314994e-04 5.637291335442188786e-04
7.222233279259260144e+02 5.940939031886000466e-04 5.645030882864004876e-04
7.222238284264265076e+02 6.000196139424567986e-04 5.652759793209717132e-04
7.222243289269270008e+02 5.199714260650419029e-04 5.660478144821839237e-04
7.222248294274274940e+02 5.680756077358408438e-04 5.668186015398806983e-04
7.222253299279279872e+02 5.689306526261020749e-04 5.675883482001693823e-04
7.222258304284284804e+02 5.856812808005272585e-04 5.683570621059166753e-04
7.222263309289289737e+02 4.520684898920077337e-04 5.691247508372416185e-04
7.222268314294294669e+02 5.713789506694247908e-04 5.698914219120066295e-04
7.222273319299299601e+02 5.923737092178612933e-04 5.706570827863072367e-04
7.222278324304304533e+02 5.755869492808711419e-04 5.714217408549592111e-04
7.222283329309309465e+02 6.331338281800103808e-04 5.721854034519849395e-04
7.222288334314314397e+02 5.578718703342747413e-04 5.729480778510956775e-04
7.222293339319319330e+02 5.400819619521927961e-04 5.737097712661734777e-04
7.222298344324324262e+02 5.326509368637475685e-04 5.744704908517506235e-04
7.222303349329329194e+02 4.708987441293629767e-04 5.752302437034858109e-04
7.222308354334334126e+02 5.833928923657221832e-04 5.759890368586391375e-04
7.222313359339340195e+02 5.603813817387425997e-04 5.767468772967163353e-04
7.222318364344345127e+02 5.932156685878164221e-04 5.775037719392508463e-04
7.222323369349350060e+02 6.710926665656692831e-04 5.782597276513030569e-04
7.222328374354354992e+02 6.055209900982169713e-04 5.790147512412378199e-04
7.222333379359359924e+02 6.040563153246740914e-04 5.797688494613580622e-04
7.222338384364364856e+02 4.964546780247764204e-04 5.805220290083658958e-04
7.222343389369369788e+02 5.812857127534898707e-04 5.812742965238192842e-04
7.222348394374374720e+02 6.350426894966253177e-04 5.820256585945872982e-04
7.222353399379379653e+02 5.702105900679510205e-04 5.827761217533023374e-04
7.222358404384384585e+02 4.942373527441097647e-04 5.835256924788093146e-04
7.222363409389389517e+02 5.294251004777987503e-04 5.842743771966131061e-04
7.222368414394394449e+02 5.989489244179161016e-04 5.850221822793222077e-04
7.222373419399399381e+02 7.046455208850293910e-04 5.857691140470910884e-04
7.222378424404404313e+02 5.259382563129334342e-04 5.865151787680578837e-04
7.222383429409409246e+02 4.731687126193912787e-04 5.872603826587808945e-04
7.222388434414415315e+02 5.857043349421067529e-04 5.880047318848408621e-04
7.222393439419420247e+02 5.996223996764553019e-04 5.887482325605949626e-04
7.222398444424425179e+02 5.261933779615433513e-04 5.894908907506189039e-04
7.222403449429430111e+02 5.595827443353010603e-04 5.902327124694549572e-04
7.222408454434435043e+02 6.607429501140477373e-04 5.909737036822040402e-04
7.222413459439439976e+02 5.431161227154117886e-04 5.917138703049431344e-04
7.222418464444444908e+02 6.381594780719041264e-04 5.924532182051430286e-04
7.222423469449449840e+02 6.410479141851315159e-04 5.931917532020805324e-04
7.222428474454454772e+02 6.346957466463621494e-04 5.939294810672496056e-04
7.222433479459459704e+02 6.379921762845703693e-04 5.946664075247684762e-04
7.222438484464464636e+02 5.751577915448931842e-04 5.954025382517846984e-04
7.222443489469469569e+02 6.404625788898274125e-04 5.961378788788769577e-04
7.222448494474474501e+02 5.592507173103537614e-04 5.968724349904531903e-04
7.222453499479479433e+02 5.370213268229479843e-04 5.976062121251478343e-04
7.222458504484484365e+02 6.221774388044857109e-04 5.983392157762137693e-04
7.222463509489489297e+02 6.143473426490909635e-04 5.990714513919131708e-04
7.222468514494495366e+02 6.358374079639878863e-04 5.998029243760708874e-04
7.222473519499500298e+02 5.841328896959291361e-04 6.005336400877940659e-04
7.222478524504505231e+02 6.025175763523405326e-04 6.012636038428508228e-04
7.222483529509510163e+02 5.859695197565413950e-04 6.019928209133842316e-04
7.222488534514515095e+02 6.596997314553047732e-04 6.027212965284535571e-04
7.222493539519520027e+02 6.183680112399165488e-04 6.034490358744083044e-04
7.222498544524524959e+02 6.022048536088971723e-04 6.041760440952572819e-04
7.222503549529529892e+02 5.879244624164513527e-04 6.049023262930362538e-04
7.222508554534534824e+02 6.276471910043137682e-04 6.056278875281711485e-04
7.222513559539539756e+02 5.361449504764600246e-04 6.063527328198410485e-04
7.222518564544544688e+02 5.811915747613366143e-04 6.070768671463355444e-04
7.222523569549549620e+02 6.339242941229359784e-04 6.078002954454106779e-04
7.222528574554554552e+02 6.381282986955406997e-04 6.085230226146422835e-04
7.222533579559559485e+02 6.188545363004672051e-04 6.092450535117748846e-04
7.222538584564564417e+02 6.479643242915617083e-04 6.099663929550706984e-04
7.222543589569569349e+02 6.037970389931605810e-04 6.106870457236520267e-04
7.222548594574575418e+02 5.707502913155563899e-04 6.114070165580077956e-04
7.222553599579580350e+02 6.479833719785683694e-04 6.121263101596776182e-04
7.222558604584585282e+02 5.903737649614058990e-04 6.128449311925697517e-04
7.222563609589590214e+02 6.921451813560657116e-04 6.135628842826391970e-04
7.222568614594595147e+02 6.199647446428599353e-04 6.142801740183827458e-04
7.222573619599600079e+02 5.861848386184104025e-04 6.149968049511660845e-04
7.222578624604605011e+02 5.339621496345872947e-04 6.157127815955493796e-04
7.222583629609609943e+02 6.225817694953036116e-04 6.164281084296091779e-04
7.222588634614614875e+02 6.891806502455650324e-04 6.171427898952585710e-04
7.222593639619619807e+02 5.835954630453864429e-04 6.178568303985638912e-04
7.222598644624624740e+02 6.575391798953382711e-04 6.185702343100590210e-04
7.222603649629629672e+02 6.190550730162794118e-04 6.192830059650572105e-04
7.222608654634634604e+02 6.495951765574142951e-04 6.199951496639596405e-04
7.222613659639639536e+02 7.134193761047424778e-04 6.207066696725625776e-04
7.222618664644644468e+02 6.433640832670824670e-04 6.214175702223603001e-04
7.222623669649650537e+02 6.191896907028640682e-04 6.221278555110083775e-04
7.222628674654655470e+02 6.917519909989862121e-04 6.228375297019762922e-04
7.222633679659660402e+02 6.251417409794340170e-04 6.235465969258119443e-04
7.222638684664665334e+02 6.959243558185980016e-04 6.242550612797893948e-04
7.222643689669670266e+02 6.362098203222927260e-04 6.249629268283613025e-04
7.222648694674675198e+02 5.628050319220010561e-04 6.256701976034473225e-04
7.222653699679680130e+02 6.910288333266485696e-04 6.263768776047201180e-04
7.222658704684685063e+02 6.842460501026380836e-04 6.270829707998884462e-04
7.222663709689689995e+02 7.769813474177644178e-04 6.277884811249782914e-04
7.222668714694694927e+02 6.707238890769535739e-04 6.284934124846116134e-04
7.222673719699699859e+02 6.234938123422673756e-04 6.291977687522816269e-04
7.222678724704704791e+02 6.393168962732012888e-04 6.299015537706274294e-04
7.222683729709709723e+02 6.320695052702911786e-04 6.306047713517044014e-04
7.222688734714714656e+02 6.362431499683538026e-04 6.313074252772530887e-04
7.222693739719719588e+02 6.341783393538286736e-04 6.320095192989661327e-04
7.222698744724724520e+02 6.580019961788286268e-04 6.327110571387520570e-04
7.222703749729730589e+02 6.730231539734966286e-04 6.334120424891557209e-04
7.222708754734735521e+02 6.812790055590704774e-04 6.341124790129818844e-04
7.222713759739740453e+02 7.215692669431387389e-04 6.348123703445068041e-04
7.222718764744745386e+02 7.378474433115026583e-04 6.355117200890963774e-04
7.222723769749750318e+02 6.140440303034325111e-04 6.362105318236183559e-04
7.222728774754755250e+02 6.889763965741305205e-04 6.369088090966912785e-04
7.222733779759760182e+02 7.103126187934900252e-04 6.376065554289344879e-04
7.222738784764765114e+02 6.768555772293157477e-04 6.383037743132121853e-04
7.222743789769770046e+02 5.974230040713284819e-04 6.390004692148780257e-04
7.222748794774774979e+02 6.352252085456188205e-04 6.396966435720159196e-04
7.222753799779779911e+02 6.092852546228199988e-04 6.403923007956799666e-04
7.222758804784784843e+02 6.470499666860936045e-04 6.410874442701308120e-04
7.222763809789789775e+02 6.330034624985024245e-04 6.417820773530709183e-04
7.222768814794794707e+02 7.363279479692150069e-04 6.424762033758773432e-04
7.222773819799799639e+02 6.101379535340754456e-04 6.431698256438327837e-04
7.222778824804805708e+02 6.071307373250660160e-04 6.438629474365112262e-04
7.222783829809810641e+02 6.905210146853430408e-04 6.445555720073742985e-04
7.222788834814815573e+02 7.108521247438152023e-04 6.452477025849417741e-04
7.222793839819820505e+02 6.595138263516743971e-04 6.459393423723826114e-04
7.222798844824825437e+02 6.721394771960463328e-04 6.466304945478942075e-04
7.222803849829830369e+02 7.240616025460245957e-04 6.473211622649198893e-04
7.222808854834835302e+02 6.361315923408175210e-04 6.480113486523658619e-04
7.222813859839840234e+02 6.342677084367463226e-04 6.487010568148151224e-04
7.222818864844845166e+02 6.629140900919547460e-04 6.493902898327409386e-04
7.222823869849850098e+02 6.461172730285749894e-04 6.500790507627161006e-04
7.222828874854855030e+02 6.841851504040459032e-04 6.507673426376227137e-04
7.222833879859859962e+02 6.308890746831565064e-04 6.514551684668580880e-04
7.222838884864864895e+02 6.314499542738188920e-04 6.521425312365404124e-04
7.222843889869869827e+02 6.775374276522302258e-04 6.528294339097104153e-04
7.222848894874874759e+02 7.805657795635740585e-04 6.535158794265340026e-04
7.222853899879879691e+02 6.376318242401453687e-04 6.542018707045002329e-04
7.222858904884885760e+02 6.568068089111184400e-04 6.548874106387752008e-04
7.222863909889890692e+02 6.235060562889416236e-04 6.555725021017745364e-04
7.222868914894895624e+02 6.744329510041608203e-04 6.562571479442915173e-04
7.222873919899900557e+02 7.012776437198899341e-04 6.569413509950660984e-04
7.222878924904905489e+02 6.710901982673582065e-04 6.576251140611309894e-04
7.222883929909910421e+02 6.698886814978660545e-04 6.583084399280004139e-04
7.222888934914915353e+02 6.774129081072099382e-04 6.589913313598563761e-04
7.222893939919920285e+02 7.981425866592041290e-04 6.596737910997343838e-04
7.222898944924925217e+02 7.024119962628303784e-04 6.603558218697059201e-04
7.222903949929930150e+02 6.961733211754395599e-04 6.610374263710606978e-04
7.222908954934935082e+02 7.824092064672061482e-04 6.617186072844867453e-04
7.222913959939940014e+02 6.606029913951345402e-04 6.623993672702482155e-04
7.222918964944944946e+02 6.822913720455598503e-04 6.630797089683623281e-04
7.222923969949949878e+02 7.196763587010282298e-04 6.637596349987749016e-04
7.222928974954954811e+02 7.325209761150806506e-04 6.644391479615325245e-04
7.222933979959959743e+02 6.671161795415689365e-04 6.651182504369558112e-04
7.222938984964965812e+02 7.865201574189906826e-04 6.657969449859627107e-04
7.222943989969970744e+02 7.860628359954866190e-04 6.664752341496213818e-04
7.222948994974975676e+02 7.335635923193220727e-04 6.671531204502414427e-04
7.222953999979980608e+02 7.441489033299867988e-04 6.678306063909234848e-04
7.222959004984985540e+02 6.727874314106546986e-04 6.685076944558769607e-04
7.222964009989990473e+02 6.664543640191178267e-04 6.691843871105829233e-04
7.222969014994995405e+02 7.623056081357271196e-04 6.698606868019549212e-04
7.222974020000000337e+02 7.339631893276189235e-04 6.705365959584983762e-04
