7.217164199999999710e+02 1.529107564954914104e-04 1.070244283653422861e-04
7.217169205005004642e+02 1.434989945430540184e-04 1.075752321432139528e-04
7.217174210010009574e+02 1.397605403729577553e-04 1.081255339229898987e-04
7.217179215015014506e+02 1.145442749029072749e-04 1.086753301588169241e-04
7.217184220020019438e+02 1.452681786119732941e-04 1.092246172767897920e-04
7.217189225025024371e+02 1.473029443324625214e-04 1.097733916747155092e-04
7.217194230030029303e+02 1.235292008884961211e-04 1.103216497218753573e-04
7.217199235035034235e+02 1.592331557301566872e-04 1.108693877587855553e-04
7.217204240040040304e+02 1.239051460206562331e-04 1.114166020970794882e-04
7.217209245045045236e+02 1.463953915712292819e-04 1.119632890187674133e-04
7.217214250050050168e+02 1.377291377569358588e-04 1.125094447767367115e-04
7.217219255055055100e+02 1.742756176432218264e-04 1.130550655940071352e-04
7.217224260060060033e+02 1.670078014112322934e-04 1.136001476636053524e-04
7.217229265065064965e+02 1.269677683830830375e-04 1.141446871483141437e-04
7.217234270070069897e+02 1.378626804776145935e-04 1.146886801804184418e-04
7.217239275075074829e+02 1.278346754608389638e-04 1.152321228614501774e-04
7.217244280080079761e+02 1.397812125834892866e-04 1.157750112619307956e-04
7.217249285085084693e+02 1.497580292665306036e-04 1.163173414211115885e-04
7.217254290090089626e+02 1.446249670799633813e-04 1.168591093467125119e-04
7.217259295095094558e+02 1.648768804349068362e-04 1.174003110146581812e-04
7.217264300100099490e+02 1.544544835492226581e-04 1.179409423688126490e-04
7.217269305105104422e+02 1.169026125744267305e-04 1.184809993207115801e-04
7.217274310110109354e+02 1.295107208469302407e-04 1.190204777492923928e-04
7.217279315115114287e+02 1.826319691882185518e-04 1.195593735006224778e-04
7.217284320120120356e+02 1.428001933129568980e-04 1.200976823877474627e-04
7.217289325125125288e+02 1.414272106354911044e-04 1.206354001899263492e-04
7.217294330130130220e+02 1.212437332558178037e-04 1.211725226530867148e-04
7.217299335135135152e+02 1.253473232183777532e-04 1.217090454890555932e-04
7.217304340140140084e+02 1.279255557629306096e-04 1.222449643753989858e-04
7.217309345145145016e+02 1.502058036595340382e-04 1.227802749551377460e-04
7.217314350150149949e+02 1.603905278960034142e-04 1.233149728364608217e-04
7.217319355155154881e+02 1.546229694874067884e-04 1.238490535924361932e-04
7.217324360160159813e+02 1.141274209528953443e-04 1.243825127607203068e-04
7.217329365165164745e+02 1.406515482976730441e-04 1.249153458432647175e-04
7.217334370170169677e+02 1.617344566900392132e-04 1.254475483060208058e-04
7.217339375175174609e+02 1.502014455800999512e-04 1.259791155786424898e-04
7.217344380180179542e+02 1.200549538782287910e-04 1.265100430541864435e-04
7.217349385185184474e+02 1.654759703063275245e-04 1.270403260888105525e-04
7.217354390190189406e+02 1.449852744917748859e-04 1.275699600014693893e-04
7.217359395195194338e+02 1.733202237973413909e-04 1.280989400736086848e-04
7.217364400200200407e+02 1.402663609622460705e-04 1.286272615489765687e-04
7.217369405205205339e+02 1.699142922666885660e-04 1.291549196328329967e-04
7.217374410210210272e+02 1.688594728946547676e-04 1.296819094923572474e-04
7.217379415215215204e+02 1.415380674089675129e-04 1.302082262558528500e-04
7.217384420220220136e+02 1.263036829595900589e-04 1.307338650125501242e-04
7.217389425225225068e+02 1.696805909608070249e-04 1.312588208122871262e-04
7.217394430230230000e+02 1.459119618419011354e-04 1.317830886651880204e-04
7.217399435235234932e+02 1.871031997436938487e-04 1.323066635413390653e-04
7.217404440240239865e+02 1.595939908035629213e-04 1.328295403704630279e-04
7.217409445245244797e+02 1.535616171272839562e-04 1.333517140415903181e-04
7.217414450250249729e+02 1.431476055374160438e-04 1.338731794027292281e-04
7.217419455255254661e+02 1.360757120887248599e-04 1.343939312605330560e-04
7.217424460260259593e+02 1.499913399267644787e-04 1.349139643799648696e-04
7.217429465265264525e+02 1.526435084980280765e-04 1.354332734839612691e-04
7.217434470270269458e+02 1.350845597793602041e-04 1.359518532530923536e-04
7.217439475275275527e+02 1.429031161275953570e-04 1.364696983253384298e-04
7.217444480280280459e+02 1.609058529631378701e-04 1.369868032952755593e-04
7.217449485285285391e+02 1.399963291759486036e-04 1.375031627144359205e-04
7.217454490290290323e+02 1.274933803890239707e-04 1.380187710904888564e-04
7.217459495295295255e+02 1.484309484533784577e-04 1.385336228870085297e-04
7.217464500300300188e+02 1.501457372553147336e-04 1.390477125231215577e-04
7.217469505305305120e+02 1.323480467436986341e-04 1.395610343731524779e-04
7.217474510310310052e+02 1.275543412431206667e-04 1.400735827662671809e-04
7.217479515315314984e+02 1.330135727832193145e-04 1.405853519861141750e-04
7.217484520320319916e+02 1.476495376418531793e-04 1.410963362704632763e-04
7.217489525325324848e+02 1.469727489926205173e-04 1.416065298108431592e-04
7.217494530330329781e+02 1.786767911183223903e-04 1.421159267521757369e-04
7.217499535335334713e+02 1.480117599665151768e-04 1.426245211924091858e-04
7.217504540340339645e+02 9.998422228270036744e-05 1.431323071821483681e-04
7.217509545345344577e+02 1.376074282447437426e-04 1.436392787242837094e-04
7.217514550350349509e+02 1.601174794385966914e-04 1.441454297736178267e-04
7.217519555355355578e+02 1.663524006830261826e-04 1.446507542366041272e-04
7.217524560360360510e+02 1.609162012937512417e-04 1.451552459705111864e-04
7.217529565365365443e+02 1.145233459707837881e-04 1.456588987837315291e-04
7.217534570370370375e+02 1.692353911061300956e-04 1.461617064349408847e-04
7.217539575375375307e+02 1.867314505787570156e-04 1.466636626328296576e-04
7.217544580380380239e+02 1.599207298286515067e-04 1.471647610357177641e-04
7.217549585385385171e+02 1.592976368417466310e-04 1.476649952511671117e-04
7.217554590390390103e+02 1.398699767598323167e-04 1.481643588355928041e-04
7.217559595395395036e+02 1.537135057397968126e-04 1.486628452938718525e-04
7.217564600400399968e+02 1.478424298727687544e-04 1.491604480789505049e-04
7.217569605405404900e+02 1.395981244276281138e-04 1.496571605914498405e-04
7.217574610410409832e+02 1.845065669529845581e-04 1.501529761792688700e-04
7.217579615415414764e+02 1.648663761802686065e-04 1.506478881371870946e-04
7.217584620420419697e+02 1.826625133532594990e-04 1.511418897064642183e-04
7.217589625425424629e+02 1.594263714565353454e-04 1.516349740744389661e-04
7.217594630430430698e+02 1.746319194991815637e-04 1.521271343742373796e-04
7.217599635435435630e+02 1.419294488284746872e-04 1.526183636839215010e-04
7.217604640440440562e+02 1.544436756073911971e-04 1.531086550267537019e-04
7.217609645445445494e+02 1.519493406734852086e-04 1.535980013703416272e-04
7.217614650450450426e+02 1.454104124504798081e-04 1.540863956263408799e-04
7.217619655455455359e+02 1.537093237726646050e-04 1.545738306500442436e-04
7.217624660460460291e+02 1.427759484616005869e-04 1.550602992399700657e-04
7.217629665465465223e+02 1.758092507331030592e-04 1.555457941374486337e-04
7.217634670470470155e+02 1.464423184754930663e-04 1.560303080262074411e-04
7.217639675475475087e+02 1.685140351153149862e-04 1.565138335319559381e-04
7.217644680480480019e+02 1.374700944992784891e-04 1.569963632219680320e-04
7.217649685485484952e+02 1.331279324390955820e-04 1.574778896046643173e-04
7.217654690490489884e+02 1.621280741676055053e-04 1.579584051291927607e-04
7.217659695495494816e+02 1.838035873053329625e-04 1.584379021850088705e-04
7.217664700500499748e+02 1.733266468464090236e-04 1.589163731014545111e-04
7.217669705505504680e+02 2.069648095880126967e-04 1.593938101473359593e-04
7.217674710510510749e+02 1.393515024035400904e-04 1.598702055306095392e-04
7.217679715515515682e+02 1.937089149270315529e-04 1.603455513975256448e-04
7.217684720520520614e+02 1.470648551442274837e-04 1.608198398328538475e-04
7.217689725525525546e+02 1.748911899583449690e-04 1.612930628590254550e-04
7.217694730530530478e+02 1.582663971816485786e-04 1.617652124358167070e-04
7.217699735535535410e+02 1.597088830711623330e-04 1.622362804599235785e-04
7.217704740540540342e+02 1.707663884099720026e-04 1.627062587645356341e-04
7.217709745545545275e+02 1.604993297664692679e-04 1.631751391189103974e-04
7.217714750550550207e+02 1.379131158279521346e-04 1.636429132279471781e-04
7.217719755555555139e+02 1.773773900486218117e-04 1.641095727317611161e-04
7.217724760560560071e+02 1.677295899458702377e-04 1.645751092052566834e-04
7.217729765565565003e+02 1.295516670694731390e-04 1.650395141577022976e-04
7.217734770570569935e+02 1.838452800348039113e-04 1.655027790323044200e-04
7.217739775575574868e+02 1.645333107654737572e-04 1.659648952057823045e-04
7.217744780580579800e+02 1.629274088387647028e-04 1.664258539879432341e-04
7.217749785585584732e+02 1.629438028293453769e-04 1.668856466212585168e-04
7.217754790590590801e+02 1.472761865799944870e-04 1.673442642805437813e-04
7.217759795595595733e+02 1.508744503735596598e-04 1.678016980721201842e-04
7.217764800600600665e+02 1.750849835907443810e-04 1.682579390340177517e-04
7.217769805605605598e+02 1.334703189848544347e-04 1.687129781351375901e-04
7.217774810610610530e+02 1.845908509622607460e-04 1.691668062749374394e-04
7.217779815615615462e+02 1.302926207535798375e-04 1.696194142830130362e-04
7.217784820620620394e+02 1.396911100762194082e-04 1.700707929186822136e-04
7.217789825625625326e+02 1.364455744332936961e-04 1.705209328705698684e-04
7.217794830630630258e+02 1.626731769340313970e-04 1.709698247561949349e-04
7.217799835635635191e+02 2.010637368291828689e-04 1.714174591215594714e-04
7.217804840640640123e+02 1.718003699252585858e-04 1.718638264407398083e-04
7.217809845645645055e+02 1.854123882034401031e-04 1.723089171154797280e-04
7.217814850650649987e+02 1.619583422030726786e-04 1.727527214747864913e-04
7.217819855655654919e+02 1.626086930939855371e-04 1.731952297745294113e-04
7.217824860660659851e+02 1.725677898075161443e-04 1.736364321970408403e-04
7.217829865665665920e+02 2.145240253727012083e-04 1.740763188508205887e-04
7.217834870670670853e+02 1.633019329520192693e-04 1.745148797697438075e-04
7.217839875675675785e+02 1.675623524164517400e-04 1.749521049132713498e-04
7.217844880680680717e+02 1.645530835197139125e-04 1.753879841656645925e-04
7.217849885685685649e+02 1.550897005699395357e-04 1.758225073357034618e-04
7.217854890690690581e+02 1.723068634252750435e-04 1.762556641563086160e-04
7.217859895695695513e+02 1.578831254499605521e-04 1.766874442841684530e-04
7.217864900700700446e+02 1.628220802850706861e-04 1.771178372993695597e-04
7.217869905705705378e+02 1.602883049473803839e-04 1.775468327050326643e-04
7.217874910710710310e+02 1.905428533278273238e-04 1.779744199269530334e-04
7.217879915715715242e+02 1.697690887966510289e-04 1.784005883132464530e-04
7.217884920720720174e+02 1.373744500872607589e-04 1.788253271340002506e-04
7.217889925725725107e+02 1.692655397694454078e-04 1.792486255809300915e-04
7.217894930730730039e+02 1.589997252745305103e-04 1.796704727670430898e-04
7.217899935735734971e+02 1.588179142522170716e-04 1.800908577263065030e-04
7.217904940740739903e+02 1.695510118528220449e-04 1.805097694133237461e-04
7.217909945745745972e+02 1.693930183123232248e-04 1.809271967031107471e-04
7.217914950750750904e+02 1.568445556149909237e-04 1.813431283904070180e-04
7.217919955755755836e+02 2.054638892986854670e-04 1.817575531899410948e-04
7.217924960760760769e+02 1.557573922915505551e-04 1.821704597357557028e-04
7.217929965765765701e+02 1.770222281251664488e-04 1.825818365810148497e-04
7.217934970770770633e+02 2.037365999426414532e-04 1.829916721977253489e-04
7.217939975775775565e+02 2.243374298233575875e-04 1.833999549764659851e-04
7.217944980780780497e+02 1.415647472487368207e-04 1.838066732261264390e-04
7.217949985785785429e+02 1.867465763337458411e-04 1.842118151736549659e-04
7.217954990790790362e+02 1.771604022984698374e-04 1.846153689638165918e-04
7.217959995795795294e+02 1.519426784243940720e-04 1.850173226589610126e-04
7.217965000800800226e+02 1.640773142014403593e-04 1.854176642388005497e-04
7.217970005805805158e+02 1.508262420799835908e-04 1.858163816002001670e-04
7.217975010810810090e+02 1.961046647359534069e-04 1.862134625569778965e-04
7.217980015815815023e+02 1.427619496854068502e-04 1.866088948397169459e-04
7.217985020820821092e+02 1.790710272596120688e-04 1.870026660956798572e-04
7.217990025825826024e+02 1.727296490782751154e-04 1.873947638882880078e-04
7.217995030830830956e+02 1.582523122073885519e-04 1.877851756975085901e-04
7.218000035835835888e+02 1.753053988241539622e-04 1.881738889193600519e-04
7.218005040840840820e+02 1.489504377753329812e-04 1.885608908658789747e-04
7.218010045845845752e+02 1.535652753771925229e-04 1.889461687650125746e-04
7.218015050850850685e+02 1.890268469660567397e-04 1.893297097605253798e-04
7.218020055855855617e+02 1.652746126298935416e-04 1.897115009119214118e-04
7.218025060860860549e+02 1.669006975135909308e-04 1.900915291943827115e-04
7.218030065865865481e+02 1.978537648807711651e-04 1.904697814987239650e-04
7.218035070870870413e+02 2.016973602826830855e-04 1.908462446313640706e-04
7.218040075875875345e+02 1.931306756637758129e-04 1.912209053143157573e-04
7.218045080880880278e+02 1.683055276027817986e-04 1.915937501851926324e-04
7.218050085885885210e+02 1.732223631622730972e-04 1.919647657972354464e-04
7.218055090890890142e+02 1.985919795069167890e-04 1.923339386193572765e-04
7.218060095895895074e+02 1.764565555862805603e-04 1.927012550362091215e-04
7.218065100900901143e+02 1.747583409202869650e-04 1.930667013483479530e-04
7.218070105905906075e+02 1.926299704760948462e-04 1.934302637720126104e-04
7.218075110910911008e+02 1.548895349889316145e-04 1.937919284397499552e-04
7.218080115915915940e+02 1.658005182491081701e-04 1.941516814002339447e-04
7.218085120920920872e+02 1.813735792150062798e-04 1.945095086185229943e-04
7.218090125925925804e+02 1.999011654550860155e-04 1.948653959762581698e-04
7.218095130930930736e+02 1.652722420626372949e-04 1.952193292718856657e-04
7.218100135935935668e+02 1.612706846091512491e-04 1.955712942209049789e-04
7.218105140940940601e+02 2.046753373630210652e-04 1.959212764561425073e-04
7.218110145945945533e+02 1.365498223369482074e-04 1.962692615280525244e-04
7.218115150950950465e+02 1.484349221055293253e-04 1.966152349050449605e-04
7.218120155955955397e+02 2.101353670871043862e-04 1.969591819738425117e-04
7.218125160960960329e+02 1.537848770882585113e-04 1.973010880398656677e-04
7.218130165965965261e+02 1.571604451457742926e-04 1.976409383276489908e-04
7.218135170970970194e+02 2.203032456186087391e-04 1.979787179812868855e-04
7.218140175975975126e+02 1.607025590246704747e-04 1.983144120649121659e-04
7.218145180980981195e+02 1.769558739911926935e-04 1.986480055632820665e-04
7.218150185985986127e+02 1.984902430687946438e-04 1.989794833820194772e-04
7.218155190990991059e+02 2.211807540970648690e-04 1.993088303486464864e-04
7.218160195995995991e+02 1.852558478783430300e-04 1.996360312128943001e-04
7.218165201001000923e+02 1.901684818736621742e-04 1.999610706474288710e-04
7.218170206006005856e+02 1.851209616403361982e-04 2.002839332485388795e-04
7.218175211011010788e+02 1.801883432218875328e-04 2.006046035368604411e-04
7.218180216016015720e+02 1.797124977534023821e-04 2.009230659581422824e-04
7.218185221021020652e+02 1.796671462519653447e-04 2.012393048840503272e-04
7.218190226026025584e+02 1.469673455437351902e-04 2.015533046130143504e-04
7.218195231031030517e+02 1.677775666252971686e-04 2.018650493711160747e-04
7.218200236036035449e+02 1.731991061695088599e-04 2.021745233130220454e-04
7.218205241041040381e+02 1.765948080764160265e-04 2.024817105229598463e-04
7.218210246046045313e+02 1.728067122811654849e-04 2.027865950157409355e-04
7.218215251051050245e+02 1.764459585465102140e-04 2.030891607378302113e-04
7.218220256056056314e+02 2.017714091271640081e-04 2.033893915685314245e-04
7.218225261061061246e+02 1.824348167461796216e-04 2.036872713208816993e-04
7.218230266066066179e+02 2.094597192056435009e-04 2.039827837432784600e-04
7.218235271071071111e+02 1.830687930821577156e-04 2.042759125204752168e-04
7.218240276076076043e+02 1.805785782427966673e-04 2.045666412749724610e-04
7.218245281081080975e+02 1.807445035756739338e-04 2.048549535683944129e-04
7.218250286086085907e+02 1.912724494208344582e-04 2.051408329029210081e-04
7.218255291091090839e+02 2.039205210150888325e-04 2.054242627227781609e-04
7.218260296096095772e+02 1.707097847336506546e-04 2.057052264157848938e-04
7.218265301101100704e+02 1.932250385186457594e-04 2.059837073149613175e-04
7.218270306106105636e+02 1.743579630865703303e-04 2.062596887001974348e-04
7.218275311111110568e+02 1.539080932008688612e-04 2.065331537999848829e-04
7.218280316116115500e+02 1.739586548992289668e-04 2.068040857932121823e-04
7.218285321121120433e+02 2.013690665010532969e-04 2.070724678110264199e-04
7.218290326126125365e+02 1.784166336951842249e-04 2.073382829387612595e-04
7.218295331131130297e+02 1.971092563905862244e-04 2.076015142179344210e-04
7.218300336136136366e+02 1.606006955208847016e-04 2.078621446483734213e-04
7.218305341141141298e+02 1.962416012670299193e-04 2.081201571901186752e-04
7.218310346146146230e+02 1.997853648631548655e-04 2.083755347659911833e-04
7.218315351151151162e+02 1.545158578764662424e-04 2.086282602636426776e-04
7.218320356156156095e+02 2.072433825080988656e-04 2.088783165379792198e-04
7.218325361161161027e+02 2.229344999516904701e-04 2.091256864136040714e-04
7.218330366166165959e+02 1.741591953413109274e-04 2.093703526873403340e-04
7.218335371171170891e+02 2.157845090795495449e-04 2.096122981308353383e-04
7.218340376176175823e+02 1.818552677675307498e-04 2.098515054932492219e-04
7.218345381181180755e+02 1.581844380205480436e-04 2.100879575040281826e-04
7.218350386186185688e+02 1.979417832020004405e-04 2.103216368757652001e-04
7.218355391191190620e+02 1.835679443725610129e-04 2.105525263071498252e-04
7.218360396196195552e+02 1.645107813146893063e-04 2.107806084860086614e-04
7.218365401201200484e+02 1.999527826845308334e-04 2.110058660924388999e-04
7.218370406206205416e+02 1.770427345634438207e-04 2.112282818020356904e-04
7.218375411211211485e+02 1.748950867114707386e-04 2.114478382892666939e-04
7.218380416216216418e+02 2.108595132309747631e-04 2.116645182306957948e-04
7.218385421221221350e+02 2.512887056455419548e-04 2.118783043088058897e-04
7.218390426226226282e+02 1.877759521252688152e-04 2.120891792154243425e-04
7.218395431231231214e+02 1.984208641893272639e-04 2.122971256555034351e-04
7.218400436236236146e+02 1.865297699381188244e-04 2.125021263509572502e-04
7.218405441241241078e+02 1.752966351348631837e-04 2.127041640446063783e-04
7.218410446246246011e+02 1.692208336994363734e-04 2.129032215042339453e-04
7.218415451251250943e+02 2.086836255524657918e-04 2.130992815267537734e-04
7.218420456256255875e+02 2.304214741630820570e-04 2.132923269424936302e-04
7.218425461261260807e+02 2.212145027960885774e-04 2.134823406195945688e-04
7.218430466266265739e+02 2.088896117715885730e-04 2.136693054685306415e-04
7.218435471271270671e+02 2.109151294756005113e-04 2.138532044467480651e-04
7.218440476276275604e+02 2.331349952665350608e-04 2.140340205634290699e-04
7.218445481281280536e+02 1.991677731885390854e-04 2.142117368843801336e-04
7.218450486286285468e+02 1.925089970425776574e-04 2.143863365370486391e-04
7.218455491291291537e+02 2.096321826650125795e-04 2.145578027157072850e-04
7.218460496296296469e+02 1.858297487433470125e-04 2.147261186865777273e-04
7.218465501301301401e+02 1.731356214073328864e-04 2.148912677934758570e-04
7.218470506306306333e+02 2.035485372989215378e-04 2.150532334632048663e-04
7.218475511311311266e+02 1.870426868997365289e-04 2.152119992112815972e-04
7.218480516316316198e+02 1.946603469531504101e-04 2.153675486477651588e-04
7.218485521321321130e+02 2.463996973370447268e-04 2.155198654832284142e-04
7.218490526326326062e+02 2.192456834373330318e-04 2.156689335348750225e-04
7.218495531331330994e+02 1.871880977981679446e-04 2.158147367328034705e-04
7.218500536336335927e+02 2.240546320723305442e-04 2.159572591264218369e-04
7.218505541341340859e+02 1.746795560864722655e-04 2.160964848910139097e-04
7.218510546346345791e+02 2.285110772589716893e-04 2.162323983344595596e-04
7.218515551351350723e+02 1.837933841619475265e-04 2.163649839041118341e-04
7.218520556356355655e+02 2.008532938002086316e-04 2.164942261938329420e-04
7.218525561361360587e+02 1.941368799249186539e-04 2.166201099511897506e-04
7.218530566366365520e+02 1.961753994314060395e-04 2.167426200848141362e-04
7.218535571371371589e+02 2.211294731907525351e-04 2.168617416719535577e-04
7.218540576376376521e+02 2.003347104378542804e-04 2.169774599660553762e-04
7.218545581381381453e+02 1.792204408037478141e-04 2.170897604047906015e-04
7.218550586386386385e+02 1.555371282714484201e-04 2.171986286179765639e-04
7.218555591391391317e+02 1.981179801202005903e-04 2.173040504358112672e-04
7.218560596396396249e+02 1.716689706543719123e-04 2.174060118972536749e-04
7.218565601401401182e+02 2.002707753072387707e-04 2.175044992585830803e-04
7.218570606406406114e+02 2.329675017721624967e-04 2.175994990021367726e-04
7.218575611411411046e+02 2.249044438012847574e-04 2.176909978452296328e-04
7.218580616416415978e+02 2.131603728139319057e-04 2.177789827492559842e-04
7.218585621421420910e+02 2.015903408915344010e-04 2.178634409289773553e-04
7.218590626426425843e+02 2.235935090025251181e-04 2.179443598619955889e-04
7.218595631431430775e+02 2.074958655868729075e-04 2.180217272984154135e-04
7.218600636436435707e+02 1.999779076543849740e-04 2.180955312706958030e-04
7.218605641441440639e+02 2.189205141405234747e-04 2.181657601036937546e-04
7.218610646446446708e+02 2.181984762251866050e-04 2.182324024249146066e-04
7.218615651451451640e+02 1.993712691281564729e-04 2.182954471748833544e-04
7.218620656456456572e+02 2.149792558029064613e-04 2.183548836178609317e-04
7.218625661461461505e+02 1.941858162702662352e-04 2.184107013526061366e-04
7.218630666466466437e+02 1.972049405146557711e-04 2.184628903234118070e-04
7.218635671471471369e+02 1.714909719004102488e-04 2.185114408313246594e-04
7.218640676476476301e+02 1.734910749084541239e-04 2.185563435455650555e-04
7.218645681481481233e+02 2.264254970369361736e-04 2.185975895151476972e-04
7.218650686486486165e+02 2.024638774473784303e-04 2.186351701807035506e-04
7.218655691491491098e+02 2.144086141191037936e-04 2.186690773865042174e-04
7.218660696496496030e+02 2.162076135355795175e-04 2.186993033926885367e-04
7.218665701501500962e+02 2.209523645554486895e-04 2.187258408876923939e-04
7.218670706506505894e+02 2.594800190984174301e-04 2.187486830008817632e-04
7.218675711511510826e+02 2.106605970657528151e-04 2.187678233153884954e-04
7.218680716516515758e+02 1.870711756904688719e-04 2.187832558811499638e-04
7.218685721521520691e+02 2.599386055908123371e-04 2.187949752281509398e-04
7.218690726526526760e+02 2.300644725265590170e-04 2.188029763798699228e-04
7.218695731531531692e+02 2.161423202916889282e-04 2.188072548669192706e-04
7.218700736536536624e+02 2.697204393614153995e-04 2.188078067409039056e-04
7.218705741541541556e+02 2.277829260841813684e-04 2.188046285884615971e-04
7.218710746546546488e+02 2.141940360848364970e-04 2.187977175455119801e-04
7.218715751551551421e+02 2.270916682445826460e-04 2.187870713117023294e-04
7.218720756556556353e+02 2.071797903101377702e-04 2.187726881650486530e-04
7.218725761561561285e+02 2.530503755721096515e-04 2.187545669767714267e-04
7.218730766566566217e+02 2.138107125167818911e-04 2.187327072263246688e-04
7.218735771571571149e+02 1.816067439710687605e-04 2.187071090166148053e-04
7.218740776576576081e+02 2.162670046827875996e-04 2.186777730894072904e-04
7.218745781581581014e+02 2.084658610054216537e-04 2.186447008409191691e-04
7.218750786586585946e+02 1.900893923349322311e-04 2.186078943375937579e-04
7.218755791591590878e+02 1.904746503013855145e-04 2.185673563320538664e-04
7.218760796596595810e+02 2.295397464564938512e-04 2.185230902792316084e-04
7.218765801601601879e+02 2.043137436332539806e-04 2.184751003526582693e-04
7.218770806606606811e+02 2.128968907401747508e-04 2.184233914609777342e-04
7.218775811611611744e+02 1.912126963414710688e-04 2.183679692645137211e-04
7.218780816616616676e+02 1.941768748261048466e-04 2.183088401921042963e-04
7.218785821621621608e+02 2.164977177707504803e-04 2.182460114580364618e-04
7.218790826626626540e+02 2.482194262430934906e-04 2.181794910791404727e-04
7.218795831631631472e+02 2.167085041850248383e-04 2.181092878920263211e-04
7.218800836636636404e+02 2.048948981778259853e-04 2.180354115704580481e-04
7.218805841641641337e+02 2.204784200604020697e-04 2.179578726428581345e-04
7.218810846646646269e+02 2.092736182294590273e-04 2.178766825099363023e-04
7.218815851651651201e+02 2.222746433426721921e-04 2.177918534624345974e-04
7.218820856656656133e+02 2.360770995708441741e-04 2.177033986989830615e-04
7.218825861661661065e+02 2.222864039894675088e-04 2.176113323440556375e-04
7.218830866666665997e+02 2.128237729803624217e-04 2.175156694660211056e-04
7.218835871671670930e+02 1.783901824624471201e-04 2.174164260952777476e-04
7.218840876676675862e+02 2.166971399559947803e-04 2.173136192424643376e-04
7.218845881681681931e+02 2.272826813526954116e-04 2.172072669167130117e-04
7.218850886686686863e+02 2.325194938096287816e-04 2.170973881440805143e-04
7.218855891691691795e+02 2.232754260575913266e-04 2.169840029857832869e-04
7.218860896696696727e+02 2.286004826809081008e-04 2.168671325567093249e-04
7.218865901701701659e+02 2.128603515339132712e-04 2.167467990438340028e-04
7.218870906706706592e+02 2.006045492053308771e-04 2.166230257246731133e-04
7.218875911711711524e+02 2.202718030122213528e-04 2.164958369857358799e-04
7.218880916716716456e+02 2.245244807610236634e-04 2.163652583409665859e-04
7.218885921721721388e+02 2.349119260920381265e-04 2.162313164501608587e-04
7.218890926726726320e+02 2.088315790511838807e-04 2.160940391373433853e-04
7.218895931731731253e+02 2.629536472400615830e-04 2.159534554090934493e-04
7.218900936736736185e+02 2.433171275002104508e-04 2.158095954728033838e-04
7.218905941741741117e+02 2.468619920718790402e-04 2.156624907548549493e-04
7.218910946746746049e+02 2.035685546572275906e-04 2.155121739186986491e-04
7.218915951751750981e+02 2.393240475941047244e-04 2.153586788828194473e-04
7.218920956756755913e+02 1.843107816078490291e-04 2.152020408385729245e-04
7.218925961761761982e+02 2.349486267325421533e-04 2.150422962678381488e-04
7.218930966766766915e+02 2.049332471164526240e-04 2.148794829606887622e-04
7.218935971771771847e+02 2.495119544949387118e-04 2.147136400325185500e-04
7.218940976776776779e+02 2.471112965514950569e-04 2.145448079413288819e-04
7.218945981781781711e+02 2.313928150397576860e-04 2.143730285046162450e-04
7.218950986786786643e+02 2.146929897093131174e-04 2.141983449160569496e-04
7.218955991791791575e+02 1.994945581126419422e-04 2.140208017619333616e-04
7.218960996796796508e+02 2.157647470756995239e-04 2.138404450372811418e-04
7.218966001801801440e+02 2.234535901671549766e-04 2.136573221617364606e-04
7.218971006806806372e+02 2.251748478836543960e-04 2.134714819950623145e-04
7.218976011811811304e+02 2.306182941043411481e-04 2.132829748523318834e-04
7.218981016816816236e+02 2.198467436299244519e-04 2.130918525187469180e-04
7.218986021821821168e+02 2.458607750781783771e-04 2.128981682640678473e-04
7.218991026826826101e+02 2.608640844408629676e-04 2.127019768566337863e-04
7.218996031831831033e+02 2.502323247010126853e-04 2.125033345769479151e-04
7.219001036836837102e+02 2.290235592118607024e-04 2.123022992307583233e-04
7.219006041841842034e+02 2.525993849349703448e-04 2.120989301618862093e-04
7.219011046846846966e+02 2.311540082033446228e-04 2.118932882640888404e-04
7.219016051851851898e+02 2.444927832032931436e-04 2.116854359928474060e-04
7.219021056856856831e+02 2.246615166493284312e-04 2.114754373763688233e-04
7.219026061861861763e+02 1.834976504670215492e-04 2.112633580260504568e-04
7.219031066866866695e+02 1.967398340569605426e-04 2.110492651463352176e-04
7.219036071871871627e+02 2.339169930902436942e-04 2.108332275439317276e-04
7.219041076876876559e+02 2.826769138401996270e-04 2.106153156363719809e-04
7.219046081881881491e+02 2.073498846978668957e-04 2.103956014598810801e-04
7.219051086886886424e+02 2.225398982195658695e-04 2.101741586765312351e-04
7.219056091891891356e+02 2.180104997068237527e-04 2.099510625806534105e-04
7.219061096896896288e+02 2.226288989291896002e-04 2.097263901044787808e-04
7.219066101901901220e+02 2.113842993047408030e-04 2.095002198229845730e-04
7.219071106906906152e+02 2.343552087975116173e-04 2.092726319579139621e-04
7.219076111911911084e+02 2.171384999930322949e-04 2.090437083809459267e-04
7.219081116916917154e+02 2.170800664520352826e-04 2.088135326159326621e-04
7.219086121921922086e+02 2.211907377640178612e-04 2.085821898404931413e-04
7.219091126926927018e+02 2.383066787933601485e-04 2.083497668861496697e-04
7.219096131931931950e+02 2.573451123830163283e-04 2.081163522380268839e-04
7.219101136936936882e+02 2.064847521218869035e-04 2.078820360333020199e-04
7.219106141941941814e+02 2.636313963226238183e-04 2.076469100586929523e-04
7.219111146946946747e+02 2.611544672900954398e-04 2.074110677469060771e-04
7.219116151951951679e+02 2.209169852275912256e-04 2.071746041720170953e-04
7.219121156956956611e+02 2.382920150063123021e-04 2.069376160437594358e-04
7.219126161961961543e+02 2.191523609760175691e-04 2.067002017006945678e-04
7.219131166966966475e+02 2.395658418505348269e-04 2.064624611022401063e-04
7.219136171971971407e+02 2.513857190012118328e-04 2.062244958195299334e-04
7.219141176976976340e+02 2.257669582666802194e-04 2.059864090250843808e-04
7.219146181981981272e+02 2.140773061864394199e-04 2.057483054812648865e-04
7.219151186986986204e+02 2.792517557057746505e-04 2.055102915274933917e-04
7.219156191991991136e+02 2.724716074624073487e-04 2.052724750662122488e-04
7.219161196996997205e+02 2.503177063065928657e-04 2.050349655475110471e-04
7.219166202002002137e+02 2.371723150816639782e-04 2.047978739527234475e-04
7.219171207007007069e+02 2.118499920414272338e-04 2.045613127761656939e-04
7.219176212012012002e+02 2.100377358459560760e-04 2.043253960060775591e-04
7.219181217017016934e+02 2.154159514600384928e-04 2.040902391039388570e-04
7.219186222022021866e+02 2.817276026336636824e-04 2.038559589824695713e-04
7.219191227027026798e+02 1.997327555774780440e-04 2.036226739822442650e-04
7.219196232032031730e+02 2.592493002384560832e-04 2.033905038469069478e-04
7.219201237037036663e+02 2.389517817400932820e-04 2.031595696969744477e-04
7.219206242042041595e+02 2.194156849309607834e-04 2.029299940022158183e-04
7.219211247047046527e+02 2.459840662571710092e-04 2.027019005525994614e-04
7.219216252052051459e+02 2.771371886114154396e-04 2.024754144277982602e-04
7.219221257057056391e+02 2.289011349707199534e-04 2.022506619652468963e-04
7.219226262062061323e+02 2.299634512977700627e-04 2.020277707267448177e-04
7.219231267067066256e+02 2.557282124751821309e-04 2.018068694636025544e-04
7.219236272072072325e+02 2.293698401582735104e-04 2.015880880802784717e-04
7.219241277077077257e+02 2.379442127625272117e-04 2.013715575968038740e-04
7.219246282082082189e+02 2.985790688392814317e-04 2.011574101092529119e-04
7.219251287087087121e+02 2.238268225507633092e-04 2.009457787492553292e-04
7.219256292092092053e+02 2.564476639190682475e-04 2.007367976418092078e-04
7.219261297097096985e+02 2.075982863770095359e-04 2.005306018617013524e-04
7.219266302102101918e+02 2.168298331366318751e-04 2.003273273884935478e-04
7.219271307107106850e+02 2.429672189358277393e-04 2.001271110600853667e-04
7.219276312112111782e+02 2.028590327188000038e-04 1.999300905248673789e-04
7.219281317117116714e+02 2.496985013169155179e-04 1.997364041924796704e-04
7.219286322122121646e+02 2.685156454620489215e-04 1.995461911831919075e-04
7.219291327127126578e+02 2.398686462532648926e-04 1.993595912759258987e-04
7.219296332132131511e+02 2.452254479467076242e-04 1.991767448549407117e-04
7.219301337137136443e+02 2.265113790712595032e-04 1.989977928552045508e-04
7.219306342142141375e+02 2.116143478246669876e-04 1.988228767064794962e-04
7.219311347147146307e+02 2.532815212107722446e-04 1.986521382761468073e-04
7.219316352152152376e+02 2.603115933685890135e-04 1.984857198107658777e-04
7.219321357157157308e+02 2.526666909306864942e-04 1.983237638766239608e-04
7.219326362162162241e+02 2.115343954553132011e-04 1.981664132987475747e-04
7.219331367167167173e+02 2.132627344240786867e-04 1.980138110991671902e-04
7.219336372172172105e+02 2.412497734760143779e-04 1.978661004339066264e-04
7.219341377177177037e+02 2.284222219078996241e-04 1.977234245289657640e-04
7.219346382182181969e+02 2.296725080882451619e-04 1.975859266153025403e-04
7.219351387187186901e+02 2.487657498851724249e-04 1.974537498628599786e-04
7.219356392192191834e+02 2.219837015798155431e-04 1.973270373136857408e-04
7.219361397197196766e+02 2.370207497906586826e-04 1.972059318141945641e-04
7.219366402202201698e+02 1.808361740395938273e-04 1.970905759466245924e-04
7.219371407207206630e+02 2.079515518028145432e-04 1.969811119597431428e-04
7.219376412212211562e+02 2.009680610639169346e-04 1.968776816988566849e-04
7.219381417217216494e+02 2.611633949553530563e-04 1.967804265351827940e-04
7.219386422222221427e+02 2.335054038757013639e-04 1.966894872946448210e-04
7.219391427227227496e+02 2.548343363117544394e-04 1.966050041861317529e-04
7.219396432232232428e+02 2.398359299184283494e-04 1.965271167293980361e-04
7.219401437237237360e+02 2.199871626698500493e-04 1.964559636823854933e-04
7.219406442242242292e+02 2.853128044171228872e-04 1.963916829684161393e-04
7.219411447247247224e+02 2.238941043783982396e-04 1.963344116030333079e-04
7.219416452252252157e+02 2.058135069373277304e-04 1.962842856206782518e-04
7.219421457257257089e+02 2.049422043593933981e-04 1.962414400012520339e-04
7.219426462262262021e+02 2.241108035597056943e-04 1.962060085966357576e-04
7.219431467267266953e+02 2.563222301442469927e-04 1.961781240572415619e-04
7.219436472272271885e+02 2.607863455190795408e-04 1.961579177586675641e-04
7.219441477277276817e+02 2.504480937728932708e-04 1.961455197285325361e-04
7.219446482282281750e+02 2.287649215799671316e-04 1.961410585735651245e-04
7.219451487287286682e+02 2.205119712316245336e-04 1.961446614070240502e-04
7.219456492292291614e+02 2.319184593009602862e-04 1.961564537765260767e-04
7.219461497297296546e+02 2.190815460535541380e-04 1.961765595923579118e-04
7.219466502302301478e+02 2.039370030676100859e-04 1.962051010563509732e-04
7.219471507307307547e+02 1.985624064259566379e-04 1.962421985914039916e-04
7.219476512312312479e+02 2.425003325749773629e-04 1.962879707716779279e-04
7.219481517317317412e+02 2.622844935215396596e-04 1.963425342536713979e-04
7.219486522322322344e+02 2.237716945934942626e-04 1.964060037080840408e-04
7.219491527327327276e+02 2.328558994332958739e-04 1.964784917526675966e-04
7.219496532332332208e+02 2.355118297147350032e-04 1.965601088860937740e-04
7.219501537337337140e+02 1.818519670533856299e-04 1.966509634229202542e-04
7.219506542342342073e+02 2.198151240709946572e-04 1.967511614297313451e-04
7.219511547347347005e+02 2.115049076454381376e-04 1.968608066625264442e-04
7.219516552352351937e+02 2.029010988826276864e-04 1.969800005054273798e-04
7.219521557357356869e+02 2.004532228168874586e-04 1.971088419107781375e-04
7.219526562362361801e+02 1.719907778036503020e-04 1.972474273407053610e-04
7.219531567367366733e+02 2.189666965336683254e-04 1.973958507102082543e-04
7.219536572372371666e+02 2.059175732141473589e-04 1.975542033318455958e-04
7.219541577377376598e+02 2.215744874354016016e-04 1.977225738620834786e-04
7.219546582382381530e+02 1.474670493521779732e-04 1.979010482493679627e-04
7.219551587387387599e+02 1.774408277983578644e-04 1.980897096840273720e-04
7.219556592392392531e+02 1.997274287965431611e-04 1.982886385498014914e-04
7.219561597397397463e+02 1.806710296393372682e-04 1.984979123777029367e-04
7.219566602402402395e+02 1.401527233059335624e-04 1.987176058014080359e-04
7.219571607407407328e+02 1.147581985920380116e-04 1.989477905148665838e-04
7.219576612412412260e+02 1.281077639342477546e-04 1.991885352319260722e-04
7.219581617417417192e+02 1.133042892878930363e-04 1.994399056480605184e-04
7.219586622422422124e+02 1.178808372513602044e-04 1.997019644042463671e-04
7.219591627427427056e+02 8.959075213567702415e-05 1.999747710530269348e-04
7.219596632432431988e+02 1.012886838463653277e-04 2.002583820268043755e-04
7.219601637437436921e+02 8.364784409983704538e-05 2.005528506083931834e-04
7.219606642442441853e+02 8.526086556605534715e-05 2.008582269038675420e-04
7.219611647447446785e+02 6.486940092919458003e-05 2.011745578177328230e-04
7.219616652452451717e+02 5.405929574023056862e-05 2.015018870304450887e-04
7.219621657457456649e+02 4.694015290676524006e-05 2.018402549783024477e-04
7.219626662462462718e+02 4.884540202841073568e-05 2.021896988358085014e-04
7.219631667467467651e+02 3.439695545918204921e-05 2.025502525000412652e-04
7.219636672472472583e+02 4.702323601899611566e-05 2.029219465782390543e-04
7.219641677477477515e+02 3.491118918750617446e-05 2.033048083770235676e-04
7.219646682482482447e+02 2.119001550477053815e-05 2.036988618944518190e-04
7.219651687487487379e+02 2.397626111220152424e-05 2.041041278144278067e-04
7.219656692492492311e+02 2.062222735296598581e-05 2.045206235035517675e-04
7.219661697497497244e+02 2.170075844328098704e-05 2.049483630104028146e-04
7.219666702502502176e+02 5.239125277817097419e-05 2.053873570672479112e-04
7.219671707507507108e+02 2.458808940452097630e-05 2.058376130941670158e-04
7.219676712512512040e+02 2.749113288235604326e-05 2.062991352055795454e-04
7.219681717517516972e+02 3.784160646730009127e-05 2.067719242191570056e-04
7.219686722522521904e+02 6.005783290406666432e-05 2.072559776670995877e-04
7.219691727527526837e+02 6.000864586018157164e-05 2.077512898097555363e-04
7.219696732532531769e+02 8.070946819818103335e-05 2.082578516515553712e-04
7.219701737537536701e+02 7.248325975838644877e-05 2.087756509592330700e-04
7.219706742542542770e+02 5.310496284596456426e-05 2.093046722824221421e-04
7.219711747547547702e+02 1.035334538184514455e-04 2.098448969758674341e-04
7.219716752552552634e+02 7.350895746483605483e-05 2.103963032250214362e-04
7.219721757557557567e+02 1.273539528626711434e-04 2.109588660725836805e-04
7.219726762562562499e+02 1.402550608516006322e-04 2.115325574477350875e-04
7.219731767567567431e+02 1.385148885905555295e-04 2.121173461973062033e-04
7.219736772572572363e+02 1.904803944328077917e-04 2.127131981189506963e-04
7.219741777577577295e+02 1.709458534296438327e-04 2.133200759962745646e-04
7.219746782582582227e+02 1.414552878069104858e-04 2.139379396358675220e-04
7.219751787587587160e+02 1.800424654522471608e-04 2.145667459061839242e-04
7.219756792592592092e+02 2.068590584269227163e-04 2.152064487782165056e-04
7.219761797597597024e+02 2.052163604616786077e-04 2.158569993679048380e-04
7.219766802602601956e+02 2.029241154011302180e-04 2.165183459802193168e-04
7.219771807607606888e+02 1.949863443413879700e-04 2.171904341548598215e-04
7.219776812612611820e+02 1.783831108900941749e-04 2.178732067135055175e-04
7.219781817617617889e+02 2.013993972281403555e-04 2.185666038087119404e-04
7.219786822622622822e+02 2.823418155825422292e-04 2.192705629734401432e-04
7.219791827627627754e+02 2.348352021795201388e-04 2.199850191735195043e-04
7.219796832632632686e+02 2.124861714028495805e-04 2.207099048598289148e-04
7.219801837637637618e+02 1.897185451947232043e-04 2.214451500224832244e-04
7.219806842642642550e+02 2.159400100709459448e-04 2.221906822460182642e-04
7.219811847647647483e+02 2.523351299270667342e-04 2.229464267656602080e-04
7.219816852652652415e+02 2.550196473082242126e-04 2.237123065246105055e-04
7.219821857657657347e+02 2.291260618626286415e-04 2.244882422322775945e-04
7.219826862662662279e+02 2.356590186172815053e-04 2.252741524233835377e-04
7.219831867667667211e+02 2.758711516481876210e-04 2.260699535178780652e-04
7.219836872672672143e+02 2.040215888897105995e-04 2.268755598815886266e-04
7.219841877677677076e+02 2.872493076872299159e-04 2.276908838875373097e-04
7.219846882682682008e+02 2.525584115570431686e-04 2.285158359778559670e-04
7.219851887687686940e+02 2.118745732925789887e-04 2.293503247262288348e-04
7.219856892692691872e+02 2.747964238589224641e-04 2.301942569007970208e-04
7.219861897697697941e+02 2.558725414265729877e-04 2.310475375276491129e-04
7.219866902702702873e+02 2.680656473415608376e-04 2.319100699536658463e-04
7.219871907707707805e+02 2.995562146168040678e-04 2.327817559115638590e-04
7.219876912712712738e+02 2.731940481975119405e-04 2.336624955831974586e-04
7.219881917717717670e+02 2.232970487170127239e-04 2.345521876639559218e-04
7.219886922722722602e+02 2.907885825909059052e-04 2.354507294270342401e-04
7.219891927727727534e+02 2.785551854207211952e-04 2.363580167877076606e-04
7.219896932732732466e+02 3.075799595659828149e-04 2.372739443675501731e-04
7.219901937737737398e+02 3.144404557987348333e-04 2.381984055585362290e-04
7.219906942742742331e+02 2.684047226523709139e-04 2.391312925869672527e-04
7.219911947747747263e+02 3.171282191192104777e-04 2.400724965771683025e-04
7.219916952752752195e+02 3.266133237024202948e-04 2.410219076148965237e-04
7.219921957757757127e+02 2.581986235932674746e-04 2.419794148104094866e-04
7.219926962762762059e+02 3.091797793214516935e-04 2.429449063611415860e-04
7.219931967767766992e+02 2.618318071956606484e-04 2.439182696139361893e-04
7.219936972772771924e+02 2.652445884178557646e-04 2.448993911267859894e-04
7.219941977777777993e+02 2.410588654444981518e-04 2.458881567302596718e-04
7.219946982782782925e+02 2.742397276865102935e-04 2.468844515872180355e-04
7.219951987787787857e+02 2.781094788384256330e-04 2.478881602541493966e-04
7.219956992792792789e+02 2.589249805710602250e-04 2.488991667395904135e-04
7.219961997797797721e+02 3.476244835068388324e-04 2.499173545629565767e-04
7.219967002802802654e+02 3.214446241012876792e-04 2.509426068124007126e-04
7.219972007807807586e+02 3.414690195649706353e-04 2.519748062018858188e-04
7.219977012812812518e+02 3.013977658426696777e-04 2.530138351274385691e-04
7.219982017817817450e+02 2.906419322708936868e-04 2.540595757225499844e-04
7.219987022822822382e+02 3.057462920605709552e-04 2.551119099126925873e-04
7.219992027827827314e+02 3.337016138317752266e-04 2.561707194689253090e-04
7.219997032832832247e+02 3.420909852667188239e-04 2.572358860605579054e-04
7.220002037837837179e+02 3.332221655676014470e-04 2.583072913068510290e-04
7.220007042842842111e+02 3.363926137463080896e-04 2.593848168277263161e-04
7.220012047847847043e+02 3.198193556088561049e-04 2.604683442934663772e-04
7.220017052852853112e+02 3.031135297408571200e-04 2.615577554736313965e-04
7.220022057857858044e+02 3.053456687735085209e-04 2.626529322836877408e-04
7.220027062862862977e+02 2.994546223591086891e-04 2.637537568330457585e-04
7.220032067867867909e+02 3.029072122929172325e-04 2.648601114695443783e-04
7.220037072872872841e+02 3.024748457885002764e-04 2.659718788240754070e-04
7.220042077877877773e+02 3.000893558570928363e-04 2.670889418538565860e-04
7.220047082882882705e+02 3.245480328245917557e-04 2.682111838845874859e-04
7.220052087887887637e+02 3.004619942694646342e-04 2.693384886514813546e-04
7.220057092892892570e+02 2.372036371245371685e-04 2.704707403391655462e-04
7.220062097897897502e+02 2.803870620380215814e-04 2.716078236204446761e-04
7.220067102902902434e+02 2.945807527044410549e-04 2.727496236939225445e-04
7.220072107907907366e+02 3.566347573395739620e-04 2.738960263204805526e-04
7.220077112912912298e+02 3.722617340635779137e-04 2.750469178586108752e-04
7.220082117917917230e+02 2.918709914236596492e-04 2.762021852986041204e-04
7.220087122922922163e+02 3.088177728915100914e-04 2.773617162955942391e-04
7.220092127927927095e+02 3.269698949305985193e-04 2.785253992014605781e-04
7.220097132932933164e+02 3.279238798274528477e-04 2.796931230958593726e-04
7.220102137937938096e+02 3.638296242341569620e-04 2.808647778147940993e-04
7.220107142942943028e+02 3.202534018267826207e-04 2.820402539807124955e-04
7.220112147947947960e+02 3.166681426083094771e-04 2.832194430288323969e-04
7.220117152952952893e+02 3.704223320496034962e-04 2.844022372336799716e-04
7.220122157957957825e+02 3.034980122052526779e-04 2.855885297342605571e-04
7.220127162962962757e+02 2.835877276597525694e-04 2.867782145581368393e-04
7.220132167967967689e+02 3.769535728618791568e-04 2.879711866444235337e-04
7.220137172972972621e+02 2.851098419743672047e-04 2.891673418657117424e-04
7.220142177977977553e+02 3.089396611301981044e-04 2.903665770489355087e-04
7.220147182982982486e+02 2.958700096282147816e-04 2.915687899951915213e-04
7.220152187987987418e+02 3.409357659858685391e-04 2.927738794985274159e-04
7.220157192992992350e+02 3.511615590610411754e-04 2.939817453637134210e-04
7.220162197997997282e+02 2.791365158927721648e-04 2.951922884230107373e-04
7.220167203003002214e+02 3.107418043902950532e-04 2.964054105519531843e-04
7.220172208008008283e+02 3.412100361474504785e-04 2.976210146844341991e-04
7.220177213013013215e+02 2.785330254196241671e-04 2.988390048254585172e-04
7.220182218018018148e+02 3.339274197522985421e-04 3.000592860657180783e-04
7.220187223023023080e+02 3.988785998509431939e-04 3.012817645924869029e-04
7.220192228028028012e+02 3.485083500677079804e-04 3.025063477009935060e-04
7.220197233033032944e+02 3.061060085069122424e-04 3.037329438046338097e-04
7.220202238038037876e+02 3.166561794827699671e-04 3.049614624443175090e-04
7.220207243043042808e+02 3.438100776278377548e-04 3.061918142969672946e-04
7.220212248048047741e+02 3.769391178679554850e-04 3.074239111831893667e-04
7.220217253053052673e+02 3.771049477839816819e-04 3.086576660741352962e-04
7.220222258058057605e+02 3.194946811140101099e-04 3.098929930975722561e-04
7.220227263063062537e+02 3.378615219286896761e-04 3.111298075431833060e-04
7.220232268068067469e+02 3.229664907583840150e-04 3.123680258671152955e-04
7.220237273073072402e+02 2.810575746409649418e-04 3.136075656957952552e-04
7.220242278078077334e+02 3.087484789925918119e-04 3.148483458290328419e-04
7.220247283083082266e+02 3.476723176842701538e-04 3.160902862424307905e-04
7.220252288088088335e+02 3.285137753887650805e-04 3.173333080894039158e-04
7.220257293093093267e+02 4.104524239947157540e-04 3.185773337011309192e-04
7.220262298098098199e+02 3.405639112397531405e-04 3.198222865886959053e-04
7.220267303103103131e+02 3.477502009324298974e-04 3.210680914417908083e-04
7.220272308108108064e+02 3.757410573027536536e-04 3.223146741282330850e-04
7.220277313113112996e+02 3.613280027214421110e-04 3.235619616926239061e-04
7.220282318118117928e+02 3.111607395026750743e-04 3.248098823544479292e-04
7.220287323123122860e+02 3.354564940323034373e-04 3.260583655056344945e-04
7.220292328128127792e+02 3.508778739530643044e-04 3.273073417075967229e-04
7.220297333133132724e+02 3.850129126869972739e-04 3.285567426877703629e-04
7.220302338138137657e+02 3.192291821281100406e-04 3.298065013356666990e-04
7.220307343143142589e+02 3.478049385401339082e-04 3.310565516984610409e-04
7.220312348148147521e+02 3.679638563995267747e-04 3.323068289761318657e-04
7.220317353153152453e+02 3.841373654297014170e-04 3.335572695161713756e-04
7.220322358158157385e+02 2.883592558058232147e-04 3.348078108078805337e-04
7.220327363163162318e+02 3.601789619241381685e-04 3.360583914762701021e-04
7.220332368168168387e+02 3.203600481059543895e-04 3.373089512758656728e-04
7.220337373173173319e+02 4.105441636964484776e-04 3.385594310827292415e-04
7.220342378178178251e+02 3.072534039950123100e-04 3.398097728889765048e-04
7.220347383183183183e+02 3.371632296765524322e-04 3.410599197941214036e-04
7.220352388188188115e+02 3.604292705746771938e-04 3.423098159975270947e-04
7.220357393193193047e+02 3.861942532823275345e-04 3.435594067902738918e-04
7.220362398198197980e+02 3.604879705767054785e-04 3.448086385467415745e-04
7.220367403203202912e+02 3.398392695854918254e-04 3.460574587159234109e-04
7.220372408208207844e+02 3.460584913858611995e-04 3.473058158124844169e-04
7.220377413213212776e+02 3.516476587593978507e-04 3.485536594075786519e-04
7.220382418218217708e+02 3.241989840598078583e-04 3.498009401194394278e-04
7.220387423223222640e+02 4.262218034497444090e-04 3.510476096037553348e-04
7.220392428228227573e+02 3.669166081174446469e-04 3.522936205438469896e-04
7.220397433233232505e+02 3.379147319472252460e-04 3.535389266406539950e-04
7.220402438238237437e+02 3.441138100124344632e-04 3.547834826025486436e-04
7.220407443243243506e+02 3.779171651184963163e-04 3.560272441352675286e-04
7.220412448248248438e+02 3.538226796466574769e-04 3.572701679302806022e-04
7.220417453253253370e+02 3.507291788043335177e-04 3.585122116558453692e-04
7.220422458258258303e+02 3.773468411633999764e-04 3.597533339451066845e-04
7.220427463263263235e+02 3.448597098456594517e-04 3.609934943854927131e-04
7.220432468268268167e+02 3.916703020433437280e-04 3.622326535077209577e-04
7.220437473273273099e+02 3.714013575607762793e-04 3.634707727747073583e-04
7.220442478278278031e+02 4.075872633078577757e-04 3.647078145703895233e-04
7.220447483283282963e+02 3.615132244102396242e-04 3.659437421884717892e-04
7.220452488288287896e+02 3.821454902519139021e-04 3.671785198211033850e-04
7.220457493293292828e+02 3.585432222984257736e-04 3.684121125474973998e-04
7.220462498298297760e+02 4.112102037381393303e-04 3.696444863225005809e-04
7.220467503303302692e+02 4.007538578702704297e-04 3.708756079651206864e-04
7.220472508308307624e+02 4.587967035056683012e-04 3.721054451470209314e-04
7.220477513313312556e+02 3.861651848208653179e-04 3.733339663809892811e-04
7.220482518318317489e+02 3.704983654623855358e-04 3.745611410093895293e-04
7.220487523323323558e+02 3.339008534504544980e-04 3.757869391928799038e-04
7.220492528328328490e+02 3.972146468422389060e-04 3.770113318977376046e-04
7.220497533333333422e+02 3.840682669720518294e-04 3.782342908859686031e-04
7.220502538338338354e+02 3.832696647233115430e-04 3.794557887026446487e-04
7.220507543343343286e+02 4.337591750549533130e-04 3.806757986646480576e-04
7.220512548348348218e+02 3.494801710940874601e-04 3.818942948491591666e-04
7.220517553353353151e+02 3.562483994909443211e-04 3.831112520821732762e-04
7.220522558358358083e+02 3.524898329737459067e-04 3.843266459270496872e-04
7.220527563363363015e+02 3.982966224033876413e-04 3.855404526730994426e-04
7.220532568368367947e+02 4.148420991281918306e-04 3.867526493242169259e-04
7.220537573373372879e+02 3.859914582116971259e-04 3.879632135875601398e-04
7.220542578378377812e+02 3.806444122171417379e-04 3.891721238622830809e-04
7.220547583383382744e+02 3.695023047626550135e-04 3.903793592283268240e-04
7.220552588388387676e+02 3.827215232424870822e-04 3.915848994352708881e-04
7.220557593393392608e+02 4.063418454031602961e-04 3.927887248912510635e-04
7.220562598398397540e+02 4.091646773023733131e-04 3.939908166519461952e-04
7.220567603403403609e+02 3.886461620542162160e-04 3.951911564099099038e-04
7.220572608408408541e+02 4.034791607173297888e-04 3.963897264826166610e-04
7.220577613413413474e+02 3.861710479563815819e-04 3.975865098033126406e-04
7.220582618418418406e+02 3.591880798828758444e-04 3.987814899092224181e-04
7.220587623423423338e+02 3.627520078946976849e-04 3.999746509312052480e-04
7.220592628428428270e+02 3.921887754146574710e-04 4.011659775832250759e-04
7.220597633433433202e+02 4.394237008535118740e-04 4.023554551519128151e-04
7.220602638438438134e+02 3.524256718779602377e-04 4.035430694862193724e-04
7.220607643443443067e+02 3.856047795469505404e-04 4.047288069871660338e-04
7.220612648448447999e+02 4.473565439077229963e-04 4.059126545976887972e-04
7.220617653453452931e+02 4.040460449757633755e-04 4.070945997925851079e-04
7.220622658458457863e+02 3.964928953236501502e-04 4.082746305685580092e-04
7.220627663463462795e+02 3.707346173780091806e-04 4.094527354343647021e-04
7.220632668468467728e+02 4.050288969228800278e-04 4.106289034010679961e-04
7.220637673473472660e+02 3.853108908197641277e-04 4.118031239723929262e-04
7.220642678478478729e+02 4.787682098561442021e-04 4.129753871354556330e-04
7.220647683483483661e+02 4.454046513855039599e-04 4.141456833502695856e-04
7.220652688488488593e+02 4.318347723723268755e-04 4.153140035420219427e-04
7.220657693493493525e+02 4.334469241595041689e-04 4.164803390907961290e-04
7.220662698498498457e+02 3.810233213425198414e-04 4.176446818227369431e-04
7.220667703503503390e+02 4.088744338748375763e-04 4.188070240010599186e-04
7.220672708508508322e+02 4.242636680903153022e-04 4.199673583171714382e-04
7.220677713513513254e+02 4.284627092029588431e-04 4.211256778819019286e-04
7.220682718518518186e+02 4.293283984435661521e-04 4.222819762168500781e-04
7.220687723523523118e+02 3.916374819585694803e-04 4.234362472458407878e-04
7.220692728528528050e+02 4.053560824528985667e-04 4.245884852864953906e-04
7.220697733533532983e+02 3.807385515388932639e-04 4.257386850419145742e-04
7.220702738538537915e+02 4.514397147328769264e-04 4.268868415924753070e-04
7.220707743543542847e+02 3.998533988138329594e-04 4.280329503877398716e-04
7.220712748548547779e+02 4.146525428703810813e-04 4.291770072384786298e-04
7.220717753553552711e+02 4.125804417735754685e-04 4.303190083088049493e-04
7.220722758558558780e+02 4.298733237522131849e-04 4.314589501086825538e-04
7.220727763563563713e+02 3.869284421901197858e-04 4.325968294852500077e-04
7.220732768568568645e+02 3.857464128794487455e-04 4.337326436168473047e-04
7.220737773573573577e+02 3.987759221394380268e-04 4.348663900045635902e-04
7.220742778578578509e+02 4.381340058014469591e-04 4.359980664651917984e-04
7.220747783583583441e+02 4.537173191418912652e-04 4.371276711240354592e-04
7.220752788588588373e+02 4.153302412502267687e-04 4.382552024078245753e-04
7.220757793593593306e+02 3.634647311588230225e-04 4.393806590377423590e-04
7.220762798598598238e+02 4.271406911148752962e-04 4.405040400225606603e-04
7.220767803603603170e+02 4.517809106187179510e-04 4.416253446518838156e-04
7.220772808608608102e+02 4.440538444353152639e-04 4.427445724894995063e-04
7.220777813613613034e+02 3.939188522007244222e-04 4.438617233668387435e-04
7.220782818618617966e+02 4.051715506372896851e-04 4.449767973765393386e-04
7.220787823623622899e+02 3.968389064713441646e-04 4.460897948661170904e-04
7.220792828628627831e+02 4.075857142383821101e-04 4.472007164317405668e-04
7.220797833633633900e+02 4.220780080218154641e-04 4.483095629123612889e-04
7.220802838638638832e+02 3.597190906757125875e-04 4.494163353826884804e-04
7.220807843643643764e+02 4.877987311962871195e-04 4.505210351487837369e-04
7.220812848648648696e+02 4.307062940638177765e-04 4.516236637412385214e-04
7.220817853653653628e+02 3.911954250765778841e-04 4.527242229097099479e-04
7.220822858658658561e+02 4.143331480969545321e-04 4.538227146173057528e-04
7.220827863663663493e+02 4.517071445389450254e-04 4.549191410350658681e-04
7.220832868668668425e+02 4.595492029392562886e-04 4.560135045365421697e-04
7.220837873673673357e+02 4.112887791893375059e-04 4.571058076924739604e-04
7.220842878678678289e+02 4.400449929599657738e-04 4.581960532655577787e-04
7.220847883683683222e+02 4.263907395109914670e-04 4.592842442053133765e-04
7.220852888688688154e+02 4.724722712845108997e-04 4.603703836430404978e-04
7.220857893693693086e+02 4.316951662314744468e-04 4.614544748868687376e-04
7.220862898698698018e+02 4.766983788466440603e-04 4.625365214168982559e-04
7.220867903703702950e+02 4.339329683142491962e-04 4.636165268804301009e-04
7.220872908708707882e+02 4.683618905235191671e-04 4.646944950872851669e-04
7.220877913713713951e+02 5.244335433907442237e-04 4.657704300054550791e-04
7.220882918718718884e+02 4.351096300126810058e-04 4.668443357556185708e-04
7.220887923723723816e+02 4.885269234424668939e-04 4.679162166081858934e-04
7.220892928728728748e+02 4.444563590423016150e-04 4.689860769779843831e-04
7.220897933733733680e+02 4.073642400595710832e-04 4.700539214202488643e-04
7.220902938738738612e+02 3.800456119608959906e-04 4.711197546264499106e-04
7.220907943743743544e+02 5.161783673828917443e-04 4.721835814202035293e-04
7.220912948748748477e+02 3.867725653376737180e-04 4.732454067532596681e-04
7.220917953753753409e+02 4.473344527098491240e-04 4.743052357015707893e-04
7.220922958758758341e+02 5.075573145171759270e-04 4.753630734614368259e-04
7.220927963763763273e+02 4.096940389029330104e-04 4.764189253457279307e-04
7.220932968768768205e+02 4.761894482396819344e-04 4.774727967801818164e-04
7.220937973773773138e+02 4.121782025433830764e-04 4.785246932997759615e-04
7.220942978778778070e+02 4.666042233997599203e-04 4.795746205451727824e-04
7.220947983783783002e+02 4.636817137996328666e-04 4.806225842592368506e-04
7.220952988788787934e+02 5.019118734728411071e-04 4.816685902836242636e-04
7.220957993793794003e+02 4.953931751716768653e-04 4.827126445556775445e-04
7.220962998798798935e+02 4.597815570620217632e-04 4.837547531042056558e-04
7.220968003803803867e+02 4.735384547551042518e-04 4.847949220477015169e-04
7.220973008808808800e+02 4.179069718406368890e-04 4.858331575902564590e-04
7.220978013813813732e+02 4.866967674139074354e-04 4.868694660187253623e-04
7.220983018818818664e+02 4.516174601510831131e-04 4.879038536997190242e-04
7.220988023823823596e+02 4.935426884275569571e-04 4.889363270766615812e-04
7.220993028828828528e+02 5.193573328617688773e-04 4.899668926669093491e-04
7.220998033833833460e+02 4.600322792251856463e-04 4.909955570589321153e-04
7.221003038838838393e+02 4.686532426073915063e-04 4.920223269095549273e-04
7.221008043843843325e+02 4.254360994726599375e-04 4.930472089412585388e-04
7.221013048848848257e+02 4.984311081357023498e-04 4.940702099395407861e-04
7.221018053853853189e+02 5.194138758809889759e-04 4.950913367503335851e-04
7.221023058858858121e+02 4.652911945935664676e-04 4.961105962774770657e-04
7.221028063863863053e+02 4.210070199055714838e-04 4.971279954802504094e-04
7.221033068868869123e+02 5.424658182331302354e-04 4.981435413711867485e-04
7.221038073873874055e+02 5.083972648579292673e-04 4.991572410127905271e-04
7.221043078878878987e+02 5.312559348421799126e-04 5.001691015166124599e-04
7.221048083883883919e+02 4.524605287889750787e-04 5.011791300400706512e-04
7.221053088888888851e+02 5.315082002247258856e-04 5.021873337844766968e-04
7.221058093893893783e+02 4.115356130917254278e-04 5.031937199928802895e-04
7.221063098898898716e+02 4.746537191069548746e-04 5.041982959479639160e-04
7.221068103903903648e+02 4.022272947094179037e-04 5.052010689699855828e-04
7.221073108908908580e+02 5.322167685899363392e-04 5.062020464147692477e-04
7.221078113913913512e+02 4.577634099066389337e-04 5.072012356717421969e-04
7.221083118918918444e+02 4.896104470842853069e-04 5.081986441620179587e-04
7.221088123923923376e+02 5.205472934729231567e-04 5.091942793365237781e-04
7.221093128928928309e+02 4.619993245593378940e-04 5.101881486741737361e-04
7.221098133933933241e+02 4.695166727739392694e-04 5.111802596800836106e-04
7.221103138938938173e+02 4.967913813058304510e-04 5.121706198838292144e-04
7.221108143943943105e+02 5.245098275153544602e-04 5.131592368377466910e-04
7.221113148948949174e+02 4.233064261785089081e-04 5.141461181154969228e-04
7.221118153953954106e+02 5.375233952134146577e-04 5.151312713095508328e-04
7.221123158958959039e+02 4.849627187973768946e-04 5.161147040309549796e-04
7.221128163963963971e+02 5.101998849460510346e-04 5.170964239068939457e-04
7.221133168968968903e+02 5.342958873183082996e-04 5.180764385794116300e-04
7.221138173973973835e+02 5.028853815473396287e-04 5.190547557039467070e-04
7.221143178978978767e+02 4.918476749624680873e-04 5.200313829479029978e-04
7.221148183983983699e+02 4.351556569248159266e-04 5.210063279892573548e-04
7.221153188988988632e+02 5.578534156933652281e-04 5.219795985152007227e-04
7.221158193993993564e+02 5.257389882032126056e-04 5.229512022208160620e-04
7.221163198998998496e+02 6.031910833950806551e-04 5.239211468077874983e-04
7.221168204004003428e+02 4.654901914324644885e-04 5.248894399831448157e-04
7.221173209009008360e+02 4.684156442044923969e-04 5.258560894580389597e-04
7.221178214014013292e+02 5.084198250177680498e-04 5.268211029465498475e-04
7.221183219019018225e+02 5.374887071565472149e-04 5.277844881645258387e-04
7.221188224024024294e+02 5.172051783887080673e-04 5.287462528286709451e-04
7.221193229029029226e+02 4.185684006238514976e-04 5.297064046545711495e-04
7.221198234034034158e+02 5.817699348603451621e-04 5.306649513569342306e-04
7.221203239039039090e+02 4.534811061373822394e-04 5.316219006476728941e-04
7.221208244044044022e+02 5.513228456663372273e-04 5.325772602351090765e-04
7.221213249049048954e+02 5.073174626473782745e-04 5.335310378229880801e-04
7.221218254054053887e+02 4.612241395574666987e-04 5.344832411095177529e-04
7.221223259059058819e+02 5.352025232614866877e-04 5.354338777864366171e-04
7.221228264064063751e+02 5.327681226350932482e-04 5.363829555381061749e-04
7.221233269069068683e+02 5.705908329162663909e-04 5.373304820406285846e-04
7.221238274074073615e+02 5.264577060734931075e-04 5.382764649609910086e-04
7.221243279079078548e+02 4.895715571803824044e-04 5.392209119562315365e-04
7.221248284084083480e+02 5.399042405913470968e-04 5.401638306726315626e-04
7.221253289089088412e+02 5.724089214977659502e-04 5.411052287449303905e-04
7.221258294094093344e+02 4.734283647628819217e-04 5.420451137955616290e-04
7.221263299099098276e+02 5.636756558528698696e-04 5.429834934339143084e-04
7.221268304104104345e+02 5.283052125316823212e-04 5.439203752558263412e-04
7.221273309109109277e+02 5.046742590550611345e-04 5.448557668420369324e-04
7.221278314114114210e+02 4.769095342804104652e-04 5.457896757587879857e-04
7.221283319119119142e+02 5.451366356930573229e-04 5.467221095563163042e-04
7.221288324124124074e+02 4.475451291453248987e-04 5.476530757684318351e-04
7.221293329129129006e+02 5.100161607125782998e-04 5.485825819119019521e-04
7.221298334134133938e+02 6.261442544882852906e-04 5.495106354858547097e-04
7.221303339139138870e+02 5.472380784490856820e-04 5.504372439712013976e-04
7.221308344144143803e+02 5.711129234230564750e-04 5.513624148300769840e-04
7.221313349149148735e+02 5.640212156791096082e-04 5.522861555052987733e-04
7.221318354154153667e+02 4.722979608936902400e-04 5.532084734198429530e-04
7.221323359159158599e+02 5.426958738202346429e-04 5.541293759763380551e-04
7.221328364164163531e+02 5.667223367287999806e-04 5.550488705565747877e-04
7.221333369169168463e+02 4.803850979324891064e-04 5.559669645210332150e-04
7.221338374174173396e+02 5.666382974733826829e-04 5.568836652084251148e-04
7.221343379179178328e+02 5.552680458126514531e-04 5.577989799352527089e-04
7.221348384184184397e+02 5.799830535061023876e-04 5.587129159955899795e-04
7.221353389189189329e+02 6.151261718347462125e-04 5.596254806598412570e-04
7.221358394194194261e+02 4.475664993715699645e-04 5.605366811755908016e-04
7.221363399199199193e+02 5.332529604174261533e-04 5.614465247663891472e-04
7.221368404204204126e+02 5.051034236728081184e-04 5.623550186315938318e-04
7.221373409209209058e+02 5.051968859398857630e-04 5.632621699460141048e-04
7.221378414214213990e+02 6.260768425682930634e-04 5.641679858595700535e-04
7.221383419219218922e+02 4.977882720922681891e-04 5.650724734969651743e-04
7.221388424224223854e+02 5.172922494954025618e-04 5.659756399573703280e-04
7.221393429229228786e+02 5.425139114813910162e-04 5.668774923141216802e-04
7.221398434234233719e+02 5.618605391789759530e-04 5.677780376144301363e-04
7.221403439239238651e+02 6.583450350367550316e-04 5.686772828791020499e-04
7.221408444244243583e+02 5.338192645093031794e-04 5.695752351022730520e-04
7.221413449249248515e+02 5.164247684234591143e-04 5.704719012511516368e-04
7.221418454254253447e+02 5.298689013597219577e-04 5.713672882657749993e-04
7.221423459259259516e+02 6.005665665192334033e-04 5.722614030589779190e-04
7.221428464264264449e+02 5.399175218539151166e-04 5.731542525153574550e-04
7.221433469269269381e+02 5.743715944754732494e-04 5.740458434922787604e-04
7.221438474274274313e+02 5.554851012550055585e-04 5.749361828188592934e-04
7.221443479279279245e+02 5.786091457803563222e-04 5.758252772959791170e-04
7.221448484284284177e+02 5.978751921345916475e-04 5.767131336960970188e-04
7.221453489289289109e+02 5.856234835407060245e-04 5.775997587630770378e-04
7.221458494294294042e+02 5.576532336518723407e-04 5.784851592120224739e-04
7.221463499299298974e+02 6.127700716803946958e-04 5.793693417291205213e-04
7.221468504304303906e+02 5.312205108435406452e-04 5.802523129714944918e-04
7.221473509309308838e+02 4.996541037523256163e-04 5.811340795670642779e-04
7.221478514314313770e+02 6.106100289961801687e-04 5.820146481144162489e-04
7.221483519319318702e+02 5.907808246126952439e-04 5.828940251826803020e-04
7.221488524324323635e+02 6.307452850964216694e-04 5.837722173114143947e-04
7.221493529329328567e+02 5.823483737802915509e-04 5.846492310104979681e-04
7.221498534334333499e+02 5.930212101470991575e-04 5.855250727600316580e-04
7.221503539339339568e+02 5.096020498802997104e-04 5.863997490104436551e-04
7.221508544344344500e+02 5.955815769479674577e-04 5.872732661816086825e-04
7.221513549349349432e+02 4.962883282696516985e-04 5.881456306639630972e-04
7.221518554354354364e+02 4.681136683659076854e-04 5.890168488176364446e-04
7.221523559359359297e+02 6.715676874205543743e-04 5.898869269725858996e-04
7.221528564364364229e+02 5.954263279244264651e-04 5.907558714285366351e-04
7.221533569369369161e+02 5.585703907799225137e-04 5.916236884549293468e-04
7.221538574374374093e+02 5.345402316806010428e-04 5.924903842908735242e-04
7.221543579379379025e+02 5.830135612121906076e-04 5.933559651451064676e-04
7.221548584384383958e+02 5.819339545976092657e-04 5.942204371959579432e-04
7.221553589389388890e+02 5.324757905238419438e-04 5.950838065913208012e-04
7.221558594394393822e+02 5.305810085969625729e-04 5.959460794486269065e-04
7.221563599399398754e+02 6.608195906033618875e-04 5.968072618548277315e-04
7.221568604404403686e+02 6.573747844525537620e-04 5.976673598663814540e-04
7.221573609409408618e+02 6.080363687657815326e-04 5.985263795092434164e-04
7.221578614414414687e+02 5.163000395294216468e-04 5.993843267790571619e-04
7.221583619419419620e+02 6.312699238344197201e-04 6.002412076403763029e-04
7.221588624424424552e+02 5.641122020416311153e-04 6.010970280278388200e-04
7.221593629429429484e+02 6.487339407534008229e-04 6.019517938453970620e-04
7.221598634434434416e+02 5.952809769102652537e-04 6.028055109665274303e-04
7.221603639439439348e+02 6.060601971674781530e-04 6.036581852342485935e-04
7.221608644444444280e+02 6.536222935147778827e-04 6.045098224611433887e-04
7.221613649449449213e+02 5.716035685886786989e-04 6.053604284293865765e-04
7.221618654454454145e+02 5.740046736628822343e-04 6.062100088907737896e-04
7.221623659459459077e+02 5.986581384113922244e-04 6.070585695667565524e-04
7.221628664464464009e+02 6.711703229717086352e-04 6.079061161484792522e-04
7.221633669469468941e+02 5.226776533600746306e-04 6.087526542968214232e-04
7.221638674474473873e+02 6.388003153999710290e-04 6.095981896424415482e-04
7.221643679479478806e+02 5.400161569311119191e-04 6.104427277858250891e-04
7.221648684484483738e+02 6.283942271020715245e-04 6.112862742973366363e-04
7.221653689489488670e+02 5.781685486055884726e-04 6.121288347172729270e-04
7.221658694494494739e+02 6.322589937709989939e-04 6.129704145561122109e-04
7.221663699499499671e+02 6.181980052020723130e-04 6.138110192938101700e-04
7.221668704504504603e+02 6.304588198204130267e-04 6.146506543810092375e-04
7.221673709509509536e+02 5.534465099164384734e-04 6.154893252383403712e-04
7.221678714514514468e+02 6.283658708048557194e-04 6.163270372566828290e-04
7.221683719519519400e+02 5.959168323793868167e-04 6.171637957972351835e-04
7.221688724524524332e+02 5.823627212145423030e-04 6.179996061915891568e-04
7.221693729529529264e+02 5.297133149268231332e-04 6.188344737418050804e-04
7.221698734534534196e+02 7.095415189565460867e-04 6.196684037204915844e-04
7.221703739539539129e+02 6.633610949350357512e-04 6.205014013708845273e-04
7.221708744544544061e+02 6.794259325098140441e-04 6.213334719069316722e-04
7.221713749549548993e+02 5.983499363671437345e-04 6.221646205133764956e-04
7.221718754554553925e+02 6.493718876613675198e-04 6.229948523458454660e-04
7.221723759559558857e+02 5.609433374256286159e-04 6.238241725309370562e-04
7.221728764564563789e+02 6.228187698590114188e-04 6.246525861663128169e-04
7.221733769569568722e+02 6.285315907391417298e-04 6.254800983207896422e-04
7.221738774574574791e+02 5.789316856220265775e-04 6.263067140346223124e-04
7.221743779579579723e+02 7.585451468398327285e-04 6.271324383188484194e-04
7.221748784584584655e+02 5.863987363640927675e-04 6.279572761565131896e-04
7.221753789589589587e+02 6.114020550117768571e-04 6.287812325020172280e-04
7.221758794594594519e+02 6.734888116765865929e-04 6.296043122814054581e-04
7.221763799599599452e+02 5.769598216726001209e-04 6.304265203924692539e-04
7.221768804604604384e+02 6.220382273843421458e-04 6.312478617048503061e-04
7.221773809609609316e+02 6.673724354686382063e-04 6.320683410601458984e-04
7.221778814614614248e+02 6.164715786415240735e-04 6.328879632720147254e-04
7.221783819619619180e+02 5.974632543587661548e-04 6.337067331262853133e-04
7.221788824624624112e+02 5.426058997019119704e-04 6.345246553810641142e-04
7.221793829629629045e+02 6.745765342075668277e-04 6.353417347668454448e-04
7.221798834634633977e+02 6.234153674143480713e-04 6.361579759866231587e-04
7.221803839639638909e+02 6.304479088810183152e-04 6.369733837160017776e-04
7.221808844644643841e+02 6.796520198205700889e-04 6.377879626033101153e-04
7.221813849649649910e+02 6.757116541652759397e-04 6.386017172698999758e-04
7.221818854654654842e+02 6.360628975070190720e-04 6.394146523095214354e-04
7.221823859659659774e+02 5.624315235591678718e-04 6.402267722895481003e-04
7.221828864664664707e+02 6.543692964190218377e-04 6.410380817503536898e-04
7.221833869669669639e+02 7.312364762155613594e-04 6.418485852056144206e-04
7.221838874674674571e+02 5.977126178537287091e-04 6.426582871424274014e-04
7.221843879679679503e+02 5.760738817593114795e-04 6.434671920214285945e-04
7.221848884684684435e+02 6.769395150113167873e-04 6.442753042769127280e-04
7.221853889689689368e+02 7.299128916605949558e-04 6.450826283169532093e-04
7.221858894694694300e+02 6.886800063979215802e-04 6.458891685235226875e-04
7.221863899699699232e+02 6.954785454721154180e-04 6.466949292526142680e-04
7.221868904704704164e+02 6.659944440338135636e-04 6.474999148343624005e-04
7.221873909709709096e+02 7.904237885421579526e-04 6.483041295731664785e-04
7.221878914714714028e+02 6.863140183319704248e-04 6.491075777478115105e-04
7.221883919719718961e+02 6.852178397762497420e-04 6.499102636115929119e-04
7.221888924724723893e+02 6.846265878871198723e-04 6.507121913924383697e-04
7.221893929729729962e+02 5.913107385824057944e-04 6.515133652932142373e-04
7.221898934734734894e+02 6.120551203063550683e-04 6.523137894911214176e-04
7.221903939739739826e+02 6.225434961863152671e-04 6.531134681389119461e-04
7.221908944744744758e+02 6.154632023784294571e-04 6.539124053642847651e-04
7.221913949749749690e+02 7.707568317099012991e-04 6.547106052701933115e-04
7.221918954754754623e+02 6.748148041521717525e-04 6.555080719349697669e-04
7.221923959759759555e+02 6.936341610630158364e-04 6.563048094124512583e-04
7.221928964764764487e+02 6.490598295167068505e-04 6.571008217321041081e-04
7.221933969769769419e+02 7.405864530597096491e-04 6.578961128991498179e-04
7.221938974774774351e+02 6.383833679955493601e-04 6.586906868946911615e-04
7.221943979779779283e+02 7.196921841102898055e-04 6.594845476758362177e-04
7.221948984784784216e+02 7.265018906907698935e-04 6.602776991758264142e-04
7.221953989789789148e+02 7.239191968112144125e-04 6.610701453041603441e-04
7.221958994794794080e+02 6.291752478320951705e-04 6.618618899467204001e-04
7.221963999799799012e+02 6.400695806303547232e-04 6.626529369658989760e-04
7.221969004804805081e+02 7.347459577855671928e-04 6.634432902009024767e-04
7.221974009809810013e+02 7.796792482358067206e-04 6.642329534671603201e-04
7.221979014814814946e+02 7.302556098603913207e-04 6.650219305575273167e-04
7.221984019819819878e+02 6.947563569456996014e-04 6.658102252416908283e-04
7.221989024824824810e+02 6.731582313514129431e-04 6.665978412664761875e-04
7.221994029829829742e+02 6.530564884964874589e-04 6.673847823559718147e-04
7.221999034834834674e+02 6.671748154052196695e-04 6.681710522116549858e-04
7.222004039839839606e+02 7.546767477010520291e-04 6.689566545125165149e-04
7.222009044844844539e+02 6.505994872116501165e-04 6.697415929151858717e-04
7.222014049849849471e+02 6.360013616893476053e-04 6.705258710540560815e-04
7.222019054854854403e+02 6.735229459755964331e-04 6.713094925414081916e-04
7.222024059859859335e+02 6.315675163048481379e-04 6.720924609675356289e-04
7.222029064864864267e+02 6.781490199712637531e-04 6.728747799008686671e-04
7.222034069869869199e+02 6.801073464706231322e-04 6.736564528880985671e-04
7.222039074874874132e+02 6.968233974402693407e-04 6.744374834543003091e-04
7.222044079879879064e+02 7.106991349433813051e-04 6.752178751030572757e-04
7.222049084884885133e+02 6.224123415167872111e-04 6.759976313167606003e-04
7.222054089889890065e+02 6.618852203784713001e-04 6.767767555560243479e-04
7.222059094894894997e+02 7.756302583521654248e-04 6.775552512608703322e-04
7.222064099899899929e+02 7.212085046099784603e-04 6.783331218501421032e-04
7.222069104904904862e+02 7.343607183677957869e-04 6.791103707218041881e-04
7.222074109909909794e+02 7.261832812094468244e-04 6.798870012530638463e-04
7.222079114914914726e+02 7.281296792809590582e-04 6.806630168004919584e-04
7.222084119919919658e+02 7.958478208437392513e-04 6.814384207001443483e-04
7.222089124924924590e+02 8.058596991248668552e-04 6.822132162676826719e-04
7.222094129929929522e+02 7.026289277177995632e-04 6.829874067984938960e-04
7.222099134934934455e+02 7.728268041860028408e-04 6.837609955678112953e-04
7.222104139939939387e+02 6.972022934544086243e-04 6.845339858308330640e-04
7.222109144944944319e+02 6.834517846409319392e-04 6.853063808228417953e-04
7.222114149949949251e+02 7.237635186000286863e-04 6.860781837593235262e-04
7.222119154954954183e+02 6.295968774286415243e-04 6.868493978360854825e-04
7.222124159959959115e+02 7.397538554565507608e-04 6.876200262293744730e-04
7.222129164964965184e+02 6.906448756466376879e-04 6.883900720961687574e-04
7.222134169969970117e+02 7.777315695364202339e-04 6.891595385735964797e-04
7.222139174974975049e+02 6.864874245793544782e-04 6.899284287801009689e-04
7.222144179979979981e+02 7.810338367370705690e-04 6.906967458148575469e-04
7.222149184984984913e+02 7.605162156963810385e-04 6.914644927580638773e-04
7.222154189989989845e+02 6.841641717646868015e-04 6.922316726710561925e-04
7.222159194994994778e+02 7.925888436375451256e-04 6.929982885964232429e-04
7.222164199999999710e+02 7.161268112757823191e-04 6.937643435581207886e-04
