7.221097119999999450e+02 1.438551673806033257e-04 9.400860338279533215e-05
7.221102125005004382e+02 1.330185066273618813e-04 9.454782786279635593e-05
7.221107130010009314e+02 1.426244699819875675e-04 9.508690107181470114e-05
7.221112135015014246e+02 1.574445420802375421e-04 9.562582175648032007e-05
7.221117140020019178e+02 1.303994219132509011e-04 9.616458865105023625e-05
7.221122145025024111e+02 1.596950196639255798e-04 9.670320047726605318e-05
7.221127150030029043e+02 1.518449419497856865e-04 9.724165594420970129e-05
7.221132155035033975e+02 1.039004039774844173e-04 9.777995374815801922e-05
7.221137160040040044e+02 2.043350269335199364e-04 9.831809257255669243e-05
7.221142165045044976e+02 1.344053941652913198e-04 9.885607108738173933e-05
7.221147170050049908e+02 1.350977123692103439e-04 9.939388794972105028e-05
7.221152175055054840e+02 1.400459653130811698e-04 9.993154180313190292e-05
7.221157180060059773e+02 1.242321323667620815e-04 1.004690312776069318e-04
7.221162185065064705e+02 1.443423755114795176e-04 1.010063549894167970e-04
7.221167190070069637e+02 1.525954464729210511e-04 1.015435115409500476e-04
7.221172195075074569e+02 1.375724254610876697e-04 1.020804995205507488e-04
7.221177200080079501e+02 1.278074818580132526e-04 1.026173175023548350e-04
7.221182205085084433e+02 1.423477981440914790e-04 1.031539640461232379e-04
7.221187210090089366e+02 1.392921675785592723e-04 1.036904376970734554e-04
7.221192215095094298e+02 1.396288203657486252e-04 1.042267369857087625e-04
7.221197220100099230e+02 1.131892785365082874e-04 1.047628604276448885e-04
7.221202225105104162e+02 1.487094952921550427e-04 1.052988065234346335e-04
7.221207230110109094e+02 1.319321479192835621e-04 1.058345737583900998e-04
7.221212235115114026e+02 1.333923115159766422e-04 1.063701606024024162e-04
7.221217240120120096e+02 1.179303240786649498e-04 1.069055655098806164e-04
7.221222245125125028e+02 1.253205456293871034e-04 1.074407869190804361e-04
7.221227250130129960e+02 1.558486446801358972e-04 1.079758232526462384e-04
7.221232255135134892e+02 1.640244502074716991e-04 1.085106729169341052e-04
7.221237260140139824e+02 1.913710356154774671e-04 1.090453343019414729e-04
7.221242265145144756e+02 1.077919071706230029e-04 1.095798057811111896e-04
7.221247270150149689e+02 1.393574383297554141e-04 1.101140857111338654e-04
7.221252275155154621e+02 1.608971985340542559e-04 1.106481724317474440e-04
7.221257280160159553e+02 1.473149897381125992e-04 1.111820642655333454e-04
7.221262285165164485e+02 1.768442136870041837e-04 1.117157595177105893e-04
7.221267290170169417e+02 1.803807827331200772e-04 1.122492564759271547e-04
7.221272295175174349e+02 1.662216798863713567e-04 1.127825534100477194e-04
7.221277300180179282e+02 1.213963262828531269e-04 1.133156485719389884e-04
7.221282305185184214e+02 1.163970027246543140e-04 1.138485401952525822e-04
7.221287310190189146e+02 1.497868243996262070e-04 1.143812264952037651e-04
7.221292315195194078e+02 1.587702279063525623e-04 1.149137056683480988e-04
7.221297320200200147e+02 1.290101916508001965e-04 1.154459758924756386e-04
7.221302325205205079e+02 1.366753853537872932e-04 1.159780353258972840e-04
7.221307330210210012e+02 1.489601094235764385e-04 1.165098821079372507e-04
7.221312335215214944e+02 1.399732920137862762e-04 1.170415143582134715e-04
7.221317340220219876e+02 1.460595350468118744e-04 1.175729301765183349e-04
7.221322345225224808e+02 1.558199959054122489e-04 1.181041276425761889e-04
7.221327350230229740e+02 1.364525648261617134e-04 1.186351048157973905e-04
7.221332355235234672e+02 1.607353274129800407e-04 1.191658597350280576e-04
7.221337360240239605e+02 1.709350185633398190e-04 1.196963904182972470e-04
7.221342365245244537e+02 1.391492038506120146e-04 1.202266948625604188e-04
7.221347370250249469e+02 1.345482323678071383e-04 1.207567710434386714e-04
7.221352375255254401e+02 1.045405969599286721e-04 1.212866169149554171e-04
7.221357380260259333e+02 1.269027534153912174e-04 1.218162304092684610e-04
7.221362385265264265e+02 1.056469776306570362e-04 1.223456094363984498e-04
7.221367390270269198e+02 1.716517557642205339e-04 1.228747518839542162e-04
7.221372395275275267e+02 1.383114909222318053e-04 1.234036556169732651e-04
7.221377400280280199e+02 1.540074274813189024e-04 1.239323184771587536e-04
7.221382405285285131e+02 1.507815816412641562e-04 1.244607382833127238e-04
7.221387410290290063e+02 1.288854931749941935e-04 1.249889128305653170e-04
7.221392415295294995e+02 1.407383584133576205e-04 1.255168398901988888e-04
7.221397420300299927e+02 1.569096082440208761e-04 1.260445172093489590e-04
7.221402425305304860e+02 1.680276151476533110e-04 1.265719425107009058e-04
7.221407430310309792e+02 1.401421491163985648e-04 1.270991134921813483e-04
7.221412435315314724e+02 1.633115728884887050e-04 1.276260278266464377e-04
7.221417440320319656e+02 1.360136813723463085e-04 1.281526831615647556e-04
7.221422445325324588e+02 1.413808974823259291e-04 1.286790771186957939e-04
7.221427450330329521e+02 1.552318425868964727e-04 1.292052072937645312e-04
7.221432455335334453e+02 1.363018566462459045e-04 1.297310712561302367e-04
7.221437460340339385e+02 1.703582087176402958e-04 1.302566665484515866e-04
7.221442465345344317e+02 1.527795284233835502e-04 1.307819906863461436e-04
7.221447470350349249e+02 1.211175956577967950e-04 1.313070411580454725e-04
7.221452475355355318e+02 1.394243089411235502e-04 1.318318154241642317e-04
7.221457480360360250e+02 1.566013734079806975e-04 1.323563109168679941e-04
7.221462485365365183e+02 1.389938613207207085e-04 1.328805250402287027e-04
7.221467490370370115e+02 1.757575168113737439e-04 1.334044551693817579e-04
7.221472495375375047e+02 1.401007878813428941e-04 1.339280986502749699e-04
7.221477500380379979e+02 2.036864449308677712e-04 1.344514527992919347e-04
7.221482505385384911e+02 1.699090269566157750e-04 1.349745149028706381e-04
7.221487510390389843e+02 1.474609436922690508e-04 1.354972822171160982e-04
7.221492515395394776e+02 1.220535197703377780e-04 1.360197519674074770e-04
7.221497520400399708e+02 1.611494787200869801e-04 1.365419213479996362e-04
7.221502525405404640e+02 1.609266551913547671e-04 1.370637875216181609e-04
7.221507530410409572e+02 1.420119697996854828e-04 1.375853476190495579e-04
7.221512535415414504e+02 1.340803919667732109e-04 1.381065987387245430e-04
7.221517540420419436e+02 1.209579701003274485e-04 1.386275379462952289e-04
7.221522545425424369e+02 1.469287681317832232e-04 1.391481622742067842e-04
7.221527550430430438e+02 1.407650306647846203e-04 1.396684687213800872e-04
7.221532555435435370e+02 1.818067064270946238e-04 1.401884542522977711e-04
7.221537560440440302e+02 1.851966364821222631e-04 1.407081157972650011e-04
7.221542565445445234e+02 1.735849622412986685e-04 1.412274502514821567e-04
7.221547570450450166e+02 1.694756679390553968e-04 1.417464544747013293e-04
7.221552575455455099e+02 1.448533783311150972e-04 1.422651252907582175e-04
7.221557580460460031e+02 1.788745289314648795e-04 1.427834594870966509e-04
7.221562585465464963e+02 1.441948832073154381e-04 1.433014538142862282e-04
7.221567590470469895e+02 1.737949113298680251e-04 1.438191049855326641e-04
7.221572595475474827e+02 1.489993050566105072e-04 1.443364096761808729e-04
7.221577600480479759e+02 1.594019385031217751e-04 1.448533645232106518e-04
7.221582605485484692e+02 1.543892217735187407e-04 1.453699661247248012e-04
7.221587610490489624e+02 1.670019319697559892e-04 1.458862110394292238e-04
7.221592615495494556e+02 1.376474051354057110e-04 1.464020957861057032e-04
7.221597620500499488e+02 1.905353079710270215e-04 1.469176168430764713e-04
7.221602625505504420e+02 1.446179560613003196e-04 1.474327706476607515e-04
7.221607630510510489e+02 1.617919953125827556e-04 1.479475535957399128e-04
7.221612635515515422e+02 1.576423484763803942e-04 1.484619620407297540e-04
7.221617640520520354e+02 1.751042132475269866e-04 1.489759922937138883e-04
7.221622645525525286e+02 1.466624173584091847e-04 1.494896406223983549e-04
7.221627650530530218e+02 1.521225638945900981e-04 1.500029032506429460e-04
7.221632655535535150e+02 1.525991256700503281e-04 1.505157763578663863e-04
7.221637660540540082e+02 1.643152475508100931e-04 1.510282560784424050e-04
7.221642665545545015e+02 1.636543134636449627e-04 1.515403385010866198e-04
7.221647670550549947e+02 1.603552138002032549e-04 1.520520196682342048e-04
7.221652675555554879e+02 1.464566074711284621e-04 1.525632955754075565e-04
7.221657680560559811e+02 1.513598260329935782e-04 1.530741621705751510e-04
7.221662685565564743e+02 1.901427479859537164e-04 1.535846153534994776e-04
7.221667690570569675e+02 1.574105352853947843e-04 1.540946509750758383e-04
7.221672695575574608e+02 1.417836356794368040e-04 1.546042648366606031e-04
7.221677700580579540e+02 1.344565355499164000e-04 1.551134526893890571e-04
7.221682705585584472e+02 1.642701058003323599e-04 1.556222102334827849e-04
7.221687710590590541e+02 1.464237673316824240e-04 1.561305331176620335e-04
7.221692715595595473e+02 1.501817700656397990e-04 1.566384169379694607e-04
7.221697720600600405e+02 1.737778286148944319e-04 1.571458572377378536e-04
7.221702725605605337e+02 1.540772951567240896e-04 1.576528495063917866e-04
7.221707730610610270e+02 1.860042792267634320e-04 1.581593891788150169e-04
7.221712735615615202e+02 1.696158235979273467e-04 1.586654716345909733e-04
7.221717740620620134e+02 1.594387458483945749e-04 1.591710921972314824e-04
7.221722745625625066e+02 1.937128517042606846e-04 1.596762461333931611e-04
7.221727750630629998e+02 1.320364804034534622e-04 1.601809286520817751e-04
7.221732755635634931e+02 1.740879485289506306e-04 1.606851349038445080e-04
7.221737760640639863e+02 1.397637391838517926e-04 1.611888599799484074e-04
7.221742765645644795e+02 2.101876766927115482e-04 1.616920989115474736e-04
7.221747770650649727e+02 1.749906635466616847e-04 1.621948466688358703e-04
7.221752775655654659e+02 1.753226937650596146e-04 1.626970981601873938e-04
7.221757780660659591e+02 1.514970213323636131e-04 1.631988482312823105e-04
7.221762785665665660e+02 1.264038903794310756e-04 1.637000916643337244e-04
7.221767790670670593e+02 1.476732929491036354e-04 1.642008231767309152e-04
7.221772795675675525e+02 1.651337175604638261e-04 1.647010374208068037e-04
7.221777800680680457e+02 1.794831833009140278e-04 1.652007289824525044e-04
7.221782805685685389e+02 1.478107768553289629e-04 1.656998923802862570e-04
7.221787810690690321e+02 1.590337765012435605e-04 1.661985220646936370e-04
7.221792815695695253e+02 1.120266796982810717e-04 1.666966124168526946e-04
7.221797820700700186e+02 1.907790538348609101e-04 1.671941577477431573e-04
7.221802825705705118e+02 1.832684077031199838e-04 1.676911522971403438e-04
7.221807830710710050e+02 1.729267269369966860e-04 1.681875902325925722e-04
7.221812835715714982e+02 1.687415350570840096e-04 1.686834656483826838e-04
7.221817840720719914e+02 1.801641213373808353e-04 1.691787725644726805e-04
7.221822845725724846e+02 1.545493718053782338e-04 1.696735049254316659e-04
7.221827850730729779e+02 1.941466143167575324e-04 1.701676565993462224e-04
7.221832855735734711e+02 2.065787191235426013e-04 1.706612213767141992e-04
7.221837860740739643e+02 1.654622639475194763e-04 1.711541929693195818e-04
7.221842865745745712e+02 2.091142700015534135e-04 1.716465650092018763e-04
7.221847870750750644e+02 1.903556338132972726e-04 1.721383310470480212e-04
7.221852875755755576e+02 2.299705089433531414e-04 1.726294845516834623e-04
7.221857880760760509e+02 1.641637098246443414e-04 1.731200189084260090e-04
7.221862885765765441e+02 1.273840171837623057e-04 1.736099274179797852e-04
7.221867890770770373e+02 1.738934397605328900e-04 1.740992032951972873e-04
7.221872895775775305e+02 1.715986185605012878e-04 1.745878396678217912e-04
7.221877900780780237e+02 1.668692170022584385e-04 1.750758295752089693e-04
7.221882905785785169e+02 1.678793707194035630e-04 1.755631659670281789e-04
7.221887910790790102e+02 1.688058247572953442e-04 1.760498417019424461e-04
7.221892915795795034e+02 1.697790510682589986e-04 1.765358495462671725e-04
7.221897920800799966e+02 1.618108913943529139e-04 1.770211821726067503e-04
7.221902925805804898e+02 1.852611277751235849e-04 1.775058321584693864e-04
7.221907930810809830e+02 1.720669876375982934e-04 1.779897919848589670e-04
7.221912935815814762e+02 1.466214275594775868e-04 1.784730540348441281e-04
7.221917940820820832e+02 1.806908837055420177e-04 1.789556105922136277e-04
7.221922945825825764e+02 2.083255846484250318e-04 1.794374538395600998e-04
7.221927950830830696e+02 1.819112523014443719e-04 1.799185758574352171e-04
7.221932955835835628e+02 1.511532579505951094e-04 1.803989686223845472e-04
7.221937960840840560e+02 1.842295622244012859e-04 1.808786240055053742e-04
7.221942965845845492e+02 1.594127221746321859e-04 1.813575337708694013e-04
7.221947970850850425e+02 2.002270854016537452e-04 1.818356895739195954e-04
7.221952975855855357e+02 1.812734725317729579e-04 1.823130829598409834e-04
7.221957980860860289e+02 1.820049636399266851e-04 1.827897053619040725e-04
7.221962985865865221e+02 1.753098333243277129e-04 1.832655480997816267e-04
7.221967990870870153e+02 1.895649994926178509e-04 1.837406023778372804e-04
7.221972995875875085e+02 1.750547648262618745e-04 1.842148592833863971e-04
7.221978000880880018e+02 1.904266556550061407e-04 1.846883097849277898e-04
7.221983005885884950e+02 1.484948440928494549e-04 1.851609447303466014e-04
7.221988010890889882e+02 1.857047027882474340e-04 1.856327548450874786e-04
7.221993015895894814e+02 1.619753816085918875e-04 1.861037307302975774e-04
7.221998020900900883e+02 1.766957684962699722e-04 1.865738628610450834e-04
7.222003025905905815e+02 1.596851046379116573e-04 1.870431415839739469e-04
7.222008030910910747e+02 2.049818709469698123e-04 1.875115571159932453e-04
7.222013035915915680e+02 1.861851070943706509e-04 1.879790995418672455e-04
7.222018040920920612e+02 1.867417525277218924e-04 1.884457588123062321e-04
7.222023045925925544e+02 1.757663350858835441e-04 1.889115247419173658e-04
7.222028050930930476e+02 1.665621589617946369e-04 1.893763870071211715e-04
7.222033055935935408e+02 1.739819853502899683e-04 1.898403351440339833e-04
7.222038060940940341e+02 1.829653745621136597e-04 1.903033585463148277e-04
7.222043065945945273e+02 1.816681217231558157e-04 1.907654464629766899e-04
7.222048070950950205e+02 2.115247874450279552e-04 1.912265879961617585e-04
7.222053075955955137e+02 1.990916776677646043e-04 1.916867720988790476e-04
7.222058080960960069e+02 1.948211131500686573e-04 1.921459875727047229e-04
7.222063085965965001e+02 1.743432790469103422e-04 1.926042230654448871e-04
7.222068090970969934e+02 1.823230874155589180e-04 1.930614670687580870e-04
7.222073095975974866e+02 1.699568332178087921e-04 1.935177079157396297e-04
7.222078100980980935e+02 1.543271975007844458e-04 1.939729337785684577e-04
7.222083105985985867e+02 2.076162030464733378e-04 1.944271326655961198e-04
7.222088110990990799e+02 1.532697189728551412e-04 1.948802924194287635e-04
7.222093115995995731e+02 1.937504366330764492e-04 1.953324007139321892e-04
7.222098121001000663e+02 1.767736853045176384e-04 1.957834450517113780e-04
7.222103126006005596e+02 1.885619604836308208e-04 1.962334127614427583e-04
7.222108131011010528e+02 1.661148603124398880e-04 1.966822909951625891e-04
7.222113136016015460e+02 1.931947450270720117e-04 1.971300667255095897e-04
7.222118141021020392e+02 1.688157798278437411e-04 1.975767267429221689e-04
7.222123146026025324e+02 1.954180540649115561e-04 1.980222576527888704e-04
7.222128151031030256e+02 2.091102186427724343e-04 1.984666458725516016e-04
7.222133156036035189e+02 1.823890661789932257e-04 1.989098776287606966e-04
7.222138161041040121e+02 1.752453212436872300e-04 1.993519389540810273e-04
7.222143166046045053e+02 1.707175857421473297e-04 1.997928156842483768e-04
7.222148171051049985e+02 1.915981268520371389e-04 2.002324934549756688e-04
7.222153176056056054e+02 2.077383331119221155e-04 2.006709576989067385e-04
7.222158181061060986e+02 2.182147239636465948e-04 2.011081936420210103e-04
7.222163186066065919e+02 1.868582687722984226e-04 2.015441863009805902e-04
7.222168191071070851e+02 1.628352595933629549e-04 2.019789204794273903e-04
7.222173196076075783e+02 1.716091185947804022e-04 2.024123807647242338e-04
7.222178201081080715e+02 1.776441727655553836e-04 2.028445515245403232e-04
7.222183206086085647e+02 1.564222347131549186e-04 2.032754169033807628e-04
7.222188211091090579e+02 1.594677060090988899e-04 2.037049608190585925e-04
7.222193216096095512e+02 1.896416484129442913e-04 2.041331669591088700e-04
7.222198221101100444e+02 1.960674276852328692e-04 2.045600187771438004e-04
7.222203226106105376e+02 1.777255904130599373e-04 2.049854994891476916e-04
7.222208231111110308e+02 1.828354251464437731e-04 2.054095920697113849e-04
7.222213236116115240e+02 1.614214878667817479e-04 2.058322792482053466e-04
7.222218241121120172e+02 2.034282631263130739e-04 2.062535435048889543e-04
7.222223246126125105e+02 1.745832741371352117e-04 2.066733670669576584e-04
7.222228251131130037e+02 1.964620135670539511e-04 2.070917319045246575e-04
7.222233256136136106e+02 1.828898688757510415e-04 2.075086197266321733e-04
7.222238261141141038e+02 1.988719053092122941e-04 2.079240119767233885e-04
7.222243266146145970e+02 1.790127868338500143e-04 2.083378898289934287e-04
7.222248271151150902e+02 1.749994548123660822e-04 2.087502341837251245e-04
7.222253276156155835e+02 1.644016803145891415e-04 2.091610256630292903e-04
7.222258281161160767e+02 1.894598430296483174e-04 2.095702446064202028e-04
7.222263286166165699e+02 1.948132729739665439e-04 2.099778710663200657e-04
7.222268291171170631e+02 1.630208914120665517e-04 2.103838848034908591e-04
7.222273296176175563e+02 1.916053080010866232e-04 2.107882652823939271e-04
7.222278301181180495e+02 1.922375984059247430e-04 2.111909916664748911e-04
7.222283306186185428e+02 1.834466059708809006e-04 2.115920428133741867e-04
7.222288311191190360e+02 1.634826049908939209e-04 2.119913972700613269e-04
7.222293316196195292e+02 2.015916583562297635e-04 2.123890332678924036e-04
7.222298321201200224e+02 1.836351160887669082e-04 2.127849287175900969e-04
7.222303326206205156e+02 1.809502072204144461e-04 2.131790612041442915e-04
7.222308331211211225e+02 2.023730939721656561e-04 2.135714079817229143e-04
7.222313336216216157e+02 2.199494500660848959e-04 2.139619459680560645e-04
7.222318341221221090e+02 1.734976665884708049e-04 2.143506517396303419e-04
7.222323346226226022e+02 2.118577060855646654e-04 2.147375015259089380e-04
7.222328351231230954e+02 1.809351472892748672e-04 2.151224712039140135e-04
7.222333356236235886e+02 1.980485161683702379e-04 2.155055362926366869e-04
7.222338361241240818e+02 1.766388921305436050e-04 2.158866719473610200e-04
7.222343366246245751e+02 1.820774793913452225e-04 2.162658529539024854e-04
7.222348371251250683e+02 1.708535190480972533e-04 2.166430537227598621e-04
7.222353376256255615e+02 1.877438762202410119e-04 2.170182482831794449e-04
7.222358381261260547e+02 1.927861449677985284e-04 2.173914102771309735e-04
7.222363386266265479e+02 1.887852035603566838e-04 2.177625129531946023e-04
7.222368391271270411e+02 2.055299957315873832e-04 2.181315291603581257e-04
7.222373396276275344e+02 1.900198975004879212e-04 2.184984313417236992e-04
7.222378401281280276e+02 2.471002251708421388e-04 2.188631915281235424e-04
7.222383406286285208e+02 1.673410945075592179e-04 2.192257813316439180e-04
7.222388411291291277e+02 1.933923570240387994e-04 2.195861719391383501e-04
7.222393416296296209e+02 1.667250219317402242e-04 2.199443341052397514e-04
7.222398421301301141e+02 1.916873509047656494e-04 2.203002381460972042e-04
7.222403426306306073e+02 2.357771094865513653e-04 2.206538539321997619e-04
7.222408431311311006e+02 1.722289442929615243e-04 2.210051508815164846e-04
7.222413436316315938e+02 2.301907968856839763e-04 2.213540979524598862e-04
7.222418441321320870e+02 1.991367252559690085e-04 2.217006636367547297e-04
7.222423446326325802e+02 2.152976133290947420e-04 2.220448159522119555e-04
7.222428451331330734e+02 2.431138651779508626e-04 2.223865224354075790e-04
7.222433456336335666e+02 1.899364743600514345e-04 2.227257501342670731e-04
7.222438461341340599e+02 1.789560912341585461e-04 2.230624656005540424e-04
7.222443466346345531e+02 2.269822301568673903e-04 2.233966348822649249e-04
7.222448471351350463e+02 2.038803525960668521e-04 2.237282235159286355e-04
7.222453476356355395e+02 1.686899191293237006e-04 2.240571965188122635e-04
7.222458481361360327e+02 2.008650889229267431e-04 2.243835183810328517e-04
7.222463486366365260e+02 1.989131513455902193e-04 2.247071530575762586e-04
7.222468491371371329e+02 2.085552658401765302e-04 2.250280639602955028e-04
7.222473496376376261e+02 1.969031441197608659e-04 2.253462139494544735e-04
7.222478501381381193e+02 1.810735580255804346e-04 2.256615653259091796e-04
7.222483506386386125e+02 1.959614360830720539e-04 2.259740798224691251e-04
7.222488511391391057e+02 1.874300770822964507e-04 2.262837185955364028e-04
7.222493516396395989e+02 1.768670825363029731e-04 2.265904422165841356e-04
7.222498521401400922e+02 1.943658754366691201e-04 2.268942106635495114e-04
7.222503526406405854e+02 1.854072039019965330e-04 2.271949833121434141e-04
7.222508531411410786e+02 1.780878557423391903e-04 2.274927189270779272e-04
7.222513536416415718e+02 2.061359767812089537e-04 2.277873756532146907e-04
7.222518541421420650e+02 2.213258480084977860e-04 2.280789110066356554e-04
7.222523546426425582e+02 2.106873626072493862e-04 2.283672818656397058e-04
7.222528551431430515e+02 1.875477032443950752e-04 2.286524444616668309e-04
7.222533556436435447e+02 2.014283821201567481e-04 2.289343543701546945e-04
7.222538561441440379e+02 1.990024706911302675e-04 2.292129665013286906e-04
7.222543566446446448e+02 2.089281795450124459e-04 2.294882350909935970e-04
7.222548571451451380e+02 2.041987596342242830e-04 2.297601136909554359e-04
7.222553576456456312e+02 1.797258283119973520e-04 2.300285551600143277e-04
7.222558581461461245e+02 1.789615511508599462e-04 2.302935116542827567e-04
7.222563586466466177e+02 2.092355812865597106e-04 2.305549346177736649e-04
7.222568591471471109e+02 2.178327441462410983e-04 2.308127747728869043e-04
7.222573596476476041e+02 2.178932374441694517e-04 2.310669821108624023e-04
7.222578601481480973e+02 2.410849734754236143e-04 2.313175058822074975e-04
7.222583606486485905e+02 1.918574722388278250e-04 2.315642945871026982e-04
7.222588611491490838e+02 2.138915428158333950e-04 2.318072959657948120e-04
7.222593616496495770e+02 2.368009504871935729e-04 2.320464569889840560e-04
7.222598621501500702e+02 1.719654169763638895e-04 2.322817238482130389e-04
7.222603626506505634e+02 1.978172909705275728e-04 2.325130419462660962e-04
7.222608631511510566e+02 1.666471857522259300e-04 2.327403558875883855e-04
7.222613636516515498e+02 2.414422193975910202e-04 2.329636094687336314e-04
7.222618641521520431e+02 1.883056726487735344e-04 2.331827456688514175e-04
7.222623646526526500e+02 1.790745380220340292e-04 2.333977066402724077e-04
7.222628651531531432e+02 1.829091789656439333e-04 2.336084336989124530e-04
7.222633656536536364e+02 2.321728436441225507e-04 2.338148673152380425e-04
7.222638661541541296e+02 2.374532480801136533e-04 2.340169471048282970e-04
7.222643666546546228e+02 1.960726020678307195e-04 2.342146118192831473e-04
7.222648671551551161e+02 2.207005160813130175e-04 2.344077993371967007e-04
7.222653676556556093e+02 2.236003692077917406e-04 2.345964466552603867e-04
7.222658681561561025e+02 2.146713581221501989e-04 2.347804898795122523e-04
7.222663686566565957e+02 1.892399416233526499e-04 2.349598642167492681e-04
7.222668691571570889e+02 2.338497517668260942e-04 2.351345039661208310e-04
7.222673696576575821e+02 1.876914296405470732e-04 2.353043425109223026e-04
7.222678701581580754e+02 2.131174817698155012e-04 2.354693123106091010e-04
7.222683706586585686e+02 1.842813898316021182e-04 2.356293448930522720e-04
7.222688711591590618e+02 2.052200099465330621e-04 2.357843708470572230e-04
7.222693716596595550e+02 2.044737620083612146e-04 2.359343198151706380e-04
7.222698721601601619e+02 2.188144206748508932e-04 2.360791204868313824e-04
7.222703726606606551e+02 2.448190718734174435e-04 2.362187005916969139e-04
7.222708731611611483e+02 2.155457733653420459e-04 2.363529868936633919e-04
7.222713736616616416e+02 1.875298179288870278e-04 2.364819051849498103e-04
7.222718741621621348e+02 2.281320885424558689e-04 2.366053802807736698e-04
7.222723746626626280e+02 2.481945003317613486e-04 2.367233360144500322e-04
7.222728751631631212e+02 2.346403504378240397e-04 2.368356952329803893e-04
7.222733756636636144e+02 2.197186592238601645e-04 2.369423797931682646e-04
7.222738761641641076e+02 1.878309629922288420e-04 2.370433105582958361e-04
7.222743766646646009e+02 2.265188575789044980e-04 2.371384073954034555e-04
7.222748771651650941e+02 2.109586835315307150e-04 2.372275891732102029e-04
7.222753776656655873e+02 2.085916339391600323e-04 2.373107737607193591e-04
7.222758781661660805e+02 2.906636857812093045e-04 2.373878780265536266e-04
7.222763786666665737e+02 2.139105044849731545e-04 2.374588178390662336e-04
7.222768791671670670e+02 2.618230253385502178e-04 2.375235080672776574e-04
7.222773796676675602e+02 2.176005193681581577e-04 2.375818625826888169e-04
7.222778801681681671e+02 2.217951177604615925e-04 2.376337942620360035e-04
7.222783806686686603e+02 2.236207315520305451e-04 2.376792149909755150e-04
7.222788811691691535e+02 2.368509946141076922e-04 2.377180356689305267e-04
7.222793816696696467e+02 2.042119259346610711e-04 2.377501662149252655e-04
7.222798821701701399e+02 2.299501519054826103e-04 2.377755155746517576e-04
7.222803826706706332e+02 2.053429958662924930e-04 2.377939917287618884e-04
7.222808831711711264e+02 2.151498273110092870e-04 2.378055017024682566e-04
7.222813836716716196e+02 2.333574988789654094e-04 2.378099515765260308e-04
7.222818841721721128e+02 1.907986430703837257e-04 2.378072464996720554e-04
7.222823846726726060e+02 2.105450450954160599e-04 2.377972907026016801e-04
7.222828851731730992e+02 2.231902511370895679e-04 2.377799875135647915e-04
7.222833856736735925e+02 2.482069357059523383e-04 2.377552393756678908e-04
7.222838861741740857e+02 2.293974064201491348e-04 2.377229478659722607e-04
7.222843866746745789e+02 2.395969114853773428e-04 2.376830137164812735e-04
7.222848871751750721e+02 2.021205988214745805e-04 2.376353368371144454e-04
7.222853876756755653e+02 2.546805899104277108e-04 2.375798163407684990e-04
7.222858881761761722e+02 2.175417438471318355e-04 2.375163505705563973e-04
7.222863886766766655e+02 1.924809594698975214e-04 2.374448371294223263e-04
7.222868891771771587e+02 2.238661250427120256e-04 2.373651729120258315e-04
7.222873896776776519e+02 2.456390562145964788e-04 2.372772541393001924e-04
7.222878901781781451e+02 1.917725369792371644e-04 2.371809763955957798e-04
7.222883906786786383e+02 2.249271798389653170e-04 2.370762346686171849e-04
7.222888911791791315e+02 2.266162924158466772e-04 2.369629233922705908e-04
7.222893916796796248e+02 2.267026076845583935e-04 2.368409364925572918e-04
7.222898921801801180e+02 2.394656110252583970e-04 2.367101674366531674e-04
7.222903926806806112e+02 2.255760345111347369e-04 2.365705092853175246e-04
7.222908931811811044e+02 2.001145955855582908e-04 2.364218547487816329e-04
7.222913936816815976e+02 2.101995077567586471e-04 2.362640962462695803e-04
7.222918941821820908e+02 2.203049368890974138e-04 2.360971259693117499e-04
7.222923946826825841e+02 2.596853711608445767e-04 2.359208359490116503e-04
7.222928951831830773e+02 1.765592068080460721e-04 2.357351181274368063e-04
7.222933956836836842e+02 2.151746183202550469e-04 2.355398644332596422e-04
7.222938961841841774e+02 1.984028776304903646e-04 2.353349668620959402e-04
7.222943966846846706e+02 2.050306637244591625e-04 2.351203175610541251e-04
7.222948971851851638e+02 1.969769324645305225e-04 2.348958089185665637e-04
7.222953976856856571e+02 2.424195302234450223e-04 2.346613336590360236e-04
7.222958981861861503e+02 2.679808726983270344e-04 2.344167849427539565e-04
7.222963986866866435e+02 2.627673681182277001e-04 2.341620564712455386e-04
7.222968991871871367e+02 2.211629782634721899e-04 2.338970425982470059e-04
7.222973996876876299e+02 2.221508919188983360e-04 2.336216384465202793e-04
7.222979001881881231e+02 2.592638568733599469e-04 2.333357400307172760e-04
7.222984006886886164e+02 2.210022354819154164e-04 2.330392443865056775e-04
7.222989011891891096e+02 2.348235792054557849e-04 2.327320497061739714e-04
7.222994016896896028e+02 2.148609341975146606e-04 2.324140554809339893e-04
7.222999021901900960e+02 2.506959553934688168e-04 2.320851626501416035e-04
7.223004026906905892e+02 2.352128052864146696e-04 2.317452737576577353e-04
7.223009031911910824e+02 2.225500650244000510e-04 2.313942931155731281e-04
7.223014036916916893e+02 2.340133021317089578e-04 2.310321269754358824e-04
7.223019041921921826e+02 2.643344192511922690e-04 2.306586837077039367e-04
7.223024046926926758e+02 2.119062451074046828e-04 2.302738739884034819e-04
7.223029051931931690e+02 2.261650666636512842e-04 2.298776109948588687e-04
7.223034056936936622e+02 2.433591654552290113e-04 2.294698106094826898e-04
7.223039061941941554e+02 2.625059988004642734e-04 2.290503916323276799e-04
7.223044066946946486e+02 2.268832224165171592e-04 2.286192760025283148e-04
7.223049071951951419e+02 2.519534019897467386e-04 2.281763890288327943e-04
7.223054076956956351e+02 2.043421995054813250e-04 2.277216596294220311e-04
7.223059081961961283e+02 2.580259646225947431e-04 2.272550205811998763e-04
7.223064086966966215e+02 1.951460141825759492e-04 2.267764087787326366e-04
7.223069091971971147e+02 2.135984452013558262e-04 2.262857655030006210e-04
7.223074096976976080e+02 2.081176170017534947e-04 2.257830367001144539e-04
7.223079101981981012e+02 2.251871653344876480e-04 2.252681732701317346e-04
7.223084106986985944e+02 2.023883764438773054e-04 2.247411313660928442e-04
7.223089111991990876e+02 2.423651537974224712e-04 2.242018727033780049e-04
7.223094116996996945e+02 2.138191173749638815e-04 2.236503648793362333e-04
7.223099122002001877e+02 2.320002764932726960e-04 2.230865817040017247e-04
7.223104127007006809e+02 2.475965937214137137e-04 2.225105035400401585e-04
7.223109132012011742e+02 2.585992073352084454e-04 2.219221176544346370e-04
7.223114137017016674e+02 2.765561096144356513e-04 2.213214185800097011e-04
7.223119142022021606e+02 2.588093757898586849e-04 2.207084084874776097e-04
7.223124147027026538e+02 2.359340581363164613e-04 2.200830975677862478e-04
7.223129152032031470e+02 2.569770481951717876e-04 2.194455044246297485e-04
7.223134157037036402e+02 2.134318628562979509e-04 2.187956564769430185e-04
7.223139162042041335e+02 1.897682553430732268e-04 2.181335903711544358e-04
7.223144167047046267e+02 2.502072842479863800e-04 2.174593524029223607e-04
7.223149172052051199e+02 2.006598835594205110e-04 2.167729989480297415e-04
7.223154177057056131e+02 2.213313835292549168e-04 2.160745969020525978e-04
7.223159182062061063e+02 2.706893661093892883e-04 2.153642241283630924e-04
7.223164187067065996e+02 2.810200253148459120e-04 2.146419699139609483e-04
7.223169192072072065e+02 2.158115375771342808e-04 2.139079354323950065e-04
7.223174197077076997e+02 2.220660468743482457e-04 2.131622342141387008e-04
7.223179202082081929e+02 2.403726224029668749e-04 2.124049926211973903e-04
7.223184207087086861e+02 2.126656744943974660e-04 2.116363503284895704e-04
7.223189212092091793e+02 2.699699336039398196e-04 2.108564608086337252e-04
7.223194217097096725e+02 2.226750748752536532e-04 2.100654918201788233e-04
7.223199222102101658e+02 2.097617242127734500e-04 2.092636258980662097e-04
7.223204227107106590e+02 2.583398152659031346e-04 2.084510608451875719e-04
7.223209232112111522e+02 2.427843635105794240e-04 2.076280102238072726e-04
7.223214237117116454e+02 2.396888083551113632e-04 2.067947038455223102e-04
7.223219242122121386e+02 2.752289565222338437e-04 2.059513882583331246e-04
7.223224247127126318e+02 2.575886029963010042e-04 2.050983272292978784e-04
7.223229252132131251e+02 2.085703962781616425e-04 2.042358022211391124e-04
7.223234257137136183e+02 2.348206826259738723e-04 2.033641128610680522e-04
7.223239262142141115e+02 2.373251016752488227e-04 2.024835773999861331e-04
7.223244267147146047e+02 2.413872194366940469e-04 2.015945331601188997e-04
7.223249272152152116e+02 2.457139833184546532e-04 2.006973369688265735e-04
7.223254277157157048e+02 2.323687212359026746e-04 1.997923655776647530e-04
7.223259282162161981e+02 2.118515403452546396e-04 1.988800160613760179e-04
7.223264287167166913e+02 1.994179627324796930e-04 1.979607061985351512e-04
7.223269292172171845e+02 2.423718382338733318e-04 1.970348748283429435e-04
7.223274297177176777e+02 2.403685287415456638e-04 1.961029821822458811e-04
7.223279302182181709e+02 2.050352226422106890e-04 1.951655101875513236e-04
7.223284307187186641e+02 2.053095996335151054e-04 1.942229627403297570e-04
7.223289312192191574e+02 2.821144575995288830e-04 1.932758659448267447e-04
7.223294317197196506e+02 2.515802357142417453e-04 1.923247683165422073e-04
7.223299322202201438e+02 2.816866824477718637e-04 1.913702409460838372e-04
7.223304327207206370e+02 2.798852605542257181e-04 1.904128776208594410e-04
7.223309332212211302e+02 2.338415159348783293e-04 1.894532949016452486e-04
7.223314337217216234e+02 2.150572136085336910e-04 1.884921321510521291e-04
7.223319342222221167e+02 2.291701963585490254e-04 1.875300515109133074e-04
7.223324347227227236e+02 2.528386238524909548e-04 1.865677378254152440e-04
7.223329352232232168e+02 2.488944447428459504e-04 1.856058985083602528e-04
7.223334357237237100e+02 2.465062594095883885e-04 1.846452633484122147e-04
7.223339362242242032e+02 2.761192965210193442e-04 1.836865842539048212e-04
7.223344367247246964e+02 2.056740574587708511e-04 1.827306349312358773e-04
7.223349372252251896e+02 2.164909401844108570e-04 1.817782104955828850e-04
7.223354377257256829e+02 2.128026948159494045e-04 1.808301270112882750e-04
7.223359382262261761e+02 2.418585973639843559e-04 1.798872209596473828e-04
7.223364387267266693e+02 2.019232063642631999e-04 1.789503486320294812e-04
7.223369392272271625e+02 2.750706494197829042e-04 1.780203854464770428e-04
7.223374397277276557e+02 2.427979301065940655e-04 1.770982251861765268e-04
7.223379402282281490e+02 2.420541948018691989e-04 1.761847791584647636e-04
7.223384407287286422e+02 2.050972271574263105e-04 1.752809752733335165e-04
7.223389412292291354e+02 2.358409344470625531e-04 1.743877570407170025e-04
7.223394417297296286e+02 2.309432869943113466e-04 1.735060824861982124e-04
7.223399422302301218e+02 2.286045209564446041e-04 1.726369229851421646e-04
7.223404427307307287e+02 2.504737154033951870e-04 1.717812620154676186e-04
7.223409432312312219e+02 2.305763005656236554e-04 1.709400938310409322e-04
7.223414437317317152e+02 2.200868083141162225e-04 1.701144220540439130e-04
7.223419442322322084e+02 2.255215110919678583e-04 1.693052581919209879e-04
7.223424447327327016e+02 1.914585009493224247e-04 1.685136200781679749e-04
7.223429452332331948e+02 1.945969060195630899e-04 1.677405302408050563e-04
7.223434457337336880e+02 2.180440494148381896e-04 1.669870142014986795e-04
7.223439462342341812e+02 1.703534710092878741e-04 1.662540987089930033e-04
7.223444467347346745e+02 1.735116432692864700e-04 1.655428099110077479e-04
7.223449472352351677e+02 1.842238119108631001e-04 1.648541714692589076e-04
7.223454477357356609e+02 1.865465385652813465e-04 1.641892026227496568e-04
7.223459482362361541e+02 1.713894674271882184e-04 1.635489162049585130e-04
7.223464487367366473e+02 1.664967188671271476e-04 1.629343166210171605e-04
7.223469492372371406e+02 1.902210534452268890e-04 1.623463977914166485e-04
7.223474497377376338e+02 1.679179843028196829e-04 1.617861410692002656e-04
7.223479502382381270e+02 1.988238251790738515e-04 1.612545131379936828e-04
7.223484507387387339e+02 2.000595582052145716e-04 1.607524638984690721e-04
7.223489512392392271e+02 1.839197945181043014e-04 1.602809243519418621e-04
7.223494517397397203e+02 1.507019566304445570e-04 1.598408044877084526e-04
7.223499522402402135e+02 1.360024386615516932e-04 1.594329911849405622e-04
7.223504527407407068e+02 1.380289237015845682e-04 1.590583461361187983e-04
7.223509532412412000e+02 1.648196960033376682e-04 1.587177038015406252e-04
7.223514537417416932e+02 1.246362270358102812e-04 1.584118694036907075e-04
7.223519542422421864e+02 1.222225154245362049e-04 1.581416169703853060e-04
7.223524547427426796e+02 1.168918597289419982e-04 1.579076874355523209e-04
7.223529552432431728e+02 9.497966542660826478e-05 1.577107868063906627e-04
7.223534557437436661e+02 1.204757845503795922e-04 1.575515844054750452e-04
7.223539562442441593e+02 8.767935842794186629e-05 1.574307111961290224e-04
7.223544567447446525e+02 6.112113581070063016e-05 1.573487581990830515e-04
7.223549572452451457e+02 6.994912627676766513e-05 1.573062750080685243e-04
7.223554577457456389e+02 5.832103306175133418e-05 1.573037684115705060e-04
7.223559582462462458e+02 5.584868351035295606e-05 1.573417011274924051e-04
7.223564587467467391e+02 6.429216896922251173e-05 1.574204906568638194e-04
7.223569592472472323e+02 3.464920593587843018e-05 1.575405082623585645e-04
7.223574597477477255e+02 4.091791335309100911e-05 1.577020780764330841e-04
7.223579602482482187e+02 2.881160111308062960e-05 1.579054763434997331e-04
7.223584607487487119e+02 1.816101592157809988e-05 1.581509307997054550e-04
7.223589612492492051e+02 2.166054185952184078e-05 1.584386201931833524e-04
7.223594617497496984e+02 3.133568241276955975e-05 1.587686739468872248e-04
7.223599622502501916e+02 1.768008020611562076e-05 1.591411719653414213e-04
7.223604627507506848e+02 1.380359103483121603e-05 1.595561445858563238e-04
7.223609632512511780e+02 2.532592293198916033e-05 1.600135726739756786e-04
7.223614637517516712e+02 2.978657564355889799e-05 1.605133878621387955e-04
7.223619642522521644e+02 3.876242762905843790e-05 1.610554729297745881e-04
7.223624647527526577e+02 6.042569679837795401e-05 1.616396623222897475e-04
7.223629652532531509e+02 4.249418378511570345e-05 1.622657428056899014e-04
7.223634657537536441e+02 5.141885086006094401e-05 1.629334542528734146e-04
7.223639662542542510e+02 5.069124721822639929e-05 1.636424905571447132e-04
7.223644667547547442e+02 7.745529505241991115e-05 1.643925006667225385e-04
7.223649672552552374e+02 9.005064475751325557e-05 1.651830897368712615e-04
7.223654677557557306e+02 1.062115380212600341e-04 1.660138203900963897e-04
7.223659682562562239e+02 9.947433895741246142e-05 1.668842140799927298e-04
7.223664687567567171e+02 1.245409680511039014e-04 1.677937525505757133e-04
7.223669692572572103e+02 1.234179086147886746e-04 1.687418793836773434e-04
7.223674697577577035e+02 1.284728150710335063e-04 1.697280016265339891e-04
7.223679702582581967e+02 1.373175014627966615e-04 1.707514914914598546e-04
7.223684707587586900e+02 1.357067504245218438e-04 1.718116881193241206e-04
7.223689712592591832e+02 1.662540397902622150e-04 1.729078993984351799e-04
7.223694717597596764e+02 1.517999979592502728e-04 1.740394038303845427e-04
7.223699722602601696e+02 1.876868256799182953e-04 1.752054524344002476e-04
7.223704727607606628e+02 1.627149863974422159e-04 1.764052706818249657e-04
7.223709732612611560e+02 1.807071469781144967e-04 1.776380604524408055e-04
7.223714737617617629e+02 1.909896125925416590e-04 1.789030020048193567e-04
7.223719742622622562e+02 2.056762218057957769e-04 1.801992559510531041e-04
7.223724747627627494e+02 2.207251843496190510e-04 1.815259652325437213e-04
7.223729752632632426e+02 1.778052476734150167e-04 1.828822570837385629e-04
7.223734757637637358e+02 1.957802789054069882e-04 1.842672449810703718e-04
7.223739762642642290e+02 2.247949282252611157e-04 1.856800305687128689e-04
7.223744767647647222e+02 2.316752515462881736e-04 1.871197055551382621e-04
7.223749772652652155e+02 2.096470813415657873e-04 1.885853535745860975e-04
7.223754777657657087e+02 2.046131344652427065e-04 1.900760520079749268e-04
7.223759782662662019e+02 1.997624874713585291e-04 1.915908737582248445e-04
7.223764787667666951e+02 2.416652748585713798e-04 1.931288889754045315e-04
7.223769792672671883e+02 1.945134390176703882e-04 1.946891667275676030e-04
7.223774797677676816e+02 2.680030783235181377e-04 1.962707766135962835e-04
7.223779802682681748e+02 2.398303444260473202e-04 1.978727903148209705e-04
7.223784807687686680e+02 2.597756698044805012e-04 1.994942830826305631e-04
7.223789812692691612e+02 2.396600967738974817e-04 2.011343351597257674e-04
7.223794817697697681e+02 2.724851918548663486e-04 2.027920331334732659e-04
7.223799822702702613e+02 2.562359279223312063e-04 2.044664712175864253e-04
7.223804827707707545e+02 2.425268870496002926e-04 2.061567524666812047e-04
7.223809832712712478e+02 2.217895051331483227e-04 2.078619899154470797e-04
7.223814837717717410e+02 2.833216911659753169e-04 2.095813076477051607e-04
7.223819842722722342e+02 3.078840181522346205e-04 2.113138417930749715e-04
7.223824847727727274e+02 2.921484804913136160e-04 2.130587414519196829e-04
7.223829852732732206e+02 2.518270923886319415e-04 2.148151695491605821e-04
7.223834857737737138e+02 2.664123234280368446e-04 2.165823036178297109e-04
7.223839862742742071e+02 2.583352215872558675e-04 2.183593365134788402e-04
7.223844867747747003e+02 2.930546080832545971e-04 2.201454770607951786e-04
7.223849872752751935e+02 2.829600344652129251e-04 2.219399506339796201e-04
7.223854877757756867e+02 2.373462514174060599e-04 2.237419996726273225e-04
7.223859882762761799e+02 2.886180528263734097e-04 2.255508841350143399e-04
7.223864887767766731e+02 3.256977820450210901e-04 2.273658818908314819e-04
7.223869892772771664e+02 2.491493428486023145e-04 2.291862890555310681e-04
7.223874897777777733e+02 3.340193863585044494e-04 2.310114202689630644e-04
7.223879902782782665e+02 2.860533726910352939e-04 2.328406089181569180e-04
7.223884907787787597e+02 3.177966077127454872e-04 2.346732073128785282e-04
7.223889912792792529e+02 2.881516821671900315e-04 2.365085868081233530e-04
7.223894917797797461e+02 2.963309286391480318e-04 2.383461378822489512e-04
7.223899922802802394e+02 3.195084560901074447e-04 2.401852701707601315e-04
7.223904927807807326e+02 2.586912527758811393e-04 2.420254124586647306e-04
7.223909932812812258e+02 2.887668446771760565e-04 2.438660126338918974e-04
7.223914937817817190e+02 3.548452561433514921e-04 2.457065376042437779e-04
7.223919942822822122e+02 3.359919158128745397e-04 2.475464731803189472e-04
7.223924947827827054e+02 2.480958575611182429e-04 2.493853239268052180e-04
7.223929952832831987e+02 2.836857292760853674e-04 2.512226129844895035e-04
7.223934957837836919e+02 2.585729243831816977e-04 2.530578818652763867e-04
7.223939962842841851e+02 3.548078925714846657e-04 2.548906902224431321e-04
7.223944967847846783e+02 3.332553272952704418e-04 2.567206155982919551e-04
7.223949972852852852e+02 3.296013608120637703e-04 2.585472531517004247e-04
7.223954977857857784e+02 3.357193403832184125e-04 2.603702153650940335e-04
7.223959982862862717e+02 2.774742429496989803e-04 2.621891317389938659e-04
7.223964987867867649e+02 3.328676445117199640e-04 2.640036484676906909e-04
7.223969992872872581e+02 3.159705245256181423e-04 2.658134281040387074e-04
7.223974997877877513e+02 3.175891261003940271e-04 2.676181492125605590e-04
7.223980002882882445e+02 2.448250321946087425e-04 2.694175060128767133e-04
7.223985007887887377e+02 2.916078645908601569e-04 2.712112080149728572e-04
7.223990012892892310e+02 3.028954070497969376e-04 2.729989796477365663e-04
7.223995017897897242e+02 2.918826070525610324e-04 2.747805598821072238e-04
7.224000022902902174e+02 2.604538855828773835e-04 2.765557018501065673e-04
7.224005027907907106e+02 2.940250023219802321e-04 2.783241724609322948e-04
7.224010032912912038e+02 2.868752962758359167e-04 2.800857520152223506e-04
7.224015037917916970e+02 3.309459345558034282e-04 2.818402338185178229e-04
7.224020042922921903e+02 2.948652947744375015e-04 2.835874237948810450e-04
7.224025047927926835e+02 2.773084184324244332e-04 2.853271401015518207e-04
7.224030052932932904e+02 3.282291653961228817e-04 2.870592127458489228e-04
7.224035057937937836e+02 3.498449931557181809e-04 2.887834832027066641e-04
7.224040062942942768e+02 3.158997754704892741e-04 2.904998040394293811e-04
7.224045067947947700e+02 3.149567956357998363e-04 2.922080385404149643e-04
7.224050072952952632e+02 3.606131734962327593e-04 2.939080603383202291e-04
7.224055077957957565e+02 2.794232757123667264e-04 2.955997530498112699e-04
7.224060082962962497e+02 3.070735315457930503e-04 2.972830099167497872e-04
7.224065087967967429e+02 3.630518541681567010e-04 2.989577334532212034e-04
7.224070092972972361e+02 3.479124245944521798e-04 3.006238350987637661e-04
7.224075097977977293e+02 3.452949066127077634e-04 3.022812348781126748e-04
7.224080102982982226e+02 3.775246321213347267e-04 3.039298610677329407e-04
7.224085107987987158e+02 3.205125691721573324e-04 3.055696498693715878e-04
7.224090112992992090e+02 3.123029247456905917e-04 3.072005450908302064e-04
7.224095117997997022e+02 3.198014237769088381e-04 3.088224978341156659e-04
7.224100123003001954e+02 3.305792203357588144e-04 3.104354661911022336e-04
7.224105128008008023e+02 3.333742267170639560e-04 3.120394149471678925e-04
7.224110133013012955e+02 2.919278809085795734e-04 3.136343152906972227e-04
7.224115138018017888e+02 3.463000708545957516e-04 3.152201445339567506e-04
7.224120143023022820e+02 3.371436852291171890e-04 3.167968858380819722e-04
7.224125148028027752e+02 2.941510566613128857e-04 3.183645279476492109e-04
7.224130153033032684e+02 3.213055339211154642e-04 3.199230649326237916e-04
7.224135158038037616e+02 3.528197702095895588e-04 3.214724959380170543e-04
7.224140163043042548e+02 3.105292432238887642e-04 3.230128249411998403e-04
7.224145168048047481e+02 3.264213155905922037e-04 3.245440605168071839e-04
7.224150173053052413e+02 3.519251695205192067e-04 3.260662156091549517e-04
7.224155178058057345e+02 3.458571276700866124e-04 3.275793073120769248e-04
7.224160183063062277e+02 3.685703077690699711e-04 3.290833566560807336e-04
7.224165188068067209e+02 3.623122675145864884e-04 3.305783884027121652e-04
7.224170193073072141e+02 3.527025957488520908e-04 3.320644308460064115e-04
7.224175198078077074e+02 3.021216940820926119e-04 3.335415156209010890e-04
7.224180203083082006e+02 3.092253446141741057e-04 3.350096775184768045e-04
7.224185208088088075e+02 3.397200971134780732e-04 3.364689543082182007e-04
7.224190213093093007e+02 3.687381026953203116e-04 3.379193865651660550e-04
7.224195218098097939e+02 3.337331005853553774e-04 3.393610175067822573e-04
7.224200223103102871e+02 3.371187727764542305e-04 3.407938928327474467e-04
7.224205228108107804e+02 3.666459766714886626e-04 3.422180605725164398e-04
7.224210233113112736e+02 3.357561604557324567e-04 3.436335709384842965e-04
7.224215238118117668e+02 3.040074690145188642e-04 3.450404761849418093e-04
7.224220243123122600e+02 3.427193341713876198e-04 3.464388304726630967e-04
7.224225248128127532e+02 3.405260057038222467e-04 3.478286897389695569e-04
7.224230253133132464e+02 3.425924847406108397e-04 3.492101115731162777e-04
7.224235258138137397e+02 3.374560049790970798e-04 3.505831550968433147e-04
7.224240263143142329e+02 2.880494702442803296e-04 3.519478808499398870e-04
7.224245268148147261e+02 3.729780957747006083e-04 3.533043506806680749e-04
7.224250273153152193e+02 3.431138750002856938e-04 3.546526276408943409e-04
7.224255278158157125e+02 3.370316538419612651e-04 3.559927758857806077e-04
7.224260283163162057e+02 3.350688423996046059e-04 3.573248605778872274e-04
7.224265288168168127e+02 3.545607681491659861e-04 3.586489477958422294e-04
7.224270293173173059e+02 3.936091814117830077e-04 3.599651044456346634e-04
7.224275298178177991e+02 3.833490245707189999e-04 3.612733981788973604e-04
7.224280303183182923e+02 3.392525479930534518e-04 3.625738973120283233e-04
7.224285308188187855e+02 3.389482355149403894e-04 3.638666707505310884e-04
7.224290313193192787e+02 3.571943294363699164e-04 3.651517879166346343e-04
7.224295318198197720e+02 3.505541598333688624e-04 3.664293186803665851e-04
7.224300323203202652e+02 3.519643729837226495e-04 3.676993332939533401e-04
7.224305328208207584e+02 3.543366430811516611e-04 3.689619023294249986e-04
7.224310333213212516e+02 4.139563923764418766e-04 3.702170966193065187e-04
7.224315338218217448e+02 3.345320481626562785e-04 3.714649872002779110e-04
7.224320343223222380e+02 3.980621951480353975e-04 3.727056452596908161e-04
7.224325348228227313e+02 3.912790189965114143e-04 3.739391420848315294e-04
7.224330353233232245e+02 3.689651633749906892e-04 3.751655490148246542e-04
7.224335358238237177e+02 3.676690209783445968e-04 3.763849373950715655e-04
7.224340363243243246e+02 3.877275722090093787e-04 3.775973785344000837e-04
7.224345368248248178e+02 3.491891781875312113e-04 3.788029436631774080e-04
7.224350373253253110e+02 3.456550587533072831e-04 3.800017038964186196e-04
7.224355378258258042e+02 2.809890122299044156e-04 3.811937301962928020e-04
7.224360383263262975e+02 3.821973331622726452e-04 3.823790933380706906e-04
7.224365388268267907e+02 3.993555875134908745e-04 3.835578638777753860e-04
7.224370393273272839e+02 3.715927599318740089e-04 3.847301121217278205e-04
7.224375398278277771e+02 3.403608928711880643e-04 3.858959080979070151e-04
7.224380403283282703e+02 3.774387688026322471e-04 3.870553215290481507e-04
7.224385408288287636e+02 3.824911288805958598e-04 3.882084218074049976e-04
7.224390413293292568e+02 3.319232682879125294e-04 3.893552779711018401e-04
7.224395418298297500e+02 3.527496820124675176e-04 3.904959586820084877e-04
7.224400423303302432e+02 3.631005995396015479e-04 3.916305322050692020e-04
7.224405428308307364e+02 3.766355227324287959e-04 3.927590663890227632e-04
7.224410433313312296e+02 3.958348221897896855e-04 3.938816286484494913e-04
7.224415438318317229e+02 3.746103228914390566e-04 3.949982859470874347e-04
7.224420443323323298e+02 4.264796025699378016e-04 3.961091047826102263e-04
7.224425448328328230e+02 3.272512964883801537e-04 3.972141511712999878e-04
7.224430453333333162e+02 3.661004334906397682e-04 3.983134906363446689e-04
7.224435458338338094e+02 3.774324884215109460e-04 3.994071881946605995e-04
7.224440463343343026e+02 3.746703889990905508e-04 4.004953083459797782e-04
7.224445468348347958e+02 4.060866336236315915e-04 4.015779150626375008e-04
7.224450473353352891e+02 3.497251288416694331e-04 4.026550717802684421e-04
7.224455478358357823e+02 3.420061965834015802e-04 4.037268413893666300e-04
7.224460483363362755e+02 3.835429428415108193e-04 4.047932862276679492e-04
7.224465488368367687e+02 3.720241081918562319e-04 4.058544680733142465e-04
7.224470493373372619e+02 3.423854849742730437e-04 4.069104481387610366e-04
7.224475498378377551e+02 3.978122055336511800e-04 4.079612870653910226e-04
7.224480503383382484e+02 4.241552796600179696e-04 4.090070449187985756e-04
7.224485508388387416e+02 3.851830400884580403e-04 4.100477811847098820e-04
7.224490513393392348e+02 3.931119661096320436e-04 4.110835547655072625e-04
7.224495518398397280e+02 3.949772458433158887e-04 4.121144239773263289e-04
7.224500523403403349e+02 3.547301585543651535e-04 4.131404465479268282e-04
7.224505528408408281e+02 3.997703288062917398e-04 4.141616796139144826e-04
7.224510533413413214e+02 4.119518271523264232e-04 4.151781797207777986e-04
7.224515538418418146e+02 4.047367897511900585e-04 4.161900028210530544e-04
7.224520543423423078e+02 3.872985867561303951e-04 4.171972042740907088e-04
7.224525548428428010e+02 2.970595060742186808e-04 4.181998388459985888e-04
7.224530553433432942e+02 3.279999331218410143e-04 4.191979607099727886e-04
7.224535558438437874e+02 4.659902296305269438e-04 4.201916234469925339e-04
7.224540563443442807e+02 4.350933601243855021e-04 4.211808800468613422e-04
7.224545568448447739e+02 4.051828217687977285e-04 4.221657829095700810e-04
7.224550573453452671e+02 4.315675305251462173e-04 4.231463838469663144e-04
7.224555578458457603e+02 3.867610661692710231e-04 4.241227340847090652e-04
7.224560583463462535e+02 3.742898653246718148e-04 4.250948842644932725e-04
7.224565588468467467e+02 3.874853331591708453e-04 4.260628844465257840e-04
7.224570593473472400e+02 4.040434155305365005e-04 4.270267841122375426e-04
7.224575598478478469e+02 4.418732438348482163e-04 4.279866321674345481e-04
7.224580603483483401e+02 4.695878939407514352e-04 4.289424769445659004e-04
7.224585608488488333e+02 3.620332874051838479e-04 4.298943662073639676e-04
7.224590613493493265e+02 3.720928545480246558e-04 4.308423471534823584e-04
7.224595618498498197e+02 4.725631285942566710e-04 4.317864664183923280e-04
7.224600623503503130e+02 3.563191340283272971e-04 4.327267700792152699e-04
7.224605628508508062e+02 4.210093005477272428e-04 4.336633036586978892e-04
7.224610633513512994e+02 3.838441005950902476e-04 4.345961121293203527e-04
7.224615638518517926e+02 4.191362378366105066e-04 4.355252399175262501e-04
7.224620643523522858e+02 3.968252515788550888e-04 4.364507309080641723e-04
7.224625648528527790e+02 4.539345219794703023e-04 4.373726284484328328e-04
7.224630653533532723e+02 4.306541963942848820e-04 4.382909753534193747e-04
7.224635658538537655e+02 4.046049488961425732e-04 4.392058139097231137e-04
7.224640663543542587e+02 3.803351231998740051e-04 4.401171858806573979e-04
7.224645668548547519e+02 3.986681855696266939e-04 4.410251325109197716e-04
7.224650673553552451e+02 4.415491494619807255e-04 4.419296945314260538e-04
7.224655678558558520e+02 4.568971077137622258e-04 4.428309121644029983e-04
7.224660683563563452e+02 3.574621029089603387e-04 4.437288251275088580e-04
7.224665688568568385e+02 3.979243992362014649e-04 4.446234726400422315e-04
7.224670693573573317e+02 4.013900581994319316e-04 4.455148934271404193e-04
7.224675698578578249e+02 4.143201486501445251e-04 4.464031257250338468e-04
7.224680703583583181e+02 4.490278707745585878e-04 4.472882072861219193e-04
7.224685708588588113e+02 3.953747764040525803e-04 4.481701753840699651e-04
7.224690713593593046e+02 3.881648123999977842e-04 4.490490668189223871e-04
7.224695718598597978e+02 4.298124307565760359e-04 4.499249179222284453e-04
7.224700723603602910e+02 4.016882770977169849e-04 4.507977645621759539e-04
7.224705728608607842e+02 4.272786719557041435e-04 4.516676421487287197e-04
7.224710733613612774e+02 3.525508806691287451e-04 4.525345856387642503e-04
7.224715738618617706e+02 4.150153717343930742e-04 4.533986295412084275e-04
7.224720743623622639e+02 3.718927949637570096e-04 4.542598079221636209e-04
7.224725748628627571e+02 4.498412813202861630e-04 4.551181544100271520e-04
7.224730753633633640e+02 4.217513148162247870e-04 4.559737022007903868e-04
7.224735758638638572e+02 4.082191362833987127e-04 4.568264840623535890e-04
7.224740763643643504e+02 4.315352125615205033e-04 4.576765323407634982e-04
7.224745768648648436e+02 3.862608265735100821e-04 4.585238789644882846e-04
7.224750773653653368e+02 4.354860152831674294e-04 4.593685554496411807e-04
7.224755778658658301e+02 4.521173303612837204e-04 4.602105929049861888e-04
7.224760783663663233e+02 4.085388793954184208e-04 4.610500220369154363e-04
7.224765788668668165e+02 3.680082574413874531e-04 4.618868731544000222e-04
7.224770793673673097e+02 4.578707252321643400e-04 4.627211761739086085e-04
7.224775798678678029e+02 4.717935370013927624e-04 4.635529606242957631e-04
7.224780803683682961e+02 4.269252213754563601e-04 4.643822556516560948e-04
7.224785808688687894e+02 4.536956696936886324e-04 4.652090900241441290e-04
7.224790813693692826e+02 4.374957288606185456e-04 4.660334921367583491e-04
7.224795818698697758e+02 3.996003681497189443e-04 4.668554900160876717e-04
7.224800823703702690e+02 4.316416467305816008e-04 4.676751113250202443e-04
7.224805828708707622e+02 4.422467558870917773e-04 4.684923833674131048e-04
7.224810833713713691e+02 4.094526068618418481e-04 4.693073330929060927e-04
7.224815838718718624e+02 4.204698217888900051e-04 4.701199871007706588e-04
7.224820843723723556e+02 4.540519373844667268e-04 4.709303716455677199e-04
7.224825848728728488e+02 4.227116157139147886e-04 4.717385126409114667e-04
7.224830853733733420e+02 4.015477883336921990e-04 4.725444356641161458e-04
7.224835858738738352e+02 4.392470133108673054e-04 4.733481659606149968e-04
7.224840863743743284e+02 4.290120841120028360e-04 4.741497284483346284e-04
7.224845868748748217e+02 4.734199248780326550e-04 4.749491477220257017e-04
7.224850873753753149e+02 4.295853389297585138e-04 4.757464480575479136e-04
7.224855878758758081e+02 4.694778210529404168e-04 4.765416534161116130e-04
7.224860883763763013e+02 4.876320802681775174e-04 4.773347874484727411e-04
7.224865888768767945e+02 4.274894198291722671e-04 4.781258734990831037e-04
7.224870893773772877e+02 4.426647447713361310e-04 4.789149346101951059e-04
7.224875898778777810e+02 5.153651051337635076e-04 4.797019935259204631e-04
7.224880903783782742e+02 4.045953046366427327e-04 4.804870726962432673e-04
7.224885908788787674e+02 4.860177485628536763e-04 4.812701942809871365e-04
7.224890913793793743e+02 4.391930857127023923e-04 4.820513801539143121e-04
7.224895918798798675e+02 4.284093636379401101e-04 4.828306519058911503e-04
7.224900923803803607e+02 4.445178997202646129e-04 4.836080308497830776e-04
7.224905928808808540e+02 4.571070920155642214e-04 4.843835380235286293e-04
7.224910933813813472e+02 4.424226105639984352e-04 4.851571941940551543e-04
7.224915938818818404e+02 4.876265818735522808e-04 4.859290198609721493e-04
7.224920943823823336e+02 4.567265343552352622e-04 4.866990352602192744e-04
7.224925948828828268e+02 4.585121414754206835e-04 4.874672603676686688e-04
7.224930953833833200e+02 4.795770812879022104e-04 4.882337149026828686e-04
7.224935958838838133e+02 4.319222424916540921e-04 4.889984183316280555e-04
7.224940963843843065e+02 5.129399936775253703e-04 4.897613898713425824e-04
7.224945968848847997e+02 4.174406608284706539e-04 4.905226484925612630e-04
7.224950973853852929e+02 4.913684622657023358e-04 4.912822129232967275e-04
7.224955978858857861e+02 4.942339477938209212e-04 4.920401016521751877e-04
7.224960983863862793e+02 4.594343412085168370e-04 4.927963329317310015e-04
7.224965988868868862e+02 4.247476409261806765e-04 4.935509247818279819e-04
7.224970993873873795e+02 4.695705467037817379e-04 4.943038949921826604e-04
7.224975998878878727e+02 4.952210642255202005e-04 4.950552611265574389e-04
7.224981003883883659e+02 4.305460654448829867e-04 4.958050405251992858e-04
7.224986008888888591e+02 4.926194200223105732e-04 4.965532503080922339e-04
7.224991013893893523e+02 4.264501757007978624e-04 4.972999073779991097e-04
7.224996018898898456e+02 4.227357855085487606e-04 4.980450284234603283e-04
7.225001023903903388e+02 4.002471408930472342e-04 4.987886299217539820e-04
7.225006028908908320e+02 5.124368784064875330e-04 4.995307281418146211e-04
7.225011033913913252e+02 5.641207571054657633e-04 5.002713391471130030e-04
7.225016038918918184e+02 5.025888822232651380e-04 5.010104787984954013e-04
7.225021043923923116e+02 5.522099968541711607e-04 5.017481627569854007e-04
7.225026048928928049e+02 4.726188182668926733e-04 5.024844064865466612e-04
7.225031053933932981e+02 4.446670579893788593e-04 5.032192252568065422e-04
7.225036058938937913e+02 4.870206762947128405e-04 5.039526341457437313e-04
7.225041063943942845e+02 4.314231315399460424e-04 5.046846480423368420e-04
7.225046068948948914e+02 4.757095836091886944e-04 5.054152816493432234e-04
7.225051073953953846e+02 4.880320099406529073e-04 5.061445494852114934e-04
7.225056078958958778e+02 5.025679363998382995e-04 5.068724658876171216e-04
7.225061083963963711e+02 4.895814175464651774e-04 5.075990450153024290e-04
7.225066088968968643e+02 5.144768027641822075e-04 5.083243008507125002e-04
7.225071093973973575e+02 5.187829951567113438e-04 5.090482472024285667e-04
7.225076098978978507e+02 4.706566238875040651e-04 5.097708977075684307e-04
7.225081103983983439e+02 4.595770971109352002e-04 5.104922658341527362e-04
7.225086108988988371e+02 4.371653463298905400e-04 5.112123648834363291e-04
7.225091113993993304e+02 4.960003620133021695e-04 5.119312079922085004e-04
7.225096118998998236e+02 5.218514606847955836e-04 5.126488081350594021e-04
7.225101124004003168e+02 4.419097146580998835e-04 5.133651781266133961e-04
7.225106129009008100e+02 4.797165285636361505e-04 5.140803306237323690e-04
7.225111134014013032e+02 4.859111410991333573e-04 5.147942781276860884e-04
7.225116139019017965e+02 4.573621531174624512e-04 5.155070329862918759e-04
7.225121144024024034e+02 5.242818487383584880e-04 5.162186073961854684e-04
7.225126149029028966e+02 5.093447265662163787e-04 5.169290134042530327e-04
7.225131154034033898e+02 5.418854103770271531e-04 5.176382629106506678e-04
7.225136159039038830e+02 5.001094335779462160e-04 5.183463676701763551e-04
7.225141164044043762e+02 4.902522047124202413e-04 5.190533392944220994e-04
7.225146169049048694e+02 4.820503439151770249e-04 5.197591892537359011e-04
7.225151174054053627e+02 5.488376611265479744e-04 5.204639288791551056e-04
7.225156179059058559e+02 4.159693709825267906e-04 5.211675693643112381e-04
7.225161184064063491e+02 4.703801568235324647e-04 5.218701217673089258e-04
7.225166189069068423e+02 5.083950229306017808e-04 5.225715970125755470e-04
7.225171194074073355e+02 4.628989923998349425e-04 5.232720058926861604e-04
7.225176199079078287e+02 4.414904819215145250e-04 5.239713590701599189e-04
7.225181204084083220e+02 5.291175904047561813e-04 5.246696670792328496e-04
7.225186209089088152e+02 6.049725752661246200e-04 5.253669403276026596e-04
7.225191214094093084e+02 5.746161340033581217e-04 5.260631890981494734e-04
7.225196219099098016e+02 5.712123140667104424e-04 5.267584235506320677e-04
7.225201224104104085e+02 5.088857795749859901e-04 5.274526537235152933e-04
7.225206229109109017e+02 5.288121746790399279e-04 5.281458895349869492e-04
7.225211234114113950e+02 4.600423381518163601e-04 5.288381407855263653e-04
7.225216239119118882e+02 5.511008834026351203e-04 5.295294171588727037e-04
7.225221244124123814e+02 5.209043495460301265e-04 5.302197282237588148e-04
7.225226249129128746e+02 5.286455587771838162e-04 5.309090834354644652e-04
7.225231254134133678e+02 4.834802220936566157e-04 5.315974921373461471e-04
7.225236259139138610e+02 5.011648250067238675e-04 5.322849635623459622e-04
7.225241264144143543e+02 4.835917507974164917e-04 5.329715068344780633e-04
7.225246269149148475e+02 6.041501199266747319e-04 5.336571309702927606e-04
7.225251274154153407e+02 5.417026374958577774e-04 5.343418448803205706e-04
7.225256279159158339e+02 4.701870543338551806e-04 5.350256573704946896e-04
7.225261284164163271e+02 4.575212960544906143e-04 5.357085771435521077e-04
7.225266289169168203e+02 5.833899092138163447e-04 5.363906128004162924e-04
7.225271294174173136e+02 5.177173436975673719e-04 5.370717728415576450e-04
7.225276299179178068e+02 5.060607125861551385e-04 5.377520656683350926e-04
7.225281304184184137e+02 4.359988617230440991e-04 5.384314995844734220e-04
7.225286309189189069e+02 5.378516385454183615e-04 5.391100827967482785e-04
7.225291314194194001e+02 4.561099131877047142e-04 5.397878234171966374e-04
7.225296319199198933e+02 5.461602254035397615e-04 5.404647294637643980e-04
7.225301324204203866e+02 5.834971263924873921e-04 5.411408088617081485e-04
7.225306329209208798e+02 5.234351178512331587e-04 5.418160694448248679e-04
7.225311334214213730e+02 5.617972474731216951e-04 5.424905189566616793e-04
7.225316339219218662e+02 4.861980605749901423e-04 5.431641650517109654e-04
7.225321344224223594e+02 4.847182810915919276e-04 5.438370152965860778e-04
7.225326349229228526e+02 5.114860967871204343e-04 5.445090771711812161e-04
7.225331354234233459e+02 5.072949055311807860e-04 5.451803580698136352e-04
7.225336359239238391e+02 4.706194256293505323e-04 5.458508653023496976e-04
7.225341364244243323e+02 5.140622732162176880e-04 5.465206060953157466e-04
7.225346369249248255e+02 4.697676836340925898e-04 5.471895875929909826e-04
7.225351374254253187e+02 4.724069576726666218e-04 5.478578168584857019e-04
7.225356379259259256e+02 5.542655085037022193e-04 5.485253008749558200e-04
7.225361384264264188e+02 5.486213072297557464e-04 5.491920465460434914e-04
7.225366389269269121e+02 5.428067028231961869e-04 5.498580606978189156e-04
7.225371394274274053e+02 6.050266927364728303e-04 5.505233500791915750e-04
7.225376399279278985e+02 5.001464895099475829e-04 5.511879213630639348e-04
7.225381404284283917e+02 4.962937542608477628e-04 5.518517811473200177e-04
7.225386409289288849e+02 5.545556474857555283e-04 5.525149359558001027e-04
7.225391414294293781e+02 5.922641536112588107e-04 5.531773922392595926e-04
7.225396419299298714e+02 5.261234926902830797e-04 5.538391563763164988e-04
7.225401424304303646e+02 5.761501285181682124e-04 5.545002346743841803e-04
7.225406429309308578e+02 5.763108910057444627e-04 5.551606333705900965e-04
7.225411434314313510e+02 4.784750611488465272e-04 5.558203586326826342e-04
7.225416439319318442e+02 5.811208122598259885e-04 5.564794165599247066e-04
7.225421444324323375e+02 6.402804810679381051e-04 5.571378131839740174e-04
7.225426449329328307e+02 5.670594704075737538e-04 5.577955544697511814e-04
7.225431454334333239e+02 5.095439668315040679e-04 5.584526463162958103e-04
7.225436459339339308e+02 5.486616701971588211e-04 5.591090945577581245e-04
7.225441464344344240e+02 5.804916951066700680e-04 5.597649049636357422e-04
7.225446469349349172e+02 5.711358286248142306e-04 5.604200832404861773e-04
7.225451474354354104e+02 5.217392488930377038e-04 5.610746350321402101e-04
7.225456479359359037e+02 5.758542892771885673e-04 5.617285659206461192e-04
7.225461484364363969e+02 5.493161480314433286e-04 5.623818814270559446e-04
7.225466489369368901e+02 5.314576500095918778e-04 5.630345870121992828e-04
7.225471494374373833e+02 6.390241923329031569e-04 5.636866880774468909e-04
7.225476499379378765e+02 5.592544365672288964e-04 5.643381899654629054e-04
7.225481504384383697e+02 5.420768204181982807e-04 5.649890979609466539e-04
7.225486509389388630e+02 6.216869207041043031e-04 5.656394172913641657e-04
7.225491514394393562e+02 5.891429588033711895e-04 5.662891531276693837e-04
7.225496519399398494e+02 5.519781848792439192e-04 5.669383105850149670e-04
7.225501524404403426e+02 6.277908412688994102e-04 5.675868947234532277e-04
7.225506529409408358e+02 5.009981435385972440e-04 5.682349105486273096e-04
7.225511534414414427e+02 4.925032037531174977e-04 5.688823630125999526e-04
7.225516539419419360e+02 5.947595027454340849e-04 5.695292570139363257e-04
7.225521544424424292e+02 5.628992902825180264e-04 5.701755973992499909e-04
7.225526549429429224e+02 5.558354687751940843e-04 5.708213889632669791e-04
7.225531554434434156e+02 5.296198474085766312e-04 5.714666364496176921e-04
7.225536559439439088e+02 6.066268939507783947e-04 5.721113445514708351e-04
7.225541564444444020e+02 6.359621415504158187e-04 5.727555179121611700e-04
7.225546569449448953e+02 4.947119888140933232e-04 5.733991611258059925e-04
7.225551574454453885e+02 5.477995925097039163e-04 5.740422787379144539e-04
7.225556579459458817e+02 5.754042788775623821e-04 5.746848752459882094e-04
7.225561584464463749e+02 5.445213913611006038e-04 5.753269551001133917e-04
7.225566589469468681e+02 5.628283926824907170e-04 5.759685227035445630e-04
7.225571594474473613e+02 6.117563518418995573e-04 5.766095824132811852e-04
7.225576599479478546e+02 5.844866250796370861e-04 5.772501385406344403e-04
7.225581604484483478e+02 6.406090382370244326e-04 5.778901953517885225e-04
7.225586609489488410e+02 5.860356512697982318e-04 5.785297570683521715e-04
7.225591614494494479e+02 5.236718095143132971e-04 5.791688278680490925e-04
7.225596619499499411e+02 6.454026440158995266e-04 5.798074118846744795e-04
7.225601624504504343e+02 5.853325737598566144e-04 5.804455132094959134e-04
7.225606629509509276e+02 6.250458117415181496e-04 5.810831358911949232e-04
7.225611634514514208e+02 5.967185624875268133e-04 5.817202839365284575e-04
7.225616639519519140e+02 5.532440367064551945e-04 5.823569613108367255e-04
7.225621644524524072e+02 6.182354884475084250e-04 5.829931719385444229e-04
7.225626649529529004e+02 5.435425458738739292e-04 5.836289197036562126e-04
7.225631654534533936e+02 6.182941394170657010e-04 5.842642084502439655e-04
7.225636659539538869e+02 5.643442494749904056e-04 5.848990419829277121e-04
7.225641664544543801e+02 6.293704441469619116e-04 5.855334240673513903e-04
7.225646669549548733e+02 5.892987077257325458e-04 5.861673584306502458e-04
7.225651674554553665e+02 5.975047740082434613e-04 5.868008487619125928e-04
7.225656679559558597e+02 6.035460654938067191e-04 5.874338987126364806e-04
7.225661684564563529e+02 5.807508449541511292e-04 5.880665118971779024e-04
7.225666689569568462e+02 6.436383291289672235e-04 5.886986918931949933e-04
7.225671694574574531e+02 5.733114608657519876e-04 5.893304422422287287e-04
7.225676699579579463e+02 6.242538586448362911e-04 5.899617664495604603e-04
7.225681704584584395e+02 6.284450600779841909e-04 5.905926679854985387e-04
7.225686709589589327e+02 6.001817650771457124e-04 5.912231502852244650e-04
7.225691714594594259e+02 5.377101206197076357e-04 5.918532167493506047e-04
7.225696719599599191e+02 6.542880518999935743e-04 5.924828707443290403e-04
7.225701724604604124e+02 6.074266400852473867e-04 5.931121156028548941e-04
7.225706729609609056e+02 6.276448692025269130e-04 5.937409546242641226e-04
7.225711734614613988e+02 6.295073737473385949e-04 5.943693910749262141e-04
7.225716739619618920e+02 6.289733007508624841e-04 5.949974281886317908e-04
7.225721744624623852e+02 5.933147316685804910e-04 5.956250691669747908e-04
7.225726749629628785e+02 6.411245009658745470e-04 5.962523171797285771e-04
7.225731754634633717e+02 5.783540720859137348e-04 5.968791753652198792e-04
7.225736759639638649e+02 5.819992641988634523e-04 5.975056468306946030e-04
7.225741764644643581e+02 6.004139945278154063e-04 5.981317346526807133e-04
7.225746769649649650e+02 6.688386895596620243e-04 5.987574418774874001e-04
7.225751774654654582e+02 6.068394294374908522e-04 5.993827715209901902e-04
7.225756779659659514e+02 6.416367450006083039e-04 6.000077265698309419e-04
7.225761784664664447e+02 6.835240834765353869e-04 6.006323099811941742e-04
7.225766789669669379e+02 6.278863690315841795e-04 6.012565246832865008e-04
7.225771794674674311e+02 6.384249734784714020e-04 6.018803735756725164e-04
7.225776799679679243e+02 6.250559115457659642e-04 6.025038595296048271e-04
7.225781804684684175e+02 5.947870743492733158e-04 6.031269853883494203e-04
7.225786809689689107e+02 5.709383303868053715e-04 6.037497539675076722e-04
7.225791814694694040e+02 6.377969934640672408e-04 6.043721680553336938e-04
7.225796819699698972e+02 6.368348804661048317e-04 6.049942304130477740e-04
7.225801824704703904e+02 6.750216211938104074e-04 6.056159437751448349e-04
7.225806829709708836e+02 5.548140911696383985e-04 6.062373108497006108e-04
7.225811834714713768e+02 5.561645801561651298e-04 6.068583343186720802e-04
7.225816839719718701e+02 6.680691395844348072e-04 6.074790168381948626e-04
7.225821844724723633e+02 6.778468320750675536e-04 6.080993610388773628e-04
7.225826849729729702e+02 6.517694512106757699e-04 6.087193695262301148e-04
7.225831854734734634e+02 6.121014024064913616e-04 6.093390448803888762e-04
7.225836859739739566e+02 6.806898394490073232e-04 6.099583896572425244e-04
7.225841864744744498e+02 6.644014298348617249e-04 6.105774063881469352e-04
7.225846869749749430e+02 6.977281737246871949e-04 6.111960975803418586e-04
7.225851874754754363e+02 5.735690871368830058e-04 6.118144657172218609e-04
7.225856879759759295e+02 6.104762333339513233e-04 6.124325132586043397e-04
7.225861884764764227e+02 6.927160520400642198e-04 6.130502426409942859e-04
7.225866889769769159e+02 5.901950127658669868e-04 6.136676562778453593e-04
7.225871894774774091e+02 6.711914552935592743e-04 6.142847565598174957e-04
7.225876899779779023e+02 6.381945476681299446e-04 6.149015458550313685e-04
7.225881904784783956e+02 6.609852643707577087e-04 6.155180265093202494e-04
7.225886909789788888e+02 6.529809954016092821e-04 6.161342008464774228e-04
7.225891914794793820e+02 6.618907447680324498e-04 6.167500711685015412e-04
7.225896919799798752e+02 7.560176376730516189e-04 6.173656397558381853e-04
7.225901924804804821e+02 7.082512085421245607e-04 6.179809088677585757e-04
7.225906929809809753e+02 6.337545040798747828e-04 6.185958807420359386e-04
7.225911934814814686e+02 6.368221680756878033e-04 6.192105575960174567e-04
7.225916939819819618e+02 6.470502265230412440e-04 6.198249416262943462e-04
7.225921944824824550e+02 6.509719161445245809e-04 6.204390350090689676e-04
7.225926949829829482e+02 6.099183099779480243e-04 6.210528399003788225e-04
7.225931954834834414e+02 6.665544501505238188e-04 6.216663584363175130e-04
7.225936959839839346e+02 6.767047841682377000e-04 6.222795927332539683e-04
7.225941964844844279e+02 6.424868921376470157e-04 6.228925448880472246e-04
7.225946969849849211e+02 7.053839811273451312e-04 6.235052169782602299e-04
7.225951974854854143e+02 6.506009617047677808e-04 6.241176110623697457e-04
7.225956979859859075e+02 6.995563879076470253e-04 6.247297291799745137e-04
7.225961984864864007e+02 7.025129293002613890e-04 6.253415733520002783e-04
7.225966989869868939e+02 7.218669611071319671e-04 6.259531455809019904e-04
7.225971994874873872e+02 6.820469687040250440e-04 6.265644478508646019e-04
7.225976999879878804e+02 7.066654501838400600e-04 6.271754821280001732e-04
7.225982004884884873e+02 6.263464043350545430e-04 6.277862503606820247e-04
7.225987009889889805e+02 6.196619051399208889e-04 6.283967544791827214e-04
7.225992014894894737e+02 7.211671954849156784e-04 6.290069963966963672e-04
7.225997019899899669e+02 7.745798362686003328e-04 6.296169780089722534e-04
7.226002024904904601e+02 7.022891151887948472e-04 6.302267011946387091e-04
7.226007029909909534e+02 7.090858101109533953e-04 6.308361678153874162e-04
7.226012034914914466e+02 7.041946440672603542e-04 6.314453797161532784e-04
7.226017039919919398e+02 6.407290353912866191e-04 6.320543387252949407e-04
7.226022044924924330e+02 7.133128182034807882e-04 6.326630466547705388e-04
7.226027049929929262e+02 7.251004550927448540e-04 6.332715053003122553e-04
7.226032054934934195e+02 6.987283485567169321e-04 6.338797164415994672e-04
7.226037059939939127e+02 7.401963638854928496e-04 6.344876818424287487e-04
7.226042064944944059e+02 6.847624073506843262e-04 6.350954032508819222e-04
7.226047069949948991e+02 6.879444157565564729e-04 6.357028823994929174e-04
7.226052074954953923e+02 7.141405944051337730e-04 6.363101210054113773e-04
7.226057079959958855e+02 7.445203232005261637e-04 6.369171207705652885e-04
7.226062084964964924e+02 6.686961734166772678e-04 6.375238833819594619e-04
7.226067089969969857e+02 7.532908937632770306e-04 6.381304105112815339e-04
7.226072094974974789e+02 7.189545455180954871e-04 6.387367038158862052e-04
7.226077099979979721e+02 6.665625032308843644e-04 6.393427649383985308e-04
7.226082104984984653e+02 6.735506640404787188e-04 6.399485955070037275e-04
7.226087109989989585e+02 7.177216308524533329e-04 6.405541971355987454e-04
7.226092114994994517e+02 7.351415053827397000e-04 6.411595714239410205e-04
7.226097119999999450e+02 7.256926672185255505e-04 6.417647199577957090e-04
