7.219256000000000313e+02 1.257917106357228903e-04 1.139276088216083032e-04
7.219261005005005245e+02 1.477029611424875556e-04 1.144610230536773353e-04
7.219266010010010177e+02 1.156034388605532964e-04 1.149933707048241661e-04
7.219271015015015109e+02 1.624133739301501680e-04 1.155246466685776820e-04
7.219276020020020042e+02 1.258690966320708590e-04 1.160548458190410515e-04
7.219281025025024974e+02 1.393073230881107353e-04 1.165839630109221368e-04
7.219286030030029906e+02 1.429097556815237143e-04 1.171119930795663181e-04
7.219291035035034838e+02 1.473861760005045363e-04 1.176389308409917032e-04
7.219296040040040907e+02 1.276564676879304015e-04 1.181647710920456047e-04
7.219301045045045839e+02 1.183548789821714167e-04 1.186895086099670917e-04
7.219306050050050771e+02 1.405039221677752126e-04 1.192131381531457280e-04
7.219311055055055704e+02 1.201936245909014525e-04 1.197356544606882031e-04
7.219316060060060636e+02 1.467996394630139009e-04 1.202570522525851771e-04
7.219321065065065568e+02 1.607110687213007176e-04 1.207773262297608965e-04
7.219326070070070500e+02 1.455221527066532920e-04 1.212964710741254936e-04
7.219331075075075432e+02 1.349749327073018540e-04 1.218144814486301454e-04
7.219336080080080364e+02 1.284529182465668192e-04 1.223313519973243460e-04
7.219341085085085297e+02 1.517999657391058330e-04 1.228470773454166498e-04
7.219346090090090229e+02 1.285021796139565041e-04 1.233616520993375545e-04
7.219351095095095161e+02 1.368314227038531128e-04 1.238750708468054618e-04
7.219356100100100093e+02 1.204443586031357530e-04 1.243873281568957001e-04
7.219361105105105025e+02 1.189822747539258352e-04 1.248984185801119194e-04
7.219366110110109958e+02 1.325946294907269442e-04 1.254083366484611993e-04
7.219371115115114890e+02 1.372246122351236002e-04 1.259170768755314067e-04
7.219376120120120959e+02 1.450019002703786884e-04 1.264246337566873554e-04
7.219381125125125891e+02 1.440637029072109991e-04 1.269310017686938017e-04
7.219386130130130823e+02 1.405368496198405436e-04 1.274361753704940912e-04
7.219391135135135755e+02 1.626750389995222635e-04 1.279401490028392535e-04
7.219396140140140687e+02 1.691199715966556604e-04 1.284429170884968466e-04
7.219401145145145620e+02 1.395547461404474002e-04 1.289444740323479382e-04
7.219406150150150552e+02 1.350649984162281445e-04 1.294448142214871787e-04
7.219411155155155484e+02 1.206878040718536332e-04 1.299439320253268292e-04
7.219416160160160416e+02 1.570602354467082358e-04 1.304418217957037190e-04
7.219421165165165348e+02 1.494051591413350351e-04 1.309384778669899960e-04
7.219426170170170280e+02 1.354072533582599222e-04 1.314338945562076465e-04
7.219431175175175213e+02 1.163034619214030926e-04 1.319280661631462928e-04
7.219436180180180145e+02 1.600114694971416002e-04 1.324209869704851125e-04
7.219441185185185077e+02 1.265275600215823065e-04 1.329126512439182260e-04
7.219446190190190009e+02 1.449642930825840027e-04 1.334030532322839609e-04
7.219451195195194941e+02 1.382231335431119337e-04 1.338921871676983168e-04
7.219456200200201010e+02 1.433928325903204167e-04 1.343800472658025975e-04
7.219461205205205943e+02 1.607479386499584707e-04 1.348666277254617857e-04
7.219466210210210875e+02 1.208529628644768581e-04 1.353519227295746591e-04
7.219471215215215807e+02 1.453207289116016751e-04 1.358359264447797274e-04
7.219476220220220739e+02 1.420443241462708843e-04 1.363186330217196695e-04
7.219481225225225671e+02 1.355203320190891190e-04 1.368000365951994098e-04
7.219486230230230603e+02 1.269222936805445797e-04 1.372801312843483152e-04
7.219491235235235536e+02 1.704255966722638795e-04 1.377589111927867555e-04
7.219496240240240468e+02 1.532419398201839754e-04 1.382363704087972989e-04
7.219501245245245400e+02 1.660023752493135294e-04 1.387125030055001360e-04
7.219506250250250332e+02 1.106966360762013659e-04 1.391873030410337077e-04
7.219511255255255264e+02 1.813294038148845916e-04 1.396607645587390743e-04
7.219516260260260196e+02 1.602703645138947445e-04 1.401328815873500565e-04
7.219521265265265129e+02 1.651289864913480638e-04 1.406036481411872545e-04
7.219526270270270061e+02 1.187242518798309272e-04 1.410730582203576758e-04
7.219531275275276130e+02 1.432472956263680230e-04 1.415411058110648717e-04
7.219536280280281062e+02 1.412844105242248957e-04 1.420077848853936960e-04
7.219541285285285994e+02 1.605393995239441359e-04 1.424730894021619188e-04
7.219546290290290926e+02 1.794838966993775949e-04 1.429370133067147427e-04
7.219551295295295859e+02 1.183740652891903159e-04 1.433995505312557559e-04
7.219556300300300791e+02 1.483881169612633500e-04 1.438606949950771625e-04
7.219561305305305723e+02 1.368590138727960042e-04 1.443204406047950811e-04
7.219566310310310655e+02 1.492541499002963089e-04 1.447787812545906448e-04
7.219571315315315587e+02 1.177826825753092269e-04 1.452357108264562503e-04
7.219576320320320519e+02 1.427554261313347520e-04 1.456912231904479058e-04
7.219581325325325452e+02 1.372070280521193325e-04 1.461453122049427567e-04
7.219586330330330384e+02 1.439979331325705455e-04 1.465979717169027898e-04
7.219591335335335316e+02 1.333761284244758792e-04 1.470491955621442044e-04
7.219596340340340248e+02 1.488076128251704247e-04 1.474989775656126360e-04
7.219601345345345180e+02 1.596747099423485102e-04 1.479473115416646701e-04
7.219606350350350112e+02 1.496790527905393024e-04 1.483941912943551554e-04
7.219611355355356181e+02 1.745244813346474714e-04 1.488396106178318536e-04
7.219616360360361114e+02 1.956623675946569008e-04 1.492835632962310035e-04
7.219621365365366046e+02 1.626835823934396816e-04 1.497260431045905173e-04
7.219626370370370978e+02 1.704379778679707418e-04 1.501670438087576069e-04
7.219631375375375910e+02 1.332259370232430405e-04 1.506065591658093999e-04
7.219636380380380842e+02 1.456132928208574899e-04 1.510445829243783900e-04
7.219641385385385774e+02 1.751081703446772113e-04 1.514811088249852326e-04
7.219646390390390707e+02 1.317105021972514738e-04 1.519161306003777756e-04
7.219651395395395639e+02 1.427186390494500335e-04 1.523496419758771630e-04
7.219656400400400571e+02 1.903801106494591624e-04 1.527816366697307702e-04
7.219661405405405503e+02 1.534125126748440255e-04 1.532121083934724029e-04
7.219666410410410435e+02 1.493746896505433210e-04 1.536410508522893543e-04
7.219671415415415368e+02 1.493347162745563945e-04 1.540684577453968604e-04
7.219676420420420300e+02 1.528721046420079182e-04 1.544943227664197401e-04
7.219681425425425232e+02 1.384788032659002859e-04 1.549186396037815962e-04
7.219686430430431301e+02 1.812327446572407387e-04 1.553414019411970977e-04
7.219691435435436233e+02 1.798180422381980654e-04 1.557626034576925793e-04
7.219696440440441165e+02 1.095458341517604100e-04 1.561822378285938309e-04
7.219701445445446097e+02 1.475827430389950489e-04 1.566002987255614431e-04
7.219706450450451030e+02 1.991574960642413785e-04 1.570167798171144221e-04
7.219711455455455962e+02 1.516582009980970900e-04 1.574316747690655783e-04
7.219716460460460894e+02 1.759128845489250654e-04 1.578449772449651279e-04
7.219721465465465826e+02 1.793081546944996535e-04 1.582566809065522084e-04
7.219726470470470758e+02 1.396095639022010412e-04 1.586667794142148247e-04
7.219731475475475690e+02 1.278154448328315486e-04 1.590752664274580890e-04
7.219736480480480623e+02 1.498700047854291330e-04 1.594821356053808896e-04
7.219741485485485555e+02 1.789606555984459815e-04 1.598873806071612078e-04
7.219746490490490487e+02 1.880698481863080996e-04 1.602909950925497271e-04
7.219751495495495419e+02 1.227021239608597843e-04 1.606929727223727956e-04
7.219756500500500351e+02 1.354480507968124569e-04 1.610933071590433553e-04
7.219761505505505284e+02 2.145136271297958181e-04 1.614919920670818208e-04
7.219766510510511353e+02 1.752596104859499159e-04 1.618890211137351850e-04
7.219771515515516285e+02 1.338026192646747268e-04 1.622843879691553983e-04
7.219776520520521217e+02 2.006334043800782796e-04 1.626780863074879068e-04
7.219781525525526149e+02 1.632703969077917085e-04 1.630701098070681105e-04
7.219786530530531081e+02 1.494027067278218843e-04 1.634604521510781179e-04
7.219791535535536013e+02 1.400139151845367720e-04 1.638491070281227293e-04
7.219796540540540946e+02 1.694000826473720438e-04 1.642360681328153662e-04
7.219801545545545878e+02 1.950488845982724471e-04 1.646213291663736777e-04
7.219806550550550810e+02 1.582425367335048435e-04 1.650048838372245258e-04
7.219811555555555742e+02 1.384407420410510103e-04 1.653867258616199473e-04
7.219816560560560674e+02 1.691661166758751513e-04 1.657668489642618714e-04
7.219821565565565606e+02 1.574571043134195087e-04 1.661452468789380310e-04
7.219826570570570539e+02 1.324438465398286525e-04 1.665219133491679308e-04
7.219831575575575471e+02 1.312105609650383495e-04 1.668968421288585455e-04
7.219836580580580403e+02 1.541782264423668242e-04 1.672700269829716460e-04
7.219841585585585335e+02 1.832159835525157721e-04 1.676414616882004503e-04
7.219846590590591404e+02 1.627771056048570432e-04 1.680111400337417108e-04
7.219851595595596336e+02 1.560454654571575184e-04 1.683790558216588680e-04
7.219856600600601269e+02 1.734315830652027684e-04 1.687452028680954622e-04
7.219861605605606201e+02 1.412821818740867886e-04 1.691095750036594833e-04
7.219866610610611133e+02 1.838025952932168471e-04 1.694721660742392873e-04
7.219871615615616065e+02 1.554590826958291783e-04 1.698329699417465996e-04
7.219876620620620997e+02 1.576286491024710080e-04 1.701919804848705511e-04
7.219881625625625929e+02 1.562316379334271143e-04 1.705491915998436124e-04
7.219886630630630862e+02 1.672294715521967798e-04 1.709045972012185604e-04
7.219891635635635794e+02 1.282123549067834848e-04 1.712581912226573163e-04
7.219896640640640726e+02 1.797255482949216090e-04 1.716099676177316297e-04
7.219901645645645658e+02 1.553632626973625031e-04 1.719599203607351994e-04
7.219906650650650590e+02 1.449939044818686601e-04 1.723080434475079926e-04
7.219911655655655522e+02 2.011587360231649425e-04 1.726543308962728157e-04
7.219916660660660455e+02 1.659832024666803838e-04 1.729987767484832952e-04
7.219921665665666524e+02 1.700709453854126708e-04 1.733413750697626349e-04
7.219926670670671456e+02 1.754559825558001020e-04 1.736821199504655572e-04
7.219931675675676388e+02 1.556858278294271302e-04 1.740210055070305747e-04
7.219936680680681320e+02 1.603854708884556459e-04 1.743580258825663809e-04
7.219941685685686252e+02 1.665878196434975196e-04 1.746931752478405068e-04
7.219946690690691184e+02 1.325814524589003667e-04 1.750264478022026549e-04
7.219951695695696117e+02 1.590553307884270734e-04 1.753578377745208263e-04
7.219956700700701049e+02 1.724907496176069169e-04 1.756873394241305125e-04
7.219961705705705981e+02 1.591790367478625537e-04 1.760149470417965455e-04
7.219966710710710913e+02 1.567096187483226453e-04 1.763406549506887986e-04
7.219971715715715845e+02 1.685720055700250708e-04 1.766644575073700839e-04
7.219976720720720778e+02 1.937187908654136896e-04 1.769863491027982535e-04
7.219981725725725710e+02 1.848618891070256108e-04 1.773063241633411754e-04
7.219986730730730642e+02 1.617324720822763357e-04 1.776243771518053432e-04
7.219991735735735574e+02 1.834829548848408785e-04 1.779405025684782009e-04
7.219996740740740506e+02 1.570735169594881619e-04 1.782546949521835865e-04
7.220001745745746575e+02 1.898137739973876597e-04 1.785669488814225570e-04
7.220006750750751507e+02 1.637342305183312721e-04 1.788772589751730954e-04
7.220011755755756440e+02 1.765816000590864402e-04 1.791856198944130358e-04
7.220016760760761372e+02 1.550090997607138832e-04 1.794920263429475803e-04
7.220021765765766304e+02 1.805916640624124732e-04 1.797964730686052828e-04
7.220026770770771236e+02 1.732865156803669053e-04 1.800989548643780599e-04
7.220031775775776168e+02 1.480781545572651804e-04 1.803994665695746202e-04
7.220036780780781100e+02 1.252374993114702833e-04 1.806980030709888268e-04
7.220041785785786033e+02 1.709631841336693811e-04 1.809945593040819122e-04
7.220046790790790965e+02 1.805542583157109502e-04 1.812891302541794366e-04
7.220051795795795897e+02 1.497619906740286968e-04 1.815817109576828303e-04
7.220056800800800829e+02 1.581330237607066170e-04 1.818722965032950299e-04
7.220061805805805761e+02 1.723736373755001684e-04 1.821608820332617541e-04
7.220066810810810694e+02 1.580559971544213342e-04 1.824474627446260613e-04
7.220071815815815626e+02 1.626917070148730434e-04 1.827320338904991968e-04
7.220076820820821695e+02 1.562776552647995821e-04 1.830145907814091785e-04
7.220081825825826627e+02 1.904147705587844468e-04 1.832951287863442591e-04
7.220086830830831559e+02 1.720016175281570772e-04 1.835736433344529290e-04
7.220091835835836491e+02 1.784661898291899193e-04 1.838501299161166794e-04
7.220096840840841423e+02 1.748881537141593718e-04 1.841245840843588151e-04
7.220101845845846356e+02 1.596782540773749822e-04 1.843970014562047212e-04
7.220106850850851288e+02 1.824832891334704423e-04 1.846673777140564693e-04
7.220111855855856220e+02 1.654946789307013433e-04 1.849357086070833607e-04
7.220116860860861152e+02 1.684017806312491385e-04 1.852019899526268355e-04
7.220121865865866084e+02 1.686181570040119954e-04 1.854662176376214555e-04
7.220126870870871016e+02 1.948802276462226776e-04 1.857283876200303873e-04
7.220131875875875949e+02 1.630921266284023877e-04 1.859884959302965260e-04
7.220136880880880881e+02 1.639413566711419429e-04 1.862465386728090412e-04
7.220141885885885813e+02 1.704222746513876948e-04 1.865025120273848850e-04
7.220146890890890745e+02 1.829274356405549533e-04 1.867564122507657770e-04
7.220151895895895677e+02 1.638643820107593988e-04 1.870082356781307205e-04
7.220156900900901746e+02 1.723029972395814585e-04 1.872579787246799680e-04
7.220161905905906679e+02 2.054859360283519841e-04 1.875056378869516488e-04
7.220166910910911611e+02 1.475529537521880522e-04 1.877512097447205054e-04
7.220171915915916543e+02 1.923172624620646774e-04 1.879946909623442827e-04
7.220176920920921475e+02 1.838229316972379585e-04 1.882360782904094387e-04
7.220181925925926407e+02 1.665214483492695084e-04 1.884753685673356009e-04
7.220186930930931339e+02 1.666110786379976108e-04 1.887125587209952018e-04
7.220191935935936272e+02 2.221401707941005803e-04 1.889476457703480219e-04
7.220196940940941204e+02 1.624271086385504484e-04 1.891806268270917254e-04
7.220201945945946136e+02 1.573243966929389415e-04 1.894114990973263808e-04
7.220206950950951068e+02 1.787215013311471267e-04 1.896402598832355171e-04
7.220211955955956000e+02 1.560090625288543308e-04 1.898669065847811380e-04
7.220216960960960932e+02 1.725663817029587921e-04 1.900914367014144575e-04
7.220221965965965865e+02 1.503282488758334089e-04 1.903138478338011906e-04
7.220226970970970797e+02 2.000300260700112968e-04 1.905341376855624572e-04
7.220231975975975729e+02 1.750184167528835157e-04 1.907523040650291833e-04
7.220236980980981798e+02 1.495479842833005182e-04 1.909683448870619891e-04
7.220241985985986730e+02 1.988917336950572410e-04 1.911822581746392736e-04
7.220246990990991662e+02 1.670118359499743401e-04 1.913940420609517039e-04
7.220251995995996595e+02 1.644262102496713116e-04 1.916036947910186518e-04
7.220257001001001527e+02 1.666179230631516651e-04 1.918112147235665203e-04
7.220262006006006459e+02 1.541699452020218021e-04 1.920166003328705861e-04
7.220267011011011391e+02 1.804242793264481130e-04 1.922198502106125628e-04
7.220272016016016323e+02 1.661172617788633657e-04 1.924209630677508232e-04
7.220277021021021255e+02 2.165608046409505760e-04 1.926199377364053655e-04
7.220282026026026188e+02 1.632752301419002994e-04 1.928167731717569564e-04
7.220287031031031120e+02 1.868233272319455031e-04 1.930114684539586338e-04
7.220292036036036052e+02 2.231625286273642426e-04 1.932040227900621437e-04
7.220297041041040984e+02 1.618969294407270423e-04 1.933944355159566031e-04
7.220302046046045916e+02 1.780891692311267879e-04 1.935827060983216351e-04
7.220307051051050848e+02 1.738865026642308451e-04 1.937688341365916998e-04
7.220312056056056917e+02 1.902622230299124795e-04 1.939528193649769927e-04
7.220317061061061850e+02 1.633780350557298509e-04 1.941346616542868561e-04
7.220322066066066782e+02 1.504026011778086260e-04 1.943143610141842689e-04
7.220327071071071714e+02 1.661547279904955856e-04 1.944919175950337068e-04
7.220332076076076646e+02 1.540927792995217655e-04 1.946673316899709383e-04
7.220337081081081578e+02 1.613946879516150340e-04 1.948406037369421380e-04
7.220342086086086510e+02 2.248994222722083597e-04 1.950117343207555492e-04
7.220347091091091443e+02 2.145236204017697177e-04 1.951807241751431221e-04
7.220352096096096375e+02 1.938700907455938858e-04 1.953475741848347544e-04
7.220357101101101307e+02 1.712667071516183186e-04 1.955122853876419659e-04
7.220362106106106239e+02 2.051008965541164814e-04 1.956748589765532000e-04
7.220367111111111171e+02 1.598380900094376847e-04 1.958352963018387754e-04
7.220372116116116104e+02 2.084544158054321933e-04 1.959935988731660833e-04
7.220377121121121036e+02 1.614499487916285750e-04 1.961497683617246504e-04
7.220382126126125968e+02 1.921912195966989285e-04 1.963038066023601745e-04
7.220387131131130900e+02 1.912587995295930352e-04 1.964557155957177750e-04
7.220392136136136969e+02 1.714747668765631929e-04 1.966054975104284221e-04
7.220397141141141901e+02 1.734113105982762351e-04 1.967531546851328174e-04
7.220402146146146833e+02 1.720029961452296285e-04 1.968986896308552270e-04
7.220407151151151766e+02 1.757824432197553361e-04 1.970421050330424051e-04
7.220412156156156698e+02 1.942872457059608858e-04 1.971834037537817093e-04
7.220417161161161630e+02 1.502261076237851496e-04 1.973225888339915138e-04
7.220422166166166562e+02 1.939514074839316206e-04 1.974596634956185895e-04
7.220427171171171494e+02 2.064828120081902535e-04 1.975946311438410397e-04
7.220432176176176426e+02 2.283055407421316445e-04 1.977274953692773627e-04
7.220437181181181359e+02 1.843119172227424376e-04 1.978582599502010965e-04
7.220442186186186291e+02 1.806239567628404035e-04 1.979869288547593954e-04
7.220447191191191223e+02 1.941259728705373470e-04 1.981135062431972974e-04
7.220452196196196155e+02 2.017722114295243793e-04 1.982379964700848110e-04
7.220457201201201087e+02 1.585409397986036677e-04 1.983604040865483392e-04
7.220462206206206019e+02 1.824547277860441563e-04 1.984807338425045962e-04
7.220467211211212089e+02 2.022595190620861622e-04 1.985989906889239339e-04
7.220472216216217021e+02 1.763647743183880073e-04 1.987151797799619651e-04
7.220477221221221953e+02 2.022730502843613301e-04 1.988293064753609348e-04
7.220482226226226885e+02 1.440251650318795915e-04 1.989413763425825637e-04
7.220487231231231817e+02 1.925442624293446177e-04 1.990513951590772829e-04
7.220492236236236749e+02 2.164748906480144070e-04 1.991593689145247377e-04
7.220497241241241682e+02 1.964925169319967622e-04 1.992653038130752670e-04
7.220502246246246614e+02 1.821391109107682257e-04 1.993692062755885374e-04
7.220507251251251546e+02 2.186116707753472520e-04 1.994710829418715257e-04
7.220512256256256478e+02 2.159014452526153275e-04 1.995709406729129513e-04
7.220517261261261410e+02 1.850262544654568983e-04 1.996687865531156486e-04
7.220522266266266342e+02 1.531521504398051039e-04 1.997646278925241685e-04
7.220527271271271275e+02 1.767370215212669992e-04 1.998584722290488297e-04
7.220532276276276207e+02 1.547879257293706629e-04 1.999503273306841320e-04
7.220537281281281139e+02 1.400590663280501709e-04 2.000402011977216123e-04
7.220542286286286071e+02 1.643042376359434118e-04 2.001281020649566032e-04
7.220547291291292140e+02 1.906936544040512373e-04 2.002140384039065920e-04
7.220552296296297072e+02 1.678735964628613308e-04 2.002980189249254413e-04
7.220557301301302005e+02 2.219228003450078991e-04 2.003800525795032268e-04
7.220562306306306937e+02 1.954587746763757528e-04 2.004601485623617551e-04
7.220567311311311869e+02 1.905344878245228987e-04 2.005383163136377684e-04
7.220572316316316801e+02 1.896895029390774758e-04 2.006145655210362234e-04
7.220577321321321733e+02 1.893314766097205421e-04 2.006889061219711574e-04
7.220582326326326665e+02 1.826478006550016637e-04 2.007613483056953051e-04
7.220587331331331598e+02 1.886851870976382316e-04 2.008319025154152687e-04
7.220592336336336530e+02 2.260073037714721621e-04 2.009005794503943010e-04
7.220597341341341462e+02 1.761282302176567108e-04 2.009673900680384998e-04
7.220602346346346394e+02 2.267682629843831255e-04 2.010323455859691524e-04
7.220607351351351326e+02 1.675886371408523477e-04 2.010954574840770814e-04
7.220612356356356258e+02 1.926745363461403713e-04 2.011567375065608637e-04
7.220617361361361191e+02 1.894652307069118701e-04 2.012161976639456693e-04
7.220622366366366123e+02 2.546327881576026294e-04 2.012738502350845627e-04
7.220627371371372192e+02 2.217794610546411263e-04 2.013297077691502367e-04
7.220632376376377124e+02 2.087962403426427312e-04 2.013837830875452137e-04
7.220637381381382056e+02 2.444132836017804257e-04 2.014360892859145321e-04
7.220642386386386988e+02 1.737095221915225531e-04 2.014866397360104379e-04
7.220647391391391920e+02 1.849319333993271718e-04 2.015354480875955392e-04
7.220652396396396853e+02 1.978339170845167948e-04 2.015825282703099109e-04
7.220657401401401785e+02 2.167981428500129399e-04 2.016278944955114736e-04
7.220662406406406717e+02 2.134042600222599002e-04 2.016715612580903246e-04
7.220667411411411649e+02 2.036756417261752412e-04 2.017135433382552859e-04
7.220672416416416581e+02 2.048352766452100221e-04 2.017538558032919117e-04
7.220677421421421514e+02 2.038820546962153682e-04 2.017925140092906788e-04
7.220682426426426446e+02 2.217663394770882901e-04 2.018295336028445494e-04
7.220687431431431378e+02 2.107279049770151909e-04 2.018649305227153358e-04
7.220692436436436310e+02 2.126768510125049262e-04 2.018987210014663457e-04
7.220697441441441242e+02 2.075933164546875712e-04 2.019309215670626108e-04
7.220702446446447311e+02 2.196089254184011865e-04 2.019615490444414622e-04
7.220707451451452243e+02 2.025399579688568895e-04 2.019906205570144481e-04
7.220712456456457176e+02 1.618896672203374871e-04 2.020181535282003147e-04
7.220717461461462108e+02 1.928701065446599100e-04 2.020441656828510029e-04
7.220722466466467040e+02 2.151086662722402479e-04 2.020686750486728751e-04
7.220727471471471972e+02 2.257088177514451465e-04 2.020916999576011306e-04
7.220732476476476904e+02 2.121689648047042469e-04 2.021132590471326701e-04
7.220737481481481836e+02 1.995635544728771040e-04 2.021333712616167025e-04
7.220742486486486769e+02 1.985908860312041429e-04 2.021520558535010897e-04
7.220747491491491701e+02 2.409652443614383320e-04 2.021693323845349434e-04
7.220752496496496633e+02 1.789745407413978506e-04 2.021852207269245747e-04
7.220757501501501565e+02 2.209685397492909867e-04 2.021997410644426328e-04
7.220762506506506497e+02 1.674898069208253192e-04 2.022129138934896742e-04
7.220767511511511429e+02 1.604246995490435238e-04 2.022247600241053713e-04
7.220772516516516362e+02 1.872773239244474486e-04 2.022353005809304706e-04
7.220777521521521294e+02 1.929299525474717221e-04 2.022445570041161132e-04
7.220782526526527363e+02 2.008823261032648534e-04 2.022525510501832274e-04
7.220787531531532295e+02 1.941330657551300527e-04 2.022593047928181436e-04
7.220792536536537227e+02 2.364408641025775835e-04 2.022648406236319965e-04
7.220797541541542159e+02 1.771023389270665873e-04 2.022691812528453717e-04
7.220802546546547092e+02 2.357204819116701826e-04 2.022723497099241632e-04
7.220807551551552024e+02 2.156286424363453220e-04 2.022743693441566670e-04
7.220812556556556956e+02 1.962459657741639585e-04 2.022752638251691464e-04
7.220817561561561888e+02 2.230811656324704949e-04 2.022750571433819830e-04
7.220822566566566820e+02 1.959113762165644410e-04 2.022737736104032963e-04
7.220827571571571752e+02 1.889029814833226089e-04 2.022714378593590831e-04
7.220832576576576685e+02 2.210857100814249626e-04 2.022680748451600129e-04
7.220837581581581617e+02 2.455886578165896459e-04 2.022637098447017067e-04
7.220842586586586549e+02 2.088537605958001560e-04 2.022583684569993409e-04
7.220847591591591481e+02 2.022633488453097874e-04 2.022520766032543261e-04
7.220852596596596413e+02 1.772439792325857758e-04 2.022448605268516229e-04
7.220857601601602482e+02 2.439621148126896761e-04 2.022367467932859899e-04
7.220862606606607415e+02 2.144195118423951091e-04 2.022277622900262950e-04
7.220867611611612347e+02 2.258323069348002236e-04 2.022179342262891348e-04
7.220872616616617279e+02 2.050871158296389135e-04 2.022072901327571311e-04
7.220877621621622211e+02 2.012554630695646374e-04 2.021958578612144495e-04
7.220882626626627143e+02 2.119996756292210683e-04 2.021836655841086192e-04
7.220887631631632075e+02 2.434012308176879569e-04 2.021707417940350759e-04
7.220892636636637008e+02 1.922552278706304136e-04 2.021571153031456757e-04
7.220897641641641940e+02 2.618586006439614471e-04 2.021428152424771399e-04
7.220902646646646872e+02 1.930385374142776071e-04 2.021278710612009228e-04
7.220907651651651804e+02 2.479116175019930256e-04 2.021123125257918724e-04
7.220912656656656736e+02 2.231260288373315887e-04 2.020961697191159289e-04
7.220917661661661668e+02 2.280143632295285295e-04 2.020794730394346369e-04
7.220922666666666601e+02 2.236813167346259827e-04 2.020622531993262290e-04
7.220927671671671533e+02 2.265453086194160813e-04 2.020445412245231440e-04
7.220932676676676465e+02 2.053503698149590690e-04 2.020263684526624572e-04
7.220937681681682534e+02 2.286544208867884035e-04 2.020077665319474595e-04
7.220942686686687466e+02 2.436151958567606374e-04 2.019887674197422332e-04
7.220947691691692398e+02 2.199566807199508590e-04 2.019694033810364223e-04
7.220952696696697330e+02 2.061319865115152951e-04 2.019497069868626490e-04
7.220957701701702263e+02 2.183863842521639883e-04 2.019297111126040474e-04
7.220962706706707195e+02 2.335174267449198449e-04 2.019094489362150335e-04
7.220967711711712127e+02 2.341928705917943035e-04 2.018889539363506768e-04
7.220972716716717059e+02 2.603228625921549366e-04 2.018682598904044030e-04
7.220977721721721991e+02 2.022882945970482383e-04 2.018474008724528885e-04
7.220982726726726924e+02 1.998804962556463213e-04 2.018264112511075246e-04
7.220987731731731856e+02 2.277676554695642896e-04 2.018053256872717174e-04
7.220992736736736788e+02 1.985910724373291078e-04 2.017841791318038095e-04
7.220997741741741720e+02 2.253481750646901187e-04 2.017630068230843738e-04
7.221002746746746652e+02 2.432805664077509035e-04 2.017418442844880438e-04
7.221007751751751584e+02 2.123230480567196482e-04 2.017207273217583893e-04
7.221012756756756517e+02 2.534491879037728827e-04 2.016996920202865687e-04
7.221017761761762586e+02 2.064131319311304801e-04 2.016787747422873621e-04
7.221022766766767518e+02 1.907099336728403560e-04 2.016580121239015865e-04
7.221027771771772450e+02 1.924179301565252190e-04 2.016374410721523337e-04
7.221032776776777382e+02 1.921973730195820635e-04 2.016170987618507663e-04
7.221037781781782314e+02 2.271145375655486828e-04 2.015970226323788824e-04
7.221042786786787246e+02 2.157204085176742797e-04 2.015772503843777936e-04
7.221047791791792179e+02 2.289441564552542651e-04 2.015578199763369874e-04
7.221052796796797111e+02 2.455540193990563501e-04 2.015387696210840600e-04
7.221057801801802043e+02 2.235530825206786642e-04 2.015201377821737268e-04
7.221062806806806975e+02 2.283282438195966468e-04 2.015019631701784957e-04
7.221067811811811907e+02 2.254714842083347065e-04 2.014842847388776965e-04
7.221072816816816839e+02 2.335687801392277111e-04 2.014671416813481187e-04
7.221077821821821772e+02 2.008782867670179384e-04 2.014505734259530603e-04
7.221082826826826704e+02 1.894935975589129111e-04 2.014346196322330926e-04
7.221087831831831636e+02 2.371563498637449400e-04 2.014193201866951817e-04
7.221092836836837705e+02 2.064936880182897505e-04 2.014047151985005185e-04
7.221097841841842637e+02 1.944227936433927341e-04 2.013908449950678893e-04
7.221102846846847569e+02 2.063009153334495525e-04 2.013777501175456673e-04
7.221107851851852502e+02 2.008806313032041719e-04 2.013654713162172901e-04
7.221112856856857434e+02 2.328105286621740303e-04 2.013540495457921079e-04
7.221117861861862366e+02 2.227289901032170776e-04 2.013435259606004171e-04
7.221122866866867298e+02 2.208659996908534750e-04 2.013339419096914565e-04
7.221127871871872230e+02 2.589198199657564048e-04 2.013253389318334736e-04
7.221132876876877162e+02 1.974133806620026129e-04 2.013177587504169717e-04
7.221137881881882095e+02 2.255218155743889596e-04 2.013112432682619775e-04
7.221142886886887027e+02 2.637033382813628885e-04 2.013058345623295199e-04
7.221147891891891959e+02 2.326108936795725211e-04 2.013015748783376175e-04
7.221152896896896891e+02 1.878387248601375026e-04 2.012985066252842147e-04
7.221157901901901823e+02 2.833075322389724620e-04 2.012966723698754120e-04
7.221162906906906755e+02 2.453018843227965920e-04 2.012961148308618927e-04
7.221167911911911688e+02 2.463891349154836942e-04 2.012968768732834078e-04
7.221172916916917757e+02 2.279123772121595750e-04 2.012990015026230298e-04
7.221177921921922689e+02 2.688739811778438193e-04 2.013025318588691662e-04
7.221182926926927621e+02 2.461554686551099087e-04 2.013075112104934677e-04
7.221187931931932553e+02 2.554313822585065064e-04 2.013139829483369305e-04
7.221192936936937485e+02 2.483421252751470557e-04 2.013219905794117566e-04
7.221197941941942418e+02 1.911115151541797246e-04 2.013315777206173718e-04
7.221202946946947350e+02 2.094109875592114253e-04 2.013427880923721752e-04
7.221207951951952282e+02 2.404475480433876052e-04 2.013556655121637824e-04
7.221212956956957214e+02 2.684997091157418259e-04 2.013702538880167078e-04
7.221217961961962146e+02 2.038876449749606548e-04 2.013865972118814420e-04
7.221222966966967078e+02 2.184418597582203105e-04 2.014047395529444358e-04
7.221227971971972011e+02 2.268432354522499108e-04 2.014247250508616497e-04
7.221232976976976943e+02 2.666613496069890972e-04 2.014465979089168578e-04
7.221237981981981875e+02 2.626019397565062304e-04 2.014704023871064984e-04
7.221242986986986807e+02 2.827909176758979935e-04 2.014961827951527768e-04
7.221247991991991739e+02 2.644930702537749961e-04 2.015239834854466749e-04
7.221252996996997808e+02 2.314745365103550634e-04 2.015538488459295405e-04
7.221258002002002740e+02 2.314249983472523465e-04 2.015858232928738184e-04
7.221263007007007673e+02 2.493898648406652624e-04 2.016199512636677939e-04
7.221268012012012605e+02 2.278822783129387194e-04 2.016562772094701226e-04
7.221273017017017537e+02 2.353841325023767683e-04 2.016948455878373641e-04
7.221278022022022469e+02 2.181373252490978931e-04 2.017357008552861115e-04
7.221283027027027401e+02 2.208758262439146651e-04 2.017788874597993922e-04
7.221288032032032334e+02 2.406920884371977561e-04 2.018244498332781003e-04
7.221293037037037266e+02 2.213898300898728736e-04 2.018724323839411457e-04
7.221298042042042198e+02 3.020465201004904408e-04 2.019228794886756759e-04
7.221303047047047130e+02 2.229025719533296970e-04 2.019758354853395932e-04
7.221308052052052062e+02 2.103297207757116156e-04 2.020313446650191585e-04
7.221313057057056994e+02 2.593822421497144013e-04 2.020894512642441756e-04
7.221318062062061927e+02 2.039013871688062228e-04 2.021501994571621929e-04
7.221323067067066859e+02 2.570257659814715288e-04 2.022136333476755711e-04
7.221328072072072928e+02 2.177516876330760453e-04 2.022797969615582764e-04
7.221333077077077860e+02 2.120462326410754803e-04 2.023487342384639278e-04
7.221338082082082792e+02 2.978279242190584554e-04 2.024204890240542459e-04
7.221343087087087724e+02 2.666138443086894403e-04 2.024951050619509384e-04
7.221348092092092656e+02 2.517307749294972301e-04 2.025726259857362941e-04
7.221353097097097589e+02 2.646703340389871162e-04 2.026530953109173473e-04
7.221358102102102521e+02 2.305690644249257563e-04 2.027365564268698763e-04
7.221363107107107453e+02 2.285620320337333842e-04 2.028230525887666808e-04
7.221368112112112385e+02 1.937237635370728977e-04 2.029126269094911955e-04
7.221373117117117317e+02 2.515032018317581554e-04 2.030053223515401262e-04
7.221378122122122249e+02 2.253842125056395728e-04 2.031011817189180900e-04
7.221383127127127182e+02 2.445931509606226722e-04 2.032002476490265359e-04
7.221388132132132114e+02 2.273069023291723271e-04 2.033025626045507417e-04
7.221393137137137046e+02 2.381039058020720006e-04 2.034081688653464849e-04
7.221398142142141978e+02 2.368908548347672797e-04 2.035171085203307253e-04
7.221403147147146910e+02 2.304556096982299880e-04 2.036294234593781700e-04
7.221408152152152979e+02 2.388452610310633087e-04 2.037451553652545107e-04
7.221413157157157912e+02 2.139243383572681412e-04 2.038643457054282581e-04
7.221418162162162844e+02 2.260882286362550508e-04 2.039870357241628420e-04
7.221423167167167776e+02 2.595996530356477531e-04 2.041132664343639535e-04
7.221428172172172708e+02 2.736112958016491729e-04 2.042430786095792165e-04
7.221433177177177640e+02 2.396881762197094513e-04 2.043765127759957466e-04
7.221438182182182572e+02 2.371102437606918462e-04 2.045136092044658432e-04
7.221443187187187505e+02 2.444450889534971103e-04 2.046544079025626884e-04
7.221448192192192437e+02 2.329451520406106786e-04 2.047989486066700078e-04
7.221453197197197369e+02 1.951671238424746563e-04 2.049472707741079979e-04
7.221458202202202301e+02 2.106478803958059041e-04 2.050994135752996132e-04
7.221463207207207233e+02 2.788420668909264571e-04 2.052554158859784864e-04
7.221468212212212165e+02 2.323004020983482788e-04 2.054153162794441199e-04
7.221473217217217098e+02 2.267160867223206656e-04 2.055791530188645925e-04
7.221478222222222030e+02 2.297249006717387945e-04 2.057469640496322296e-04
7.221483227227228099e+02 2.482511463120730313e-04 2.059187869918127850e-04
7.221488232232233031e+02 2.271752105617184036e-04 2.060946591324568490e-04
7.221493237237237963e+02 2.413250172028384623e-04 2.062746174183631778e-04
7.221498242242242895e+02 1.867440847418532098e-04 2.064586984485159229e-04
7.221503247247247828e+02 2.507394139006281124e-04 2.066469384667839117e-04
7.221508252252252760e+02 2.684553761567925806e-04 2.068393733546497438e-04
7.221513257257257692e+02 2.122552497487532875e-04 2.070360386240127756e-04
7.221518262262262624e+02 2.122565129064944256e-04 2.072369694100673759e-04
7.221523267267267556e+02 2.400183083980927533e-04 2.074422004642596231e-04
7.221528272272272488e+02 2.176631396411403050e-04 2.076517661473257787e-04
7.221533277277277421e+02 2.488721619579922903e-04 2.078657004224147050e-04
7.221538282282282353e+02 2.282175146528521144e-04 2.080840368482976966e-04
7.221543287287287285e+02 1.812489274467302916e-04 2.083068085726676503e-04
7.221548292292292217e+02 2.022373199204593954e-04 2.085340483255310152e-04
7.221553297297297149e+02 2.397875999742655139e-04 2.087657884126951262e-04
7.221558302302302081e+02 2.422614638045762780e-04 2.090020607093530879e-04
7.221563307307308150e+02 2.181921785035022634e-04 2.092428966538246212e-04
7.221568312312313083e+02 2.505110533832481537e-04 2.094883272411242781e-04
7.221573317317318015e+02 2.183921748343594521e-04 2.097383830171842701e-04
7.221578322322322947e+02 2.447397920645724614e-04 2.099930940726386019e-04
7.221583327327327879e+02 2.231070844916612297e-04 2.102524900369894673e-04
7.221588332332332811e+02 1.792565450687369510e-04 2.105166000728330323e-04
7.221593337337337744e+02 2.402348230451662315e-04 2.107854528701997101e-04
7.221598342342342676e+02 1.879108263913037034e-04 2.110590766410122890e-04
7.221603347347347608e+02 1.972568214494559657e-04 2.113374991136632948e-04
7.221608352352352540e+02 1.870594433840750326e-04 2.116207475277145976e-04
7.221613357357357472e+02 1.795075314845292396e-04 2.119088486287204552e-04
7.221618362362362404e+02 1.983407739893993749e-04 2.122018286631772717e-04
7.221623367367367337e+02 1.879896038546777736e-04 2.124997133736004256e-04
7.221628372372372269e+02 2.173838075459714743e-04 2.128025279937316081e-04
7.221633377377377201e+02 1.841990190548805739e-04 2.131102972438776754e-04
7.221638382382382133e+02 1.545645914249908965e-04 2.134230453263832373e-04
7.221643387387388202e+02 1.522347253494968898e-04 2.137407959213108704e-04
7.221648392392393134e+02 1.791743237823780139e-04 2.140635721818962510e-04
7.221653397397398066e+02 1.732972381405401289e-04 2.143913967308644971e-04
7.221658402402402999e+02 1.328031955093672632e-04 2.147242916561659467e-04
7.221663407407407931e+02 1.296783694624837062e-04 2.150622785072124588e-04
7.221668412412412863e+02 1.415397011401384219e-04 2.154053782911860841e-04
7.221673417417417795e+02 1.380259614008709761e-04 2.157536114694904715e-04
7.221678422422422727e+02 1.326502407250714942e-04 2.161069979543493193e-04
7.221683427427427659e+02 1.276902190776453127e-04 2.164655571055507056e-04
7.221688432432432592e+02 8.654740622325368064e-05 2.168293077273393858e-04
7.221693437437437524e+02 1.186477213457502939e-04 2.171982680654583296e-04
7.221698442442442456e+02 8.843656138924976210e-05 2.175724558043396894e-04
7.221703447447447388e+02 1.142042851503325654e-04 2.179518880644464984e-04
7.221708452452452320e+02 7.111725705894413507e-05 2.183365813997667547e-04
7.221713457457457253e+02 6.348611797065460227e-05 2.187265517954582901e-04
7.221718462462463322e+02 6.046526082030508943e-05 2.191218146657381808e-04
7.221723467467468254e+02 5.300029395214486618e-05 2.195223848514748425e-04
7.221728472472473186e+02 5.996892496986790349e-05 2.199282766188325887e-04
7.221733477477478118e+02 2.357499086532503007e-05 2.203395036571741594e-04
7.221738482482483050e+02 2.810450296300114336e-05 2.207560790775660948e-04
7.221743487487487982e+02 2.174879341891231598e-05 2.211780154113486725e-04
7.221748492492492915e+02 1.834699771820409877e-05 2.216053246088618884e-04
7.221753497497497847e+02 2.373569485507239855e-05 2.220380180383268857e-04
7.221758502502502779e+02 1.679857975237174816e-05 2.224761064848826680e-04
7.221763507507507711e+02 2.172497024361241593e-05 2.229196001497780707e-04
7.221768512512512643e+02 3.839671706112008585e-05 2.233685086497195051e-04
7.221773517517517575e+02 3.463927087015890180e-05 2.238228410163734449e-04
7.221778522522522508e+02 4.385295996593652158e-05 2.242826056960237372e-04
7.221783527527527440e+02 3.943979769406622362e-05 2.247478105493839269e-04
7.221788532532532372e+02 5.742271190774272428e-05 2.252184628515634297e-04
7.221793537537537304e+02 6.790448307145846444e-05 2.256945692921873364e-04
7.221798542542543373e+02 8.465557420499784859e-05 2.261761359757790823e-04
7.221803547547548305e+02 8.635029329620142445e-05 2.266631684217476801e-04
7.221808552552553238e+02 7.624489056339058012e-05 2.271556715656206213e-04
7.221813557557558170e+02 1.027109827722745143e-04 2.276536497593362304e-04
7.221818562562563102e+02 1.299419805404788172e-04 2.281571067722306962e-04
7.221823567567568034e+02 1.205930085388035776e-04 2.286660457920654341e-04
7.221828572572572966e+02 1.168389848656412245e-04 2.291804694262033646e-04
7.221833577577577898e+02 1.181714096258537215e-04 2.297003797029318836e-04
7.221838582582582831e+02 1.530192158978024364e-04 2.302257780729320376e-04
7.221843587587587763e+02 1.194785218210318162e-04 2.307566654108928470e-04
7.221848592592592695e+02 1.922633099191028039e-04 2.312930420172687972e-04
7.221853597597597627e+02 1.975754966309289722e-04 2.318349076201809062e-04
7.221858602602602559e+02 2.028065975327805347e-04 2.323822613774570846e-04
7.221863607607607491e+02 1.832211051699599122e-04 2.329351018788133605e-04
7.221868612612612424e+02 1.845017402546056883e-04 2.334934271481729881e-04
7.221873617617618493e+02 2.287403069390549107e-04 2.340572346462504267e-04
7.221878622622623425e+02 2.191458512529473259e-04 2.346265212726281570e-04
7.221883627627628357e+02 2.365734231067906650e-04 2.352012833692491403e-04
7.221888632632633289e+02 2.095073140731314599e-04 2.357815167227606467e-04
7.221893637637638221e+02 2.217609254228648222e-04 2.363672165676271894e-04
7.221898642642643154e+02 2.068822384207985956e-04 2.369583775892432961e-04
7.221903647647648086e+02 2.144714860183413361e-04 2.375549939271725901e-04
7.221908652652653018e+02 2.080188576890767971e-04 2.381570591785117175e-04
7.221913657657657950e+02 2.288995174844971395e-04 2.387645664013751082e-04
7.221918662662662882e+02 2.357730250670108524e-04 2.393775081185016830e-04
7.221923667667667814e+02 2.263358091380567754e-04 2.399958763209777599e-04
7.221928672672672747e+02 2.457842828430941914e-04 2.406196624720785993e-04
7.221933677677677679e+02 2.398738584786164673e-04 2.412488575112208087e-04
7.221938682682682611e+02 2.842430064634281499e-04 2.418834518580294561e-04
7.221943687687687543e+02 2.722396774319292578e-04 2.425234354165124652e-04
7.221948692692692475e+02 2.770090368143556447e-04 2.431687975793439191e-04
7.221953697697698544e+02 2.249441995818868582e-04 2.438195272323999277e-04
7.221958702702703476e+02 2.696313731396203246e-04 2.444756127586564438e-04
7.221963707707708409e+02 2.776217216331726282e-04 2.451370420436673565e-04
7.221968712712713341e+02 3.122039937261980006e-04 2.458038024796630199e-04
7.221973717717718273e+02 2.673543323052890550e-04 2.464758809704817462e-04
7.221978722722723205e+02 3.027067294261952517e-04 2.471532639364481740e-04
7.221983727727728137e+02 2.479843737803335375e-04 2.478359373193408108e-04
7.221988732732733069e+02 3.192207065768895504e-04 2.485238865874495116e-04
7.221993737737738002e+02 2.547523878582184324e-04 2.492170967407175784e-04
7.221998742742742934e+02 2.225966254253578056e-04 2.499155523159679398e-04
7.222003747747747866e+02 3.336138805486095244e-04 2.506192373922092368e-04
7.222008752752752798e+02 3.056719184466323135e-04 2.513281355960213801e-04
7.222013757757757730e+02 2.571597457608571706e-04 2.520422301070157547e-04
7.222018762762762663e+02 2.768523605703664906e-04 2.527615036633689880e-04
7.222023767767767595e+02 2.478256579450183661e-04 2.534859385674273534e-04
7.222028772772772527e+02 3.323497507321367334e-04 2.542155166913790993e-04
7.222033777777778596e+02 2.836765392832542960e-04 2.549502194831595558e-04
7.222038782782783528e+02 2.830586910750061257e-04 2.556900279715828271e-04
7.222043787787788460e+02 2.959305531818392241e-04 2.564349227732044107e-04
7.222048792792793392e+02 2.961217148718633041e-04 2.571848840975726942e-04
7.222053797797798325e+02 3.130681591886380253e-04 2.579398917533691710e-04
7.222058802802803257e+02 3.370086082976146138e-04 2.586999251544341112e-04
7.222063807807808189e+02 3.465665645232195950e-04 2.594649633258425928e-04
7.222068812812813121e+02 3.032356019806486578e-04 2.602349849100271000e-04
7.222073817817818053e+02 3.336273217661451639e-04 2.610099681729462543e-04
7.222078822822822985e+02 3.222603395535587672e-04 2.617898910102939313e-04
7.222083827827827918e+02 2.536673790822806035e-04 2.625747309537490907e-04
7.222088832832832850e+02 3.156398714423041055e-04 2.633644651772623049e-04
7.222093837837837782e+02 3.108798170138137159e-04 2.641590705033769297e-04
7.222098842842842714e+02 2.679369963445809807e-04 2.649585234095819318e-04
7.222103847847847646e+02 2.738091481165510544e-04 2.657628000346942622e-04
7.222108852852853715e+02 3.083726109704866135e-04 2.665718761854527570e-04
7.222113857857858648e+02 2.901461993629086923e-04 2.673857273422158907e-04
7.222118862862863580e+02 3.299924899200431540e-04 2.682043286665197496e-04
7.222123867867868512e+02 3.194077412854711708e-04 2.690276550068205087e-04
7.222128872872873444e+02 2.789565837687203926e-04 2.698556809051687799e-04
7.222133877877878376e+02 3.148929408205324758e-04 2.706883806037185120e-04
7.222138882882883308e+02 3.178772674566080142e-04 2.715257280512455387e-04
7.222143887887888241e+02 3.460773702047142421e-04 2.723676969096778915e-04
7.222148892892893173e+02 3.242395902854699010e-04 2.732142605606330504e-04
7.222153897897898105e+02 3.007491295845419934e-04 2.740653921119606167e-04
7.222158902902903037e+02 2.714125833910625732e-04 2.749210644042887793e-04
7.222163907907907969e+02 2.926238162718058380e-04 2.757812500175700230e-04
7.222168912912912901e+02 2.899108576746546530e-04 2.766459212776278126e-04
7.222173917917917834e+02 3.238435156129212652e-04 2.775150502626975296e-04
7.222178922922922766e+02 3.003979404485630366e-04 2.783886088099632905e-04
7.222183927927927698e+02 2.939383643093227707e-04 2.792665685220857650e-04
7.222188932932933767e+02 3.557507629787383494e-04 2.801489007739220070e-04
7.222193937937938699e+02 3.122104184321979558e-04 2.810355767182289542e-04
7.222198942942943631e+02 3.320856056053476382e-04 2.819265672933582824e-04
7.222203947947948564e+02 2.973520000718397460e-04 2.828218432289323660e-04
7.222208952952953496e+02 3.635304582940859330e-04 2.837213750525026889e-04
7.222213957957958428e+02 3.306842247750698478e-04 2.846251330959878915e-04
7.222218962962963360e+02 3.438480561737235013e-04 2.855330875020914883e-04
7.222223967967968292e+02 3.630680036325550052e-04 2.864452082306935651e-04
7.222228972972973224e+02 3.473622171560489334e-04 2.873614650652198707e-04
7.222233977977978157e+02 3.030864811440401284e-04 2.882818276189812005e-04
7.222238982982983089e+02 3.132361902832342046e-04 2.892062653414850261e-04
7.222243987987988021e+02 3.475158169344774316e-04 2.901347475247169285e-04
7.222248992992992953e+02 3.416751772229113652e-04 2.910672433093877708e-04
7.222253997997997885e+02 3.276357610294161377e-04 2.920037216911491591e-04
7.222259003003002817e+02 3.411008366252065555e-04 2.929441515267714965e-04
7.222264008008008886e+02 3.121999470268392563e-04 2.938885015405012574e-04
7.222269013013013819e+02 3.697875897497893702e-04 2.948367403293045141e-04
7.222274018018018751e+02 2.991609695121312507e-04 2.957888363702173402e-04
7.222279023023023683e+02 2.968040708250445727e-04 2.967447580255099730e-04
7.222284028028028615e+02 3.190387062145130337e-04 2.977044735488795064e-04
7.222289033033033547e+02 3.510495137599438549e-04 2.986679510913837826e-04
7.222294038038038479e+02 3.925217110877615408e-04 2.996351587073303995e-04
7.222299043043043412e+02 3.457514395418491968e-04 3.006060643601180123e-04
7.222304048048048344e+02 3.515035403752069009e-04 3.015806359280308519e-04
7.222309053053053276e+02 3.352640177223760237e-04 3.025588412099816356e-04
7.222314058058058208e+02 2.882932855228425781e-04 3.035406479312072604e-04
7.222319063063063140e+02 3.874109407939775856e-04 3.045260237489097986e-04
7.222324068068068073e+02 2.803806384201455748e-04 3.055149362578468610e-04
7.222329073073073005e+02 3.140893626972216294e-04 3.065073529958677501e-04
7.222334078078077937e+02 3.611704212711997408e-04 3.075032414493945356e-04
7.222339083083082869e+02 3.255800349643318413e-04 3.085025690588482695e-04
7.222344088088088938e+02 4.250205443342030035e-04 3.095053032242463969e-04
7.222349093093093870e+02 3.661176398738947061e-04 3.105114113096024480e-04
7.222354098098098802e+02 2.845622610812912202e-04 3.115208606495467733e-04
7.222359103103103735e+02 2.823434739208404006e-04 3.125336185536105511e-04
7.222364108108108667e+02 3.268970391598738411e-04 3.135496523115883605e-04
7.222369113113113599e+02 3.258556754723916735e-04 3.145689291986119218e-04
7.222374118118118531e+02 3.493611353741088053e-04 3.155914164801637187e-04
7.222379123123123463e+02 3.380354474866669552e-04 3.166170814170279533e-04
7.222384128128128395e+02 3.956800573969191737e-04 3.176458912701791591e-04
7.222389133133133328e+02 3.903231224120843582e-04 3.186778133056082023e-04
7.222394138138138260e+02 3.614126913803504060e-04 3.197128147990840972e-04
7.222399143143143192e+02 3.671630058313145382e-04 3.207508630408519631e-04
7.222404148148148124e+02 3.248076322988462930e-04 3.217919253402666871e-04
7.222409153153153056e+02 3.378139996523368870e-04 3.228359690303611021e-04
7.222414158158157989e+02 3.313904808099877274e-04 3.238829614723487318e-04
7.222419163163162921e+02 3.842823338024957402e-04 3.249328700600615937e-04
7.222424168168168990e+02 3.455820960915326656e-04 3.259856622245598467e-04
7.222429173173173922e+02 3.536714635055937788e-04 3.270413054374803497e-04
7.222434178178178854e+02 3.638956197812966359e-04 3.280997672167081775e-04
7.222439183183183786e+02 3.522102545400912521e-04 3.291610151295930146e-04
7.222444188188188718e+02 3.164203794591182437e-04 3.302250167972904096e-04
7.222449193193193651e+02 3.437329531022390266e-04 3.312917398987999941e-04
7.222454198198198583e+02 3.512300603558390433e-04 3.323611521749329041e-04
7.222459203203203515e+02 3.587879773664417993e-04 3.334332214322148534e-04
7.222464208208208447e+02 3.469739523661192213e-04 3.345079155467186260e-04
7.222469213213213379e+02 4.011077104912824458e-04 3.355852024678313526e-04
7.222474218218218311e+02 3.365219795336972086e-04 3.366650502219518579e-04
7.222479223223223244e+02 3.404871846371711067e-04 3.377474269161222491e-04
7.222484228228228176e+02 3.200631021477965028e-04 3.388323007415901169e-04
7.222489233233233108e+02 3.631078101479371170e-04 3.399196399773037319e-04
7.222494238238238040e+02 3.861828900696189708e-04 3.410094129933404546e-04
7.222499243243244109e+02 4.007661393011760541e-04 3.421015882545136596e-04
7.222504248248249041e+02 3.986271577365410905e-04 3.431961343226741707e-04
7.222509253253253974e+02 3.463494125436418535e-04 3.442930198614229634e-04
7.222514258258258906e+02 3.154766636197037580e-04 3.453922136382786470e-04
7.222519263263263838e+02 4.002249546515915246e-04 3.464936845280157775e-04
7.222524268268268770e+02 3.748897635818203267e-04 3.475974015156908120e-04
7.222529273273273702e+02 3.341978677660097639e-04 3.487033336995995947e-04
7.222534278278278634e+02 3.636173098123754053e-04 3.498114502941703343e-04
7.222539283283283567e+02 3.936013284743199972e-04 3.509217206327896305e-04
7.222544288288288499e+02 4.295443697160962991e-04 3.520341141705632328e-04
7.222549293293293431e+02 3.389999199801680936e-04 3.531486004870119629e-04
7.222554298298298363e+02 3.502783665186373629e-04 3.542651492887018811e-04
7.222559303303303295e+02 3.924685338462386829e-04 3.553837304118108637e-04
7.222564308308308227e+02 3.180442653315099298e-04 3.565043138246302913e-04
7.222569313313313160e+02 3.816130565243746925e-04 3.576268696300029313e-04
7.222574318318318092e+02 4.074849159133254388e-04 3.587513680676981541e-04
7.222579323323324161e+02 4.503716013283395815e-04 3.598777795169794320e-04
7.222584328328329093e+02 3.996387950713940415e-04 3.610060744978294879e-04
7.222589333333334025e+02 3.692547947829565285e-04 3.621362236746732285e-04
7.222594338338338957e+02 3.932997149767522311e-04 3.632681978574798360e-04
7.222599343343343890e+02 3.633982945340152523e-04 3.644019680040827980e-04
7.222604348348348822e+02 3.958187079774947012e-04 3.655375052221838928e-04
7.222609353353353754e+02 3.422792650022445614e-04 3.666747807712970549e-04
7.222614358358358686e+02 4.010615387520573174e-04 3.678137660646319603e-04
7.222619363363363618e+02 4.298598583303423403e-04 3.689544326709194967e-04
7.222624368368368550e+02 3.993887176173815121e-04 3.700967523161778215e-04
7.222629373373373483e+02 4.154379624958946717e-04 3.712406968854213888e-04
7.222634378378378415e+02 4.815644808699310318e-04 3.723862384243114307e-04
7.222639383383383347e+02 3.634999437702177757e-04 3.735333491407509272e-04
7.222644388388388279e+02 3.696062683341706638e-04 3.746820014064216795e-04
7.222649393393393211e+02 3.678882632374201687e-04 3.758321677582676613e-04
7.222654398398398143e+02 4.228932172185885800e-04 3.769838208999211240e-04
7.222659403403404212e+02 4.148733805577305752e-04 3.781369337033388205e-04
7.222664408408409145e+02 4.124077231413026410e-04 3.792914792090714836e-04
7.222669413413414077e+02 3.566520626284153659e-04 3.804474306291021589e-04
7.222674418418419009e+02 4.627450815238942725e-04 3.816047613470114372e-04
7.222679423423423941e+02 4.341446002880460192e-04 3.827634449194002530e-04
7.222684428428428873e+02 3.653154488058178761e-04 3.839234550769998365e-04
7.222689433433433805e+02 4.059156966416778488e-04 3.850847657257309791e-04
7.222694438438438738e+02 3.823363029661074356e-04 3.862473509477123415e-04
7.222699443443443670e+02 4.396224213069771253e-04 3.874111850022210566e-04
7.222704448448448602e+02 4.233621487426810848e-04 3.885762423266027549e-04
7.222709453453453534e+02 3.724386915684418367e-04 3.897424975371348061e-04
7.222714458458458466e+02 3.297016633547822438e-04 3.909099254298416932e-04
7.222719463463463399e+02 4.439129046578093045e-04 3.920785009812631700e-04
7.222724468468468331e+02 3.805177805561094691e-04 3.932481993491772614e-04
7.222729473473473263e+02 3.775428111096359161e-04 3.944189958732774014e-04
7.222734478478479332e+02 3.345979578236612140e-04 3.955908660760705867e-04
7.222739483483484264e+02 4.001784700079488504e-04 3.967637856624008693e-04
7.222744488488489196e+02 4.010496159775659396e-04 3.979377305215913612e-04
7.222749493493494128e+02 4.654195452949701044e-04 3.991126767268818039e-04
7.222754498498499061e+02 3.704679147640818409e-04 4.002886005361548215e-04
7.222759503503503993e+02 3.582125763992215976e-04 4.014654783923538267e-04
7.222764508508508925e+02 4.169440302780609130e-04 4.026432869238617319e-04
7.222769513513513857e+02 4.064722720042026434e-04 4.038220029448386247e-04
7.222774518518518789e+02 4.614248212617013236e-04 4.050016034555199772e-04
7.222779523523523721e+02 4.266590004147898614e-04 4.061820656424763669e-04
7.222784528528528654e+02 4.390938076135801702e-04 4.073633668788355215e-04
7.222789533533533586e+02 4.427089970791787607e-04 4.085454847244666325e-04
7.222794538538538518e+02 4.309957739641330607e-04 4.097283969261275366e-04
7.222799543543543450e+02 4.322237647302175443e-04 4.109120814175769298e-04
7.222804548548548382e+02 3.910215416661577507e-04 4.120965163196502082e-04
7.222809553553553314e+02 4.481801303508492094e-04 4.132816799403011003e-04
7.222814558558559384e+02 4.211188587418318780e-04 4.144675507748781396e-04
7.222819563563564316e+02 3.272967602635811261e-04 4.156541075050215967e-04
7.222824568568569248e+02 4.254392091210493655e-04 4.168413290002208273e-04
7.222829573573574180e+02 3.885492939966493685e-04 4.180291943166456652e-04
7.222834578578579112e+02 4.463946671867616983e-04 4.192176826972936025e-04
7.222839583583584044e+02 3.948529718545594003e-04 4.204067735718363210e-04
7.222844588588588977e+02 4.325316347473867010e-04 4.215964465564369496e-04
7.222849593593593909e+02 4.230465109957090184e-04 4.227866814535360430e-04
7.222854598598598841e+02 3.995130476332735682e-04 4.239774582516105637e-04
7.222859603603603773e+02 4.267009865679419417e-04 4.251687571249025601e-04
7.222864608608608705e+02 3.675126782725976070e-04 4.263605584331222578e-04
7.222869613613613637e+02 4.484026033800992284e-04 4.275528427211220945e-04
7.222874618618618570e+02 3.465461452916728836e-04 4.287455907185456008e-04
7.222879623623623502e+02 4.196320823104274862e-04 4.299387833394497185e-04
7.222884628628628434e+02 4.439429287180419363e-04 4.311324016819015315e-04
7.222889633633634503e+02 3.811653622790320641e-04 4.323264270278227915e-04
7.222894638638639435e+02 3.984947371230602867e-04 4.335208408414531153e-04
7.222899643643644367e+02 4.020794616598545612e-04 4.347156247705014618e-04
7.222904648648649300e+02 4.236810707521707488e-04 4.359107606445641729e-04
7.222909653653654232e+02 4.508822376122849341e-04 4.371062304748747390e-04
7.222914658658659164e+02 5.212227251422044258e-04 4.383020164537620783e-04
7.222919663663664096e+02 4.080289790751978184e-04 4.394981009540864796e-04
7.222924668668669028e+02 5.011603396807558057e-04 4.406944665286555976e-04
7.222929673673673960e+02 4.094061649606899273e-04 4.418910959096193592e-04
7.222934678678678893e+02 3.919299707601340155e-04 4.430879720078464393e-04
7.222939683683683825e+02 4.602294160085109928e-04 4.442850779122806777e-04
7.222944688688688757e+02 4.508012876890471411e-04 4.454823968892791743e-04
7.222949693693693689e+02 4.045070671686680020e-04 4.466799123819323856e-04
7.222954698698698621e+02 4.156313686084879360e-04 4.478776080093668202e-04
7.222959703703703553e+02 5.083003654060598434e-04 4.490754675660308206e-04
7.222964708708708486e+02 3.934690378338658381e-04 4.502734750209628350e-04
7.222969713713714555e+02 4.178011273925183889e-04 4.514716145173174044e-04
7.222974718718719487e+02 4.664522752474394365e-04 4.526698703705133993e-04
7.222979723723724419e+02 4.461543824311034251e-04 4.538682270690897803e-04
7.222984728728729351e+02 4.012651783529931149e-04 4.550666692728245078e-04
7.222989733733734283e+02 4.710660681241756994e-04 4.562651818122003011e-04
7.222994738738739215e+02 5.019343457790285609e-04 4.574637496875852524e-04
7.222999743743744148e+02 5.169989663249453674e-04 4.586623580683994012e-04
7.223004748748749080e+02 4.029908347257404487e-04 4.598609922922687306e-04
7.223009753753754012e+02 4.570783190178505243e-04 4.610596378641671845e-04
7.223014758758758944e+02 4.449471788241235394e-04 4.622582804555468660e-04
7.223019763763763876e+02 5.310055405022190205e-04 4.634569059034562562e-04
7.223024768768768809e+02 4.624101980462458654e-04 4.646555002096480779e-04
7.223029773773773741e+02 4.664051217984550336e-04 4.658540495396767522e-04
7.223034778778778673e+02 4.659644734454927435e-04 4.670525402219840899e-04
7.223039783783783605e+02 4.246339746705044601e-04 4.682509587469776665e-04
7.223044788788788537e+02 4.369347945123718425e-04 4.694492917660975941e-04
7.223049793793794606e+02 4.342531040885963078e-04 4.706475260911482743e-04
7.223054798798799538e+02 4.909210302166225641e-04 4.718456486922591761e-04
7.223059803803804471e+02 4.389998056211251790e-04 4.730436466985606190e-04
7.223064808808809403e+02 4.269525634800708453e-04 4.742415073961285597e-04
7.223069813813814335e+02 4.104640554206756228e-04 4.754392182272837637e-04
7.223074818818819267e+02 4.846271703894996629e-04 4.766367667896115237e-04
7.223079823823824199e+02 4.259741791076094111e-04 4.778341408349744395e-04
7.223084828828829131e+02 4.868207392443912374e-04 4.790313282685186927e-04
7.223089833833834064e+02 4.914986746663645937e-04 4.802283171476746828e-04
7.223094838838838996e+02 5.419264782076345984e-04 4.814250956811517556e-04
7.223099843843843928e+02 4.472262857529759727e-04 4.826216522279271298e-04
7.223104848848848860e+02 5.253921303830660656e-04 4.838179752962305964e-04
7.223109853853853792e+02 5.015033135681180171e-04 4.850140535425235795e-04
7.223114858858858724e+02 5.185795246304442541e-04 4.862098757704742401e-04
7.223119863863863657e+02 4.797504497290800730e-04 4.874054309299288932e-04
7.223124868868869726e+02 4.243429973100748803e-04 4.886007081161496514e-04
7.223129873873874658e+02 4.866730814479311570e-04 4.897956965676925328e-04
7.223134878878879590e+02 5.263551741366708468e-04 4.909903856669969955e-04
7.223139883883884522e+02 5.244511407875907839e-04 4.921847649382564025e-04
7.223144888888889454e+02 4.825008677477398387e-04 4.933788240466445516e-04
7.223149893893894387e+02 4.381608044897038505e-04 4.945725527972680106e-04
7.223154898898899319e+02 5.009063612999867460e-04 4.957659411341161764e-04
7.223159903903904251e+02 5.204995561900939861e-04 4.969589791390087311e-04
7.223164908908909183e+02 4.724942057867775988e-04 4.981516570305425566e-04
7.223169913913914115e+02 4.791538893841578578e-04 4.993439651630369146e-04
7.223174918918919047e+02 4.986427487486082407e-04 5.005358940254769993e-04
7.223179923923923980e+02 4.799801661885025978e-04 5.017274342404569494e-04
7.223184928928928912e+02 4.409010370371226084e-04 5.029185765631224254e-04
7.223189933933933844e+02 4.361285567178815751e-04 5.041093118801123199e-04
7.223194938938938776e+02 5.213926234638932219e-04 5.052996312084997088e-04
7.223199943943943708e+02 4.780155156921040739e-04 5.064895256947345376e-04
7.223204948948949777e+02 5.275895280371992180e-04 5.076789866138544305e-04
7.223209953953954710e+02 4.470161640595698613e-04 5.088680053673469688e-04
7.223214958958959642e+02 5.245672780355794575e-04 5.100565734837127175e-04
7.223219963963964574e+02 4.701247411197389159e-04 5.112446826163291299e-04
7.223224968968969506e+02 5.292461954644935842e-04 5.124323245426637419e-04
7.223229973973974438e+02 4.367505246208979027e-04 5.136194911632209785e-04
7.223234978978979370e+02 5.437301409244988228e-04 5.148061745004889594e-04
7.223239983983984303e+02 5.401995035275212152e-04 5.159923666978877147e-04
7.223244988988989235e+02 5.292032355881780975e-04 5.171780600187197855e-04
7.223249993993994167e+02 5.358650553582172031e-04 5.183632468451224509e-04
7.223254998998999099e+02 5.337867756257030569e-04 5.195479196770212563e-04
7.223260004004004031e+02 5.056752132599293820e-04 5.207320711310869021e-04
7.223265009009008963e+02 5.428853120316831562e-04 5.219156939396944099e-04
7.223270014014013896e+02 5.118727310093784851e-04 5.230987809498832642e-04
7.223275019019018828e+02 4.837055082470878261e-04 5.242813251223221076e-04
7.223280024024024897e+02 4.467143406819341260e-04 5.254633195305438362e-04
7.223285029029029829e+02 4.681568901619593431e-04 5.266447573588408379e-04
7.223290034034034761e+02 5.471491582237352500e-04 5.278256319028489440e-04
7.223295039039039693e+02 4.813561908969694056e-04 5.290059365674494975e-04
7.223300044044044625e+02 4.990817915087789438e-04 5.301856648660165918e-04
7.223305049049049558e+02 4.552436110206280065e-04 5.313648104194001976e-04
7.223310054054054490e+02 5.209017821631665296e-04 5.325433669549121084e-04
7.223315059059059422e+02 5.136835022650496681e-04 5.337213283053157892e-04
7.223320064064064354e+02 4.431505808314270198e-04 5.348986884078203458e-04
7.223325069069069286e+02 4.297033318270604874e-04 5.360754413030783963e-04
7.223330074074074219e+02 5.047160730846039041e-04 5.372515811341867622e-04
7.223335079079079151e+02 5.377692997288371348e-04 5.384271021456933388e-04
7.223340084084084083e+02 4.870478611652928310e-04 5.396019986826062435e-04
7.223345089089089015e+02 4.668526294315466195e-04 5.407762651894087091e-04
7.223350094094093947e+02 5.210016070798930777e-04 5.419498962090771223e-04
7.223355099099098879e+02 5.581336418852522437e-04 5.431228863821046995e-04
7.223360104104104948e+02 5.043605404609740727e-04 5.442952304457953456e-04
7.223365109109109881e+02 4.625582143527434123e-04 5.454669232322307756e-04
7.223370114114114813e+02 5.555070172677616623e-04 5.466379596689058566e-04
7.223375119119119745e+02 5.809428546954872180e-04 5.478083347767045107e-04
7.223380124124124677e+02 5.367926496502126599e-04 5.489780436692135238e-04
7.223385129129129609e+02 5.416925833418880084e-04 5.501470815517746273e-04
7.223390134134134541e+02 5.115767077064640924e-04 5.513154437205400500e-04
7.223395139139139474e+02 5.274094325409461534e-04 5.524831255615356585e-04
7.223400144144144406e+02 6.053360493024639594e-04 5.536501225497274595e-04
7.223405149149149338e+02 5.305791309545068854e-04 5.548164302480936309e-04
7.223410154154154270e+02 4.861718334409424313e-04 5.559820443067028418e-04
7.223415159159159202e+02 5.298463049348365456e-04 5.571469604617958248e-04
7.223420164164164134e+02 5.570821452638443326e-04 5.583111745348750795e-04
7.223425169169169067e+02 5.778141248846627859e-04 5.594746824317973957e-04
7.223430174174173999e+02 5.083234362264414490e-04 5.606374801418729896e-04
7.223435179179178931e+02 5.098677519134261647e-04 5.617995637369710372e-04
7.223440184184185000e+02 6.317276167655843560e-04 5.629609293708920294e-04
7.223445189189189932e+02 5.426274918518695159e-04 5.641215732774304114e-04
7.223450194194194864e+02 5.752531158884913653e-04 5.652814917710769285e-04
7.223455199199199797e+02 4.982435716968461065e-04 5.664406812450914572e-04
7.223460204204204729e+02 5.601939592633406982e-04 5.675991381708994296e-04
7.223465209209209661e+02 5.684148934703783535e-04 5.687568590972296757e-04
7.223470214214214593e+02 5.137883444320400124e-04 5.699138406492596388e-04
7.223475219219219525e+02 5.438174266311954740e-04 5.710700795277647100e-04
7.223480224224224457e+02 5.241848494295925495e-04 5.722255725082745024e-04
7.223485229229229390e+02 5.134592330091848275e-04 5.733803164402340039e-04
7.223490234234234322e+02 6.003727758947209267e-04 5.745343082461715602e-04
7.223495239239239254e+02 5.900830574815175197e-04 5.756875449208724961e-04
7.223500244244244186e+02 5.960528035852852465e-04 5.768400235305573987e-04
7.223505249249249118e+02 5.429166350531401241e-04 5.779917412120687487e-04
7.223510254254254050e+02 5.757060799419915506e-04 5.791426951720610216e-04
7.223515259259260120e+02 5.198110962739144192e-04 5.802928826864593454e-04
7.223520264264265052e+02 6.172094303300980182e-04 5.814423010986176582e-04
7.223525269269269984e+02 5.455119634814679366e-04 5.825909478200949967e-04
7.223530274274274916e+02 5.569595115791882911e-04 5.837388203288255799e-04
7.223535279279279848e+02 5.126307321947713149e-04 5.848859161686014276e-04
7.223540284284284780e+02 5.507976169646645838e-04 5.860322329482981320e-04
7.223545289289289713e+02 5.990296139076836408e-04 5.871777683411090855e-04
7.223550294294294645e+02 5.792527100934527235e-04 5.883225200837833950e-04
7.223555299299299577e+02 6.252301920914549952e-04 5.894664859758714940e-04
7.223560304304304509e+02 5.907342022381746518e-04 5.906096638789750915e-04
7.223565309309309441e+02 5.462123749615784094e-04 5.917520517160051443e-04
7.223570314314314373e+02 5.451934889033273508e-04 5.928936474704440572e-04
7.223575319319319306e+02 5.646752373884846802e-04 5.940344491856141716e-04
7.223580324324324238e+02 5.640650965771508863e-04 5.951744549639537358e-04
7.223585329329329170e+02 6.367031282197036998e-04 5.963136629662956932e-04
7.223590334334334102e+02 6.389336915913773228e-04 5.974520714111569882e-04
7.223595339339340171e+02 6.277063483345107688e-04 5.985896785742869956e-04
7.223600344344345103e+02 5.561955349669218864e-04 5.997264827869348575e-04
7.223605349349350035e+02 6.996192953647147397e-04 6.008624824367026418e-04
7.223610354354354968e+02 6.399805774135749158e-04 6.019976759658229783e-04
7.223615359359359900e+02 5.575614908996910516e-04 6.031320618707339438e-04
7.223620364364364832e+02 5.913319621943442274e-04 6.042656387014012183e-04
7.223625369369369764e+02 5.554682197165468653e-04 6.053984050606455542e-04
7.223630374374374696e+02 7.063884225644003140e-04 6.065303596034780529e-04
7.223635379379379629e+02 5.450261370391190890e-04 6.076615010364390173e-04
7.223640384384384561e+02 5.312846471090245997e-04 6.087918281169436363e-04
7.223645389389389493e+02 5.643489848681103489e-04 6.099213396526342824e-04
7.223650394394394425e+02 5.548955096090232939e-04 6.110500345007371459e-04
7.223655399399399357e+02 6.560404300092539942e-04 6.121779115674252664e-04
7.223660404404404289e+02 5.968539195456771780e-04 6.133049698071875271e-04
7.223665409409409222e+02 6.204033710978982359e-04 6.144312082222032866e-04
7.223670414414415291e+02 6.458811391624840045e-04 6.155566258619783043e-04
7.223675419419420223e+02 5.446139710307819305e-04 6.166812218217079204e-04
7.223680424424425155e+02 5.595063050290864952e-04 6.178049952432026386e-04
7.223685429429430087e+02 5.826904864201428455e-04 6.189279453132627996e-04
7.223690434434435019e+02 6.099054845868086099e-04 6.200500712633372734e-04
7.223695439439439951e+02 5.233893313241861581e-04 6.211713723689318107e-04
7.223700444444444884e+02 6.197527703447603103e-04 6.222918479490227063e-04
7.223705449449449816e+02 6.159131159116169440e-04 6.234114973654772927e-04
7.223710454454454748e+02 5.882651863902695717e-04 6.245303200224783377e-04
7.223715459459459680e+02 5.966296132135342004e-04 6.256483153659548376e-04
7.223720464464464612e+02 5.590074320996042895e-04 6.267654828830181244e-04
7.223725469469469544e+02 6.068447605660734923e-04 6.278818221014035011e-04
7.223730474474474477e+02 5.330646908069883042e-04 6.289973325889171903e-04
7.223735479479479409e+02 5.699167805016391863e-04 6.301120139528882703e-04
7.223740484484484341e+02 6.088326459413167255e-04 6.312258658396265737e-04
7.223745489489489273e+02 5.548413911785763297e-04 6.323388879338860073e-04
7.223750494494495342e+02 6.661905758457535576e-04 6.334510799585849365e-04
7.223755499499500274e+02 5.823519367486135146e-04 6.345624416732694372e-04
7.223760504504505207e+02 5.837686948738508678e-04 6.356729728751079429e-04
7.223765509509510139e+02 6.339151999167267054e-04 6.367826733973647960e-04
7.223770514514515071e+02 5.804422665659833948e-04 6.378915431091417747e-04
7.223775519519520003e+02 6.138717119303991731e-04 6.389995819148724205e-04
7.223780524524524935e+02 5.484014741712713763e-04 6.401067897538217878e-04
7.223785529529529867e+02 6.637744051026983529e-04 6.412131665995905293e-04
7.223790534534534800e+02 5.604449896614320178e-04 6.423187124596248373e-04
7.223795539539539732e+02 6.084888795849904743e-04 6.434234273747307204e-04
7.223800544544544664e+02 6.114192813243942088e-04 6.445273114185935941e-04
7.223805549549549596e+02 5.670897916649104975e-04 6.456303646973029662e-04
7.223810554554554528e+02 6.045865447026145577e-04 6.467325873488818933e-04
7.223815559559559460e+02 6.674775902077894132e-04 6.478339795428208819e-04
7.223820564564564393e+02 6.242021297865295304e-04 6.489345414796175368e-04
7.223825569569569325e+02 6.273470716859888465e-04 6.500342733903202198e-04
7.223830574574575394e+02 7.568345260211526999e-04 6.511331755363263885e-04
7.223835579579580326e+02 5.931496361382079287e-04 6.522312482079384386e-04
7.223840584584585258e+02 6.380669951686795179e-04 6.533284917254187415e-04
7.223845589589590190e+02 6.436489055292298617e-04 6.544249064375544855e-04
7.223850594594595123e+02 6.955890551087642697e-04 6.555204927214748796e-04
7.223855599599600055e+02 5.958882170408953856e-04 6.566152509822230018e-04
7.223860604604604987e+02 7.298662508288854614e-04 6.577091816523336111e-04
7.223865609609609919e+02 7.076075667977841255e-04 6.588022851914135608e-04
7.223870614614614851e+02 7.767535139823345935e-04 6.598945620857276338e-04
7.223875619619619783e+02 5.696383201652697537e-04 6.609860128477896895e-04
7.223880624624624716e+02 6.675583231839003848e-04 6.620766380159568473e-04
7.223885629629629648e+02 6.449593457706873263e-04 6.631664381540290903e-04
7.223890634634634580e+02 6.767020033484825699e-04 6.642554138508522310e-04
7.223895639639639512e+02 7.200509546929159416e-04 6.653435657199267307e-04
7.223900644644644444e+02 6.549838078479992571e-04 6.664308943990196639e-04
7.223905649649650513e+02 6.785483267090239388e-04 6.675174005500275664e-04
7.223910654654655445e+02 6.303470431663890433e-04 6.686030848576108828e-04
7.223915659659660378e+02 6.684348744513686057e-04 6.696879480302993107e-04
7.223920664664665310e+02 5.760573497431544041e-04 6.707719907991338375e-04
7.223925669669670242e+02 7.189573605223526344e-04 6.718552139175471526e-04
7.223930674674675174e+02 6.881539762513335127e-04 6.729376181610004400e-04
7.223935679679680106e+02 6.332740677180683170e-04 6.740192043266256998e-04
7.223940684684685039e+02 7.736518502278614054e-04 6.750999732328712144e-04
7.223945689689689971e+02 6.802977989910329037e-04 6.761799257191504833e-04
7.223950694694694903e+02 6.857047434144020659e-04 6.772590626454964716e-04
7.223955699699699835e+02 7.159221783670111777e-04 6.783373848922187848e-04
7.223960704704704767e+02 6.246778706197967648e-04 6.794148933595655065e-04
7.223965709709709699e+02 7.334903876244280516e-04 6.804915889673879628e-04
7.223970714714714632e+02 7.029150789767833665e-04 6.815674726548100410e-04
7.223975719719719564e+02 6.183102090370446802e-04 6.826425453799015190e-04
7.223980724724724496e+02 7.144771159852115984e-04 6.837168081193543230e-04
7.223985729729730565e+02 7.915799694924049133e-04 6.847902618684067414e-04
7.223990734734735497e+02 7.327013230345431156e-04 6.858629076395530077e-04
7.223995739739740429e+02 6.937820751004145949e-04 6.869347464636934219e-04
7.224000744744745361e+02 6.250459345427687632e-04 6.880057793888513058e-04
7.224005749749750294e+02 7.875094191394102841e-04 6.890760074801106612e-04
7.224010754754755226e+02 6.895921709415468812e-04 6.901454318193160631e-04
7.224015759759760158e+02 6.956523123965070460e-04 6.912140535047748289e-04
7.224020764764765090e+02 7.121086178143444219e-04 6.922818736509621157e-04
7.224025769769770022e+02 7.396736261886934991e-04 6.933488933882307878e-04
7.224030774774774954e+02 6.618096558084217472e-04 6.944151138625234525e-04
7.224035779779779887e+02 7.084148270467731726e-04 6.954805362350897002e-04
7.224040784784784819e+02 7.002615318971340671e-04 6.965451616822043203e-04
7.224045789789789751e+02 7.730196533285984758e-04 6.976089913948911548e-04
7.224050794794794683e+02 8.176805921558734803e-04 6.986720265786489038e-04
7.224055799799799615e+02 6.634101410906242295e-04 6.997342684531805083e-04
7.224060804804805684e+02 6.910790613559700431e-04 7.007957182523670212e-04
7.224065809809810617e+02 6.200005531383056667e-04 7.018563772230396397e-04
7.224070814814815549e+02 7.617176712813385382e-04 7.029162466261649556e-04
7.224075819819820481e+02 6.663254305422837377e-04 7.039753277356237092e-04
7.224080824824825413e+02 6.973367495587955720e-04 7.050336218381958280e-04
7.224085829829830345e+02 7.454423280255806795e-04 7.060911302333111681e-04
7.224090834834835277e+02 7.560039125449357668e-04 7.071478542327990641e-04
7.224095839839840210e+02 6.586581360127229025e-04 7.082037951606449250e-04
7.224100844844845142e+02 7.222856869006136736e-04 7.092589543527467229e-04
7.224105849849850074e+02 7.204364468444311113e-04 7.103133331566765770e-04
7.224110854854855006e+02 7.869771619336625619e-04 7.113669329314437463e-04
7.224115859859859938e+02 6.898492680824006539e-04 7.124197550472618524e-04
7.224120864864864870e+02 7.477073759251410753e-04 7.134718008853183774e-04
7.224125869869869803e+02 8.326586613604304056e-04 7.145230718375468731e-04
7.224130874874874735e+02 7.266426023154733214e-04 7.155735693064023146e-04
7.224135879879879667e+02 6.869614110647906434e-04 7.166232947046399229e-04
7.224140884884885736e+02 7.371635262849074617e-04 7.176722494553322952e-04
7.224145889889890668e+02 7.125270246640085913e-04 7.187204349907025868e-04
7.224150894894895600e+02 7.795626435893724705e-04 7.197678527533390340e-04
7.224155899899900533e+02 6.742279087762716909e-04 7.208145041950311718e-04
7.224160904904905465e+02 7.590342566299934169e-04 7.218603907768001912e-04
7.224165909909910397e+02 8.731881747599195371e-04 7.229055139686926161e-04
7.224170914914915329e+02 7.579523132747368773e-04 7.239498752495784244e-04
7.224175919919920261e+02 7.546568820561968876e-04 7.249934761069502537e-04
7.224180924924925193e+02 8.175555568243430106e-04 7.260363180367251012e-04
7.224185929929930126e+02 6.189301989849094535e-04 7.270784025430499257e-04
7.224190934934935058e+02 9.426630781970049121e-04 7.281197311381086600e-04
7.224195939939939990e+02 7.370735951900604134e-04 7.291603053419318248e-04
7.224200944944944922e+02 8.901250064608768296e-04 7.302001266822085281e-04
7.224205949949949854e+02 7.371510330552051831e-04 7.312391966941024762e-04
7.224210954954954786e+02 7.691444676392993887e-04 7.322775169200670085e-04
7.224215959959959719e+02 7.592219927236644765e-04 7.333150889096667468e-04
7.224220964964965788e+02 6.584571442768120562e-04 7.343519142196332141e-04
7.224225969969970720e+02 7.819395048662657055e-04 7.353879944127482155e-04
7.224230974974975652e+02 7.761989561559663308e-04 7.364233310590828641e-04
7.224235979979980584e+02 8.212026828374674936e-04 7.374579257348844305e-04
7.224240984984985516e+02 7.111595799378454125e-04 7.384917800226426963e-04
7.224245989989990449e+02 7.492490038188357728e-04 7.395248955109242879e-04
7.224250994994995381e+02 8.378171043441334093e-04 7.405572737942065767e-04
7.224256000000000313e+02 8.388255719504908404e-04 7.415889164727168916e-04
